-51.586658 -727.305359 20.339439 21
-36.011646 -731.017700 -3.222071 21
-66.096207 -726.139893 31.421185 21
-41.203117 -732.226990 10.745591 21
-62.329273 -729.584961 21.599932 21
-37.220440 -727.632202 4.542126 21
-44.668247 -726.455322 15.713331 21
-58.513306 -726.342407 28.141869 21
-58.110176 -722.369690 20.943956 21
-55.562695 -734.068909 22.390060 21
-46.939472 -732.660889 18.887781 21
-49.871227 -729.181091 14.973335 21
-52.678585 -721.913269 18.433813 21
-57.030205 -729.425476 19.571125 21
-54.926937 -728.275940 24.520996 21
-61.655514 -725.001282 24.087234 21
-52.261509 -732.257202 18.727291 21
-44.774612 -728.622437 11.082425 21
-48.146191 -723.524597 17.578447 21
-41.094612 -728.632629 7.323629 21
-36.763954 -731.280579 1.573686 21
-62.849297 -724.877136 28.522470 21
-55.621643 -725.299194 18.567007 21
-59.785297 -732.794189 23.356989 21
-44.863701 -730.816589 15.530543 21
-47.738571 -728.441467 18.668863 21
-59.387913 -726.296570 20.920359 21
-53.300869 -728.774048 17.084347 21
-36.879311 -728.149109 -0.751969 21
-40.938164 -728.387939 11.462491 21
-38.014229 -730.869995 6.360365 21
-50.681416 -726.115356 16.990322 21
-58.293243 -728.956665 25.682827 21
-46.982952 -728.090820 13.605835 21
-59.679520 -731.428528 20.048458 21
-55.550835 -732.394470 19.518147 21
-49.849228 -733.714294 20.401989 21
-49.479031 -731.538696 17.216311 21
-63.090054 -727.891785 24.227791 21
-39.028835 -729.992249 9.494471 21
-52.619106 -729.330688 22.559431 21
-63.249771 -727.239380 30.668884 21
-47.791527 -726.099609 15.890142 21
-42.741039 -729.416260 13.753392 21
-55.568523 -721.582458 19.385393 21
-52.708813 -733.809937 21.406853 21
-61.131008 -727.287109 27.032873 21
-35.340042 -728.817261 2.497211 21
-38.069744 -728.013733 7.379464 21
-38.197399 -728.681824 1.787000 21
-56.656750 -726.324280 25.799143 21
-37.957275 -731.100464 -1.098375 21
-61.274345 -730.307861 24.157316 21
-64.032440 -724.305908 30.991888 21
-52.821228 -724.688843 18.074160 21
-54.556782 -727.473389 21.892988 21
-60.720829 -726.435730 29.885389 21
-59.971859 -723.949524 22.201166 21
-57.650475 -732.686523 21.351170 21
-38.016556 -729.133118 -3.002020 21
-42.421593 -729.704590 9.654546 21
-47.559742 -730.519043 15.331497 21
-36.338566 -730.661316 4.145151 21
-58.028862 -724.559204 19.402147 21
-39.850815 -728.928406 4.998964 21
-46.146919 -728.591370 16.563114 21
-61.669750 -727.068848 22.029230 21
-35.455288 -730.313416 -0.475083 21
-44.196991 -727.259460 13.292659 21
-54.571804 -730.107300 18.805737 21
-49.932007 -729.128113 19.847645 21
-50.648159 -723.304138 17.957376 21
-57.052414 -726.960632 19.746565 21
-51.512688 -730.336548 17.393366 21
-54.720482 -727.451660 18.426365 21
-46.500427 -725.140198 17.489050 21
-40.463158 -726.446838 7.344725 21
-60.828949 -731.202820 22.121996 21
-40.269894 -728.057007 9.339786 21
-46.479324 -731.715515 16.917244 21
-45.798218 -729.880798 12.596498 21
-63.539265 -726.095886 23.044048 21
-44.665768 -728.701721 14.937523 21
-49.727989 -727.494446 18.402073 21
-52.318607 -727.178711 22.418999 21
-57.564213 -731.551453 19.416834 21
-54.508228 -723.377686 18.779011 21
-38.266338 -729.701721 3.725840 21
-40.810699 -731.067810 8.947189 21
-52.655067 -726.760681 17.600765 21
-51.239731 -728.186890 16.200491 21
-42.948528 -727.832275 11.742493 21
-36.967594 -729.139893 5.966993 21
-57.436878 -733.548523 23.203131 21
-49.476944 -727.292786 15.769095 21
-56.532791 -729.538086 24.894117 21
-62.377346 -725.426208 30.481419 21
-50.267353 -732.587158 18.748669 21
-42.450333 -729.776001 11.673905 21
-57.475101 -727.683350 27.045300 21
-43.017239 -733.011230 10.543157 21
-50.799118 -728.796814 21.587738 21
-35.196625 -728.565186 0.427128 21
-40.756187 -730.241211 10.733233 21
-56.553177 -723.276123 19.343468 21
-53.743027 -726.899048 23.720955 21
-39.825760 -729.971924 6.641477 21
-53.630913 -732.899414 19.946964 21
-48.961967 -725.239990 17.192894 21
-37.725471 -729.716187 0.239486 21
-35.673454 -729.363403 -2.120698 21
-48.122997 -727.525269 17.057709 21
-46.205849 -726.682068 14.671042 21
-60.191750 -725.499023 28.295860 21
-62.359936 -726.605347 29.021666 21
-54.658997 -729.098755 22.879839 21
-48.291142 -729.386230 14.022873 21
-35.833519 -728.889893 4.387483 21
-60.712795 -725.620972 22.560743 21
-51.597092 -733.277039 20.064579 21
-60.071461 -728.499817 26.240374 21
-36.773254 -727.730042 2.644522 21
-36.316910 -731.800537 -1.274170 21
-41.998074 -728.000977 10.014808 21
-39.631439 -727.829895 6.532002 21
-59.398262 -724.534851 20.570995 21
-61.117348 -730.461731 20.525858 21
-59.715900 -727.645508 28.086666 21
-59.278515 -732.006287 21.802561 21
-64.390045 -726.554871 31.821226 21
-53.001972 -730.712036 18.287725 21
-35.488617 -730.100037 1.294976 21
-42.683056 -731.221436 10.723868 21
-62.882412 -729.662598 24.055857 21
-62.064896 -726.582153 24.773136 21
-56.231155 -728.021667 25.785967 21
-62.968266 -728.174683 22.387022 21
-55.412239 -726.578735 24.607821 21
-45.602970 -728.124084 12.536025 21
-48.572823 -733.075684 19.421450 21
-38.898338 -730.751526 7.865138 21
-55.026314 -733.193665 21.011030 21
-36.845341 -727.920837 0.938150 21
-50.048775 -730.159546 16.369932 21
-62.514572 -726.133179 27.375111 21
-37.256813 -729.686584 7.555289 21
-47.910828 -727.469910 14.875108 21
-58.373753 -726.722900 25.995630 21
-44.903301 -731.237122 17.204189 21
-47.564003 -729.191345 17.206179 21
-53.986729 -725.905518 18.162683 21
-43.417133 -727.525818 14.716345 21
-51.338898 -727.808167 18.825100 21
-54.194672 -731.687134 18.860670 21
-39.037571 -728.723816 8.456802 21
-38.178871 -729.422791 -1.284060 21
-43.509354 -728.577454 10.079135 21
-43.524776 -729.828308 15.114861 21
-49.970100 -727.527588 20.029890 21
-37.625683 -730.110291 2.250030 21
-46.164913 -725.916138 16.130423 21
-41.816727 -728.286133 12.805975 21
-48.027271 -731.514160 16.487480 21
-63.020252 -723.850586 29.875494 21
-51.200817 -724.791504 17.669218 21
-38.506714 -727.855774 5.432763 21
-53.112041 -727.633606 20.507660 21
-48.413586 -732.428589 17.987101 21
-38.101788 -728.200317 3.312909 21
-38.851875 -730.128479 5.269098 21
-52.526356 -729.191650 21.015301 21
-46.724228 -729.819336 14.232998 21
-54.064491 -721.843628 19.237402 21
-55.899387 -730.975586 19.054232 21
-36.155083 -730.308533 2.655065 21
-60.361179 -724.249695 23.735226 21
-52.135376 -723.349609 18.401598 21
-54.054256 -734.019348 22.108980 21
-58.252441 -725.997559 19.925993 21
-56.808281 -722.057373 20.264065 21
-60.377239 -731.418335 23.650404 21
-36.852795 -731.080750 0.083753 21
-42.045414 -728.604797 8.632183 21
-59.736622 -726.884766 26.602509 21
-55.733418 -729.034546 18.932257 21
-61.522312 -725.359497 29.241781 21
-53.470207 -728.230591 23.089378 21
-50.924068 -731.591858 17.854624 21
-57.004265 -725.586243 19.158358 21
-58.171459 -727.301941 20.627958 21
-41.100224 -729.808044 8.190871 21
-43.842781 -729.924316 11.235773 21
-37.565594 -730.809448 4.955852 21
-60.973343 -727.089172 28.541267 21
-61.736767 -730.265869 22.719873 21
-55.810715 -726.691345 19.003479 21
-56.812511 -732.533203 20.192343 21
-55.277615 -729.611938 24.161980 21
-58.503922 -732.183655 20.293455 21
-58.886372 -722.978577 21.989460 21
-56.341026 -733.193054 21.583399 21
-62.290459 -726.694092 23.332331 21
-45.853531 -732.047913 18.141890 21
-45.736328 -727.894531 15.369724 21
-48.855225 -730.020325 15.612722 21
-39.289536 -727.417236 7.835742 21
-63.698601 -725.694519 30.935486 21
-60.984337 -726.264099 23.940987 21
-52.133240 -729.241089 16.463049 21
-58.550831 -732.884521 22.625269 21
-49.447128 -723.997986 17.612915 21
-48.989731 -728.261658 19.281538 21
-57.762249 -723.349915 20.037968 21
-43.151672 -728.212036 13.129278 21
-35.655964 -730.712158 -1.879397 21
-40.349617 -729.430481 9.721481 21
-44.104240 -729.418213 13.922669 21
-45.534538 -727.284363 13.622961 21
-65.013649 -725.331604 31.255342 21
-47.015839 -727.633972 16.139799 21
-54.249874 -724.609192 18.273876 21
-59.696529 -726.644287 29.023727 21
-45.831318 -729.311951 15.467368 21
-60.188198 -725.300598 21.331966 21
-35.663708 -728.830872 -0.798990 21
-51.567043 -727.104187 16.949551 21
-59.932449 -726.857849 21.984879 21
-56.130245 -728.622864 23.993822 21
-37.370407 -728.556335 -2.013157 21
-51.353306 -727.574463 21.601124 21
-47.735588 -724.742859 17.261921 21
-57.726028 -726.328308 27.090099 21
-62.110416 -726.712524 30.304684 21
-51.466827 -722.226929 18.055147 21
-54.701054 -728.915405 18.151842 21
-44.211380 -727.878052 12.025918 21
-47.002537 -729.331238 13.055201 21
-49.492508 -726.214111 16.492212 21
-55.650204 -723.952759 18.694387 21
-48.840874 -728.417236 14.669817 21
-41.669617 -731.343079 9.862505 21
-41.630035 -730.988831 11.382455 21
-50.978149 -729.355042 15.759651 21
-51.025166 -733.988770 20.939232 21
-37.069130 -731.026978 3.146190 21
-46.973087 -728.073486 17.347443 21
-38.670883 -728.801697 4.616663 21
-53.372540 -727.156860 21.698694 21
-62.524662 -729.292542 22.912161 21
-58.649776 -723.533325 20.888926 21
-40.322365 -731.331909 10.076566 21
-36.493858 -730.036377 5.237883 21
-52.133362 -725.624207 17.637911 21
-44.858200 -726.750549 14.515343 21
-49.610386 -722.732910 17.595905 21
-37.777985 -728.491516 0.231348 21
-53.325798 -722.898804 18.779993 21
-40.166698 -728.333313 8.097199 21
-47.219971 -732.214783 17.768763 21
-53.826488 -733.487427 21.013422 21
-57.106289 -728.475952 24.781076 21
-60.213684 -731.580872 21.144724 21
-56.916519 -724.363525 18.924770 21
-38.558407 -729.415283 7.568688 21
-53.348156 -727.763062 17.770794 21
-39.612007 -730.908569 8.835930 21
-53.646599 -728.943420 22.040113 21
-49.347149 -727.634521 17.254738 21
-55.429760 -722.789185 19.346426 21
-37.583027 -728.113098 6.165890 21
-35.738007 -728.197693 1.429022 21
-52.221012 -728.341064 22.013042 21
-48.510883 -727.601868 18.210428 21
-35.742603 -731.015381 0.495894 21
-52.672646 -729.781189 17.602318 21
-58.488693 -727.585876 27.669548 21
-36.040306 -728.358032 3.357720 21
-44.029491 -728.239380 13.976607 21
-58.041534 -727.744568 25.504784 21
-55.203716 -727.487976 25.366055 21
-50.547852 -727.147339 16.359190 21
-48.590061 -729.028687 17.744356 21
-62.985130 -726.947144 22.409588 21
-50.117401 -725.151001 17.422432 21
-43.078949 -729.823303 12.708137 21
-45.809780 -731.302307 16.071657 21
-40.335163 -728.532104 10.477500 21
-35.778973 -729.473816 3.394202 21
-49.038696 -730.817444 16.420038 21
-51.994892 -731.259338 18.123989 21
-61.699703 -730.543030 21.530594 21
-44.800594 -729.762207 11.816617 21
-41.348766 -729.454102 11.339818 21
-39.772194 -728.906433 6.131040 21
-57.187370 -729.354553 25.799208 21
-47.172535 -725.534729 16.655979 21
-42.610565 -732.124573 9.968666 21
-36.604813 -728.237000 5.376513 21
-41.941257 -727.924072 11.219090 21
-58.934364 -727.690857 26.198608 21
-61.234478 -726.213989 27.377213 21
-60.033901 -731.893555 22.683584 21
-45.245720 -726.266296 16.665840 21
-50.462948 -730.834351 17.161047 21
-54.454380 -727.222473 24.557049 21
-53.603218 -729.753540 18.271830 21
-63.395306 -724.855347 30.265154 21
-56.598072 -727.114197 26.596121 21
-50.424793 -728.424438 20.564768 21
-63.303627 -726.791382 23.877682 21
-51.502079 -728.959595 20.675470 21
-62.315048 -728.766296 24.338669 21
-40.883087 -727.597412 7.000629 21
-61.218037 -727.175659 23.035860 21
-37.999199 -729.169189 2.789487 21
-56.529819 -731.895935 19.302727 21
-52.538254 -732.871826 19.594780 21
-37.160378 -730.193726 6.250863 21
-50.330872 -728.361084 15.615225 21
-53.733223 -729.489502 23.329464 21
-36.204433 -728.186890 0.087992 21
-39.158009 -729.815369 8.379076 21
-62.555473 -724.843201 29.558649 21
-52.287041 -728.217285 16.819818 21
-56.563766 -733.699829 22.556412 21
-53.855637 -727.032227 22.659920 21
-51.270351 -732.677185 19.125050 21
-49.481480 -732.312927 18.073885 21
-54.870876 -726.373901 18.539129 21
-44.270870 -730.720398 16.518908 21
-35.437172 -729.602478 0.333355 21
-47.151375 -726.694519 15.196487 21
-54.017502 -728.080383 24.016331 21
-48.509502 -726.832397 15.622638 21
-37.627422 -730.564697 3.930143 21
-62.823795 -725.430115 23.447163 21
-39.824715 -730.343018 10.083004 21
-53.341263 -732.296021 19.081270 21
-52.345451 -727.723938 19.737488 21
-44.904320 -727.805847 14.432796 21
-55.098782 -728.332153 23.446339 21
-59.183872 -725.503357 20.252256 21
-37.382252 -730.497498 0.869251 21
-50.661068 -727.339600 20.852224 21
-56.013416 -727.610901 19.446466 21
-38.809750 -730.172485 6.403634 21
-49.665062 -733.109924 19.555504 21
-42.832001 -728.016907 10.666938 21
-56.069397 -729.980713 19.322439 21
-37.415264 -727.940796 1.849493 21
-61.234886 -726.042419 28.507580 21
-54.704868 -732.757202 20.122719 21
-53.448860 -723.878845 18.411219 21
-40.575855 -729.542419 7.261003 21
-61.390999 -727.151672 29.532202 21
-46.933662 -727.369385 14.417280 21
-60.814983 -725.307312 23.541805 21
-55.828346 -732.796692 20.510260 21
-42.177074 -729.328552 12.593654 21
-38.446522 -727.563110 6.423771 21
-41.287781 -728.192810 9.251869 21
-46.218899 -728.947937 12.430190 21
-61.123764 -725.489075 24.827122 21
-63.025463 -726.727600 29.791601 21
-37.457352 -728.798340 7.063692 21
-60.527733 -724.629578 22.726713 21
-52.858849 -733.342529 20.485554 21
-38.116245 -730.271179 7.191561 21
-42.798580 -728.580627 9.344795 21
-61.469250 -725.829590 30.202475 21
-42.021526 -732.841675 10.842639 21
-47.846195 -728.328430 14.099214 21
-36.187794 -731.686707 -2.477204 21
-63.157162 -727.614807 23.257717 21
-38.200058 -727.908081 4.467439 21
-57.482376 -733.200256 22.202345 21
-52.362713 -727.175354 21.405264 21
-52.970272 -727.289673 23.175533 21
-51.820217 -729.244568 21.755518 21
-53.890850 -726.959167 18.117334 21
-50.893139 -727.401978 19.624256 21
-39.494370 -728.790588 9.349235 21
-45.384792 -728.810303 11.846824 21
-37.758972 -728.534912 -1.051608 21
-60.180897 -725.812439 29.293085 21
-48.176559 -725.512329 16.649628 21
-59.183723 -725.717102 27.726145 21
-59.413948 -731.872803 23.545500 21
-41.855785 -728.750305 11.832246 21
-62.916218 -726.316528 30.914831 21
-62.613422 -728.631714 21.590216 21
-39.840763 -730.352295 7.906613 21
-64.000397 -727.349854 31.375734 21
-61.098076 -730.975159 23.044664 21
-37.711853 -729.177246 1.090273 21
-43.329899 -730.126282 14.121181 21
-35.881313 -731.180054 -0.608537 21
-41.190681 -728.016663 10.585887 21
-36.827221 -727.830444 3.635545 21
-59.360020 -731.994995 20.788668 21
-42.173073 -730.091492 10.783455 21
-43.820206 -728.191345 11.182633 21
-35.577892 -729.168884 1.584637 21
-35.293064 -729.787354 -1.310277 21
-48.759270 -729.048950 18.727619 21
-62.798233 -728.498169 23.491556 21
-51.924400 -724.240723 18.074057 21
-58.593922 -724.070984 20.065237 21
-54.950542 -731.064514 18.891294 21
-62.155788 -725.569031 28.488102 21
-45.660061 -726.335205 15.379759 21
-59.049717 -728.673157 26.219826 21
-35.863731 -730.806152 1.852980 21
-50.621914 -733.270386 19.970116 21
-50.382751 -724.275269 17.806910 21
-40.145050 -728.474121 7.055844 21
-55.621456 -726.677673 25.679632 21
-61.744694 -729.748840 20.841299 21
-59.451813 -723.962830 21.370661 21
-39.404549 -728.211853 5.554772 21
-47.911118 -732.770996 18.762791 21
-43.376980 -727.503662 13.740184 21
-44.075302 -729.180725 10.677975 21
-53.026188 -725.834412 17.881660 21
-62.114056 -730.016174 23.573153 21
-44.332329 -727.323364 15.085202 21
-39.761360 -729.943604 5.694249 21
-58.529339 -732.326416 21.283052 21
-51.935066 -733.710083 20.854145 21
-53.913799 -730.807861 18.654911 21
-59.015442 -727.062378 28.492535 21
-41.109146 -728.373169 8.226175 21
-46.829990 -729.245239 16.558577 21
-38.173298 -728.670593 8.095237 21
-40.836689 -729.324036 10.536050 21
-48.474255 -731.981445 17.179184 21
-60.412590 -727.659424 26.559855 21
-65.289108 -726.609924 31.576801 21
-60.789543 -727.373291 22.046755 21
-52.904369 -731.604309 18.528996 21
-37.164169 -731.514832 -1.554065 21
-41.075878 -731.145813 10.590495 21
-48.575504 -724.341858 17.457685 21
-45.876301 -725.553955 16.949999 21
-44.105774 -730.278137 15.680846 21
-49.154224 -728.559143 20.151979 21
-58.775394 -733.108887 23.492819 21
-50.862076 -730.001465 16.817007 21
-54.841324 -733.633057 21.809429 21
-61.023663 -731.132385 21.213793 21
-36.554768 -728.308167 4.448835 21
-36.231297 -729.167053 5.366222 21
-55.952579 -722.238770 19.913536 21
-43.396477 -727.374084 12.823916 21
-48.050491 -729.829041 14.948237 21
-35.971249 -728.077332 2.380484 21
-57.782185 -726.850220 25.299084 21
-48.985897 -729.553894 14.599849 21
-43.349331 -729.786255 10.477458 21
-51.567249 -726.259644 17.262146 21
-44.980865 -729.548645 14.825994 21
-62.689236 -726.129944 22.725815 21
-36.216652 -729.736694 4.416910 21
-50.612862 -727.730347 18.255901 21
-59.315098 -727.178650 21.092695 21
-53.995476 -728.443054 17.780325 21
-60.253574 -726.018433 21.879187 21
-54.767567 -725.498535 18.341936 21
-54.327671 -732.419678 19.374298 21
-38.280609 -730.224060 4.577949 21
-38.351818 -729.471191 -2.171645 21
-52.632053 -728.016541 22.768082 21
-63.196175 -724.029602 30.852863 21
-42.023422 -731.880066 10.751464 21
-48.303482 -730.709106 15.931537 21
-49.272755 -732.783813 18.810883 21
-60.394478 -726.511047 22.674486 21
-59.883793 -723.779968 23.066591 21
-54.620495 -726.736084 23.824524 21
-38.920044 -727.881226 7.172950 21
-62.022381 -725.709961 24.555151 21
-40.189281 -727.556274 7.556995 21
-45.268341 -728.613464 15.616403 21
-35.579597 -729.669922 2.315192 21
-60.413250 -731.079468 20.420584 21
-37.633274 -727.896912 5.297532 21
-46.182865 -727.946045 13.205317 21
-49.441101 -728.129272 15.239984 21
-49.489719 -727.492676 19.257931 21
-44.995850 -727.582947 12.889325 21
-51.429752 -732.123840 18.439135 21
-42.534893 -727.838135 12.527147 21
-64.191544 -725.043945 31.436750 21
-47.744125 -727.951294 17.921268 21
-37.671616 -730.900818 -0.221738 21
-47.663090 -728.968750 13.524657 21
-55.582153 -728.311646 25.112085 21
-54.590393 -722.569336 19.211727 21
-53.563126 -725.155945 18.077837 21
-58.478058 -725.908325 27.204605 21
-57.044289 -728.031372 26.370504 21
-41.629292 -730.028809 9.459018 21
-57.890198 -726.953491 27.698990 21
-57.617897 -732.257568 19.923531 21
-38.060013 -729.054138 -0.382677 21
-57.367661 -723.776245 19.381655 21
-37.807114 -730.202942 3.155566 21
-41.785271 -729.505188 8.630106 21
-59.317657 -732.407410 22.633698 21
-62.950016 -724.165222 29.066439 21
-48.631828 -726.173950 16.266562 21
-43.463219 -728.885620 13.645993 21
-47.461147 -731.166870 15.921700 21
-50.551773 -722.466370 17.728666 21
-56.610889 -726.336121 19.351633 21
-49.059650 -733.572266 20.085039 21
-58.716526 -724.927612 19.826654 21
-55.156998 -724.586060 18.375408 21
-54.566296 -729.467712 23.717804 21
-52.361721 -727.455994 17.201792 21
-57.035080 -722.835266 20.003126 21
-60.501549 -727.087952 29.260447 21
-37.615883 -729.665283 6.782060 21
-37.102501 -731.305725 -0.710629 21
-60.723232 -724.846619 24.259819 21
-37.042301 -728.024841 0.106087 21
-59.319798 -726.084839 28.482191 21
-57.797626 -726.737488 20.108656 21
-57.852242 -725.400818 19.428175 21
-54.970928 -731.919189 19.053900 21
-58.644325 -726.562195 20.589632 21
-63.749107 -726.496155 31.236217 21
-48.966602 -723.290527 17.570234 21
-46.945393 -726.009644 15.794833 21
-40.564640 -728.922424 6.461261 21
-37.169910 -730.823547 2.277717 21
-35.233875 -729.479858 -0.483571 21
-45.734802 -731.539856 17.264675 21
-54.287243 -728.355347 23.175838 21
-37.908714 -728.201782 2.491472 21
-45.044220 -731.079651 16.340239 21
-55.540787 -729.043274 23.564423 21
-50.306454 -727.447693 19.013288 21
-36.531181 -728.004944 1.717661 21
-62.707577 -726.204041 23.885574 21
-39.486881 -728.111084 8.796404 21
-60.121807 -724.475769 21.563520 21
-38.319637 -728.869629 3.819564 21
-39.203754 -729.362610 5.317610 21
-59.658730 -723.171875 22.257071 21
-37.775288 -728.331787 1.052438 21
-36.333961 -730.731262 1.109312 21
-37.478649 -727.677917 3.072806 21
-52.217392 -730.453369 17.831181 21
-40.187469 -730.667725 9.397489 21
-51.025150 -728.146118 21.090672 21
-37.133278 -730.782898 5.669485 21
-44.038261 -727.085754 14.338908 21
-46.870605 -728.527832 12.888291 21
-47.807354 -728.886108 17.965178 21
-50.173717 -731.918396 17.803669 21
-58.445168 -731.608459 19.697042 21
-64.208611 -727.160156 30.590969 21
-57.485382 -726.105286 19.654913 21
-48.673813 -727.553406 15.202564 21
-61.904903 -726.692444 27.431049 21
-36.171921 -730.757874 3.355823 21
-56.904758 -732.785645 21.016668 21
-42.827961 -728.939392 12.949129 21
-35.786289 -730.218567 -2.512446 21
-53.390640 -722.087524 18.800159 21
-38.747147 -728.092468 8.016281 21
-51.372444 -723.598572 18.167610 21
-46.291374 -727.547974 13.934138 21
-42.693745 -728.029419 13.778452 21
-51.117725 -725.585205 17.403879 21
-56.471745 -725.038025 18.799206 21
-57.313541 -726.244629 26.395340 21
-55.971226 -727.301880 26.066710 21
-43.163857 -729.280457 9.856936 21
-37.821964 -729.387573 1.943074 21
-60.157475 -727.074829 27.713625 21
-41.871815 -731.024414 10.592787 21
-53.089725 -726.943237 22.432076 21
-60.876743 -725.612671 29.662363 21
-52.179527 -722.545105 18.427429 21
-56.165340 -725.766296 18.916189 21
-36.787422 -730.803711 4.827901 21
-47.489552 -724.060791 17.605209 21
-47.718491 -733.091980 19.473083 21
-55.302715 -729.836426 19.117098 21
-58.203617 -732.658752 21.942549 21
-47.462273 -729.723328 13.647369 21
-39.527599 -729.535889 9.051804 21
-60.392414 -725.078186 22.063692 21
-64.458031 -725.960327 31.287172 21
-62.681667 -726.935547 24.342831 21
-54.850758 -721.869812 19.517820 21
-40.353436 -731.721985 10.748229 21
-52.640495 -723.914185 18.204206 21
-49.741295 -730.898376 16.857098 21
-46.298706 -727.945374 16.046835 21
-57.164337 -726.941650 27.103781 21
-52.891888 -728.634766 22.347090 21
-49.627186 -725.618896 16.988518 21
-55.594463 -733.450195 21.619886 21
-49.356724 -729.005066 19.313225 21
-60.720749 -725.430786 28.853991 21
-62.153152 -729.060669 21.036705 21
-58.223820 -733.566650 23.137808 21
-57.438400 -722.429504 20.547132 21
-60.161327 -731.718811 21.929779 21
-36.128773 -731.091614 2.614012 21
-60.688904 -730.899902 24.132690 21
-52.358265 -727.321289 20.634945 21
-49.982552 -727.710388 17.697462 21
-55.734932 -731.732727 19.097466 21
-51.562042 -728.574341 21.483318 21
-40.291656 -730.769531 8.475904 21
-61.123432 -724.477783 23.696877 21
-55.406540 -727.474426 18.783339 21
-44.933617 -728.161377 11.979699 21
-60.864914 -726.029480 23.217388 21
-40.713905 -728.016602 9.979337 21
-41.991753 -727.996521 12.005269 21
-62.264244 -729.788635 22.340261 21
-47.124195 -728.536255 18.015331 21
-53.349987 -729.137390 22.768538 21
-53.761795 -729.143982 17.591692 21
-47.425518 -727.685791 16.793377 21
-43.865082 -730.497070 14.983912 21
-46.401184 -726.319031 15.323000 21
-38.331593 -730.132385 -1.533641 21
-62.686615 -729.122925 22.195135 21
-39.032059 -728.198303 4.873929 21
-46.584347 -732.223022 18.226034 21
-61.427414 -730.753723 22.215050 21
-53.505314 -727.649780 23.649960 21
-56.071922 -729.305176 24.322773 21
-49.905266 -723.386963 17.798450 21
-57.560078 -732.770020 20.474979 21
-48.450809 -728.181641 18.736624 21
-58.365700 -722.942932 21.435589 21
-58.549122 -728.223328 25.800968 21
-37.433830 -730.527649 1.609879 21
-51.370090 -731.005859 17.714211 21
-61.979984 -726.744934 22.628721 21
-36.205589 -731.248230 -1.862492 21
-54.856869 -729.415100 18.683334 21
-41.480186 -730.301025 10.989343 21
-38.680325 -729.585327 4.667921 21
-56.863857 -727.671814 19.912992 21
-50.802204 -729.219727 20.606745 21
-62.739594 -725.430237 28.026260 21
-35.388763 -728.705444 3.373283 21
-42.409527 -729.158447 9.078593 21
-55.710884 -728.148743 24.368254 21
-51.571301 -728.962463 15.952145 21
-61.414825 -726.603455 30.049990 21
-50.158539 -726.546509 16.532368 21
-37.609928 -727.935669 3.777687 21
-48.714622 -731.416443 16.737383 21
-38.287624 -730.584778 5.384980 21
-52.866936 -728.021179 17.259651 21
-36.963959 -728.543762 6.390958 21
-51.907803 -724.941162 17.856092 21
-62.879059 -727.617310 21.922560 21
-42.366856 -728.628784 12.430365 21
-60.615433 -723.972168 23.073656 21
-35.422260 -730.338501 0.446451 21
-59.724972 -725.643799 20.845879 21
-49.521526 -724.748108 17.523157 21
-49.828899 -728.308594 20.059132 21
-44.152813 -728.823914 14.405036 21
-44.103306 -726.982422 15.676570 21
-38.978188 -730.071960 7.591932 21
-63.916370 -724.998657 30.747572 21
-45.391277 -726.627808 16.009159 21
-51.542694 -727.112427 21.068163 21
-58.102661 -723.109558 20.644447 21
-55.232628 -723.394287 18.904903 21
-41.511772 -729.049866 8.130880 21
-46.794579 -728.743286 17.102507 21
-61.809025 -726.124390 29.007715 21
-37.522804 -728.956177 7.785948 21
-45.527203 -727.401611 14.329189 21
-36.139164 -728.207581 0.832504 21
-49.039242 -727.396301 18.650372 21
-35.543877 -728.953857 -0.095330 21
-61.520439 -726.217773 24.448298 21
-49.460487 -729.743835 15.166350 21
-57.373627 -724.945374 19.112593 21
-53.317730 -726.504028 17.919407 21
-61.845882 -727.104980 28.920168 21
-61.501404 -730.508057 23.511448 21
-49.525295 -729.918152 15.937285 21
-56.229687 -732.472900 19.771883 21
-47.861866 -726.890015 15.312407 21
-55.492657 -726.022949 18.719452 21
-36.894470 -728.328918 -1.470669 21
-43.536175 -727.683411 12.190860 21
-35.623566 -730.406311 -1.239337 21
-43.078041 -731.778625 10.385843 21
-46.674217 -728.011292 16.658976 21
-47.423519 -730.147217 14.734118 21
-39.989651 -728.493042 9.854187 21
-54.335793 -733.110046 20.654070 21
-62.060360 -725.301697 29.806995 21
-51.590591 -727.651611 19.473156 21
-54.742592 -724.023438 18.519325 21
-50.520622 -727.813843 16.068283 21
-42.573254 -732.398071 10.632790 21
-46.293240 -731.877197 17.599155 21
-62.559799 -729.176453 23.626850 21
-53.600258 -733.678406 21.658958 21
-40.702858 -728.257812 8.803250 21
-39.453102 -728.119141 7.907358 21
-49.173164 -727.617065 17.952183 21
-51.914402 -727.706787 22.114536 21
-50.732822 -732.189636 18.310791 21
-49.128017 -726.638733 16.046860 21
-57.029736 -733.026062 21.686239 21
-44.753605 -729.313354 11.267332 21
-38.746166 -729.609131 8.927060 21
-50.635227 -732.948792 19.308792 21
-37.722229 -730.863037 2.903451 21
-41.797337 -729.613342 11.872238 21
-38.777336 -728.228577 4.201287 21
-37.961727 -728.963013 -1.858682 21
-60.399155 -727.510864 28.653107 21
-59.054611 -731.779541 20.082914 21
-62.243961 -729.891846 24.260525 21
-42.714886 -728.280823 10.018641 21
-44.808231 -729.497559 14.128566 21
-56.434219 -727.041504 19.397909 21
-47.070160 -724.683533 17.494631 21
-49.908112 -727.887634 20.647739 21
-51.243999 -722.887329 18.181440 21
-50.428162 -729.764709 15.599450 21
-53.736706 -727.465942 21.173546 21
-55.961700 -724.589966 18.578815 21
-40.478725 -730.615845 10.081234 21
-51.132618 -727.523682 16.533314 21
-56.295212 -723.819092 18.919033 21
-45.104221 -728.160645 15.075769 21
-36.804008 -731.172119 0.826668 21
-55.951981 -726.507629 25.086123 21
-37.505322 -728.208008 -0.396288 21
-53.912804 -722.566040 18.995073 21
-40.692612 -729.904297 10.127151 21
-37.628670 -729.856140 1.255245 21
-63.256107 -726.782349 23.180199 21
-38.753380 -730.569214 7.139393 21
-62.544250 -727.247742 29.751625 21
-49.312397 -727.902649 19.809805 21
-62.108879 -726.074646 30.602118 21
-44.028164 -728.428650 10.558165 21
-35.608028 -728.869080 0.947736 21
-44.913193 -727.032837 15.373395 21
-60.601612 -731.435364 22.871403 21
-41.984390 -728.278442 9.284679 21
-51.979118 -732.667603 19.234352 21
-59.204163 -727.377075 27.673334 21
-49.102406 -732.049255 17.542295 21
-41.135639 -728.826416 10.950837 21
-49.791840 -728.615845 20.777195 21
-39.525471 -730.221558 8.895312 21
-36.019424 -730.090576 3.850151 21
-57.536213 -727.347534 20.346434 21
-44.944721 -727.011658 13.872966 21
-43.083473 -729.696533 14.590549 21
-40.144470 -730.080688 7.330594 21
-63.055508 -725.528809 30.754866 21
-45.522461 -726.622253 14.727312 21
-51.739307 -727.762268 16.791862 21
-52.712864 -728.772339 16.720703 21
-56.651699 -728.978455 24.533222 21
-43.762779 -729.596130 14.512775 21
-62.135353 -725.127869 29.030083 21
-50.545898 -733.668762 20.578339 21
-50.998505 -726.748779 16.837772 21
-36.030697 -730.973694 -1.249550 21
-51.056919 -724.150391 17.880688 21
-59.756035 -731.330872 23.328026 21
-53.590317 -731.421204 18.655016 21
-41.482738 -732.727600 10.361594 21
-56.411247 -722.729431 19.759737 21
-41.423103 -731.302185 9.162966 21
-65.350426 -725.934631 31.519260 21
-61.091152 -725.454834 24.146618 21
-44.424858 -726.628845 15.095278 21
-46.064289 -729.070496 16.067245 21
-37.882339 -729.280701 7.282516 21
-52.865322 -723.289368 18.450535 21
-45.752125 -729.345093 12.127710 21
-41.203770 -731.605042 11.097836 21
-53.933777 -727.390076 24.138382 21
-48.910603 -725.664001 16.624672 21
-58.995491 -723.402283 21.455421 21
-37.532471 -728.095825 6.853601 21
-39.841698 -729.903076 9.545126 21
-44.195454 -727.521973 12.669017 21
-47.365467 -732.459473 18.390659 21
-46.539406 -725.493164 16.863434 21
-39.095364 -730.561768 5.927648 21
-36.798843 -730.581665 3.657157 21
-48.799995 -729.011719 14.267772 21
-55.868649 -723.279358 19.116854 21
-54.896481 -734.086487 22.321684 21
-59.743423 -726.447693 21.483000 21
-48.656723 -732.678406 18.592585 21
-54.159195 -729.384644 18.208410 21
-54.475471 -733.492798 21.256348 21
-59.803303 -724.787354 21.074278 21
-62.138954 -726.009949 27.999344 21
-41.225094 -730.498901 10.340915 21
-63.576408 -723.965027 30.302404 21
-38.021584 -729.156372 0.467559 21
-46.442986 -729.685486 12.956189 21
-45.734642 -728.358704 16.030191 21
-58.044922 -723.932373 19.697399 21
-56.391834 -729.385742 19.362667 21
-52.055412 -726.701477 17.346556 21
-60.987000 -726.575623 28.130823 21
-48.316025 -725.019409 17.120613 21
-39.329182 -730.562805 8.329318 21
-62.841507 -728.685120 22.854094 21
-54.978825 -727.028503 24.932888 21
-45.533394 -725.737793 16.391600 21
-37.275562 -731.015808 4.406039 21
-39.535381 -727.586731 7.142907 21
-58.821041 -732.448547 22.199867 21
-36.202553 -730.952698 -0.008297 21
-53.982559 -729.218079 22.597300 21
-40.214630 -727.707214 6.916698 21
-56.015079 -733.683167 22.082186 21
-58.076809 -732.398438 20.746021 21
-59.628040 -727.271667 28.656658 21
-52.242077 -733.214600 20.095598 21
-55.310940 -722.276733 19.743889 21
-60.050793 -728.130798 26.823421 21
-35.728596 -728.344055 -0.323865 21
-49.329674 -728.848206 14.683272 21
-35.850193 -730.102478 3.198548 21
-40.075344 -729.369568 6.554142 21
-44.759430 -730.488953 16.085724 21
-55.881557 -733.056152 21.121634 21
-39.078835 -727.786926 6.179122 21
-35.900913 -730.861450 -2.571068 21
-53.839321 -723.303467 18.716536 21
-50.169971 -731.433228 17.372335 21
-58.424911 -727.063599 28.055464 21
-53.471272 -724.500183 18.199965 21
-56.466393 -727.680359 26.307913 21
-52.440170 -729.050171 21.889221 21
-48.673721 -727.616272 17.565226 21
-51.952980 -728.599365 16.405394 21
-42.254047 -728.245972 13.353241 21
-46.224525 -728.302490 12.565517 21
-37.076305 -728.556213 5.704115 21
-54.758541 -727.708862 24.872362 21
-37.681618 -728.855591 -2.516368 21
-35.689304 -728.585754 1.988883 21
-62.686535 -726.859863 30.571489 21
-37.076851 -729.299683 6.595031 21
-35.835712 -728.842346 2.903986 21
-35.554214 -730.070007 -1.841753 21
-60.647308 -727.694763 27.174784 21
-54.557266 -728.426697 23.886524 21
-36.209839 -728.528992 4.946077 21
-40.965164 -731.015259 9.960733 21
-53.186565 -729.429443 17.462748 21
-55.336651 -732.704041 20.074999 21
-44.403950 -728.240112 11.451726 21
-51.339138 -729.238159 21.236853 21
-49.925781 -727.046448 16.189560 21
-62.009209 -730.297729 22.052917 21
-42.552647 -729.624512 13.031854 21
-47.133045 -725.279968 17.275787 21
-57.970119 -733.217041 22.649817 21
-53.206455 -727.117615 17.771505 21
-42.442581 -729.894165 12.309027 21
-52.656139 -725.282166 17.878300 21
-39.948051 -728.297363 6.128466 21
-59.111378 -723.961670 20.474609 21
-59.881420 -725.857849 28.721937 21
-59.262726 -732.642151 23.727642 21
-57.132462 -732.081482 19.549606 21
-35.668159 -730.666443 1.042548 21
-64.542717 -726.978027 31.373339 21
-52.811481 -722.559509 18.615211 21
-38.056961 -728.653381 7.296113 21
-53.204346 -733.611755 21.025177 21
-56.591835 -731.259094 19.174238 21
-61.244663 -727.517334 21.620867 21
-50.604488 -727.333801 20.208097 21
-62.495018 -728.089539 24.340326 21
-42.384357 -731.581238 9.736820 21
-36.599072 -731.235291 -1.140887 21
-44.367130 -727.630493 14.129389 21
-37.608318 -730.387512 6.645885 21
-41.237461 -729.756714 10.778693 21
-39.103069 -728.733643 5.214955 21
-35.669464 -730.215820 1.964303 21
-37.830902 -728.812317 2.290582 21
-63.413307 -727.419495 23.963047 21
-38.918106 -729.232361 8.106949 21
-36.745266 -730.663696 2.714317 21
-36.430565 -730.283203 4.663389 21
-36.092236 -731.297180 0.928968 21
-52.719334 -732.445862 19.112518 21
-35.428833 -729.317078 2.884511 21
-53.512547 -733.221436 20.535460 21
-56.269024 -726.763367 26.125345 21
-63.048771 -727.594604 22.609825 21
-54.089577 -724.024963 18.452446 21
-48.337345 -728.503479 19.253477 21
-35.524223 -730.788330 -0.049379 21
-48.300381 -729.026123 18.309416 21
-35.202522 -728.457397 1.256284 21
-41.468231 -728.263367 11.796444 21
-59.691246 -731.985535 21.337061 21
-51.139732 -733.567688 20.404530 21
-51.940899 -728.982117 21.124941 21
-42.809956 -727.686646 13.054262 21
-50.418953 -729.108948 15.269776 21
-38.081089 -729.680542 -0.375913 21
-37.784996 -727.568481 5.809351 21
-41.331818 -728.069702 9.863476 21
-57.292828 -723.185486 19.549583 21
-47.713501 -725.396118 17.034113 21
-63.926476 -726.956909 31.879978 21
-39.234840 -729.919922 6.803612 21
-54.163429 -725.319885 18.165283 21
-45.558334 -731.362976 16.682331 21
-63.115879 -724.486938 29.838293 21
-58.946644 -732.452209 20.832630 21
-55.643990 -727.801086 25.627541 21
-38.353638 -729.995422 7.702420 21
-54.029259 -730.218262 18.512400 21
-59.087852 -732.803162 23.063972 21
-45.216442 -729.903625 12.269413 21
-36.204845 -728.597717 3.894218 21
-43.513966 -728.158630 13.622850 21
-52.065804 -721.977539 18.172476 21
-46.014896 -727.049316 14.187993 21
-43.399040 -728.259155 10.674365 21
-61.321728 -726.906311 27.485617 21
-45.264973 -729.128235 15.275513 21
-36.969849 -728.090637 4.876440 21
-59.416294 -723.651001 21.942627 21
-40.573040 -728.620544 7.677937 21
-42.048164 -732.302673 10.307326 21
-52.403809 -726.198120 17.601768 21
-55.202431 -726.855164 18.751745 21
-47.411572 -727.774658 14.492708 21
-40.963078 -731.753235 10.453094 21
-61.989037 -730.031067 21.333286 21
-54.349312 -726.609802 18.331461 21
-54.910381 -732.434387 19.557249 21
-37.746750 -730.817810 2.065705 21
-62.031891 -726.955566 29.570251 21
-53.980602 -727.388062 21.754789 21
-53.851330 -728.693970 22.902027 21
-41.860931 -727.914673 10.619414 21
-58.837555 -726.011658 20.290691 21
-44.452873 -728.222412 14.423819 21
-43.467232 -729.433044 13.928860 21
-38.108604 -728.229858 3.960259 21
-59.580265 -725.106445 20.555149 21
-58.202511 -726.299561 27.621063 21
-57.709705 -729.079712 25.572746 21
-43.265842 -727.930908 11.182891 21
-40.102291 -728.210571 8.698856 21
-64.273537 -725.453613 30.982357 21
-56.706043 -733.419861 22.013988 21
-39.414982 -729.917236 6.164359 21
-62.765781 -724.991699 30.112204 21
-60.333614 -724.471375 22.130840 21
-50.609844 -724.859680 17.653019 21
-48.323692 -730.223083 15.429164 21
-58.392506 -725.442566 19.710337 21
-40.666698 -728.031982 7.341212 21
-41.934570 -729.719788 11.298267 21
-35.423996 -729.523621 0.933369 21
-51.240238 -733.041870 19.622990 21
-36.453510 -727.993164 3.100445 21
-37.305279 -728.164978 0.651574 21
-41.651623 -731.834534 10.287556 21
-57.080006 -733.878113 22.811029 21
-43.883377 -727.765686 13.198951 21
-63.219685 -726.238770 23.530518 21
-59.798641 -732.209656 23.152218 21
-57.883102 -727.502930 27.458475 21
-40.505730 -728.971985 7.071005 21
-45.737228 -727.710266 14.807466 21
-59.938705 -731.550049 20.572388 21
-52.268337 -731.743591 18.378462 21
-59.570904 -728.445557 26.608095 21
-37.625797 -728.467224 1.609715 21
-45.637226 -727.690735 13.135305 21
-56.392780 -721.763672 19.929888 21
-41.338173 -728.053711 11.163332 21
-55.159134 -728.852966 23.083796 21
-52.558899 -729.421265 16.836992 21
-37.906818 -729.744019 2.642279 21
-43.779350 -727.708008 14.239735 21
-50.217941 -725.718506 17.071180 21
-47.569931 -725.906311 16.390675 21
-50.995880 -730.628723 17.330856 21
-52.766788 -730.234497 17.983500 21
-38.075684 -728.055237 6.514805 21
-37.392616 -727.684387 2.489683 21
-47.316261 -728.501099 13.288875 21
-48.399605 -728.539795 14.277893 21
-60.596718 -731.349548 21.586245 21
-50.040077 -732.292542 18.281452 21
-50.819241 -728.695435 20.922892 21
-47.538761 -727.779358 17.387014 21
-50.779491 -727.698730 21.410465 21
-61.040718 -730.884583 23.624832 21
-60.159660 -723.521912 22.564892 21
-62.156475 -729.760681 22.918482 21
-52.569691 -731.117126 18.235338 21
-63.455177 -726.943848 30.190426 21
-45.135887 -726.090698 16.083363 21
-53.037155 -733.005310 19.929852 21
-61.538937 -730.325012 20.923901 21
-54.323860 -727.825012 24.478783 21
-60.307713 -726.414795 29.451155 21
-37.686546 -730.781067 0.364336 21
-44.424095 -730.564331 15.189532 21
-54.917259 -726.805115 24.363117 21
-49.873405 -727.744873 15.733153 21
-50.221912 -728.927795 20.328909 21
-60.718540 -725.148193 22.905722 21
-38.599709 -730.781006 6.431424 21
-57.520000 -724.354126 19.218599 21
-56.971264 -729.178894 24.997538 21
-37.365780 -727.909180 1.224704 21
-38.165596 -729.257141 3.364919 21
-37.507660 -730.724487 6.120150 21
-45.052208 -726.528320 15.104909 21
-46.742287 -725.758240 16.318911 21
-56.940819 -726.616272 26.657614 21
-43.124680 -727.761963 14.246430 21
-52.810524 -727.279480 21.006002 21
-56.155148 -734.114746 22.536158 21
-58.386223 -723.470642 20.270668 21
-36.717926 -731.865417 -1.694661 21
-60.602894 -724.737976 23.309549 21
-46.839703 -731.972900 17.395267 21
-59.959213 -725.890015 21.321318 21
-40.751942 -728.384766 10.872631 21
-39.272369 -729.246704 8.596777 21
-46.853687 -726.868042 14.718896 21
-48.008751 -724.218689 17.377787 21
-47.391537 -727.193115 14.832561 21
-46.614258 -728.480591 17.582333 21
-62.401173 -729.337952 24.240879 21
-49.559540 -730.554077 16.420671 21
-42.602379 -729.848022 11.125310 21
-53.764511 -732.542053 19.471987 21
-54.516247 -730.673645 18.766293 21
-40.444408 -729.061157 10.217987 21
-53.506950 -730.420044 18.389742 21
-58.724594 -727.165405 20.766235 21
-39.826431 -728.018738 7.480858 21
-35.921097 -729.155884 3.891364 21
-38.481106 -729.329102 4.119589 21
-40.042244 -728.948486 9.480729 21
-49.134617 -730.382629 16.057337 21
-35.720295 -728.338196 0.383631 21
-51.697521 -728.054932 21.714161 21
-48.842049 -723.846191 17.612646 21
-58.082455 -728.459290 25.521351 21
-56.936985 -727.547913 26.748024 21
-49.720879 -728.646057 15.111682 21
-42.062283 -731.369202 11.030098 21
-50.283104 -727.361694 19.578001 21
-56.388897 -732.800720 20.760483 21
-54.179035 -732.703369 19.848644 21
-48.959869 -727.714294 19.125616 21
-41.226379 -730.571167 11.429547 21
-37.794243 -730.582031 4.491159 21
-36.264458 -729.203308 4.630745 21
-38.069386 -730.169617 3.989252 21
-47.285175 -728.811523 17.539961 21
-60.165852 -724.150024 22.727055 21
-51.836205 -727.281189 21.683777 21
-61.253822 -727.226074 22.454687 21
-42.966633 -729.945068 13.652580 21
-36.412334 -730.763367 1.707896 21
-51.550987 -731.668396 18.104074 21
-39.419117 -728.892334 5.651328 21
-58.692184 -727.147278 26.222548 21
-46.254238 -727.661499 15.378648 21
-63.592403 -724.514587 30.704449 21
-55.462620 -726.821533 25.160961 21
-42.466660 -733.142212 10.672914 21
-36.751377 -728.924805 5.409964 21
-45.901878 -728.559753 12.156624 21
-53.120296 -729.133850 22.149834 21
-55.210953 -728.214294 24.032862 21
-53.151020 -732.653320 19.506529 21
-58.974751 -724.514221 20.176067 21
-54.283421 -727.198486 22.312618 21
-53.851746 -728.357239 23.539408 21
-59.657486 -725.606812 28.015337 21
-44.335503 -727.070007 13.811764 21
-42.493008 -731.771545 10.453492 21
-50.133724 -722.858826 17.767378 21
-43.662094 -727.891968 11.683203 21
-60.503437 -727.097473 28.173367 21
-38.397182 -727.873535 6.931874 21
-60.248199 -731.781189 23.188303 21
-59.675068 -731.979797 22.221359 21
-42.404694 -727.847168 11.520894 21
-63.733906 -727.044495 30.893629 21
-44.838856 -727.340637 13.382710 21
-55.858913 -727.253052 19.046671 21
-53.767525 -721.653748 18.720671 21
-45.383171 -726.858215 14.232105 21
-49.124184 -733.194214 19.671217 21
-42.625008 -728.415344 12.902596 21
-43.802711 -727.154785 14.904428 21
-50.401951 -730.403137 16.814358 21
-53.006458 -727.906372 23.179789 21
-62.965458 -727.983154 23.640951 21
-50.712532 -731.210327 17.527918 21
-49.992531 -732.883484 19.127613 21
-61.222752 -731.010925 21.747679 21
-51.999195 -730.043030 17.511044 21
-53.430069 -728.267456 17.530682 21
-52.195858 -734.029663 21.413748 21
-44.775223 -727.802490 12.386296 21
-62.612167 -730.203430 23.975370 21
-36.309799 -730.916016 0.551469 21
-39.668686 -730.439514 9.419084 21
-48.497616 -731.043518 16.323015 21
-41.234074 -732.226074 10.191836 21
-61.572437 -725.414124 24.486853 21
-52.676228 -727.008118 22.027245 21
-35.134247 -728.908142 1.809916 21
-44.617149 -729.197632 14.602038 21
-48.311325 -733.310242 19.830856 21
-63.038437 -728.166443 23.103548 21
-37.443298 -730.609619 3.310502 21
-59.125408 -732.352539 21.388084 21
-52.567562 -733.626038 20.851841 21
-50.574173 -727.893921 20.792820 21
-53.165359 -729.764221 17.934603 21
-47.463562 -726.382385 15.522269 21
-40.646641 -730.966492 9.488193 21
-37.921165 -728.563904 2.928919 21
-53.126541 -734.029114 21.698690 21
-49.289124 -731.200623 16.812082 21
-50.842159 -727.588013 18.965912 21
-48.771664 -728.528259 19.734501 21
-39.236382 -729.845337 5.646793 21
-57.656384 -722.740356 20.943775 21
-37.700775 -727.832825 4.741911 21
-55.112965 -732.933960 20.540524 21
-47.799564 -732.488647 18.044518 21
-39.643887 -729.454224 5.907244 21
-54.237804 -733.652710 21.740368 21
-46.014500 -726.056458 16.637417 21
-60.292175 -727.114319 26.655197 21
-45.701931 -726.178528 15.939581 21
-51.778805 -722.924438 18.309366 21
-54.964840 -722.959717 19.103735 21
-52.602028 -727.471436 22.790417 21
-38.581966 -727.722107 7.576717 21
-36.437180 -729.497620 5.749296 21
-45.295586 -731.080627 15.862577 21
-48.848614 -727.595093 17.036400 21
-35.909260 -730.626648 -0.406840 21
-57.542320 -722.916504 20.305153 21
-36.863892 -727.868896 4.200632 21
-48.961311 -724.712402 17.319649 21
-61.808517 -730.228271 24.216465 21
-61.772457 -726.530212 28.640472 21
-48.956921 -732.441467 18.162077 21
-39.781166 -728.290710 9.344380 21
-57.968544 -731.872314 19.686485 21
-49.606216 -733.417908 20.000868 21
-51.976246 -732.994629 19.682339 21
-56.030323 -732.128357 19.333368 21
-51.661179 -732.403381 18.834757 21
-48.160072 -727.620911 17.771318 21
-55.052425 -729.261902 23.461950 21
-48.068073 -727.908386 18.367348 21
-39.459583 -728.690674 8.818025 21
-41.964531 -729.753052 9.084091 21
-53.486195 -727.122253 23.097515 21
-62.383415 -726.461365 22.389166 21
-49.642380 -731.931458 17.602789 21
-53.943859 -732.146118 19.017660 21
-58.976192 -726.521362 28.523073 21
-41.409451 -730.076477 8.971188 21
-57.030636 -731.570190 19.298378 21
-48.163498 -725.873596 16.216017 21
-41.501747 -728.413818 8.800142 21
-52.060074 -727.506531 20.131172 21
-49.150539 -727.609070 15.457215 21
-37.161312 -731.035889 3.880954 21
-48.244835 -726.395569 15.934156 21
-63.111095 -725.770569 23.021536 21
-54.157364 -726.839661 24.083923 21
-53.028488 -728.421082 22.822197 21
-50.317127 -723.737305 17.898180 21
-55.572834 -727.268372 25.688272 21
-50.919907 -728.472534 15.865732 21
-49.982281 -726.078308 16.739508 21
-35.546799 -729.290161 -1.583540 21
-59.449924 -728.252563 26.121357 21
-59.631386 -723.622192 22.600613 21
-40.815605 -729.119812 7.481005 21
-47.434589 -732.804199 19.041889 21
-61.923672 -725.850525 27.520071 21
-64.887352 -726.259399 31.624052 21
-51.648937 -725.349121 17.612732 21
-47.240150 -730.917175 15.484411 21
-56.880779 -723.755371 19.172655 21
-51.048496 -727.173828 20.498327 21
-37.588276 -730.236572 0.326227 21
-44.816433 -728.543762 11.604788 21
-53.702026 -727.139893 22.159338 21
-54.650009 -724.967163 18.283138 21
-48.981152 -727.111023 15.628099 21
-38.332058 -728.365967 7.693575 21
-35.805466 -729.703247 2.838633 21
-55.242287 -727.948730 24.903200 21
-46.839935 -727.844604 14.142801 21
-38.534153 -727.998413 4.873723 21
-64.404404 -724.713379 31.080618 21
-55.450031 -731.290466 18.988607 21
-35.468620 -729.354919 -0.940505 21
-40.185989 -730.624573 10.525270 21
-40.067856 -728.669678 6.500760 21
-60.613331 -731.350891 20.873264 21
-41.473461 -728.905762 11.488475 21
-44.727940 -730.877686 16.741873 21
-37.566967 -730.387939 2.704813 21
-62.662292 -728.489929 24.019108 21
-37.094936 -730.816772 1.299235 21
-62.857838 -728.606750 22.109146 21
-54.520367 -726.025635 18.377249 21
-35.463364 -729.982544 -0.055693 21
-36.691051 -731.028503 4.279275 21
-52.904816 -727.547546 17.506908 21
-42.320820 -732.796692 10.305511 21
-38.417320 -730.299744 6.763583 21
-38.583176 -728.928284 7.822951 21
-47.877605 -729.742432 13.972236 21
-58.243862 -726.457886 20.254787 21
-35.767422 -730.586182 2.335458 21
-48.878883 -728.785889 19.215021 21
-63.371201 -726.099121 31.107328 21
-35.725922 -729.163940 2.358670 21
-46.125801 -729.470825 12.525652 21
-38.988739 -730.223755 8.091593 21
-38.984409 -729.135376 9.044452 21
-63.316689 -726.716064 30.931805 21
-36.932816 -727.948120 2.078863 21
-40.590130 -731.017029 10.426978 21
-61.047470 -726.756897 29.594412 21
-43.133739 -729.298767 13.430944 21
-50.567398 -725.445740 17.360323 21
-35.216297 -729.147766 0.472387 21
-51.534863 -734.024048 21.093555 21
-48.561790 -729.850647 14.534502 21
-46.272636 -728.507019 17.185595 21
-47.990269 -731.099426 16.134256 21
-62.565784 -725.882812 30.760374 21
-38.004383 -729.099670 -0.902210 21
-36.066490 -731.372131 0.289519 21
-43.035618 -727.682678 12.438465 21
-59.151299 -723.168457 22.395845 21
-57.087349 -733.460388 22.433887 21
-49.405663 -728.424805 19.713346 21
-48.101486 -728.930359 13.825744 21
-39.668442 -728.309631 8.353562 21
-59.727673 -727.376282 27.600708 21
-58.766354 -726.051392 27.772703 21
-50.996208 -732.437683 18.759314 21
-50.191635 -733.125793 19.588209 21
-38.037758 -728.778870 1.111419 21
-60.529335 -725.583862 22.045261 21
-59.037876 -726.772400 20.935652 21
-63.819126 -724.741150 31.245073 21
-60.441082 -731.529907 22.330111 21
-61.061394 -730.951416 22.519730 21
-62.648891 -724.899414 29.000685 21
-54.703423 -731.523438 18.863543 21
-61.571457 -725.478821 29.790062 21
-38.045944 -729.709961 3.154057 21
-52.935635 -732.070068 18.815159 21
-50.116745 -733.418579 20.025316 21
-36.206821 -731.180176 1.982910 21
-38.321899 -727.836670 6.001859 21
-62.867725 -728.147705 21.885824 21
-63.167068 -726.412231 22.827440 21
-35.394169 -729.905762 -0.798485 21
-50.102173 -724.682434 17.621977 21
-36.781677 -730.446289 5.464006 21
-54.736977 -726.922546 18.518919 21
-53.421326 -731.893250 18.767067 21
-53.691376 -727.397034 17.890518 21
-35.938698 -728.853821 3.464022 21
-38.271023 -728.660339 2.515913 21
-59.088058 -723.903259 20.997238 21
-44.267612 -728.726135 10.922288 21
-61.002987 -726.091309 30.107403 21
-38.418949 -728.598450 3.111172 21
-52.722980 -727.545410 20.191484 21
-42.381783 -728.058716 10.377243 21
-53.192146 -729.521729 23.073801 21
-50.816265 -728.893494 15.563415 21
-41.688435 -732.444275 10.758181 21
-44.941978 -726.551941 16.272261 21
-37.633492 -729.726624 0.752020 21
-51.849808 -728.702820 21.891602 21
-38.394501 -729.840454 4.237331 21
-51.744694 -729.533630 16.298424 21
-51.058243 -727.270203 21.183401 21
-52.429352 -728.849731 22.376026 21
-54.266068 -727.325745 18.208288 21
-49.956947 -729.631226 15.253285 21
-59.276695 -725.933594 20.558168 21
-42.415649 -728.560913 8.999841 21
-56.009602 -728.012390 25.110176 21
-61.683571 -726.277283 30.349075 21
-50.987297 -722.368103 18.179585 21
-45.307590 -729.483154 11.923834 21
-54.489285 -732.063171 19.031239 21
-49.501705 -725.215942 17.291809 21
-59.532070 -728.769104 26.043982 21
-45.597557 -728.961243 15.787296 21
-40.182724 -729.715942 6.918101 21
-42.003857 -729.147583 12.135378 21
-36.098125 -728.294922 2.847185 21
-41.447876 -731.507446 10.623134 21
-37.659241 -729.953796 1.756606 21
-53.960064 -726.847595 23.247490 21
-63.298309 -727.167969 23.524485 21
-40.691498 -732.086670 10.877109 21
-46.060894 -731.526550 16.687277 21
-49.447701 -729.405884 14.767772 21
-62.619751 -726.885559 29.407000 21
-55.427311 -733.711975 22.045151 21
-37.519485 -728.474915 -1.497197 21
-37.190311 -728.093140 5.496893 21
-60.784782 -731.246704 23.335726 21
-40.196075 -729.944702 10.034278 21
-55.678101 -729.297241 23.994806 21
-49.768414 -732.674133 18.703907 21
-62.449844 -729.658630 23.753056 21
-56.166290 -726.575806 25.542324 21
-48.378471 -732.849426 18.974194 21
-39.852913 -730.870972 8.224031 21
-54.302456 -731.208923 18.767447 21
-47.792442 -730.824280 15.738430 21
-37.045448 -728.128540 6.108360 21
-55.337368 -730.746155 18.969515 21
-51.804451 -730.750793 17.763515 21
-52.274231 -727.741455 22.473448 21
-43.154907 -729.773438 13.204828 21
-47.372440 -728.237854 17.629839 21
-36.454422 -727.874939 2.224340 21
-52.316357 -724.567078 18.040871 21
-49.611855 -726.650757 16.248426 21
-64.859825 -725.679993 31.577375 21
-36.081570 -728.232239 1.843928 21
-45.740097 -731.722290 17.766346 21
-57.033943 -726.399170 19.613674 21
-55.097916 -722.375549 19.300886 21
-62.569061 -729.123474 21.698889 21
-58.406380 -724.391418 19.702898 21
-60.033936 -727.057556 29.098600 21
-37.067947 -730.938904 1.805893 21
-53.190540 -731.155579 18.471703 21
-37.503323 -731.313171 -1.138906 21
-63.447201 -725.190613 30.726246 21
-56.504417 -728.521973 24.361567 21
-53.830029 -726.458679 18.136848 21
-39.524807 -728.024658 6.070184 21
-36.556206 -729.510254 5.182392 21
-43.766026 -729.056274 14.067157 21
-48.352779 -728.682312 18.713673 21
-55.152023 -725.155579 18.434444 21
-60.553749 -726.001953 29.596127 21
-40.648499 -728.520203 6.900833 21
-57.523106 -732.917786 21.807800 21
-41.365509 -728.586609 7.853194 21
-46.365849 -729.039795 16.475361 21
-54.308559 -722.940063 19.015890 21
-35.566490 -729.715332 1.594274 21
-48.260960 -727.265198 15.179769 21
-47.419365 -728.049011 14.070168 21
-58.498299 -733.136475 23.056473 21
-42.430935 -727.947205 10.964216 21
-56.121696 -726.258667 19.037029 21
-58.960022 -727.416443 28.141560 21
-42.432934 -727.747803 12.014586 21
-59.610695 -724.240723 20.981155 21
-40.530106 -729.893616 7.618569 21
-62.800777 -726.327942 29.595816 21
-51.907650 -723.741760 18.114819 21
-38.005142 -729.978882 6.796756 21
-57.883434 -726.529297 25.676579 21
-36.356110 -730.337952 3.155264 21
-56.430054 -724.330627 18.808176 21
-39.387947 -730.205750 9.779202 21
-59.206207 -725.017090 20.167105 21
-35.121208 -729.242737 -0.054425 21
-40.290096 -728.073792 7.668310 21
-37.786102 -728.938293 1.687795 21
-37.815338 -728.605225 -0.391886 21
-40.763519 -728.825500 10.536843 21
-40.798927 -728.158447 9.352571 21
-56.660645 -732.289368 19.596828 21
-38.310017 -730.702820 5.985966 21
-46.545223 -729.271484 12.697181 21
-61.296364 -725.594421 28.699505 21
-46.445499 -727.247314 14.317511 21
-51.649128 -733.559265 20.484350 21
-58.538345 -728.936340 26.133570 21
-59.704483 -724.183594 21.742712 21
-46.942520 -729.746582 13.296971 21
-40.620583 -728.105408 10.450982 21
-38.289394 -730.732239 7.053752 21
-38.922832 -729.213318 4.893265 21
-38.387417 -729.930237 6.390892 21
-58.810322 -722.722351 21.402554 21
-43.153042 -728.748901 13.288259 21
-45.134571 -726.404724 15.586479 21
-36.052254 -730.977539 1.430880 21
-37.040592 -727.902893 3.017027 21
-49.479294 -723.195374 17.613735 21
-46.590324 -728.231140 13.156661 21
-39.052227 -727.734009 6.674291 21
-55.700989 -729.597961 24.474943 21
-58.250729 -725.005493 19.504601 21
-61.151001 -724.927063 23.996181 21
-44.260632 -729.671448 11.185225 21
-55.277054 -729.155090 18.620340 21
-59.370270 -722.944214 21.879892 21
-41.986851 -731.401489 10.240799 21
-47.828014 -728.434204 18.179884 21
-55.020462 -725.898132 18.511185 21
-51.495697 -724.493347 17.950705 21
-49.012024 -732.953857 19.208397 21
-56.563133 -733.906860 22.996428 21
-38.144119 -727.789185 5.090898 21
-56.146206 -731.482361 19.164085 21
-53.595329 -725.646667 18.022556 21
-54.169456 -729.346252 23.168081 21
-59.404949 -733.099304 23.323935 21
-52.025246 -727.182129 20.989479 21
-55.179947 -723.803345 18.633247 21
-57.556141 -726.707458 27.352671 21
-48.643044 -727.673889 18.672935 21
-50.272812 -727.647522 20.402601 21
-44.211624 -727.479004 14.576798 21
-51.257198 -729.985535 17.118893 21
-55.945168 -721.758057 19.665543 21
-52.507118 -722.918945 18.473991 21
-43.600647 -727.236206 14.138581 21
-36.477825 -728.129089 3.807454 21
-63.939201 -726.056152 31.201321 21
-43.543385 -730.054871 14.689516 21
-56.935574 -724.915894 18.897493 21
-38.663082 -730.001282 7.213505 21
-53.920128 -733.046997 20.335600 21
-62.074081 -729.524841 21.160454 21
-39.068439 -727.863281 5.673617 21
-38.928391 -729.685120 7.899046 21
-35.949078 -730.706299 2.921654 21
-63.080753 -727.159241 22.839539 21
-58.101120 -732.529602 21.448452 21
-51.128384 -726.325806 17.064884 21
-58.742031 -725.632202 19.985340 21
-43.771923 -727.264404 13.595247 21
-39.519192 -730.123657 8.187342 21
-56.430599 -722.294983 20.059448 21
-37.547672 -731.107727 -0.655299 21
-46.568928 -732.432800 18.674906 21
-56.835220 -722.483765 20.504528 21
-51.308182 -727.385437 19.871145 21
-47.158947 -729.173828 16.928230 21
-61.477772 -725.827698 24.779768 21
-39.911858 -730.525757 8.649467 21
-57.518166 -733.394714 22.673197 21
-57.466694 -725.709106 19.404249 21
-37.638531 -728.310974 2.084089 21
-55.083340 -733.453979 21.442856 21
-38.071945 -729.164917 -2.523117 21
-61.397137 -730.802979 21.250031 21
-40.599060 -728.247864 8.335099 21
-62.876789 -724.507507 29.402615 21
-65.845406 -726.503967 31.618912 21
-50.423782 -729.911133 16.537287 21
-54.238499 -728.802917 22.569324 21
-38.114956 -730.498047 4.937113 21
-42.452427 -728.322937 9.574713 21
-54.477245 -722.093689 19.278543 21
-55.811028 -732.640747 19.972742 21
-49.866806 -724.198181 17.749945 21
-37.947254 -728.684387 0.637283 21
-44.408150 -730.651611 15.690153 21
-46.839447 -726.405334 15.524612 21
-50.817509 -722.772339 17.993191 21
-39.775669 -729.117615 9.103632 21
-59.652458 -726.933228 21.471951 21
-52.233643 -733.492676 20.547062 21
-36.663933 -731.130859 -0.363998 21
-44.500729 -726.863586 15.922318 21
-35.631611 -728.747803 3.819435 21
-61.836990 -725.478760 28.846569 21
-36.464542 -731.045715 3.605028 21
-45.977650 -726.475769 15.036609 21
-53.691872 -728.696716 17.431499 21
-43.254059 -727.375488 13.298085 21
-62.356548 -726.363892 22.994524 21
-61.404396 -726.911804 28.636629 21
-38.438541 -728.427795 3.568379 21
-46.442413 -726.058594 15.759464 21
-62.499817 -726.351318 30.677216 21
-52.401699 -730.642944 18.223009 21
-36.068748 -731.274902 -2.758686 21
-51.280201 -729.597717 16.023771 21
-39.871086 -731.020386 9.216751 21
-57.947678 -726.040588 26.770462 21
-62.512665 -725.258667 28.509836 21
-46.055775 -727.536621 13.523429 21
-51.616825 -725.804016 17.475388 21
-42.963371 -727.720947 13.538306 21
-59.917606 -726.251953 29.178545 21
-43.135254 -728.327637 10.287956 21
-62.240921 -726.135864 24.659029 21
-50.193371 -727.593811 18.504230 21
-55.895351 -722.886475 19.401848 21
-56.591591 -725.915527 19.113058 21
-55.731522 -729.462219 19.141050 21
-38.851280 -728.263184 5.314678 21
-52.501717 -728.332275 22.396505 21
-39.709602 -729.434021 9.519847 21
-56.669270 -728.088684 26.074017 21
-41.289932 -728.670959 11.929658 21
-51.194607 -728.763489 21.245197 21
-35.608376 -730.797485 -0.930933 21
-37.804752 -729.475952 1.457927 21
-37.265087 -730.750671 2.795395 21
-53.297241 -723.446289 18.581972 21
-41.488670 -729.546143 8.258773 21
-39.206348 -727.815247 7.615084 21
-60.520054 -726.109070 22.463827 21
-48.654533 -730.414124 15.782360 21
-37.023582 -727.946472 1.562590 21
-57.506729 -727.184937 19.895058 21
-36.218704 -728.062866 1.277439 21
-35.647575 -730.075256 2.599982 21
-56.291454 -732.679871 20.307795 21
-60.178764 -724.957825 21.659416 21
-35.470886 -730.490723 -2.282002 21
-63.032948 -727.161621 24.133785 21
-38.190475 -729.054932 7.578315 21
-58.660202 -732.364502 21.752703 21
-61.804302 -730.234619 23.276169 21
-60.792877 -725.150818 24.623827 21
-50.938301 -723.687500 17.962799 21
-55.454632 -733.034790 20.896330 21
-61.394363 -730.574829 22.689642 21
-45.271267 -727.820618 14.801539 21
-63.273514 -724.406555 30.344494 21
-41.572163 -730.770996 10.852935 21
-61.074715 -725.515015 29.185207 21
-57.900761 -732.973938 22.150274 21
-35.815205 -728.570740 2.511874 21
-35.679218 -728.674744 1.422256 21
-58.129066 -727.067444 25.769993 21
-42.410400 -727.979858 12.971324 21
-49.565136 -727.919678 20.322668 21
-37.021553 -730.385620 4.797269 21
-53.274727 -727.386230 21.101927 21
-39.495110 -730.323792 5.766630 21
-36.649673 -728.016113 0.373355 21
-39.517452 -728.502930 5.909061 21
-57.138870 -732.600403 20.574715 21
-47.431637 -728.412292 13.774118 21
-59.466206 -731.806458 20.374063 21
-49.038033 -731.714294 17.125336 21
-53.383064 -727.181641 23.558241 21
-42.204933 -728.177795 12.381373 21
-45.356342 -731.509766 17.542616 21
-64.210297 -726.371887 31.426689 21
-51.090466 -733.277405 20.023386 21
-52.002884 -727.123840 17.133507 21
-57.348186 -726.425903 26.835768 21
-35.682491 -730.464844 1.569281 21
-36.576981 -728.875732 5.891090 21
-43.032124 -729.556580 14.104737 21
-56.814335 -733.158020 21.281908 21
-41.854397 -730.621826 11.211370 21
-48.445751 -729.825256 15.210339 21
-42.733814 -728.128845 13.318289 21
-59.985374 -726.397278 21.912703 21
-62.909058 -726.626648 24.054636 21
-36.411106 -730.322021 3.697282 21
-43.042591 -732.429626 10.562118 21
-41.726681 -728.106873 9.632019 21
-35.431347 -729.167786 3.367371 21
-45.451008 -729.475159 15.017109 21
-41.545349 -728.614075 8.381153 21
-36.619614 -728.088745 -0.105139 21
-55.567772 -724.835388 18.494078 21
-50.009758 -730.544556 16.646755 21
-35.520794 -729.916687 0.687598 21
-48.577991 -725.409607 16.835711 21
-48.293793 -731.693604 16.816193 21
-41.024727 -729.034485 7.078021 21
-62.463432 -726.870178 30.043135 21
-58.455944 -722.965637 20.991655 21
-50.493713 -731.630310 17.679806 21
-57.547749 -727.180847 27.384197 21
-38.889881 -729.637085 5.107835 21
-35.948639 -730.553284 0.684887 21
-52.274616 -727.251038 21.961304 21
-36.841698 -731.126038 2.750142 21
-47.384029 -729.294861 13.331983 21
-55.438141 -732.084717 19.181242 21
-41.053925 -730.000610 10.393512 21
-61.635796 -727.019531 22.883804 21
-48.569138 -732.211670 17.564890 21
-36.667873 -728.444885 4.868363 21
-36.283890 -731.127808 3.092965 21
-35.933121 -729.619202 3.906943 21
-59.439922 -732.477722 23.197464 21
-41.094639 -729.297791 10.934716 21
-51.357395 -733.656677 20.858246 21
-43.685429 -728.530334 13.860419 21
-51.506813 -724.012329 17.957458 21
-52.885330 -727.110352 21.620115 21
-39.213337 -728.256714 8.431293 21
-37.073559 -730.994751 0.504868 21
-47.918907 -730.209534 15.182977 21
-60.716286 -724.286682 23.440918 21
-64.620811 -725.147827 31.055176 21
-38.659409 -728.652527 8.199013 21
-56.073334 -725.234497 18.683949 21
-49.186020 -724.382263 17.585712 21
-51.434242 -726.674561 17.084436 21
-37.737450 -728.029419 2.937676 21
-37.233330 -728.299805 -1.130970 21
-61.223774 -725.933289 24.196163 21
-50.567539 -726.748352 16.600925 21
-43.109074 -728.507874 9.681011 21
-36.164364 -731.485168 -0.408564 21
-40.439732 -729.832825 10.514030 21
-63.087082 -725.264954 30.369581 21
-56.848568 -726.464539 26.186806 21
-41.701157 -729.781555 10.890671 21
-51.366196 -728.018372 21.400192 21
-43.705887 -729.617615 10.679446 21
-47.188297 -725.809875 16.147274 21
-57.828457 -724.950317 19.288214 21
-49.672356 -727.583618 19.669874 21
-57.778210 -732.376282 20.345943 21
-44.242249 -729.688904 14.262029 21
-44.905464 -729.088928 14.975618 21
-37.678696 -728.399719 7.200663 21
-54.970524 -730.296753 18.940487 21
-56.865349 -722.960022 19.525206 21
-52.297729 -729.024170 21.416101 21
-62.133633 -726.376465 27.668583 21
-52.778412 -728.413086 17.040726 21
-60.792950 -730.843384 20.509510 21
-40.711140 -729.444946 9.998439 21
-62.397949 -729.602051 23.302299 21
-63.883106 -726.888123 31.409647 21
-62.742813 -728.980591 23.240240 21
-49.663082 -728.756409 19.969099 21
-58.805298 -728.619690 25.842634 21
-44.089775 -726.826477 14.747902 21
-37.126377 -728.855469 6.706497 21
-38.458088 -728.558594 4.179097 21
-60.922276 -725.724365 23.696802 21
-38.494423 -730.235352 5.013557 21
-36.452316 -731.612183 -1.988085 21
-45.339848 -731.226318 17.070051 21
-44.216408 -730.520264 16.086016 21
-42.791866 -727.841309 11.240566 21
-52.873779 -728.987732 22.722301 21
-46.770927 -732.125366 17.829863 21
-46.712181 -726.552185 15.081574 21
-60.201580 -724.028381 23.296778 21
-39.669579 -727.610657 7.648293 21
-47.219913 -730.409363 15.037845 21
-53.351105 -728.625671 22.550411 21
-62.237686 -726.182678 28.851627 21
-36.006733 -730.429382 1.238545 21
-62.494148 -729.506592 22.059841 21
-40.178352 -728.131104 6.487135 21
-51.968918 -726.165161 17.471897 21
-44.487267 -726.892883 14.302724 21
-37.330521 -727.952026 4.141287 21
-53.026886 -723.691956 18.323212 21
-60.841778 -725.594910 23.085295 21
-56.359337 -732.968628 21.179083 21
-46.455910 -728.003113 13.544708 21
-63.727772 -727.216797 30.430387 21
-55.703392 -722.489990 19.554712 21
-37.602287 -728.763977 0.944947 21
-51.925594 -732.029663 18.492411 21
-37.207645 -730.926025 5.206506 21
-57.174656 -722.389038 20.173431 21
-39.924191 -727.952698 7.933196 21
-37.461487 -729.243774 6.879138 21
-62.806458 -724.486206 28.785456 21
-57.962551 -727.138916 20.240242 21
-52.808979 -727.074585 22.815987 21
-57.920261 -725.823181 19.677933 21
-54.687477 -724.495605 18.360477 21
-46.634464 -727.687683 15.883329 21
-52.611622 -725.730652 17.742418 21
-43.738628 -727.531616 12.562866 21
-56.245701 -726.636475 19.227692 21
-35.827141 -731.122742 -2.050474 21
-53.184261 -725.361511 17.982115 21
-43.712170 -728.789185 10.452669 21
-48.927299 -727.864380 14.986415 21
-61.838139 -727.033813 27.148155 21
-38.112171 -729.657104 7.507067 21
-39.450085 -730.064941 9.311340 21
-45.482681 -728.325073 12.168333 21
-54.473888 -728.549194 17.973076 21
-51.092167 -731.904968 18.143719 21
-59.877804 -725.204590 20.896936 21
-60.630680 -725.712891 29.214701 21
-54.640205 -728.103027 24.194271 21
-52.930763 -724.278992 18.236561 21
-54.578171 -733.794617 22.168604 21
-43.775242 -727.350098 13.053808 21
-37.901814 -729.363464 2.394276 21
-53.626228 -733.996826 21.972813 21
-55.929581 -728.972778 23.797228 21
-39.028557 -730.112488 5.935359 21
-58.964535 -732.067261 20.414112 21
-49.490898 -728.580139 20.436659 21
-59.763451 -731.915527 21.775023 21
-40.360962 -728.349365 10.049375 21
-35.710659 -728.420044 1.050076 21
-55.158772 -721.552063 19.215557 21
-47.835373 -729.382568 13.685919 21
-42.227760 -731.280273 10.597523 21
-62.894032 -725.896362 23.603062 21
-50.180004 -727.700317 20.955481 21
-46.038502 -726.183899 15.617256 21
-59.157219 -728.961548 25.853460 21
-59.220375 -732.168518 22.225229 21
-37.908710 -728.738281 -1.423269 21
-49.936951 -728.238831 15.447709 21
-43.804440 -727.199890 15.346309 21
-59.855022 -731.785278 23.395775 21
-41.473274 -731.969238 11.009450 21
-55.458939 -726.469849 18.770832 21
-43.864849 -730.116150 15.217094 21
-47.888481 -726.580200 15.623531 21
-38.139492 -728.774048 3.415108 21
-56.992367 -726.007446 19.374119 21
-37.895382 -730.827026 5.875352 21
-52.990913 -721.911133 18.820955 21
-57.874699 -726.331726 19.969053 21
-58.144993 -727.327026 27.763355 21
-38.200672 -729.433044 -1.748213 21
-63.851852 -724.116516 30.624353 21
-37.703930 -729.946960 7.103197 21
-48.264126 -732.587097 18.400414 21
-42.895462 -728.936646 9.577375 21
-38.112495 -729.864258 -1.185541 21
-58.068737 -722.598267 21.334696 21
-53.470047 -726.073242 18.000061 21
-45.228653 -727.896179 12.670514 21
-55.505447 -724.350769 18.520472 21
-37.928230 -727.768616 4.035555 21
-62.541870 -725.862427 27.859266 21
-41.757942 -728.072693 12.397016 21
-61.985104 -725.697327 30.386969 21
-52.922058 -726.263550 17.815912 21
-53.155758 -730.177856 18.224268 21
-49.921284 -727.418823 19.276201 21
-54.244347 -726.805725 23.590380 21
-58.706181 -723.782349 20.490412 21
-46.342125 -725.704224 16.529192 21
-58.636734 -731.931030 19.955770 21
-55.604366 -727.662903 19.240887 21
-51.219055 -728.810913 21.748388 21
-46.699192 -728.304993 17.064789 21
-38.013123 -730.025024 3.554792 21
-37.449776 -728.163147 0.237995 21
-64.786514 -726.714661 31.616638 21
-48.430798 -723.918213 17.436478 21
-48.695450 -726.557251 15.967724 21
-56.536228 -727.606018 19.627602 21
-50.151497 -728.155457 20.347637 21
-46.177456 -732.179993 18.414865 21
-39.118523 -727.799194 8.057479 21
-41.585876 -731.572388 9.454603 21
-57.117447 -732.392456 19.887997 21
-35.620155 -730.808838 -1.443131 21
-60.785686 -724.815002 23.703798 21
-49.233173 -725.449463 16.891886 21
-49.769264 -727.494080 18.835533 21
-40.191803 -728.480164 7.496084 21
-58.220779 -726.693909 27.952948 21
-60.236458 -725.550171 21.696018 21
-45.840477 -727.985901 12.884873 21
-46.317490 -728.184021 16.447338 21
-61.525906 -726.572998 27.248381 21
-35.497532 -729.478149 -0.113415 21
-49.486671 -732.955933 19.166630 21
-57.575653 -732.542358 20.866884 21
-36.719643 -730.619141 3.161885 21
-44.820988 -728.110962 14.732611 21
-57.684498 -723.657593 19.665962 21
-49.084026 -726.243530 16.334915 21
-55.637882 -729.967651 19.395351 21
-53.163357 -722.470459 18.859091 21
-61.752361 -726.929016 29.922213 21
-48.510292 -725.854858 16.557718 21
-46.220352 -725.369019 17.152704 21
-49.324860 -725.877991 16.704382 21
-35.815121 -731.137024 -0.036075 21
-60.566753 -725.165894 22.511307 21
-40.700806 -731.420593 10.257684 21
-52.308922 -722.118408 18.529148 21
-57.404377 -726.526428 19.801426 21
-50.085270 -731.064453 17.143372 21
-48.615120 -727.984253 19.091297 21
-44.849911 -730.926514 15.990863 21
-54.642231 -729.315796 23.266155 21
-48.095760 -732.966797 19.305809 21
-35.463287 -729.117310 -0.521353 21
-35.446373 -730.291748 0.912456 21
-35.757679 -730.459534 0.141567 21
-53.700367 -728.085754 17.824608 21
-53.918575 -724.845947 18.173645 21
-40.197948 -728.887939 9.896612 21
-45.256447 -727.409607 13.285853 21
-52.083611 -729.045288 22.132963 21
-51.210052 -727.593506 19.263117 21
-36.483856 -728.856812 4.860706 21
-38.600372 -728.375977 4.632828 21
-49.556332 -727.676575 17.684631 21
-50.923283 -725.136658 17.544945 21
-47.788502 -723.823425 17.411545 21
-51.775497 -722.439636 18.281244 21
-45.002296 -728.595093 15.274053 21
-58.666916 -733.491394 23.241056 21
-56.738373 -726.702698 19.522047 21
-55.288052 -721.896545 19.502295 21
-51.191082 -727.118469 16.699364 21
-51.059818 -723.287170 18.069647 21
-47.737076 -725.541138 16.613033 21
-35.202869 -728.983704 1.084054 21
-40.144638 -728.060547 7.151190 21
-39.262047 -730.441895 7.834928 21
-37.557594 -729.377563 7.719210 21
-52.417065 -727.058167 17.378704 21
-39.263489 -729.863159 8.947993 21
-42.515545 -729.044678 12.644789 21
-47.140083 -728.922363 13.130692 21
-41.791168 -729.084778 8.505390 21
-37.243366 -727.869141 3.390238 21
-51.365765 -728.584595 16.055895 21
-49.379742 -732.536072 18.436218 21
-38.579929 -728.110596 7.396955 21
-54.035812 -729.788757 18.465546 21
-40.469032 -730.216858 10.304525 21
-43.512398 -727.880493 12.987258 21
-62.227844 -725.110046 29.456377 21
-58.952194 -732.661011 22.661537 21
-44.470722 -727.475647 13.024551 21
-58.184650 -723.556091 19.869473 21
-47.062737 -727.876099 16.918371 21
-41.234440 -731.129700 9.637970 21
-35.591648 -729.211975 0.674999 21
-55.950306 -726.879761 25.863298 21
-54.159180 -723.590454 18.611242 21
-62.202248 -729.990845 21.810282 21
-45.423939 -728.227356 15.540365 21
-41.079971 -730.472351 10.923024 21
-36.030109 -728.527588 4.551329 21
-56.100857 -729.189941 19.120728 21
-50.667671 -732.651917 18.942059 21
-50.796494 -730.399963 17.026436 21
-50.634171 -731.912354 17.975597 21
-45.221039 -730.968811 16.737921 21
-46.934372 -732.342346 18.460094 21
-40.058571 -731.133789 8.530334 21
-58.408966 -726.948181 20.555250 21
-58.234657 -732.103699 19.954823 21
-37.373550 -730.506409 2.073725 21
-50.153316 -728.784729 15.308181 21
-41.708740 -729.202271 11.800788 21
-48.127430 -728.369629 18.467024 21
-38.507023 -730.353821 7.515716 21
-55.992062 -728.243958 25.504169 21
-46.466953 -728.738159 16.805983 21
-48.209015 -729.811584 14.291061 21
-54.636864 -721.710999 19.159510 21
-36.560154 -731.201111 1.201726 21
-54.506390 -729.701050 18.666496 21
-56.642170 -725.447571 18.970150 21
-60.574234 -726.721375 29.555815 21
-60.274773 -725.677124 28.667603 21
-54.899433 -729.553528 23.985191 21
-53.780670 -722.090698 18.991228 21
-45.517838 -726.156433 16.327768 21
-60.485428 -724.567261 24.053894 21
-48.522079 -723.368713 17.444729 21
-37.360641 -730.928467 0.816853 21
-38.023014 -727.816162 5.507541 21
-49.246571 -723.625916 17.647537 21
-59.745956 -724.395874 21.356306 21
-47.362320 -726.065308 15.808888 21
-57.163185 -724.069214 19.133606 21
-48.287773 -724.664490 17.393360 21
-51.731678 -727.526550 19.861101 21
-64.699020 -725.631958 31.162907 21
-36.030548 -728.885071 4.822607 21
-36.326488 -728.013611 2.620922 21
-40.473354 -731.114136 8.684407 21
-56.300545 -728.965515 24.195436 21
-37.668602 -727.972534 3.360598 21
-61.798965 -730.303223 23.711782 21
-37.970772 -730.616150 6.726958 21
-60.416939 -724.380310 23.150906 21
-61.313137 -726.491760 24.121964 21
-36.948788 -730.315735 5.888592 21
-54.039940 -733.621887 21.354265 21
-42.098118 -728.503357 12.122020 21
-55.459328 -727.801270 25.226902 21
-50.527515 -728.905701 20.667849 21
-59.442329 -726.318176 28.824541 21
-42.699131 -729.236572 13.379092 21
-53.509163 -728.106628 23.550575 21
-51.001408 -729.135437 21.003197 21
-36.058018 -729.810852 3.529699 21
-55.674698 -723.579041 18.902506 21
-44.017502 -730.161987 14.796328 21
-37.302406 -728.438843 6.775365 21
-52.572186 -731.933411 18.595230 21
-38.697979 -730.514709 6.079509 21
-49.105305 -729.920898 15.009789 21
-59.737083 -731.865784 20.929554 21
-55.786427 -725.675964 18.753519 21
-54.166176 -729.576660 23.604050 21
-54.264294 -728.248535 23.633820 21
-55.202354 -729.479797 18.922565 21
-58.987984 -726.270020 20.584578 21
-40.101547 -730.589722 9.885878 21
-45.571144 -726.016724 16.724949 21
-37.719379 -730.385986 3.545836 21
-63.338043 -724.155334 29.973751 21
-37.562176 -727.935059 5.762805 21
-54.972805 -729.898315 18.854809 21
-51.986538 -727.775146 19.434710 21
-47.417576 -724.476257 17.427334 21
-57.941776 -732.860168 21.654844 21
-60.023628 -731.717773 21.497904 21
-62.881886 -726.918518 30.197273 21
-59.057049 -728.090515 26.051760 21
-40.716007 -730.583984 10.508744 21
-35.718449 -731.198975 -1.020040 21
-62.077572 -726.368469 29.244541 21
-61.808777 -726.133728 24.736851 21
-47.469116 -725.047119 17.140806 21
-49.890743 -728.642029 20.314888 21
-60.023239 -727.353943 28.083748 21
-43.434669 -729.764893 14.289004 21
-43.301899 -727.931946 13.900880 21
-53.462994 -730.842773 18.462803 21
-55.971245 -727.707214 25.921732 21
-44.171730 -726.949463 15.179999 21
-63.035938 -723.978027 29.479313 21
-36.059525 -730.365601 3.455814 21
-42.852314 -729.517883 9.738782 21
-64.134224 -727.072388 31.082882 21
-46.306507 -732.026611 18.002747 21
-52.506927 -723.537598 18.388298 21
-42.382179 -730.982056 10.889024 21
-45.635303 -727.114380 14.013034 21
-58.547436 -732.264099 20.708872 21
-38.060047 -728.128052 6.936622 21
-56.816757 -727.223633 19.511131 21
-35.665451 -728.734375 0.518445 21
-36.508846 -730.701355 4.524884 21
-37.390396 -730.988220 0.133744 21
-51.622601 -732.844299 19.386627 21
-36.084614 -730.908691 -0.833775 21
-37.873878 -730.705383 5.237990 21
-55.306480 -731.679871 18.942984 21
-37.554066 -730.772766 2.498853 21
-46.517242 -725.031250 17.074867 21
-61.705544 -730.427246 22.330853 21
-41.569389 -731.252014 10.931365 21
-55.248138 -729.355774 23.812908 21
-47.022694 -728.492554 17.444185 21
-57.816803 -733.400024 22.998909 21
-46.097733 -731.721802 17.186474 21
-45.932457 -727.969727 15.745056 21
-62.498417 -729.419312 22.466511 21
-46.374039 -728.487000 12.917053 21
-57.239155 -732.772461 21.301456 21
-54.647388 -728.326538 23.406094 21
-40.428181 -728.166016 6.816869 21
-46.663986 -728.879944 12.807332 21
-38.038704 -729.095032 0.045546 21
-36.219090 -728.827026 4.278018 21
-52.331631 -725.020630 17.885899 21
-61.074146 -730.658569 24.035259 21
-50.722740 -728.298157 20.858120 21
-50.963005 -727.827209 16.301922 21
-56.319916 -727.299011 26.335058 21
-47.771801 -729.081116 17.605177 21
-59.085876 -733.360657 23.267284 21
-57.301643 -727.929199 26.762665 21
-38.736771 -728.918884 8.807776 21
-55.411995 -733.244995 21.282711 21
-37.737625 -730.908325 3.723395 21
-42.122494 -729.808655 12.070659 21
-48.074284 -729.192810 17.885012 21
-44.418972 -729.293213 14.250564 21
-56.160091 -729.532776 24.685488 21
-41.906624 -730.978455 11.018452 21
-57.101097 -733.265747 22.049051 21
-54.218346 -728.760315 23.169643 21
-40.505459 -730.991882 9.887104 21
-55.277782 -725.583801 18.528669 21
-41.103989 -728.284912 8.885306 21
-58.616730 -726.723022 28.221588 21
-41.281185 -728.553223 11.301535 21
-55.021500 -727.239746 18.614565 21
-41.641640 -728.004456 11.507875 21
-62.496536 -728.968750 24.019850 21
-37.012836 -728.099976 -0.376891 21
-47.937702 -730.497498 15.542480 21
-40.956501 -728.509705 7.827507 21
-59.236355 -732.227417 23.691727 21
-49.104729 -728.670044 19.542261 21
-35.350979 -729.108215 2.177756 21
-52.633595 -733.092590 20.015699 21
-53.814262 -727.737915 23.937798 21
-63.506908 -726.953979 31.226521 21
-49.355999 -728.518921 14.950971 21
-62.582539 -726.401978 23.403292 21
-41.487427 -730.888367 10.468411 21
-45.824734 -726.834961 14.472147 21
-57.911095 -722.750000 20.597210 21
-50.003208 -727.624146 18.094158 21
-37.057739 -731.345886 -1.123462 21
-52.745258 -727.205505 22.426741 21
-62.402081 -728.876892 21.311342 21
-57.220226 -727.360962 27.084591 21
-57.774937 -724.114624 19.441063 21
-36.907272 -729.866089 6.186781 21
-60.728168 -731.282837 22.514124 21
-58.854710 -725.851379 27.412224 21
-59.492928 -725.513611 20.525852 21
-52.094803 -727.695190 17.017738 21
-47.779152 -728.625122 13.811440 21
-51.161945 -728.848755 15.778269 21
-45.186825 -728.470581 11.773483 21
-54.737850 -733.022888 20.629177 21
-39.630001 -728.766907 5.306851 21
-50.643421 -727.411255 19.291323 21
-51.682728 -723.383179 18.301113 21
-47.181461 -727.632812 14.140872 21
-57.910206 -727.215454 25.451384 21
-61.044712 -727.186279 29.330534 21
-53.595612 -729.105896 22.414392 21
-51.020557 -725.957214 17.216990 21
-39.924427 -727.579041 7.227664 21
-49.899570 -723.798889 17.717724 21
-60.119583 -731.158630 20.138660 21
-50.182510 -733.869385 20.579441 21
-51.933895 -727.311279 20.618832 21
-58.062798 -722.831177 20.991638 21
-53.490856 -726.902527 22.731554 21
-55.189022 -727.070679 25.317156 21
-48.745529 -730.683411 16.079819 21
-50.449471 -726.376221 16.763882 21
-55.524426 -727.066162 18.913637 21
-59.673809 -726.044495 21.063423 21
-44.393478 -727.714233 12.362988 21
-53.736290 -724.193604 18.355545 21
-36.222775 -731.450867 -1.076252 21
-38.850716 -728.579529 4.907431 21
-55.472694 -723.145874 19.128036 21
-61.402573 -726.405334 28.481586 21
-58.318722 -732.869141 22.267357 21
-35.615982 -729.384827 2.019871 21
-42.422344 -731.589783 10.808573 21
-36.490559 -730.062744 4.335383 21
-59.652203 -732.206421 22.771553 21
-63.128788 -723.851379 30.270182 21
-55.999504 -724.172241 18.685493 21
-42.185322 -732.549438 10.608740 21
-57.477997 -722.327026 20.936771 21
-45.469727 -731.187317 16.290554 21
-40.240593 -728.971436 6.751611 21
-50.866261 -733.109253 19.661144 21
-49.378742 -726.923889 15.938469 21
-36.567707 -730.459106 4.997930 21
-57.412224 -723.153381 19.988756 21
-35.318737 -728.936890 2.922909 21
-38.696331 -727.845398 5.827464 21
-50.639614 -723.976074 17.938456 21
-54.567219 -732.641785 19.751680 21
-50.877785 -724.485413 17.729946 21
-42.405693 -732.758484 10.957093 21
-54.574753 -726.938171 24.214750 21
-49.661938 -730.195190 16.199249 21
-39.725368 -729.680298 6.255297 21
-46.684822 -727.841187 16.270658 21
-62.960651 -725.877197 30.950424 21
-49.730892 -731.251831 17.081703 21
-60.504745 -724.790710 22.329494 21
-35.521381 -730.719971 -0.539491 21
-44.615841 -730.792725 16.306623 21
-46.925102 -725.074951 17.554945 21
-62.447758 -725.234619 30.078470 21
-44.187881 -728.322144 11.027590 21
-54.595192 -733.256531 20.936659 21
-58.438366 -727.845886 25.787399 21
-57.162548 -727.391724 19.936111 21
-51.307259 -727.305725 20.777952 21
-59.188690 -723.315430 21.909355 21
-61.732121 -730.579041 21.922623 21
-44.696621 -727.609253 13.909123 21
-51.426823 -731.334717 17.920212 21
-59.476471 -726.916809 28.825994 21
-52.316620 -730.060852 17.824842 21
-56.310596 -733.451172 21.899706 21
-54.842812 -723.579651 18.710463 21
-58.874886 -726.129578 28.158098 21
-36.674622 -731.492676 -1.584919 21
-62.040859 -729.983704 22.589533 21
-35.600288 -729.692322 -1.593413 21
-42.024879 -731.892334 10.151635 21
-58.978844 -732.132080 21.090839 21
-51.618576 -727.858643 19.093824 21
-45.778320 -728.941223 12.075426 21
-37.509602 -727.543274 4.954235 21
-61.144264 -730.858521 20.937681 21
-39.542675 -730.572144 9.065481 21
-53.207001 -727.515625 23.425146 21
-40.953461 -730.872864 10.330994 21
-49.581043 -729.055969 19.663980 21
-41.978188 -729.930908 11.647900 21
-48.731789 -732.997559 18.844324 21
-55.650066 -722.076843 19.645166 21
-49.321072 -727.483643 18.369101 21
-43.809425 -727.902649 13.896127 21
-41.428047 -729.776001 8.585314 21
-47.522633 -728.526550 17.934792 21
-51.544464 -729.066467 21.545246 21
-55.000542 -733.717346 22.172596 21
-35.802620 -729.230042 3.013487 21
-49.916504 -725.427368 17.208960 21
-52.460243 -729.018250 16.556520 21
-37.169155 -731.195618 -0.163035 21
-53.784206 -723.669983 18.533003 21
-46.203918 -725.249878 16.768047 21
-42.781582 -732.038025 10.471313 21
-37.964470 -728.981445 7.907456 21
-56.764153 -722.556763 20.093470 21
-54.344814 -725.683105 18.258007 21
-47.730469 -727.543884 17.038298 21
-63.987465 -727.390991 30.842770 21
-57.338825 -725.370972 19.198435 21
-52.715820 -729.088745 22.239740 21
-39.142231 -730.218689 8.459460 21
-58.179169 -726.176208 27.251945 21
-56.280354 -727.396179 19.270439 21
-41.049900 -728.033691 10.160765 21
-38.843254 -730.461670 5.648051 21
-58.899071 -725.280334 20.098444 21
-58.701065 -723.231201 21.257530 21
-63.413868 -726.590271 23.534355 21
-53.082264 -729.246643 17.134186 21
-58.717339 -727.273987 27.858738 21
-47.652344 -729.821167 14.800398 21
-51.921162 -728.128662 16.657610 21
-60.046516 -731.747742 22.306269 21
-53.703030 -722.949280 18.864613 21
-60.602486 -731.169922 23.843864 21
-47.057590 -727.764648 16.511444 21
-49.219315 -727.728088 19.430458 21
-41.538910 -732.114746 10.582807 21
-45.116158 -726.810364 15.794684 21
-53.310062 -724.843750 18.104120 21
-40.509686 -728.445251 6.539297 21
-53.656063 -727.293884 23.845335 21
-36.082165 -729.361450 4.194936 21
-39.764137 -728.538330 9.027374 21
-35.764999 -729.816528 -2.552178 21
-42.034615 -732.307129 10.867300 21
-52.368786 -733.748901 21.170612 21
-37.729893 -728.739807 1.335029 21
-41.450645 -727.967041 10.220281 21
-37.462845 -728.001404 2.270395 21
-37.353466 -730.036804 6.562528 21
-44.565338 -726.822693 15.422915 21
-40.406414 -728.010559 9.729315 21
-48.783360 -733.357483 19.827686 21
-60.092468 -727.408630 26.478779 21
-46.910557 -725.352600 16.949350 21
-55.719170 -728.689331 23.636208 21
-63.499989 -724.337341 31.043606 21
-48.848873 -727.439087 18.310377 21
-53.221222 -733.661804 21.399199 21
-36.207569 -730.291931 4.128827 21
-41.271584 -730.953979 11.560547 21
-41.536312 -728.010925 10.823637 21
-52.370674 -732.591125 19.211567 21
-62.944820 -727.204895 22.112856 21
-54.350437 -732.901794 20.263182 21
-36.592373 -729.941528 4.708265 21
-61.108624 -726.424133 29.838121 21
-61.142731 -725.254272 24.467253 21
-61.862541 -725.402588 30.129801 21
-38.706245 -727.591003 6.810816 21
-63.108955 -727.108154 29.942184 21
-46.915710 -728.492432 13.277736 21
-57.899609 -732.505249 21.088968 21
-42.775944 -730.061523 12.682261 21
-52.902664 -729.361267 22.822393 21
-36.816929 -731.200745 1.962505 21
-41.087627 -731.115234 9.277667 21
-60.170441 -726.755066 29.317059 21
-62.743935 -728.908936 22.535378 21
-40.390892 -729.389954 6.941766 21
-35.769882 -731.066589 -2.921996 21
-50.483929 -728.706543 21.377605 21
-45.916229 -728.716248 16.261349 21
-43.981953 -727.181763 13.934292 21
-50.257069 -723.226379 17.872370 21
-37.378616 -730.747009 3.672575 21
-57.074387 -723.522278 19.418959 21
-44.427231 -728.548950 14.662205 21
-64.271767 -726.979187 31.692167 21
-37.487999 -730.298523 1.310863 21
-42.714085 -732.475220 10.112401 21
-40.016911 -730.085388 6.964535 21
-40.938438 -728.037720 10.898271 21
-56.748623 -732.685913 20.639467 21
-49.687439 -727.903442 19.943312 21
-58.395130 -733.263123 23.405823 21
-53.970036 -729.007263 22.236038 21
-50.789204 -733.497681 20.257271 21
-60.521370 -731.416992 21.974937 21
-35.569939 -729.192688 1.159140 21
-40.932407 -729.601257 10.276105 21
-63.834785 -725.381836 30.743021 21
-53.536552 -726.850220 17.980675 21
-40.766796 -729.550354 7.589533 21
-52.841438 -727.166382 17.593540 21
-46.687782 -727.511719 13.976851 21
-64.586815 -725.345947 31.401365 21
-55.347683 -728.133301 24.569130 21
-43.693970 -727.351013 14.495845 21
-50.263660 -726.906067 16.364697 21
-59.768158 -723.624146 22.204191 21
-41.899811 -728.762695 8.279984 21
-36.890491 -730.048828 5.204626 21
-47.319191 -732.506775 18.757584 21
-48.064796 -725.267883 16.916391 21
-60.247547 -728.246704 26.491220 21
-43.940884 -728.610474 14.150681 21
-51.527534 -727.573059 22.151024 21
-43.160683 -727.742798 12.068784 21
-63.208958 -727.675354 23.641294 21
-36.327023 -728.800781 5.280345 21
-63.306931 -726.392029 23.193613 21
-52.312263 -729.355591 22.102459 21
-44.478008 -726.796021 14.748549 21
-40.804585 -730.381042 10.188303 21
-54.163334 -722.305908 19.150644 21
-52.375523 -724.200562 18.149399 21
-61.503250 -730.512024 23.049072 21
-42.463226 -729.252502 13.042782 21
-46.075268 -729.859802 12.871714 21
-36.846649 -728.909302 6.394802 21
-58.012619 -723.339478 20.336382 21
-42.042564 -727.926697 11.631735 21
-42.736366 -729.660339 13.366665 21
-37.810520 -729.763672 2.245840 21
-37.245842 -727.818054 4.943162 21
-51.584698 -727.334656 21.394093 21
-36.665657 -730.402527 3.994961 21
-45.900105 -726.245605 16.300642 21
-59.999626 -726.160522 21.599924 21
-49.778034 -732.116211 17.899670 21
-47.170006 -727.726746 17.262289 21
-38.963131 -728.404053 8.016383 21
-61.572113 -726.582947 27.632845 21
-49.422932 -730.885803 16.609035 21
-61.839191 -725.319031 29.459026 21
-55.249237 -732.555725 19.725750 21
-42.812927 -729.793701 12.312546 21
-35.840229 -728.558533 4.080825 21
-51.863499 -733.861694 21.235264 21
-53.200642 -733.399292 20.657494 21
-51.537079 -725.011719 17.759525 21
-53.087044 -727.087585 21.951950 21
-51.016727 -727.329163 20.115353 21
-61.476715 -726.014771 28.794102 21
-52.081009 -730.916687 18.002455 21
-43.019779 -728.083862 13.590243 21
-59.948597 -723.878296 22.591265 21
-44.028664 -728.034729 11.653159 21
-58.438126 -722.568787 21.226898 21
-51.453148 -727.436340 16.772623 21
-54.757507 -732.240112 19.251543 21
-52.549137 -731.486084 18.426006 21
-57.929832 -728.092102 25.369406 21
-35.494362 -728.589783 0.191050 21
-60.052742 -724.227539 21.897675 21
-50.612556 -725.775085 17.129107 21
-62.625931 -728.791443 23.680235 21
-63.141869 -726.871582 30.615202 21
-61.821793 -726.596558 30.078224 21
-57.237476 -724.533508 19.020081 21
-36.808445 -728.552551 5.244433 21
-51.708107 -728.295349 16.398426 21
-51.893398 -727.319153 22.063272 21
-53.971371 -731.393494 18.716822 21
-49.042004 -727.600037 17.490980 21
-36.358852 -728.144165 3.439085 21
-36.537735 -729.130981 5.127409 21
-55.460392 -728.737549 23.297417 21
-50.780270 -728.079041 16.017550 21
-58.985954 -723.043762 21.609423 21
-62.812740 -728.097717 24.075508 21
-35.655281 -728.955688 1.969496 21
-43.342216 -729.776672 13.854793 21
-48.703926 -727.225037 15.420646 21
-49.072083 -729.210693 14.429785 21
-47.928947 -727.628662 17.376076 21
-59.852383 -728.106018 26.490091 21
-46.416435 -727.021790 14.622454 21
-47.731174 -732.658447 18.377922 21
-59.215424 -725.941711 28.133108 21
-51.909870 -731.632141 18.232620 21
-51.205395 -728.398682 21.347654 21
-43.997108 -727.704407 12.293773 21
-42.075878 -729.818237 9.547687 21
-63.025459 -726.533997 22.488092 21
-37.134083 -727.613159 4.087589 21
-58.148167 -727.788452 27.418142 21
-42.527859 -729.599548 12.531015 21
-39.942169 -729.595459 9.773699 21
-56.374153 -733.627563 22.239040 21
-46.589802 -728.034424 17.416220 21
-53.890919 -733.224731 20.665356 21
-43.339249 -728.451538 13.447630 21
-52.271404 -723.837219 18.261730 21
-63.322575 -725.760010 30.946615 21
-54.909576 -729.176941 18.403521 21
-53.573235 -733.647278 21.237595 21
-48.695602 -724.943665 17.187580 21
-54.158047 -726.247986 18.268681 21
-55.846134 -726.044983 18.863022 21
-42.151356 -728.299316 12.982035 21
-65.502319 -726.295227 31.622686 21
-52.986755 -722.901917 18.615805 21
-39.131310 -727.561340 7.203546 21
-39.495434 -729.067566 8.857144 21
-35.401794 -729.846802 -0.419117 21
-38.762218 -727.832336 6.425781 21
-53.018185 -728.972046 16.880739 21
-48.450901 -728.876465 14.120240 21
-39.868393 -727.621155 6.781714 21
-36.772655 -727.714478 3.196231 21
-53.589966 -728.438599 22.792984 21
-45.209435 -728.089844 12.270324 21
-37.728424 -729.296387 0.657850 21
-35.842239 -731.020996 0.877420 21
-53.018826 -726.771240 17.738974 21
-59.982208 -726.631836 26.753952 21
-54.173901 -733.372803 20.900866 21
-40.665394 -728.609009 7.267870 21
-35.989033 -730.466553 1.958848 21
-44.371365 -728.038696 14.110210 21
-37.781406 -730.071106 2.771119 21
-61.360233 -727.286133 22.075668 21
-39.622623 -730.322449 8.493371 21
-54.627254 -728.054321 24.568041 21
-38.044640 -728.901917 3.063691 21
-54.674934 -727.266113 24.848602 21
-41.164539 -731.340210 8.892070 21
-36.868603 -728.443970 6.043865 21
-60.981922 -730.831665 22.166840 21
-57.076080 -728.851135 24.835766 21
-43.767086 -729.260925 13.741867 21
-60.488838 -727.886108 26.887489 21
-37.359608 -728.277039 -0.783603 21
-56.045258 -726.957947 19.191156 21
-48.568726 -728.467773 18.945482 21
-49.209652 -723.001709 17.430702 21
-53.369087 -733.056946 20.171135 21
-36.022606 -730.886597 2.187029 21
-41.267651 -730.225464 10.616757 21
-49.907070 -731.694275 17.497746 21
-39.201916 -729.710938 9.295605 21
-64.062157 -727.300842 31.773712 21
-44.573624 -727.971680 12.131915 21
-61.229725 -725.247375 28.951591 21
-50.350998 -732.127258 18.132080 21
-43.089962 -729.234314 13.795349 21
-39.531910 -727.765564 8.030832 21
-49.954693 -727.852356 20.234314 21
-39.315800 -728.374084 5.065343 21
-52.031757 -728.045227 22.190264 21
-42.612991 -732.809143 10.560934 21
-41.116753 -731.335693 10.099941 21
-41.933014 -728.313232 11.818364 21
-60.739529 -727.368530 28.779348 21
-51.868954 -730.413208 17.637518 21
-39.189816 -729.440002 8.276569 21
-42.791069 -727.565857 12.686798 21
-53.553169 -722.457092 18.821009 21
-54.042301 -728.897400 17.620565 21
-53.200699 -727.139343 22.774853 21
-37.091270 -728.211243 6.526505 21
-45.073200 -728.806519 11.581460 21
-36.583893 -728.051270 1.183780 21
-37.950172 -728.749451 -0.044017 21
-53.823936 -731.637390 18.948036 21
-47.992355 -728.784424 18.272709 21
-51.078979 -731.248474 17.707195 21
-58.697529 -724.427063 19.942778 21
-56.863541 -729.541504 25.060785 21
-41.474365 -729.782898 11.219724 21
-58.395164 -723.360352 20.673586 21
-37.972622 -728.458374 2.101804 21
-55.952534 -733.228333 21.447758 21
-45.432899 -727.982056 15.193480 21
-50.794704 -727.443970 16.307001 21
-45.605640 -729.646912 12.292311 21
-36.311653 -731.208008 -1.397848 21
-50.703075 -733.958740 20.748383 21
-50.223042 -727.845398 15.751456 21
-50.584251 -727.358215 19.840857 21
-38.625523 -729.127380 4.391211 21
-38.071529 -728.426880 3.637705 21
-46.749207 -725.748230 16.696625 21
-49.101227 -732.264893 17.855244 21
-60.107746 -724.268250 22.340479 21
-40.994781 -727.927429 7.109283 21
-61.216358 -725.671814 29.991354 21
-62.981236 -727.812805 22.305191 21
-41.967819 -729.512878 12.241161 21
-63.037582 -727.949585 22.721045 21
-46.646778 -725.438721 17.202282 21
-56.860382 -733.584290 22.889627 21
-58.165096 -732.311401 20.396755 21
-58.495216 -723.706726 19.991627 21
-60.912460 -727.477234 27.326330 21
-41.910961 -728.398621 8.930523 21
-37.337463 -730.671936 0.341626 21
-37.071377 -730.621155 3.901525 21
-57.477966 -731.903137 19.539122 21
-37.737133 -728.761292 7.526847 21
-61.386353 -726.895203 29.819500 21
-58.515995 -726.174622 20.203712 21
-59.311218 -732.302368 21.012468 21
-36.190617 -730.626099 3.701891 21
-41.419598 -731.550903 10.254587 21
-48.331528 -727.635742 17.371319 21
-49.256168 -727.491943 18.968508 21
-35.890678 -729.216003 4.574862 21
-50.621639 -727.631653 18.681944 21
-62.323055 -729.212952 21.382196 21
-62.325546 -724.948059 28.775749 21
-64.248543 -725.027832 30.945869 21
-39.392170 -729.510742 5.612741 21
-37.677357 -729.545898 7.133516 21
-41.694099 -731.732849 10.836770 21
-54.140881 -728.597717 23.559586 21
-52.836037 -728.289551 22.524124 21
-58.897034 -723.593506 21.151966 21
-36.443424 -730.477783 2.823581 21
-63.095833 -726.797119 22.753479 21
-51.695709 -731.074219 17.912395 21
-56.025074 -732.886963 20.798294 21
-50.840477 -727.097168 16.596720 21