-51.589378 -727.306824 20.342112 21
-36.001953 -731.018188 -3.217618 21
-66.092789 -726.142517 31.420673 21
-41.191467 -732.233887 10.743776 21
-62.335228 -729.584961 21.592693 21
-37.225174 -727.631775 4.545540 21
-44.668358 -726.459290 15.693911 21
-58.520489 -726.345215 28.149691 21
-58.112667 -722.377197 20.956060 21
-55.559566 -734.067139 22.387039 21
-46.944252 -732.664856 18.881266 21
-49.874699 -729.185486 14.963170 21
-52.682327 -721.906738 18.427576 21
-57.035965 -729.438965 19.578440 21
-54.938435 -728.283752 24.523552 21
-61.648373 -724.993408 24.103323 21
-52.259666 -732.256592 18.722878 21
-44.769722 -728.620239 11.079887 21
-48.143036 -723.535706 17.574198 21
-41.101025 -728.626465 7.327777 21
-36.753201 -731.271423 1.563715 21
-62.844173 -724.880981 28.527319 21
-55.618481 -725.290771 18.579165 21
-59.788273 -732.790405 23.364489 21
-44.868820 -730.811096 15.525476 21
-47.736485 -728.438660 18.674002 21
-59.384869 -726.294250 20.925270 21
-53.304951 -728.765198 17.083910 21
-36.869583 -728.154907 -0.763050 21
-40.943104 -728.391296 11.469659 21
-38.014610 -730.868164 6.357182 21
-50.693615 -726.122192 17.000687 21
-58.281044 -728.962280 25.691299 21
-46.970173 -728.095886 13.606882 21
-59.675209 -731.428345 20.042980 21
-55.551529 -732.397766 19.498898 21
-49.840832 -733.712402 20.406664 21
-49.472023 -731.541138 17.213287 21
-63.089050 -727.897949 24.230972 21
-39.021057 -729.988525 9.469440 21
-52.610046 -729.335510 22.558681 21
-63.251759 -727.233154 30.665115 21
-47.789925 -726.103943 15.889966 21
-42.737316 -729.421082 13.750182 21
-55.578094 -721.582886 19.371792 21
-52.713146 -733.797607 21.409868 21
-61.126118 -727.277832 27.033911 21
-35.341118 -728.800476 2.490057 21
-38.051231 -728.020020 7.376543 21
-38.200008 -728.687683 1.785252 21
-56.658745 -726.332336 25.794346 21
-37.952858 -731.099976 -1.100051 21
-61.254566 -730.300659 24.168701 21
-64.032700 -724.299500 31.001093 21
-52.819241 -724.691162 18.074617 21
-54.561806 -727.476624 21.884499 21
-60.707848 -726.444763 29.883934 21
-59.961380 -723.950806 22.195490 21
-57.643852 -732.681641 21.345150 21
-38.015808 -729.137939 -3.007972 21
-42.428150 -729.708008 9.644563 21
-47.576256 -730.511414 15.324253 21
-36.341206 -730.654236 4.144639 21
-58.037804 -724.560608 19.419624 21
-39.844872 -728.931335 4.987475 21
-46.155151 -728.592102 16.545313 21
-61.668793 -727.080078 22.024906 21
-35.436005 -730.311096 -0.479200 21
-44.220619 -727.267761 13.297668 21
-54.570755 -730.103821 18.808586 21
-49.919170 -729.130981 19.858662 21
-50.647942 -723.300232 17.961637 21
-57.038891 -726.966614 19.741442 21
-51.515923 -730.322754 17.389954 21
-54.715443 -727.448425 18.423895 21
-46.505634 -725.147339 17.489462 21
-40.469128 -726.452332 7.337835 21
-60.824245 -731.199524 22.112324 21
-40.257435 -728.051697 9.342263 21
-46.487450 -731.726562 16.916712 21
-45.793297 -729.882507 12.582616 21
-63.554302 -726.106445 23.039167 21
-44.663898 -728.709778 14.948487 21
-49.728668 -727.501221 18.398315 21
-52.308472 -727.175171 22.416563 21
-57.560997 -731.550659 19.414333 21
-54.504478 -723.368530 18.777876 21
-38.267441 -729.704102 3.727550 21
-40.809040 -731.073914 8.944160 21
-52.673218 -726.751160 17.600418 21
-51.239445 -728.198364 16.202036 21
-42.933617 -727.820312 11.751210 21
-36.960442 -729.152649 5.978906 21
-57.423676 -733.536743 23.196165 21
-49.480148 -727.290710 15.762787 21
-56.523350 -729.549011 24.882336 21
-62.388287 -725.424988 30.483191 21
-50.268658 -732.600586 18.746300 21
-42.455688 -729.773682 11.678164 21
-57.476349 -727.675354 27.048494 21
-43.015347 -733.005493 10.546063 21
-50.794800 -728.795654 21.594904 21
-35.192291 -728.581238 0.432811 21
-40.773151 -730.238647 10.745263 21
-56.566879 -723.284790 19.357256 21
-53.744450 -726.909546 23.721367 21
-39.829990 -729.969604 6.650675 21
-53.629566 -732.894531 19.949446 21
-48.964073 -725.243042 17.194160 21
-37.730610 -729.722778 0.230358 21
-35.667637 -729.348450 -2.121754 21
-48.134842 -727.532166 17.070789 21
-46.219719 -726.683838 14.674805 21
-60.196304 -725.506531 28.286358 21
-62.358265 -726.606079 29.020105 21
-54.653194 -729.098816 22.888990 21
-48.299461 -729.392456 14.016724 21
-35.833149 -728.888000 4.409702 21
-60.714062 -725.626587 22.571815 21
-51.591728 -733.271362 20.069368 21
-60.064964 -728.510986 26.249664 21
-36.774406 -727.729553 2.647926 21
-36.320755 -731.796814 -1.270732 21
-41.991131 -728.005920 10.016908 21
-39.628033 -727.824829 6.545397 21
-59.402500 -724.525452 20.572975 21
-61.117428 -730.456970 20.521519 21
-59.720264 -727.645081 28.064974 21
-59.268147 -732.010742 21.813776 21
-64.389999 -726.549988 31.833712 21
-52.993744 -730.704346 18.289381 21
-35.489506 -730.093506 1.287722 21
-42.679623 -731.226379 10.731338 21
-62.893360 -729.674255 24.052126 21
-62.072479 -726.582703 24.779705 21
-56.223721 -728.019348 25.770452 21
-62.975990 -728.158142 22.404579 21
-55.409794 -726.579895 24.600170 21
-45.600494 -728.124329 12.546290 21
-48.569141 -733.074402 19.403652 21
-38.890900 -730.740906 7.862306 21
-55.026730 -733.191711 21.014908 21
-36.843983 -727.909607 0.943774 21
-50.050724 -730.155396 16.370459 21
-62.510612 -726.134949 27.369888 21
-37.254169 -729.688721 7.554424 21
-47.909821 -727.479431 14.876331 21
-58.377247 -726.721619 25.992725 21
-44.895798 -731.249329 17.210308 21
-47.561623 -729.201965 17.208853 21
-53.985123 -725.917480 18.167166 21
-43.424923 -727.530457 14.697766 21
-51.334755 -727.805847 18.818296 21
-54.191872 -731.681519 18.862921 21
-39.035263 -728.719299 8.465488 21
-38.182129 -729.430725 -1.279903 21
-43.503731 -728.575989 10.077472 21
-43.508778 -729.830688 15.113217 21
-49.964489 -727.527649 20.016920 21
-37.631832 -730.106934 2.254968 21
-46.164513 -725.913025 16.121069 21
-41.819416 -728.294495 12.801006 21
-48.024330 -731.514038 16.483522 21
-63.017776 -723.843689 29.876209 21
-51.210991 -724.781555 17.661657 21
-38.523518 -727.856934 5.435784 21
-53.116459 -727.637634 20.517704 21
-48.404636 -732.429565 17.984259 21
-38.102287 -728.196472 3.312843 21
-38.851852 -730.120361 5.270602 21
-52.529606 -729.186951 21.026291 21
-46.723949 -729.820129 14.237529 21
-54.067883 -721.840271 19.233986 21
-55.910805 -730.978516 19.050205 21
-36.145153 -730.299377 2.659088 21
-60.365967 -724.245911 23.740675 21
-52.141354 -723.338501 18.392115 21
-54.055630 -734.015320 22.103771 21
-58.257156 -725.994629 19.943216 21
-56.803185 -722.064880 20.274303 21
-60.377346 -731.410095 23.645304 21
-36.853012 -731.081787 0.078806 21
-42.045784 -728.620239 8.647398 21
-59.740349 -726.890198 26.596140 21
-55.730873 -729.036499 18.934523 21
-61.527084 -725.348022 29.253345 21
-53.463291 -728.209839 23.096334 21
-50.926361 -731.600220 17.861134 21
-57.004246 -725.583984 19.161413 21
-58.162983 -727.294434 20.630901 21
-41.111912 -729.814331 8.192302 21
-43.837868 -729.926086 11.232704 21
-37.578545 -730.818604 4.965990 21
-60.975269 -727.078186 28.548378 21
-61.734177 -730.262634 22.728836 21
-55.806000 -726.699463 18.999403 21
-56.818783 -732.524414 20.189627 21
-55.274349 -729.618591 24.167238 21
-58.488953 -732.184631 20.295807 21
-58.895542 -722.968933 21.988382 21
-56.335857 -733.195435 21.590433 21
-62.284985 -726.695984 23.333683 21
-45.844135 -732.045349 18.152634 21
-45.739029 -727.907776 15.377422 21
-48.856716 -730.019714 15.615977 21
-39.302433 -727.417480 7.847030 21
-63.703312 -725.692200 30.931911 21
-60.988384 -726.268921 23.935860 21
-52.138283 -729.240173 16.459248 21
-58.561501 -732.886658 22.617598 21
-49.459885 -724.003967 17.614914 21
-48.992119 -728.275269 19.280617 21
-57.757694 -723.344727 20.023699 21
-43.148228 -728.217102 13.134371 21
-35.656078 -730.710876 -1.870792 21
-40.351467 -729.418640 9.717927 21
-44.097057 -729.418091 13.919465 21
-45.535660 -727.293884 13.610887 21
-65.015800 -725.334351 31.246723 21
-47.015976 -727.632324 16.140305 21
-54.256420 -724.615234 18.272427 21
-59.702934 -726.642944 29.026468 21
-45.826679 -729.314148 15.470863 21
-60.188633 -725.305359 21.324932 21
-35.657608 -728.823181 -0.810779 21
-51.574642 -727.107849 16.960798 21
-59.943493 -726.858398 21.982538 21
-56.125809 -728.617004 23.995819 21
-37.370003 -728.550110 -2.001070 21
-51.353458 -727.575439 21.609352 21
-47.733341 -724.747009 17.256350 21
-57.729893 -726.321838 27.089064 21
-62.110252 -726.710205 30.301830 21
-51.469357 -722.234131 18.044880 21
-54.693111 -728.914307 18.148415 21
-44.214798 -727.879944 12.027081 21
-46.991493 -729.323608 13.049706 21
-49.491093 -726.215393 16.489098 21
-55.652950 -723.957581 18.688971 21
-48.822475 -728.406311 14.670058 21
-41.676296 -731.346252 9.860436 21
-41.619892 -730.986694 11.389990 21
-50.973793 -729.349365 15.753885 21
-51.032101 -733.984558 20.938475 21
-37.065521 -731.032166 3.137327 21
-46.976604 -728.084656 17.339472 21
-38.669197 -728.806702 4.607875 21
-53.371300 -727.154602 21.680298 21
-62.524780 -729.297363 22.928236 21
-58.643719 -723.535522 20.885538 21
-40.314861 -731.325623 10.070058 21
-36.498127 -730.050720 5.239861 21
-52.130642 -725.632141 17.636574 21
-44.866508 -726.759827 14.516529 21
-49.610191 -722.730591 17.595509 21
-37.766117 -728.490051 0.228345 21
-53.326370 -722.901245 18.785578 21
-40.174313 -728.336975 8.093597 21
-47.219013 -732.214172 17.773098 21
-53.825871 -733.484436 21.016850 21
-57.097408 -728.477783 24.764061 21
-60.210613 -731.585571 21.134758 21
-56.910553 -724.358582 18.922310 21
-38.556778 -729.408691 7.561656 21
-53.342136 -727.758423 17.777122 21
-39.620419 -730.907898 8.839375 21
-53.638248 -728.937866 22.041256 21
-49.345955 -727.635986 17.257933 21
-55.434250 -722.787842 19.338299 21
-37.584023 -728.107422 6.173423 21
-35.724258 -728.203674 1.445355 21
-52.211002 -728.345459 22.014833 21
-48.504749 -727.596924 18.207069 21
-35.745117 -731.003296 0.505580 21
-52.668545 -729.780823 17.609842 21
-58.492992 -727.596130 27.668686 21
-36.041206 -728.346130 3.357398 21
-44.028275 -728.233765 13.975253 21
-58.040962 -727.756287 25.498301 21
-55.184856 -727.488892 25.362532 21
-50.550850 -727.146301 16.358139 21
-48.596809 -729.032410 17.744474 21
-62.978718 -726.938354 22.406500 21
-50.124794 -725.153687 17.417509 21
-43.084087 -729.817017 12.707870 21
-45.794529 -731.302612 16.064713 21
-40.341312 -728.522949 10.475695 21
-35.795635 -729.470032 3.395486 21
-49.046745 -730.840881 16.414698 21
-51.999416 -731.266663 18.117268 21
-61.700943 -730.535950 21.521837 21
-44.804340 -729.765320 11.822753 21
-41.334381 -729.452026 11.338049 21
-39.759796 -728.915100 6.135417 21
-57.184582 -729.348206 25.792706 21
-47.178375 -725.533020 16.650471 21
-42.607674 -732.117249 9.971653 21
-36.607407 -728.236633 5.366905 21
-41.945007 -727.925049 11.220703 21
-58.938087 -727.667969 26.188009 21
-61.241077 -726.210938 27.381952 21
-60.026112 -731.882690 22.686737 21
-45.252277 -726.268311 16.663704 21
-50.473820 -730.837341 17.165083 21
-54.443066 -727.226135 24.561064 21
-53.605473 -729.753113 18.275671 21
-63.389202 -724.852844 30.258032 21
-56.596203 -727.112366 26.600487 21
-50.422646 -728.427307 20.551077 21
-63.296665 -726.797668 23.876574 21
-51.494389 -728.948120 20.671463 21
-62.315361 -728.761230 24.323404 21
-40.884312 -727.592163 7.007856 21
-61.224529 -727.163086 23.022936 21
-38.008724 -729.167725 2.795915 21
-56.522533 -731.878845 19.305485 21
-52.541603 -732.882629 19.591702 21
-37.163185 -730.181519 6.250046 21
-50.327068 -728.360962 15.622882 21
-53.737598 -729.489441 23.332140 21
-36.206306 -728.178711 0.096028 21
-39.165733 -729.809937 8.387428 21
-62.561317 -724.847717 29.557770 21
-52.294853 -728.219727 16.817614 21
-56.570232 -733.700989 22.551411 21
-53.865269 -727.043213 22.657406 21
-51.266968 -732.686096 19.119432 21
-49.477795 -732.302368 18.079767 21
-54.882336 -726.373535 18.536421 21
-44.269325 -730.720459 16.513020 21
-35.444572 -729.604370 0.327050 21
-47.151577 -726.703125 15.198360 21
-54.026752 -728.076538 24.017017 21
-48.523106 -726.844543 15.618624 21
-37.630341 -730.564026 3.934826 21
-62.833782 -725.422729 23.452679 21
-39.831688 -730.333618 10.083982 21
-53.340073 -732.305237 19.083868 21
-52.344063 -727.729065 19.743832 21
-44.900494 -727.800964 14.433024 21
-55.097301 -728.325806 23.446192 21
-59.190830 -725.500000 20.247038 21
-37.392052 -730.500854 0.855012 21
-50.663525 -727.346436 20.847752 21
-55.999340 -727.620667 19.458248 21
-38.810562 -730.181519 6.398576 21
-49.665855 -733.110718 19.561480 21
-42.829037 -728.020935 10.654922 21
-56.061657 -729.975464 19.319267 21
-37.406231 -727.943176 1.853065 21
-61.242584 -726.038086 28.493816 21
-54.701477 -732.764343 20.126516 21
-53.455742 -723.866638 18.415531 21
-40.582611 -729.546570 7.247402 21
-61.397633 -727.144958 29.520121 21
-46.938560 -727.384399 14.402287 21
-60.806988 -725.306091 23.544952 21
-55.827869 -732.797791 20.505907 21
-42.174736 -729.323608 12.579854 21
-38.445755 -727.571533 6.425551 21
-41.298481 -728.185791 9.251923 21
-46.224224 -728.952942 12.435600 21
-61.131809 -725.491882 24.836548 21
-63.016586 -726.734070 29.795851 21
-37.454193 -728.807129 7.068244 21
-60.522095 -724.624268 22.740393 21
-52.860035 -733.337830 20.476475 21
-38.118320 -730.271973 7.196050 21
-42.783405 -728.570862 9.346805 21
-61.461308 -725.828369 30.205015 21
-42.006615 -732.837830 10.843385 21
-47.840202 -728.328552 14.107939 21
-36.181408 -731.691345 -2.477206 21
-63.168339 -727.618713 23.260818 21
-38.203400 -727.904541 4.458991 21
-57.482071 -733.198792 22.201513 21
-52.370628 -727.182800 21.407724 21
-52.974136 -727.292908 23.187046 21
-51.835205 -729.252197 21.748123 21
-53.885551 -726.960632 18.111519 21
-50.886272 -727.399963 19.611021 21
-39.502968 -728.793579 9.350648 21
-45.397995 -728.815247 11.847042 21
-37.759880 -728.532471 -1.053993 21
-60.175465 -725.825195 29.294823 21
-48.170517 -725.522644 16.635303 21
-59.169456 -725.713196 27.724449 21
-59.418953 -731.885620 23.554880 21
-41.862423 -728.753723 11.823709 21
-62.913055 -726.320618 30.911093 21
-62.611408 -728.636108 21.586569 21
-39.854012 -730.346191 7.906525 21
-64.004829 -727.344727 31.375145 21
-61.103992 -730.971191 23.036072 21
-37.705021 -729.177612 1.092138 21
-43.326477 -730.138916 14.109797 21
-35.878918 -731.198730 -0.612498 21
-41.182022 -728.008972 10.584793 21
-36.834793 -727.833923 3.637111 21
-59.349960 -732.001953 20.780729 21
-42.172752 -730.087341 10.790178 21
-43.815456 -728.192688 11.181462 21
-35.582130 -729.169495 1.583201 21
-35.295921 -729.786072 -1.310536 21
-48.762272 -729.046753 18.744736 21
-62.805450 -728.507385 23.491459 21
-51.908978 -724.233521 18.071169 21
-58.586308 -724.055786 20.060410 21
-54.939636 -731.057434 18.895477 21
-62.157497 -725.556580 28.501793 21
-45.651562 -726.335083 15.392120 21
-59.051315 -728.674927 26.222637 21
-35.871231 -730.806458 1.856264 21
-50.622925 -733.279724 19.966429 21
-50.400192 -724.275940 17.805571 21
-40.142830 -728.482300 7.058598 21
-55.622818 -726.677795 25.686865 21
-61.746075 -729.749207 20.840517 21
-59.452400 -723.964172 21.373837 21
-39.403885 -728.215332 5.565787 21
-47.908337 -732.772705 18.767464 21
-43.363049 -727.501404 13.745558 21
-44.079090 -729.181458 10.673401 21
-53.034378 -725.837036 17.877811 21
-62.110104 -730.029236 23.572042 21
-44.323250 -727.321960 15.078124 21
-39.775841 -729.943848 5.690245 21
-58.536076 -732.328308 21.297276 21
-51.935062 -733.716187 20.857288 21
-53.918133 -730.791199 18.664040 21
-59.026157 -727.058228 28.480713 21
-41.109009 -728.372681 8.234268 21
-46.849880 -729.242432 16.565617 21
-38.178787 -728.679626 8.097888 21
-40.840008 -729.324768 10.549083 21
-48.492599 -731.977661 17.168051 21
-60.413921 -727.653748 26.566786 21
-65.302567 -726.602966 31.588604 21
-60.787106 -727.359619 22.058222 21
-52.905003 -731.614990 18.541321 21
-37.153870 -731.524475 -1.555492 21
-41.076653 -731.148499 10.589772 21
-48.575298 -724.347900 17.454025 21
-45.874100 -725.551758 16.943529 21
-44.110794 -730.272949 15.676599 21
-49.143044 -728.561340 20.149796 21
-58.770012 -733.111145 23.499290 21
-50.848846 -729.988220 16.826872 21
-54.851521 -733.645691 21.816376 21
-61.022285 -731.136841 21.207981 21
-36.550873 -728.303101 4.442865 21
-36.236794 -729.166992 5.363717 21
-55.953251 -722.242920 19.919746 21
-43.389996 -727.372864 12.825785 21
-48.054409 -729.834412 14.953967 21
-35.957256 -728.075562 2.375256 21
-57.780617 -726.837769 25.301580 21
-48.988815 -729.559143 14.609075 21
-43.334980 -729.784058 10.477312 21
-51.566578 -726.258240 17.264717 21
-44.986946 -729.539673 14.820875 21
-62.682220 -726.125122 22.717720 21
-36.220043 -729.732300 4.424117 21
-50.620262 -727.714355 18.262619 21
-59.317722 -727.183533 21.084530 21
-54.012604 -728.447021 17.775803 21
-60.253708 -726.016235 21.880585 21
-54.771492 -725.498047 18.347124 21
-54.330090 -732.423584 19.377138 21
-38.295956 -730.213440 4.574369 21
-38.341331 -729.485596 -2.164565 21
-52.633957 -728.012268 22.772610 21
-63.198524 -724.036804 30.854677 21
-42.025463 -731.878357 10.742670 21
-48.300713 -730.708008 15.926557 21
-49.272343 -732.785095 18.806475 21
-60.398056 -726.513123 22.676508 21
-59.881279 -723.778625 23.068176 21
-54.619343 -726.734009 23.829739 21
-38.911251 -727.878601 7.178684 21
-62.019382 -725.713623 24.558084 21
-40.196686 -727.555298 7.568376 21
-45.269192 -728.615173 15.619039 21
-35.585411 -729.670105 2.315552 21
-60.415867 -731.086914 20.422047 21
-37.619492 -727.890137 5.301270 21
-46.174507 -727.948975 13.197178 21
-49.447109 -728.128235 15.259470 21
-49.485870 -727.487427 19.253151 21
-44.980499 -727.576050 12.901818 21
-51.429661 -732.118164 18.427786 21
-42.543556 -727.843811 12.533154 21
-64.189552 -725.053406 31.438974 21
-47.744389 -727.960205 17.912769 21
-37.671898 -730.897339 -0.220938 21
-47.667004 -728.961060 13.518379 21
-55.586750 -728.301636 25.112587 21
-54.579601 -722.560974 19.206871 21
-53.567028 -725.145020 18.074585 21
-58.486385 -725.895325 27.209124 21
-57.036522 -728.038574 26.369240 21
-41.638039 -730.033630 9.450340 21
-57.886112 -726.954407 27.696793 21
-57.616516 -732.259155 19.934093 21
-38.056179 -729.051514 -0.382668 21
-57.365891 -723.779175 19.377283 21
-37.821938 -730.194702 3.159057 21
-41.787746 -729.504944 8.626130 21
-59.317120 -732.408447 22.636757 21
-62.954094 -724.165039 29.065207 21
-48.637115 -726.169067 16.276747 21
-43.469097 -728.884888 13.654256 21
-47.458530 -731.164246 15.926839 21
-50.547859 -722.473389 17.734980 21
-56.617779 -726.340088 19.337471 21
-49.044605 -733.580078 20.081549 21
-58.716568 -724.923462 19.829559 21
-55.149380 -724.589905 18.374815 21
-54.557739 -729.467896 23.714314 21
-52.370121 -727.441040 17.211309 21
-57.032578 -722.829224 19.995792 21
-60.507507 -727.081604 29.266510 21
-37.619831 -729.653381 6.777435 21
-37.103615 -731.302734 -0.719212 21
-60.725121 -724.860657 24.263391 21
-37.051575 -728.028748 0.090492 21
-59.316059 -726.083191 28.482849 21
-57.791214 -726.738708 20.096167 21
-57.858101 -725.404419 19.427427 21
-54.986317 -731.919250 19.044792 21
-58.652397 -726.563904 20.576693 21
-63.740074 -726.502686 31.227234 21
-48.972183 -723.286133 17.560553 21
-46.936317 -726.006653 15.792533 21
-40.572128 -728.922241 6.456697 21
-37.167152 -730.835815 2.273203 21
-35.225029 -729.475586 -0.489441 21
-45.725739 -731.544983 17.258253 21
-54.291107 -728.357239 23.179981 21
-37.906326 -728.198303 2.481085 21
-45.044155 -731.077087 16.346466 21
-55.541710 -729.048279 23.566866 21
-50.308777 -727.453918 19.017996 21
-36.524834 -728.008850 1.717688 21
-62.713184 -726.203613 23.869810 21
-39.483097 -728.102478 8.807943 21
-60.136650 -724.472961 21.568398 21
-38.324108 -728.869812 3.817164 21
-39.190731 -729.371399 5.316523 21
-59.657032 -723.175293 22.260695 21
-37.773968 -728.327576 1.054207 21
-36.327080 -730.723938 1.117554 21
-37.480270 -727.674561 3.080263 21
-52.208302 -730.454041 17.833275 21
-40.184429 -730.672363 9.392042 21
-51.031353 -728.151306 21.090748 21
-37.124180 -730.792175 5.664922 21
-44.032364 -727.087830 14.344546 21
-46.873985 -728.513306 12.890984 21
-47.797241 -728.877441 17.953722 21
-50.158817 -731.929688 17.806044 21
-58.444218 -731.619385 19.688025 21
-64.193573 -727.154297 30.599976 21
-57.488419 -726.111206 19.653568 21
-48.666470 -727.558655 15.204297 21
-61.905727 -726.705750 27.435591 21
-36.173092 -730.762573 3.346901 21
-56.904053 -732.783264 21.024343 21
-42.827679 -728.939453 12.937958 21
-35.789944 -730.213257 -2.516710 21
-53.396088 -722.076233 18.793024 21
-38.741283 -728.090393 8.015906 21
-51.374294 -723.608521 18.170816 21
-46.288055 -727.561462 13.939265 21
-42.696842 -728.034973 13.788256 21
-51.110664 -725.572937 17.399334 21
-56.465374 -725.030029 18.794689 21
-57.320610 -726.245239 26.394968 21
-55.969864 -727.314697 26.075968 21
-43.171497 -729.284180 9.864523 21
-37.826550 -729.386108 1.943524 21
-60.154938 -727.074890 27.719585 21
-41.874752 -731.014221 10.603559 21
-53.084145 -726.938843 22.424152 21
-60.874207 -725.611877 29.654392 21
-52.178947 -722.533813 18.420338 21
-56.164898 -725.768066 18.927965 21
-36.788414 -730.807434 4.844722 21
-47.487328 -724.065979 17.615955 21
-47.714687 -733.094788 19.469175 21
-55.303055 -729.840271 19.115864 21
-58.200687 -732.658020 21.935837 21
-47.447838 -729.724304 13.633926 21
-39.531551 -729.541382 9.052442 21
-60.394508 -725.082703 22.066023 21
-64.455299 -725.956848 31.290997 21
-62.678654 -726.938110 24.341513 21
-54.852695 -721.861145 19.512438 21
-40.345978 -731.713135 10.752050 21
-52.636021 -723.908630 18.197643 21
-49.742599 -730.893433 16.848782 21
-46.287384 -727.943115 16.045259 21
-57.178688 -726.947144 27.109453 21
-52.884159 -728.627625 22.341537 21
-49.627213 -725.624939 16.990353 21
-55.598663 -733.447083 21.626369 21
-49.355118 -729.020264 19.329443 21
-60.730526 -725.430786 28.861906 21
-62.159695 -729.062622 21.046961 21
-58.212620 -733.562683 23.132538 21
-57.428883 -722.435242 20.546724 21
-60.157021 -731.713318 21.935709 21
-36.102421 -731.078674 2.618159 21
-60.694012 -730.893555 24.138515 21
-52.358940 -727.322632 20.642052 21
-49.984989 -727.711365 17.699799 21
-55.739597 -731.726624 19.100489 21
-51.556339 -728.573730 21.484182 21
-40.294952 -730.766724 8.473825 21
-61.127285 -724.480469 23.700451 21
-55.407555 -727.466614 18.783772 21
-44.932312 -728.152405 11.971266 21
-60.859039 -726.033020 23.217171 21
-40.714878 -728.018250 9.977326 21
-41.994766 -727.984314 12.005348 21
-62.269608 -729.791870 22.340963 21
-47.122513 -728.532227 18.000620 21
-53.356171 -729.131104 22.767584 21
-53.750782 -729.146851 17.586420 21
-47.427025 -727.685486 16.792217 21
-43.856857 -730.500305 14.979499 21
-46.417736 -726.314941 15.324397 21
-38.330994 -730.131042 -1.533420 21
-62.692024 -729.119263 22.196627 21
-39.036724 -728.199097 4.876820 21
-46.592995 -732.223450 18.238388 21
-61.432659 -730.747742 22.205317 21
-53.517372 -727.645020 23.664434 21
-56.065903 -729.292603 24.321859 21
-49.903229 -723.380249 17.803638 21
-57.568745 -732.786072 20.472734 21
-48.452671 -728.178345 18.730186 21
-58.362915 -722.941956 21.443676 21
-58.535805 -728.235657 25.795444 21
-37.428677 -730.531311 1.620155 21
-51.362892 -730.998779 17.706310 21
-61.988106 -726.762268 22.636589 21
-36.226089 -731.252563 -1.862756 21
-54.846764 -729.406921 18.684719 21
-41.483219 -730.312500 10.990935 21
-38.687168 -729.591919 4.687674 21
-56.857899 -727.677002 19.914438 21
-50.801064 -729.232849 20.603481 21
-62.741627 -725.419678 28.021133 21
-35.378868 -728.694153 3.366355 21
-42.407101 -729.149658 9.076181 21
-55.700886 -728.145630 24.377266 21
-51.574120 -728.961853 15.955114 21
-61.418827 -726.596863 30.061901 21
-50.154087 -726.549255 16.534122 21
-37.604839 -727.922791 3.781676 21
-48.720047 -731.409424 16.749882 21
-38.277336 -730.579224 5.378492 21
-52.869118 -728.018372 17.265533 21
-36.963772 -728.541260 6.381282 21
-51.901684 -724.947327 17.867176 21
-62.876976 -727.615417 21.924883 21
-42.374584 -728.629883 12.428923 21
-60.607471 -723.963623 23.072189 21
-35.418686 -730.344360 0.450276 21
-59.726063 -725.638000 20.847620 21
-49.517330 -724.752075 17.530027 21
-49.824234 -728.307983 20.047085 21
-44.151360 -728.823242 14.406606 21
-44.096951 -726.968323 15.681379 21
-38.984722 -730.071045 7.575728 21
-63.911728 -725.002075 30.749651 21
-45.386127 -726.632507 16.011988 21
-51.531811 -727.123474 21.073917 21
-58.105804 -723.113220 20.633890 21
-55.235374 -723.388123 18.903706 21
-41.511814 -729.057434 8.137185 21
-46.779057 -728.737732 17.106426 21
-61.806824 -726.121887 29.017342 21
-37.531197 -728.950806 7.782178 21
-45.521381 -727.410339 14.329117 21
-36.140205 -728.219116 0.837144 21
-49.052792 -727.393372 18.649492 21
-35.533840 -728.945496 -0.089929 21
-61.515564 -726.219177 24.435997 21
-49.468010 -729.750122 15.154644 21
-57.373825 -724.952576 19.103571 21
-53.313599 -726.508484 17.908405 21
-61.844929 -727.108398 28.921654 21
-61.497459 -730.504639 23.512304 21
-49.512737 -729.922119 15.931033 21
-56.227806 -732.469910 19.769331 21
-47.846046 -726.898315 15.307626 21
-55.492973 -726.033203 18.710968 21
-36.909504 -728.311890 -1.462270 21
-43.528885 -727.686829 12.200014 21
-35.638378 -730.418091 -1.220101 21
-43.076485 -731.766724 10.380448 21
-46.665920 -728.014893 16.670456 21
-47.418549 -730.143311 14.731560 21
-39.991455 -728.498901 9.847098 21
-54.329430 -733.127808 20.657988 21
-62.061287 -725.301514 29.800802 21
-51.587952 -727.647705 19.459003 21
-54.724667 -724.028870 18.509985 21
-50.501686 -727.804382 16.070665 21
-42.575993 -732.409851 10.629714 21
-46.292553 -731.867126 17.609320 21
-62.559818 -729.178528 23.627092 21
-53.600315 -733.682617 21.675034 21
-40.699585 -728.253601 8.805832 21
-39.452274 -728.123474 7.913588 21
-49.171474 -727.618896 17.945534 21
-51.902969 -727.706421 22.118135 21
-50.728172 -732.193359 18.311115 21
-49.123341 -726.638855 16.045834 21
-57.032951 -733.021301 21.693342 21
-44.745911 -729.310059 11.267614 21
-38.744816 -729.607605 8.932721 21
-50.637066 -732.944458 19.319225 21
-37.716743 -730.864990 2.906702 21
-41.785000 -729.628906 11.866674 21
-38.785175 -728.227112 4.203894 21
-37.957905 -728.968994 -1.849437 21
-60.406738 -727.512695 28.644939 21
-59.067886 -731.777832 20.069191 21
-62.247528 -729.897644 24.269602 21
-42.719143 -728.287231 10.009536 21
-44.813488 -729.508301 14.139020 21
-56.426857 -727.045593 19.406757 21
-47.063221 -724.685059 17.491117 21
-49.917389 -727.878906 20.650696 21
-51.235828 -722.895996 18.171789 21
-50.423508 -729.763184 15.595667 21
-53.734108 -727.465881 21.164591 21
-55.962170 -724.578552 18.588186 21
-40.482319 -730.613892 10.086921 21
-51.119087 -727.511963 16.531475 21
-56.296604 -723.812256 18.930342 21
-45.094528 -728.169128 15.073165 21
-36.793655 -731.179382 0.820374 21
-55.951237 -726.508179 25.088860 21
-37.509541 -728.212280 -0.393880 21
-53.906128 -722.560242 19.005335 21
-40.692833 -729.891968 10.124629 21
-37.620121 -729.862183 1.243825 21
-63.251408 -726.787537 23.181532 21
-38.761696 -730.571960 7.144990 21
-62.529152 -727.247314 29.761488 21
-49.312366 -727.889465 19.797533 21
-62.122925 -726.073669 30.599049 21
-44.030884 -728.429260 10.559587 21
-35.606567 -728.867615 0.956501 21
-44.909275 -727.033813 15.387043 21
-60.596928 -731.441895 22.881971 21
-41.991913 -728.282410 9.274673 21
-51.969688 -732.673706 19.234636 21
-59.211143 -727.375488 27.670444 21
-49.109196 -732.039185 17.540213 21
-41.137817 -728.827759 10.941390 21
-49.796329 -728.602234 20.777296 21
-39.509945 -730.214233 8.888615 21
-36.024765 -730.089783 3.852969 21
-57.535999 -727.351807 20.347740 21
-44.947708 -727.001099 13.870923 21
-43.078491 -729.693665 14.590485 21
-40.153515 -730.086182 7.335488 21
-63.055809 -725.530396 30.749454 21
-45.526573 -726.625183 14.728311 21
-51.733490 -727.762756 16.792334 21
-52.712814 -728.767883 16.716873 21
-56.644241 -728.980286 24.532909 21
-43.755150 -729.590820 14.512320 21
-62.132389 -725.119690 29.026844 21
-50.544941 -733.667419 20.570440 21
-51.001293 -726.755981 16.822044 21
-36.033836 -730.968079 -1.251486 21
-51.064636 -724.149597 17.888624 21
-59.751537 -731.324829 23.331699 21
-53.586166 -731.413879 18.661713 21
-41.482597 -732.719421 10.355123 21
-56.400089 -722.717346 19.752211 21
-41.422886 -731.303040 9.164198 21
-65.353577 -725.932190 31.520889 21
-61.101242 -725.465210 24.147051 21
-44.428864 -726.622070 15.100922 21
-46.065208 -729.056519 16.070467 21
-37.900394 -729.288818 7.286335 21
-52.862339 -723.279480 18.447058 21
-45.755154 -729.338257 12.125033 21
-41.207760 -731.595337 11.095969 21
-53.929234 -727.398438 24.133799 21
-48.912209 -725.665161 16.629047 21
-59.010468 -723.396179 21.451920 21
-37.534622 -728.092407 6.841904 21
-39.835930 -729.896851 9.543370 21
-44.203575 -727.522461 12.657555 21
-47.356293 -732.459778 18.381180 21
-46.528824 -725.480835 16.859592 21
-39.101078 -730.563660 5.928551 21
-36.793961 -730.580261 3.650758 21
-48.783684 -728.998169 14.270553 21
-55.862911 -723.281555 19.123413 21
-54.898975 -734.086853 22.319738 21
-59.739086 -726.459778 21.495924 21
-48.657959 -732.686829 18.583431 21
-54.157909 -729.390442 18.213774 21
-54.473137 -733.483887 21.256348 21
-59.789795 -724.796631 21.075048 21
-62.140388 -726.006165 27.996178 21
-41.230034 -730.502258 10.345765 21
-63.581364 -723.963928 30.318001 21
-38.013908 -729.173401 0.471119 21
-46.439640 -729.682434 12.963170 21
-45.734898 -728.360840 16.018944 21
-58.042862 -723.929504 19.700945 21
-56.399708 -729.386658 19.374313 21
-52.050339 -726.703125 17.343122 21
-60.971111 -726.572998 28.129049 21
-48.327381 -725.028259 17.116140 21
-39.323879 -730.554443 8.329651 21
-62.843922 -728.690186 22.862633 21
-54.966976 -727.023804 24.938396 21
-45.533924 -725.737854 16.401943 21
-37.280880 -731.018005 4.419723 21
-39.533855 -727.587341 7.141318 21
-58.825855 -732.437500 22.201086 21
-36.212307 -730.960449 -0.002922 21
-53.988888 -729.219238 22.597820 21
-40.217529 -727.698547 6.913820 21
-56.012150 -733.683777 22.081480 21
-58.074928 -732.401978 20.743317 21
-59.626907 -727.271606 28.662155 21
-52.255188 -733.204041 20.106295 21
-55.313885 -722.272644 19.756643 21
-60.053097 -728.145508 26.817688 21
-35.719437 -728.354919 -0.314688 21
-49.314819 -728.851379 14.679912 21
-35.839249 -730.089539 3.203727 21
-40.078899 -729.367920 6.560431 21
-44.759552 -730.480347 16.080948 21
-55.880276 -733.051208 21.120214 21
-39.076744 -727.779053 6.184647 21
-35.896965 -730.865601 -2.570426 21
-53.842754 -723.306152 18.727407 21
-50.171181 -731.433655 17.378305 21
-58.420143 -727.071838 28.059021 21
-53.454086 -724.507507 18.203501 21
-56.461716 -727.685303 26.302702 21
-52.447708 -729.049927 21.885021 21
-48.663612 -727.600586 17.561857 21
-51.952457 -728.614746 16.417658 21
-42.256805 -728.244385 13.358140 21
-46.228848 -728.297363 12.560634 21
-37.077820 -728.544800 5.704268 21
-54.760059 -727.706665 24.874651 21
-37.692627 -728.851624 -2.518129 21
-35.698044 -728.590149 1.985115 21
-62.692287 -726.863831 30.565130 21
-37.065842 -729.309143 6.585808 21
-35.830849 -728.842529 2.905581 21
-35.561390 -730.087524 -1.848606 21
-60.634422 -727.686829 27.163225 21
-54.559784 -728.433960 23.890881 21
-36.210072 -728.526245 4.949224 21
-40.956875 -731.039978 9.962562 21
-53.189625 -729.433044 17.470663 21
-55.335163 -732.699768 20.065495 21
-44.399952 -728.235718 11.450864 21
-51.350769 -729.250366 21.229521 21
-49.923061 -727.037170 16.191557 21
-61.999577 -730.298401 22.059233 21
-42.550114 -729.620422 13.037891 21
-47.139156 -725.287415 17.275738 21
-57.965244 -733.209595 22.654375 21
-53.202099 -727.138733 17.767632 21
-42.439690 -729.891602 12.307128 21
-52.648453 -725.280457 17.894737 21
-39.957108 -728.303345 6.114187 21
-59.106091 -723.957581 20.485615 21
-59.888039 -725.858398 28.720360 21
-59.275017 -732.648376 23.712759 21
-57.137493 -732.064453 19.551714 21
-35.669937 -730.658142 1.042716 21
-64.528221 -726.972839 31.373793 21
-52.817322 -722.563721 18.618500 21
-38.046207 -728.657959 7.289198 21
-53.192505 -733.607788 21.026392 21
-56.599285 -731.271484 19.179096 21
-61.248501 -727.509277 21.633129 21
-50.602444 -727.324585 20.209126 21
-62.488922 -728.102112 24.337143 21
-42.372425 -731.569763 9.731210 21
-36.589020 -731.236450 -1.149709 21
-44.366714 -727.639648 14.126607 21
-37.619183 -730.395752 6.647373 21
-41.235321 -729.757324 10.773303 21
-39.088001 -728.725037 5.211776 21
-35.673615 -730.211609 1.963076 21
-37.825027 -728.813904 2.293678 21
-63.417862 -727.420532 23.955954 21
-38.915630 -729.238892 8.101734 21
-36.743752 -730.668274 2.713955 21
-36.411148 -730.287781 4.668885 21
-36.091438 -731.295105 0.930583 21
-52.718502 -732.449158 19.109341 21
-35.435863 -729.316223 2.883503 21
-53.504158 -733.214050 20.531797 21
-56.283192 -726.765991 26.135044 21
-63.039837 -727.589172 22.620281 21
-54.085022 -724.016785 18.445126 21
-48.338276 -728.499512 19.259375 21
-35.520554 -730.787659 -0.049594 21
-48.309933 -729.036133 18.303347 21
-35.194336 -728.455688 1.250863 21
-41.470219 -728.260315 11.790365 21
-59.680202 -731.978943 21.339870 21
-51.133335 -733.564148 20.399805 21
-51.941559 -728.984741 21.124023 21
-42.823784 -727.683472 13.065918 21
-50.420795 -729.112427 15.271695 21
-38.075611 -729.680359 -0.372511 21
-37.789085 -727.572510 5.797618 21
-41.322510 -728.066101 9.857270 21
-57.281239 -723.192627 19.546421 21
-47.711700 -725.394531 17.033892 21
-63.924259 -726.955139 31.877903 21
-39.230156 -729.920776 6.796461 21
-54.158424 -725.330627 18.154932 21
-45.564796 -731.369995 16.676634 21
-63.121281 -724.494263 29.829231 21
-58.929104 -732.455078 20.824892 21
-55.646614 -727.814575 25.624975 21
-38.354816 -729.984314 7.702325 21
-54.041061 -730.215759 18.504911 21
-59.093262 -732.795410 23.067097 21
-45.213020 -729.905701 12.266243 21
-36.203728 -728.597717 3.892711 21
-43.514317 -728.145020 13.618794 21
-52.068207 -721.979675 18.188887 21
-46.010540 -727.063049 14.168812 21
-43.388287 -728.257751 10.683239 21
-61.316154 -726.895508 27.491146 21
-45.252666 -729.129578 15.272957 21
-36.972141 -728.080872 4.872126 21
-59.422325 -723.648132 21.949621 21
-40.571911 -728.622009 7.676132 21
-42.045582 -732.300964 10.309265 21
-52.402512 -726.187500 17.614870 21
-55.207104 -726.848083 18.758732 21
-47.402447 -727.774048 14.492259 21
-40.973309 -731.744751 10.451665 21
-61.992397 -730.043213 21.335842 21
-54.343338 -726.604553 18.343615 21
-54.911839 -732.442322 19.542507 21
-37.747547 -730.814270 2.067391 21
-62.033733 -726.954102 29.566956 21
-53.965504 -727.385986 21.748173 21
-53.851383 -728.677734 22.912462 21
-41.853901 -727.911743 10.598235 21
-58.836620 -726.008057 20.288179 21
-44.454628 -728.229248 14.431497 21
-43.467999 -729.438721 13.915439 21
-38.119682 -728.229492 3.963953 21
-59.580242 -725.102539 20.559040 21
-58.198250 -726.313477 27.629663 21
-57.694550 -729.076599 25.579327 21
-43.282597 -727.931763 11.179217 21
-40.098682 -728.226929 8.698317 21
-64.258003 -725.446106 30.983341 21
-56.704708 -733.422729 22.025579 21
-39.404259 -729.907593 6.168725 21
-62.770607 -724.999084 30.117426 21
-60.324558 -724.475891 22.137379 21
-50.606277 -724.858154 17.664900 21
-48.315895 -730.222290 15.435844 21
-58.403828 -725.443604 19.708981 21
-40.661903 -728.021057 7.355643 21
-41.936577 -729.731873 11.297150 21
-35.421108 -729.531128 0.937706 21
-51.256016 -733.036377 19.627234 21
-36.462574 -727.991028 3.100849 21
-37.319096 -728.173584 0.666593 21
-41.645603 -731.828430 10.271499 21
-57.085869 -733.874329 22.816046 21
-43.871887 -727.763062 13.197236 21
-63.227936 -726.245911 23.540955 21
-59.801563 -732.185364 23.159081 21
-57.882286 -727.504639 27.445114 21
-40.500031 -728.977539 7.068524 21
-45.753998 -727.704712 14.806394 21
-59.935829 -731.553040 20.579472 21
-52.254341 -731.746582 18.371336 21
-59.580677 -728.437256 26.606022 21
-37.619041 -728.456909 1.617651 21
-45.637020 -727.684875 13.136836 21
-56.399532 -721.772705 19.936743 21
-41.342125 -728.057251 11.165946 21
-55.163864 -728.846863 23.084723 21
-52.570004 -729.417542 16.839201 21
-37.906937 -729.745361 2.633737 21
-43.786415 -727.718262 14.244014 21
-50.219585 -725.713562 17.075134 21
-47.571297 -725.912781 16.396872 21
-50.995346 -730.627991 17.329205 21
-52.774361 -730.231384 17.995298 21
-38.072620 -728.054504 6.505300 21
-37.394329 -727.677917 2.486800 21
-47.324135 -728.495789 13.286583 21
-48.401608 -728.537354 14.272687 21
-60.589005 -731.339783 21.583878 21
-50.050518 -732.294556 18.280249 21
-50.819412 -728.700684 20.916359 21
-47.550014 -727.782471 17.383566 21
-50.779545 -727.710449 21.402006 21
-61.037495 -730.875000 23.627193 21
-60.161079 -723.532654 22.566084 21
-62.145439 -729.761658 22.924217 21
-52.573837 -731.109375 18.237993 21
-63.441566 -726.939880 30.197927 21
-45.138721 -726.094177 16.077391 21
-53.047077 -733.015503 19.929117 21
-61.533669 -730.329468 20.927481 21
-54.338955 -727.831482 24.474110 21
-60.310730 -726.404358 29.446770 21
-37.685093 -730.781311 0.361333 21
-44.414631 -730.548462 15.195703 21
-54.914818 -726.804871 24.358162 21
-49.863453 -727.735718 15.740269 21
-50.221619 -728.931580 20.329788 21
-60.713722 -725.156555 22.918621 21
-38.596100 -730.787109 6.439933 21
-57.521477 -724.362976 19.217381 21
-56.967144 -729.173645 25.005587 21
-37.370392 -727.899109 1.229614 21
-38.163586 -729.250366 3.362788 21
-37.496746 -730.725891 6.116599 21
-45.049473 -726.539917 15.109197 21
-46.736519 -725.748962 16.325724 21
-56.938690 -726.601196 26.662937 21
-43.126621 -727.756287 14.251491 21
-52.807449 -727.275757 21.005127 21
-56.159946 -734.109497 22.536091 21
-58.381454 -723.468994 20.276735 21
-36.712425 -731.874634 -1.696316 21
-60.591152 -724.731812 23.314905 21
-46.839794 -731.970520 17.391035 21
-59.963806 -725.879089 21.327732 21
-40.744740 -728.381348 10.858977 21
-39.276379 -729.247009 8.597213 21
-46.864876 -726.877258 14.717275 21
-48.008762 -724.215210 17.378733 21
-47.401402 -727.194153 14.838107 21
-46.613422 -728.479431 17.587402 21
-62.407127 -729.341003 24.251314 21
-49.562485 -730.553955 16.424574 21
-42.611706 -729.847534 11.114556 21
-53.763863 -732.539673 19.494562 21
-54.503815 -730.691284 18.757370 21
-40.446579 -729.053345 10.210102 21
-53.500698 -730.418457 18.383114 21
-58.722748 -727.170288 20.771170 21
-39.832733 -728.021179 7.475015 21
-35.912659 -729.159241 3.891070 21
-38.464058 -729.333801 4.132540 21
-40.034386 -728.961731 9.473997 21
-49.128132 -730.378479 16.061167 21
-35.720661 -728.334106 0.364957 21
-51.699707 -728.061218 21.710466 21
-48.840508 -723.866333 17.618332 21
-58.073708 -728.454163 25.509953 21
-56.936451 -727.557861 26.740211 21
-49.709766 -728.646240 15.121626 21
-42.056995 -731.376038 11.021751 21
-50.279518 -727.367249 19.580864 21
-56.390923 -732.794983 20.764853 21
-54.179676 -732.710632 19.847715 21
-48.963879 -727.717957 19.123154 21
-41.222130 -730.563965 11.433628 21
-37.797668 -730.575562 4.485564 21
-36.266296 -729.202454 4.627396 21
-38.072491 -730.171143 3.993637 21
-47.287861 -728.808289 17.542524 21
-60.166748 -724.155273 22.730637 21
-51.834354 -727.279846 21.682800 21
-61.260963 -727.227722 22.467484 21
-42.971962 -729.936951 13.652824 21
-36.416870 -730.759583 1.709247 21
-51.556816 -731.664062 18.109720 21
-39.416225 -728.890808 5.666984 21
-58.692234 -727.143433 26.213797 21
-46.255993 -727.662537 15.377232 21
-63.607327 -724.513367 30.690691 21
-55.462360 -726.824463 25.153170 21
-42.478580 -733.144592 10.677457 21
-36.738590 -728.923767 5.408646 21
-45.897831 -728.554382 12.157358 21
-53.110992 -729.126465 22.149736 21
-55.208752 -728.205322 24.040266 21
-53.147476 -732.660156 19.503790 21
-58.990677 -724.511169 20.176546 21
-54.281826 -727.195862 22.311895 21
-53.850582 -728.349731 23.538067 21
-59.657017 -725.614624 28.005680 21
-44.336964 -727.067566 13.804513 21
-42.490185 -731.774292 10.446800 21
-50.132614 -722.865723 17.762571 21
-43.661736 -727.887329 11.676788 21
-60.489830 -727.092468 28.174084 21
-38.391987 -727.871765 6.927134 21
-60.243641 -731.783997 23.186075 21
-59.674568 -731.983337 22.227234 21
-42.419598 -727.839661 11.508584 21
-63.733913 -727.029907 30.895882 21
-44.839573 -727.344910 13.382546 21
-55.861439 -727.258972 19.040701 21
-53.754192 -721.668396 18.717695 21
-45.374508 -726.862610 14.227247 21
-49.114441 -733.202759 19.662638 21
-42.632759 -728.411499 12.892643 21
-43.800850 -727.151733 14.904442 21
-50.419201 -730.399292 16.820372 21
-53.001148 -727.922791 23.189737 21
-62.958317 -727.978455 23.634665 21
-50.709663 -731.199707 17.523460 21
-49.990913 -732.895691 19.129435 21
-61.217583 -731.007507 21.751320 21
-51.987232 -730.043640 17.507893 21
-53.434345 -728.266235 17.537786 21
-52.194134 -734.033142 21.417791 21
-44.783173 -727.804871 12.399013 21
-62.606056 -730.193481 23.972275 21
-36.314003 -730.919983 0.549872 21
-39.678173 -730.445984 9.431722 21
-48.503239 -731.049072 16.316238 21
-41.230350 -732.225281 10.184590 21
-61.556061 -725.418518 24.494537 21
-52.676205 -727.009888 22.029022 21
-35.136600 -728.903320 1.793638 21
-44.607975 -729.198730 14.593848 21
-48.313202 -733.318176 19.836950 21
-63.031925 -728.181885 23.106962 21
-37.458286 -730.601624 3.306332 21
-59.133987 -732.344666 21.392241 21
-52.587021 -733.615906 20.857376 21
-50.575546 -727.887024 20.788525 21
-53.161091 -729.755249 17.935198 21
-47.473240 -726.381653 15.525372 21
-40.644264 -730.953125 9.490591 21
-37.929146 -728.573608 2.932135 21
-53.125389 -734.045471 21.691355 21
-49.276196 -731.193665 16.805126 21
-50.843594 -727.582275 18.964905 21
-48.778500 -728.526184 19.734745 21
-39.231094 -729.837708 5.636563 21
-57.659641 -722.745056 20.939466 21
-37.691734 -727.831848 4.732946 21
-55.126072 -732.936523 20.538582 21
-47.797638 -732.490784 18.043457 21
-39.643650 -729.465576 5.900107 21
-54.243160 -733.661499 21.736387 21
-46.016865 -726.058044 16.630598 21
-60.302559 -727.117737 26.651054 21
-45.703999 -726.173706 15.933283 21
-51.768288 -722.905151 18.305771 21
-54.966110 -722.965271 19.110359 21
-52.605072 -727.473938 22.802944 21
-38.597408 -727.723328 7.578692 21
-36.436924 -729.506958 5.749886 21
-45.300583 -731.078125 15.858709 21
-48.843819 -727.592896 17.039177 21
-35.908360 -730.612061 -0.405217 21
-57.529705 -722.913757 20.311197 21
-36.861046 -727.860107 4.191601 21
-48.965752 -724.714905 17.313948 21
-61.803547 -730.232422 24.201050 21
-61.778633 -726.526917 28.637562 21
-48.954662 -732.443420 18.161724 21
-39.775829 -728.287415 9.342131 21
-57.969650 -731.879211 19.689358 21
-49.599983 -733.404175 19.998358 21
-51.971966 -732.996704 19.685194 21
-56.027454 -732.127319 19.323748 21
-51.672813 -732.403015 18.838053 21
-48.158112 -727.622070 17.758493 21
-55.041687 -729.255127 23.459486 21
-48.078213 -727.895142 18.361116 21
-39.465729 -728.684021 8.819663 21
-41.962158 -729.757935 9.082073 21
-53.474358 -727.111145 23.104534 21
-62.379456 -726.463989 22.391829 21
-49.628952 -731.924072 17.599016 21
-53.935322 -732.154419 19.026804 21
-58.972324 -726.518066 28.520397 21
-41.399143 -730.067261 8.973234 21
-57.032780 -731.568970 19.293388 21
-48.165829 -725.884216 16.205994 21
-41.502251 -728.408142 8.795695 21
-52.051331 -727.499146 20.135094 21
-49.147007 -727.607361 15.455960 21
-37.167931 -731.031860 3.879271 21
-48.246288 -726.392700 15.934305 21
-63.116699 -725.766174 23.014408 21
-54.157555 -726.850952 24.089804 21
-53.044086 -728.424133 22.818911 21
-50.315578 -723.732178 17.893538 21
-55.568066 -727.258118 25.682747 21
-50.935654 -728.465454 15.869386 21
-49.983253 -726.086914 16.746840 21
-35.554058 -729.287598 -1.593306 21
-59.449459 -728.239197 26.107563 21
-59.631084 -723.617188 22.600828 21
-40.828785 -729.119019 7.482629 21
-47.431816 -732.805969 19.041784 21
-61.935802 -725.848816 27.507999 21
-64.895813 -726.261108 31.618635 21
-51.649807 -725.337402 17.606773 21
-47.239944 -730.917603 15.484446 21
-56.870945 -723.746521 19.173262 21
-51.040188 -727.178345 20.497906 21
-37.594784 -730.234436 0.333735 21
-44.818485 -728.552551 11.611547 21
-53.698071 -727.144043 22.132879 21
-54.651169 -724.966431 18.280823 21
-48.981701 -727.094238 15.634874 21
-38.337093 -728.361084 7.689582 21
-35.803516 -729.704285 2.843622 21
-55.241455 -727.955383 24.909361 21
-46.832542 -727.835083 14.148039 21
-38.549129 -727.988831 4.874262 21
-64.407547 -724.712280 31.083303 21
-55.446663 -731.290955 19.006590 21
-35.461964 -729.354370 -0.939878 21
-40.171688 -730.619690 10.530869 21
-40.058796 -728.678162 6.514883 21
-60.602039 -731.348328 20.880529 21
-41.474216 -728.909241 11.485963 21
-44.726765 -730.888367 16.738499 21
-37.567989 -730.405823 2.700294 21
-62.672466 -728.487549 24.005306 21
-37.085308 -730.815613 1.307422 21
-62.849121 -728.607483 22.116632 21
-54.514046 -726.027039 18.365683 21
-35.464809 -729.961182 -0.046926 21
-36.689789 -731.035156 4.270653 21
-52.902756 -727.539856 17.506552 21
-42.323013 -732.787781 10.290187 21
-38.412388 -730.303345 6.759009 21
-38.596981 -728.919434 7.821618 21
-47.876186 -729.737915 13.965204 21
-58.231842 -726.464844 20.263510 21
-35.774982 -730.586670 2.332593 21
-48.892242 -728.783569 19.215944 21
-63.356808 -726.096680 31.103411 21
-35.713795 -729.166870 2.358287 21
-46.129265 -729.477478 12.523186 21
-38.992180 -730.226868 8.099766 21
-38.975651 -729.136108 9.042416 21
-63.313702 -726.708679 30.929237 21
-36.938850 -727.952454 2.079142 21
-40.596268 -731.014709 10.424345 21
-61.044613 -726.762390 29.588131 21
-43.137707 -729.309326 13.434185 21
-50.566967 -725.454773 17.344471 21
-35.216206 -729.155212 0.478211 21
-51.536644 -734.016724 21.103298 21
-48.551144 -729.847107 14.537077 21
-46.278339 -728.512878 17.186007 21
-47.988487 -731.089966 16.133507 21
-62.567284 -725.879211 30.752609 21
-38.007473 -729.098328 -0.895927 21
-36.069027 -731.371948 0.296364 21
-43.027470 -727.676453 12.438149 21
-59.153503 -723.173340 22.393372 21
-57.079601 -733.456421 22.426685 21
-49.406124 -728.426147 19.720154 21
-48.094948 -728.943176 13.830207 21
-39.665718 -728.313599 8.349863 21
-59.730907 -727.372803 27.605272 21
-58.767578 -726.054688 27.785173 21
-50.994358 -732.443115 18.753517 21
-50.181484 -733.109314 19.583582 21
-38.035378 -728.775879 1.104560 21
-60.517517 -725.585999 22.048710 21
-59.041203 -726.751404 20.932985 21
-63.822517 -724.746765 31.244568 21
-60.439796 -731.529541 22.329687 21
-61.055584 -730.957397 22.511684 21
-62.649143 -724.889282 29.007160 21
-54.699337 -731.519348 18.845518 21
-61.569447 -725.483093 29.781906 21
-38.040707 -729.722168 3.138417 21
-52.928673 -732.074280 18.807989 21
-50.121319 -733.413025 20.032951 21
-36.200336 -731.183411 1.984658 21
-38.339817 -727.843018 5.993617 21
-62.870945 -728.135437 21.891779 21
-63.165413 -726.407654 22.833195 21
-35.383221 -729.915161 -0.798272 21
-50.111229 -724.675903 17.625463 21
-36.781021 -730.451843 5.461862 21
-54.742874 -726.909424 18.517992 21
-53.428429 -731.895264 18.750792 21
-53.697884 -727.404541 17.903202 21
-35.945019 -728.858948 3.464285 21
-38.269234 -728.657715 2.507868 21
-59.079895 -723.901978 21.003294 21
-44.258621 -728.714417 10.929701 21
-61.011261 -726.088684 30.108248 21
-38.407867 -728.606689 3.118387 21
-52.732796 -727.544922 20.180183 21
-42.380856 -728.061951 10.385757 21
-53.198280 -729.520996 23.072748 21
-50.808865 -728.885498 15.565887 21
-41.688641 -732.442017 10.752448 21
-44.955128 -726.556458 16.283546 21
-37.648327 -729.727112 0.749206 21
-51.852684 -728.707458 21.887737 21
-38.393936 -729.837891 4.233488 21
-51.738239 -729.540161 16.303579 21
-51.055996 -727.276001 21.181673 21
-52.427834 -728.853577 22.367081 21
-54.259674 -727.333679 18.223753 21
-49.967297 -729.638306 15.247961 21
-59.270523 -725.935547 20.559017 21
-42.411743 -728.575500 9.007281 21
-56.017822 -728.017944 25.118376 21
-61.694576 -726.274780 30.349436 21
-50.987087 -722.367676 18.185776 21
-45.307549 -729.486572 11.923780 21
-54.483932 -732.065979 19.032061 21
-49.499924 -725.221252 17.285946 21
-59.539177 -728.775635 26.052610 21
-45.597485 -728.971436 15.790706 21
-40.178242 -729.716553 6.923676 21
-41.999325 -729.157654 12.129199 21
-36.089436 -728.294434 2.841253 21
-41.446411 -731.524048 10.622808 21
-37.657398 -729.950256 1.754101 21
-53.962578 -726.847473 23.244867 21
-63.295338 -727.168335 23.525753 21
-40.681351 -732.073303 10.888927 21
-46.067150 -731.521790 16.692379 21
-49.441093 -729.414429 14.761890 21
-62.618378 -726.878479 29.409117 21
-55.435314 -733.719849 22.039968 21
-37.509842 -728.480225 -1.501525 21
-37.185169 -728.088928 5.485499 21
-60.797501 -731.260925 23.348095 21
-40.193668 -729.950928 10.032875 21
-55.677303 -729.299683 24.000856 21
-49.768497 -732.673279 18.698370 21
-62.451149 -729.652527 23.744856 21
-56.166348 -726.582703 25.567413 21
-48.389763 -732.844299 18.978600 21
-39.852707 -730.875610 8.224504 21
-54.292137 -731.199158 18.761541 21
-47.782806 -730.813110 15.746908 21
-37.048920 -728.119080 6.108824 21
-55.336685 -730.751160 18.969030 21
-51.815342 -730.756958 17.767775 21
-52.274506 -727.746887 22.467089 21
-43.158958 -729.773193 13.207854 21
-47.371292 -728.236206 17.628574 21
-36.466045 -727.873596 2.223873 21
-52.320496 -724.564514 18.035675 21
-49.607155 -726.649048 16.241661 21
-64.850510 -725.684326 31.581114 21
-36.086548 -728.223511 1.845337 21
-45.734974 -731.728943 17.771074 21
-57.031952 -726.391479 19.617968 21
-55.084686 -722.376221 19.309034 21
-62.566769 -729.122375 21.705687 21
-58.406906 -724.399841 19.716665 21
-60.033741 -727.062500 29.090864 21
-37.056927 -730.939636 1.790405 21
-53.183987 -731.166016 18.477243 21
-37.506233 -731.313293 -1.132267 21
-63.446953 -725.190002 30.727823 21
-56.504395 -728.522095 24.353657 21
-53.838741 -726.453674 18.133055 21
-39.526817 -728.021851 6.062156 21
-36.551121 -729.511353 5.186417 21
-43.769287 -729.050903 14.065475 21
-48.352898 -728.682434 18.716045 21
-55.154457 -725.155518 18.431664 21
-60.553074 -726.000061 29.590389 21
-40.650547 -728.528992 6.897485 21
-57.519115 -732.902466 21.802923 21
-41.358505 -728.597229 7.851300 21
-46.368912 -729.047180 16.464710 21
-54.298321 -722.939941 19.006823 21
-35.564049 -729.710693 1.598350 21
-48.254726 -727.266663 15.173694 21
-47.425163 -728.049622 14.065774 21
-58.497734 -733.123657 23.060532 21
-42.433613 -727.938721 10.965784 21
-56.107067 -726.255859 19.031290 21
-58.955238 -727.417053 28.144066 21
-42.438316 -727.751587 12.015997 21
-59.615509 -724.241028 20.992039 21
-40.540623 -729.897095 7.610920 21
-62.808586 -726.330017 29.589186 21
-51.904202 -723.744629 18.122374 21
-37.999126 -729.981445 6.793365 21
-57.871471 -726.521912 25.681238 21
-36.366802 -730.335022 3.151465 21
-56.412914 -724.328613 18.806639 21
-39.401199 -730.211914 9.770734 21
-59.214787 -725.024414 20.168831 21
-35.136524 -729.238159 -0.049141 21
-40.280376 -728.070129 7.685273 21
-37.781151 -728.944336 1.689939 21
-37.809868 -728.608582 -0.378118 21
-40.765953 -728.821594 10.543777 21
-40.806667 -728.158752 9.336542 21
-56.654037 -732.293030 19.604385 21
-38.308685 -730.710815 5.988439 21
-46.544147 -729.273071 12.698040 21
-61.295025 -725.590576 28.706100 21
-46.448078 -727.229675 14.319294 21
-51.643837 -733.568909 20.483366 21
-58.546635 -728.944458 26.127750 21
-59.708660 -724.175781 21.741863 21
-46.937969 -729.755066 13.299941 21
-40.614353 -728.115051 10.461954 21
-38.293015 -730.722961 7.049425 21
-38.921024 -729.208679 4.882758 21
-38.377697 -729.921204 6.387677 21
-58.814098 -722.717651 21.403210 21
-43.151527 -728.741577 13.297333 21
-45.142967 -726.411621 15.587542 21
-36.045124 -730.976135 1.423754 21
-37.049664 -727.924133 3.018148 21
-49.480934 -723.202515 17.611950 21
-46.586693 -728.225647 13.160105 21
-39.045216 -727.731201 6.666501 21
-55.704845 -729.589111 24.468830 21
-58.252171 -725.007263 19.498098 21
-61.152508 -724.922241 23.997871 21
-44.258995 -729.671753 11.188754 21
-55.263046 -729.161865 18.632629 21
-59.379745 -722.942810 21.891813 21
-41.981949 -731.396484 10.239200 21
-47.826241 -728.428589 18.172459 21
-55.009579 -725.892639 18.515980 21
-51.493931 -724.496033 17.947256 21
-49.010616 -732.955566 19.185299 21
-56.557537 -733.901794 23.006945 21
-38.136623 -727.792786 5.085144 21
-56.143204 -731.490295 19.165367 21
-53.598843 -725.651611 18.042187 21
-54.177063 -729.352600 23.157799 21
-59.409584 -733.095886 23.330709 21
-52.038460 -727.178894 20.991123 21
-55.180893 -723.794067 18.632599 21
-57.555012 -726.712646 27.356335 21
-48.630630 -727.680237 18.673161 21
-50.275433 -727.641479 20.407574 21
-44.198048 -727.482056 14.590252 21
-51.259377 -729.984497 17.112246 21
-55.938839 -721.747437 19.671242 21
-52.506660 -722.915833 18.471001 21
-43.607616 -727.238586 14.134550 21
-36.485676 -728.123230 3.813131 21
-63.929638 -726.055359 31.215403 21
-43.542934 -730.047363 14.672470 21
-56.934029 -724.905029 18.888338 21
-38.659321 -729.993896 7.216676 21
-53.922676 -733.045898 20.325239 21
-62.075375 -729.524780 21.169476 21
-39.073929 -727.867554 5.679718 21
-38.921658 -729.678894 7.895395 21
-35.938984 -730.695557 2.923248 21
-63.083096 -727.159424 22.836191 21
-58.107166 -732.534119 21.450426 21
-51.120457 -726.324829 17.048910 21
-58.756268 -725.627441 19.972860 21
-43.768208 -727.260193 13.600286 21
-39.518829 -730.120605 8.202864 21
-56.430527 -722.300171 20.068525 21
-37.545185 -731.102783 -0.648291 21
-46.569561 -732.430603 18.675219 21
-56.831635 -722.486328 20.504129 21
-51.305862 -727.390259 19.872709 21
-47.147381 -729.165039 16.921083 21
-61.471306 -725.828491 24.775515 21
-39.926064 -730.515808 8.650657 21
-57.521832 -733.388123 22.652601 21
-57.469860 -725.698364 19.408724 21
-37.644295 -728.308777 2.085861 21
-55.086918 -733.454407 21.427439 21
-38.070763 -729.159058 -2.520819 21
-61.395100 -730.804626 21.259426 21
-40.596462 -728.237244 8.329346 21
-62.862225 -724.504395 29.407036 21
-65.850937 -726.503784 31.616997 21
-50.428215 -729.895203 16.540821 21
-54.236423 -728.807922 22.586212 21
-38.102715 -730.493713 4.938034 21
-42.447914 -728.333191 9.575258 21
-54.480156 -722.096558 19.265770 21
-55.807297 -732.645142 19.975672 21
-49.879135 -724.204895 17.757364 21
-37.942593 -728.688538 0.634800 21
-44.402092 -730.644470 15.689213 21
-46.850616 -726.400818 15.528067 21
-50.815784 -722.773071 17.995663 21
-39.770000 -729.128052 9.115851 21
-59.655231 -726.929382 21.469854 21
-52.235672 -733.501038 20.538536 21
-36.658253 -731.129089 -0.362516 21
-44.503105 -726.850281 15.930991 21
-35.632160 -728.751465 3.819241 21
-61.828266 -725.480774 28.847067 21
-36.467194 -731.051697 3.605442 21
-45.978016 -726.470093 15.040380 21
-53.703011 -728.694336 17.444292 21
-43.244698 -727.375916 13.294721 21
-62.356869 -726.359436 22.993980 21
-61.404881 -726.910034 28.626476 21
-38.444309 -728.429443 3.565143 21
-46.450520 -726.068542 15.765352 21
-62.498867 -726.353271 30.686913 21
-52.403446 -730.651550 18.233244 21
-36.068966 -731.268372 -2.759070 21
-51.283466 -729.601562 16.035048 21
-39.880779 -731.024902 9.229762 21
-57.937752 -726.044983 26.778332 21
-62.517487 -725.243469 28.514662 21
-46.051151 -727.534973 13.529868 21
-51.611012 -725.808777 17.475584 21
-42.957024 -727.710388 13.550594 21
-59.914249 -726.239197 29.186987 21
-43.150501 -728.330261 10.278870 21
-62.237518 -726.142029 24.666008 21
-50.184113 -727.585388 18.505877 21
-55.895382 -722.893677 19.403135 21
-56.579811 -725.914978 19.109753 21
-55.740788 -729.477661 19.145983 21
-38.855934 -728.257446 5.306674 21
-52.504101 -728.342590 22.390339 21
-39.699020 -729.437683 9.514541 21
-56.668625 -728.079712 26.066212 21
-41.286541 -728.668457 11.932101 21
-51.201336 -728.774475 21.246412 21
-35.620724 -730.791565 -0.927714 21
-37.796036 -729.478210 1.455933 21
-37.260082 -730.750305 2.790949 21
-53.287693 -723.439270 18.585987 21
-41.482117 -729.539062 8.258954 21
-39.205193 -727.825806 7.614511 21
-60.520878 -726.108276 22.467598 21
-48.645164 -730.421143 15.787703 21
-37.028419 -727.942810 1.576476 21
-57.515182 -727.187500 19.891600 21
-36.211174 -728.060059 1.278974 21
-35.629276 -730.078003 2.595392 21
-56.292770 -732.683533 20.312857 21
-60.186214 -724.952759 21.665689 21
-35.477055 -730.486267 -2.288098 21
-63.045643 -727.153564 24.127876 21
-38.181286 -729.062927 7.588077 21
-58.659401 -732.372009 21.749338 21
-61.809650 -730.241699 23.268856 21
-60.789677 -725.154602 24.630049 21
-50.917732 -723.684570 17.962852 21
-55.448284 -733.030273 20.892105 21
-61.395988 -730.587830 22.690025 21
-45.274204 -727.826050 14.803103 21
-63.283138 -724.396118 30.352652 21
-41.576469 -730.753967 10.849347 21
-61.068558 -725.503540 29.181557 21
-57.897038 -732.970459 22.150774 21
-35.827381 -728.589294 2.511517 21
-35.684204 -728.673035 1.424860 21
-58.140614 -727.073303 25.764011 21
-42.411751 -727.989319 12.956431 21
-49.576126 -727.907898 20.319641 21
-37.024426 -730.390381 4.798474 21
-53.273045 -727.393616 21.104319 21
-39.498882 -730.322632 5.760489 21
-36.650330 -728.013184 0.379834 21
-39.516609 -728.504395 5.915123 21
-57.133652 -732.590576 20.567358 21
-47.420654 -728.414490 13.757800 21
-59.469337 -731.792847 20.372967 21
-49.037186 -731.699036 17.137676 21
-53.386658 -727.188232 23.560003 21
-42.206577 -728.166077 12.375602 21
-45.359772 -731.508301 17.545830 21
-64.208466 -726.374268 31.427685 21
-51.095642 -733.262390 20.020836 21
-52.007614 -727.115479 17.139721 21
-57.342514 -726.428955 26.837915 21
-35.673950 -730.473572 1.569227 21
-36.585430 -728.877747 5.893912 21
-43.030132 -729.566345 14.099269 21
-56.825779 -733.152100 21.294672 21
-41.852791 -730.616882 11.214197 21
-48.444000 -729.831421 15.209009 21
-42.729969 -728.139099 13.314218 21
-59.986645 -726.398499 21.914026 21
-62.900768 -726.624207 24.049784 21
-36.420605 -730.326660 3.698938 21
-43.042416 -732.436584 10.549829 21
-41.728512 -728.104187 9.619420 21
-35.428768 -729.177734 3.361851 21
-45.440392 -729.473450 15.013858 21
-41.550358 -728.606323 8.385327 21
-36.614239 -728.087219 -0.100106 21
-55.586975 -724.834900 18.491737 21
-50.001278 -730.553101 16.645618 21
-35.522358 -729.927979 0.685401 21
-48.579426 -725.400696 16.847450 21
-48.301487 -731.699951 16.812410 21
-41.016045 -729.035278 7.068841 21
-62.468956 -726.885925 30.047550 21
-58.469055 -722.973633 20.997053 21
-50.497299 -731.624268 17.693787 21
-57.562149 -727.173950 27.397091 21
-38.900345 -729.648987 5.104661 21
-35.941570 -730.559753 0.689677 21
-52.281784 -727.243164 21.956125 21
-36.844536 -731.129761 2.747643 21
-47.390190 -729.291626 13.334033 21
-55.432365 -732.087830 19.174393 21
-41.056347 -730.001221 10.387594 21
-61.637379 -727.024841 22.876129 21
-48.579762 -732.210754 17.566113 21
-36.654106 -728.450256 4.858918 21
-36.288063 -731.127441 3.101575 21
-35.934002 -729.619873 3.907250 21
-59.428898 -732.477173 23.203823 21
-41.087460 -729.301147 10.937133 21
-51.355438 -733.647522 20.876886 21
-43.680004 -728.524841 13.872017 21
-51.504456 -724.016235 17.953880 21
-52.887337 -727.107849 21.626648 21
-39.212452 -728.263550 8.435725 21
-37.072292 -730.997131 0.490973 21
-47.921898 -730.210022 15.174740 21
-60.719700 -724.285950 23.447935 21
-64.627380 -725.156372 31.053717 21
-38.660484 -728.653625 8.196248 21
-56.069286 -725.249023 18.701092 21
-49.176834 -724.388550 17.583643 21
-51.430668 -726.671875 17.078770 21
-37.745174 -728.032776 2.941190 21
-37.223915 -728.304443 -1.136676 21
-61.232082 -725.950073 24.194555 21
-50.567757 -726.739929 16.602306 21
-43.104221 -728.517395 9.684662 21
-36.165920 -731.493286 -0.407437 21
-40.448463 -729.837341 10.514221 21
-63.088314 -725.284912 30.369894 21
-56.857147 -726.474487 26.193237 21
-41.694973 -729.783020 10.896552 21
-51.358391 -728.023010 21.400364 21
-43.710133 -729.613464 10.683359 21
-47.186878 -725.812561 16.149969 21
-57.806236 -724.951782 19.295975 21
-49.678642 -727.583923 19.658552 21
-57.777779 -732.378967 20.339916 21
-44.238598 -729.695190 14.270267 21
-44.918030 -729.089661 14.979316 21
-37.673023 -728.389832 7.200286 21
-54.970337 -730.296265 18.939968 21
-56.863155 -722.966919 19.514799 21
-52.305233 -729.019043 21.414879 21
-62.131847 -726.375366 27.659861 21
-52.779415 -728.403381 17.053995 21
-60.792953 -730.847473 20.510214 21
-40.715977 -729.453308 9.999329 21
-62.402122 -729.600464 23.293409 21
-63.883438 -726.899109 31.410393 21
-62.731552 -728.980286 23.243908 21
-49.670860 -728.760864 19.964619 21
-58.804337 -728.625427 25.832727 21
-44.079193 -726.825684 14.750382 21
-37.128834 -728.856018 6.715115 21
-38.454693 -728.552368 4.179118 21
-60.925392 -725.722961 23.695335 21
-38.481937 -730.232910 5.011433 21
-36.453293 -731.620483 -1.997259 21
-45.346985 -731.231140 17.065636 21
-44.220505 -730.516296 16.087500 21
-42.789848 -727.846375 11.251932 21
-52.867901 -728.994812 22.727707 21
-46.764122 -732.129150 17.821272 21
-46.719131 -726.551147 15.080863 21
-60.195290 -724.033936 23.294798 21
-39.665020 -727.607361 7.657523 21
-47.213745 -730.404297 15.053288 21
-53.353065 -728.626099 22.553326 21
-62.233929 -726.190613 28.853449 21
-36.004929 -730.420776 1.241713 21
-62.496334 -729.501709 22.051302 21
-40.171715 -728.141296 6.483437 21
-51.971931 -726.157410 17.474140 21
-44.477386 -726.893494 14.298302 21
-37.335136 -727.950073 4.150461 21
-53.022587 -723.701538 18.312204 21
-60.833477 -725.584595 23.090118 21
-56.368153 -732.964966 21.189081 21
-46.466782 -728.007629 13.548162 21
-63.725689 -727.224304 30.438110 21
-55.700916 -722.493225 19.557652 21
-37.598862 -728.767151 0.936493 21
-51.930679 -732.034668 18.480078 21
-37.208546 -730.931946 5.198206 21
-57.182682 -722.387512 20.161507 21
-39.930290 -727.960327 7.933184 21
-37.454460 -729.238464 6.878965 21
-62.806355 -724.491882 28.791151 21
-57.957249 -727.144836 20.244873 21
-52.810875 -727.065857 22.813560 21
-57.917519 -725.829102 19.690691 21
-54.680798 -724.504456 18.359945 21
-46.645866 -727.680420 15.882519 21
-52.617790 -725.723877 17.745483 21
-43.744400 -727.531677 12.565964 21
-56.249767 -726.637024 19.241882 21
-35.821621 -731.124023 -2.044340 21
-53.186829 -725.364868 17.991478 21
-43.709084 -728.791138 10.429582 21
-48.919537 -727.858154 14.983934 21
-61.831562 -727.026062 27.143116 21
-38.117893 -729.660278 7.514832 21
-39.446510 -730.068787 9.309761 21
-45.473820 -728.325073 12.165436 21
-54.468391 -728.552734 17.976465 21
-51.085327 -731.907593 18.140669 21
-59.871254 -725.206909 20.908197 21
-60.645290 -725.701904 29.213688 21
-54.640194 -728.103455 24.187061 21
-52.926498 -724.282288 18.217354 21
-54.585312 -733.792297 22.162436 21
-43.781620 -727.361877 13.054991 21
-37.902157 -729.370789 2.382586 21
-53.631519 -734.011108 21.970371 21
-55.935608 -728.970642 23.797827 21
-39.030869 -730.117432 5.931708 21
-58.969849 -732.063293 20.413948 21
-49.497025 -728.582764 20.438046 21
-59.752716 -731.924377 21.776154 21
-40.378143 -728.342285 10.051313 21
-35.697311 -728.419983 1.056512 21
-55.162510 -721.560364 19.222485 21
-47.833679 -729.390198 13.676047 21
-42.232487 -731.286133 10.595106 21
-62.900925 -725.903564 23.600512 21
-50.182941 -727.702698 20.948580 21
-46.043732 -726.170288 15.620759 21
-59.167210 -728.972534 25.863262 21
-59.221611 -732.171936 22.210079 21
-37.910946 -728.724915 -1.427985 21
-49.931652 -728.240906 15.447239 21
-43.822590 -727.195801 15.346626 21
-59.845985 -731.787048 23.396404 21
-41.476971 -731.976379 10.994006 21
-55.442345 -726.481445 18.788296 21
-43.870461 -730.118774 15.212796 21
-47.886360 -726.580872 15.620351 21
-38.131088 -728.792175 3.425518 21
-56.995476 -726.011780 19.378344 21
-37.896862 -730.824341 5.866658 21
-52.981720 -721.910583 18.822622 21
-57.878635 -726.311951 19.979136 21
-58.149929 -727.309814 27.767199 21
-38.197906 -729.431152 -1.760036 21
-63.849808 -724.113037 30.630306 21
-37.693417 -729.944336 7.105021 21
-48.249931 -732.573486 18.413456 21
-42.895973 -728.943726 9.587514 21
-38.113266 -729.855591 -1.197187 21
-58.070702 -722.601685 21.339205 21
-53.473011 -726.065247 18.001568 21
-45.229187 -727.912476 12.681931 21
-55.508812 -724.353271 18.520744 21
-37.930897 -727.763611 4.034635 21
-62.538452 -725.871948 27.866768 21
-41.760513 -728.085144 12.411778 21
-61.989983 -725.703491 30.391178 21
-52.925907 -726.266663 17.822153 21
-53.153664 -730.180359 18.215975 21
-49.921371 -727.424561 19.263718 21
-54.255016 -726.807495 23.594437 21
-58.699314 -723.785889 20.503691 21
-46.338966 -725.717896 16.534130 21
-58.639080 -731.935791 19.946579 21
-55.609455 -727.664062 19.238739 21
-51.218021 -728.807434 21.741560 21
-46.703705 -728.306580 17.066591 21
-38.016991 -730.028198 3.558242 21
-37.449303 -728.156677 0.244949 21
-64.797012 -726.705688 31.624687 21
-48.431618 -723.913452 17.435617 21
-48.691570 -726.562927 15.972155 21
-56.516785 -727.611084 19.639347 21
-50.147053 -728.150940 20.350794 21
-46.187595 -732.197571 18.411566 21
-39.126583 -727.794434 8.043753 21
-41.589382 -731.576111 9.453149 21
-57.116783 -732.383545 19.886709 21
-35.615925 -730.800842 -1.439174 21
-60.791130 -724.816589 23.702587 21
-49.223274 -725.437988 16.889925 21
-49.772858 -727.502136 18.843050 21
-40.191845 -728.482971 7.495327 21
-58.218266 -726.677307 27.959360 21
-60.238811 -725.548462 21.694870 21
-45.843716 -728.000916 12.886402 21
-46.322025 -728.179382 16.442440 21
-61.527531 -726.578430 27.244703 21
-35.495373 -729.486084 -0.117583 21
-49.472397 -732.960876 19.163645 21
-57.582676 -732.538452 20.861971 21
-36.720634 -730.625977 3.148854 21
-44.819801 -728.108093 14.734897 21
-57.678928 -723.657227 19.661839 21
-49.086994 -726.236511 16.334866 21
-55.629776 -729.967102 19.400028 21
-53.185631 -722.455872 18.849403 21
-61.763916 -726.944092 29.909658 21
-48.522198 -725.851196 16.562437 21
-46.224941 -725.374817 17.147852 21
-49.332207 -725.870178 16.706594 21
-35.825756 -731.135498 -0.027439 21
-60.569992 -725.165344 22.514978 21
-40.707912 -731.409790 10.261017 21
-52.296722 -722.122742 18.528549 21
-57.405819 -726.532104 19.802538 21
-50.085487 -731.066528 17.137110 21
-48.610737 -727.988098 19.088030 21
-44.850510 -730.924072 15.988196 21
-54.631836 -729.316040 23.269861 21
-48.096832 -732.968628 19.306412 21
-35.472042 -729.106750 -0.528829 21
-35.444473 -730.304321 0.897701 21
-35.758896 -730.466980 0.134525 21
-53.710609 -728.093628 17.840721 21
-53.907047 -724.840515 18.162857 21
-40.189705 -728.889160 9.906227 21
-45.255802 -727.416260 13.289792 21
-52.079979 -729.042847 22.134306 21
-51.208569 -727.605225 19.267462 21
-36.486790 -728.849976 4.860289 21
-38.586697 -728.365967 4.619821 21
-49.550667 -727.669800 17.684080 21
-50.935844 -725.137268 17.555609 21
-47.783478 -723.822815 17.409725 21
-51.771984 -722.448486 18.268049 21
-45.004253 -728.590149 15.270581 21
-58.671589 -733.485535 23.239014 21
-56.754414 -726.706360 19.526276 21
-55.293030 -721.892639 19.495266 21
-51.191154 -727.115601 16.695423 21
-51.063755 -723.278320 18.082983 21
-47.748840 -725.546997 16.608419 21
-35.208698 -728.995483 1.084966 21
-40.147362 -728.055847 7.157024 21
-39.257763 -730.442139 7.830460 21
-37.561600 -729.386841 7.710664 21
-52.411545 -727.053406 17.376791 21
-39.258148 -729.864990 8.942206 21
-42.526524 -729.049683 12.643909 21
-47.148689 -728.925415 13.129696 21
-41.792667 -729.088745 8.508257 21
-37.245564 -727.866882 3.402463 21
-51.369873 -728.589600 16.039854 21
-49.386749 -732.540527 18.438370 21
-38.576954 -728.116699 7.402605 21
-54.032547 -729.775146 18.475929 21
-40.454975 -730.215820 10.294982 21
-43.505249 -727.868347 12.979867 21
-62.229469 -725.109558 29.452557 21
-58.958553 -732.660400 22.683910 21
-44.472542 -727.473633 13.028458 21
-58.172031 -723.548828 19.868849 21
-47.053455 -727.871643 16.904764 21
-41.238533 -731.119568 9.629477 21
-35.596802 -729.193787 0.669469 21
-55.960640 -726.898315 25.869986 21
-54.155529 -723.595337 18.613892 21
-62.195457 -729.998840 21.814423 21
-45.427444 -728.225525 15.531510 21
-41.086060 -730.482117 10.923124 21
-36.033115 -728.520142 4.547877 21
-56.093388 -729.193176 19.119894 21
-50.665901 -732.648926 18.946476 21
-50.796597 -730.395874 17.024525 21
-50.626770 -731.909241 17.979364 21
-45.223495 -730.963562 16.747980 21
-46.937489 -732.345398 18.455055 21
-40.059937 -731.124146 8.535542 21
-58.403950 -726.953735 20.550842 21
-58.232670 -732.098938 19.949181 21
-37.363789 -730.504822 2.075242 21
-50.149811 -728.773682 15.305060 21
-41.698326 -729.189941 11.796062 21
-48.137577 -728.375488 18.472425 21
-38.501263 -730.350464 7.515269 21
-55.996620 -728.245972 25.491308 21
-46.463692 -728.744751 16.806776 21
-48.209476 -729.810669 14.289262 21
-54.622757 -721.705444 19.168686 21
-36.551006 -731.190369 1.202872 21
-54.508331 -729.707703 18.678232 21
-56.646107 -725.444397 18.967438 21
-60.581409 -726.734863 29.556326 21
-60.274109 -725.677490 28.675446 21
-54.884678 -729.558777 23.987625 21
-53.780159 -722.085693 18.995615 21
-45.509403 -726.163391 16.331900 21
-60.470375 -724.573364 24.061544 21
-48.523533 -723.363953 17.449800 21
-37.363167 -730.926025 0.811876 21
-38.019344 -727.809021 5.491176 21
-49.254639 -723.613220 17.637127 21
-59.756023 -724.396729 21.360266 21
-47.368141 -726.059753 15.816569 21
-57.156696 -724.064209 19.127855 21
-48.281693 -724.656372 17.393600 21
-51.728180 -727.524414 19.852814 21
-64.696709 -725.642029 31.167562 21
-36.035122 -728.887146 4.823254 21
-36.318333 -728.010498 2.616874 21
-40.476818 -731.117249 8.697693 21
-56.304493 -728.974182 24.193701 21
-37.678539 -727.973755 3.360628 21
-61.797821 -730.298096 23.721066 21
-37.974564 -730.620911 6.728281 21
-60.420090 -724.373169 23.157551 21
-61.311119 -726.482117 24.120241 21
-36.951958 -730.309265 5.913486 21
-54.038368 -733.608582 21.349913 21
-42.101242 -728.505249 12.113951 21
-55.463352 -727.806824 25.234634 21
-50.521057 -728.893066 20.659464 21
-59.449646 -726.321533 28.824850 21
-42.712643 -729.227356 13.386224 21
-53.499725 -728.104187 23.550894 21
-51.002064 -729.135132 21.008909 21
-36.045490 -729.809265 3.531118 21
-55.662113 -723.573730 18.890421 21
-44.002647 -730.160034 14.793425 21
-37.303890 -728.445435 6.764702 21
-52.574059 -731.927612 18.597237 21
-38.703377 -730.518616 6.078454 21
-49.104218 -729.915222 15.016958 21
-59.731831 -731.875916 20.928148 21
-55.781597 -725.675842 18.741512 21
-54.170235 -729.575256 23.602493 21
-54.277359 -728.253540 23.633837 21
-55.211376 -729.476318 18.909832 21
-58.985447 -726.267700 20.596272 21
-40.093338 -730.596191 9.883281 21
-45.575466 -726.018311 16.732470 21
-37.713070 -730.382141 3.555919 21
-63.340607 -724.160461 29.978254 21
-37.558899 -727.919678 5.756271 21
-54.968159 -729.893738 18.846670 21
-51.995121 -727.795288 19.433304 21
-47.424377 -724.465698 17.433773 21
-57.937328 -732.865601 21.653410 21
-60.019043 -731.711182 21.499899 21
-62.880299 -726.924133 30.184870 21
-59.061447 -728.093323 26.054688 21
-40.725613 -730.582825 10.505039 21
-35.731083 -731.201111 -1.015475 21
-62.081142 -726.369507 29.233589 21
-61.807457 -726.129639 24.736151 21
-47.468212 -725.047241 17.142414 21
-49.897560 -728.646240 20.314526 21
-60.023544 -727.354370 28.095482 21
-43.435570 -729.757446 14.284585 21
-43.297306 -727.919250 13.898561 21
-53.456360 -730.846069 18.473446 21
-55.972679 -727.713684 25.921772 21
-44.174366 -726.956787 15.177439 21
-63.044674 -723.984314 29.485741 21
-36.053619 -730.362915 3.462627 21
-42.846199 -729.515259 9.742373 21
-64.138504 -727.060852 31.078825 21
-46.294106 -732.018799 17.999876 21
-52.509613 -723.548096 18.386513 21
-42.388599 -730.973389 10.893901 21
-45.627209 -727.104797 14.001841 21
-58.521423 -732.267334 20.703531 21
-38.065086 -728.131714 6.926227 21
-56.810345 -727.236572 19.509270 21
-35.668526 -728.732483 0.510825 21
-36.514893 -730.707886 4.526727 21
-37.393749 -730.979980 0.135536 21
-51.614147 -732.859985 19.375622 21
-36.095318 -730.915955 -0.830393 21
-37.883057 -730.703674 5.238962 21
-55.305397 -731.678040 18.933022 21
-37.561707 -730.767517 2.502796 21
-46.519798 -725.026672 17.088148 21
-61.706261 -730.418091 22.318321 21
-41.560162 -731.243530 10.940258 21
-55.247253 -729.366760 23.811995 21
-47.018036 -728.498169 17.446045 21
-57.806423 -733.397766 22.992424 21
-46.101559 -731.721497 17.189705 21
-45.943310 -727.971985 15.752953 21
-62.502594 -729.416382 22.451307 21
-46.368164 -728.488098 12.909976 21
-57.246449 -732.777161 21.300020 21
-54.639278 -728.323486 23.390852 21
-40.424503 -728.161865 6.819903 21
-46.658279 -728.881958 12.818149 21
-38.050808 -729.096252 0.034322 21
-36.220848 -728.823364 4.276028 21
-52.333679 -725.016846 17.894104 21
-61.070232 -730.663208 24.034739 21
-50.713383 -728.294128 20.848568 21
-50.970707 -727.816772 16.302198 21
-56.315235 -727.295715 26.329161 21
-47.770546 -729.088379 17.584829 21
-59.084518 -733.363342 23.270191 21
-57.300705 -727.929749 26.753792 21
-38.733170 -728.910339 8.798439 21
-55.406521 -733.239014 21.275936 21
-37.734447 -730.910706 3.727719 21
-42.121311 -729.811584 12.076131 21
-48.080956 -729.183838 17.890020 21
-44.413807 -729.285645 14.244461 21
-56.161110 -729.531067 24.689842 21
-41.910091 -730.990479 11.019389 21
-57.109760 -733.273987 22.048334 21
-54.221855 -728.762451 23.184118 21
-40.501694 -730.984436 9.882145 21
-55.290047 -725.580078 18.524252 21
-41.106339 -728.279114 8.885434 21
-58.622078 -726.735535 28.221668 21
-41.278656 -728.553467 11.298491 21
-55.034496 -727.249878 18.620741 21
-41.641411 -728.008423 11.510345 21
-62.498569 -728.959778 24.021641 21
-37.003010 -728.092773 -0.384000 21
-47.939175 -730.497559 15.535741 21
-40.954666 -728.506104 7.837371 21
-59.238297 -732.231201 23.685453 21
-49.116211 -728.657593 19.530964 21
-35.356884 -729.114380 2.178816 21
-52.629078 -733.099731 20.007679 21
-53.811951 -727.730286 23.938759 21
-63.511814 -726.947998 31.233723 21
-49.358070 -728.512939 14.947880 21
-62.569366 -726.403809 23.399933 21
-41.485172 -730.889648 10.469070 21
-45.830700 -726.834412 14.473806 21
-57.909542 -722.757263 20.611113 21
-49.998528 -727.631042 18.097046 21
-37.049015 -731.340149 -1.123612 21
-52.746658 -727.205383 22.427769 21
-62.402878 -728.864136 21.303003 21
-57.214909 -727.366455 27.081299 21
-57.768074 -724.113770 19.427658 21
-36.917240 -729.873718 6.188106 21
-60.719002 -731.277771 22.503618 21
-58.837852 -725.850342 27.419361 21
-59.493111 -725.524536 20.531408 21
-52.087902 -727.690125 17.035831 21
-47.778824 -728.616150 13.813695 21
-51.172455 -728.849121 15.787260 21
-45.201260 -728.470703 11.757060 21
-54.735916 -733.029968 20.641043 21
-39.623398 -728.771729 5.300205 21
-50.639900 -727.414856 19.298685 21
-51.692524 -723.377686 18.295158 21
-47.199600 -727.632812 14.144552 21
-57.911945 -727.207886 25.435850 21
-61.031494 -727.176331 29.335449 21
-53.601173 -729.104004 22.419203 21
-51.011856 -725.964661 17.229200 21
-39.928997 -727.573303 7.222376 21
-49.908726 -723.788269 17.710566 21
-60.132305 -731.166748 20.139931 21
-50.188534 -733.868591 20.582581 21
-51.930817 -727.315552 20.605204 21
-58.049049 -722.830872 20.986071 21
-53.493309 -726.908875 22.731430 21
-55.183826 -727.077576 25.316826 21
-48.742332 -730.676758 16.091431 21
-50.458519 -726.374634 16.772905 21
-55.525818 -727.053467 18.908714 21
-59.685818 -726.028809 21.068811 21
-44.396572 -727.705200 12.356605 21
-53.726330 -724.196228 18.348742 21
-36.219437 -731.448730 -1.081698 21
-38.846973 -728.587585 4.897067 21
-55.472443 -723.149963 19.132372 21
-61.418446 -726.409607 28.495745 21
-58.316769 -732.864319 22.282129 21
-35.621300 -729.383118 2.015125 21
-42.438175 -731.605774 10.813204 21
-36.489681 -730.063293 4.323774 21
-59.650078 -732.202820 22.778200 21
-63.131435 -723.850342 30.267925 21
-55.996555 -724.178467 18.690378 21
-42.187923 -732.556274 10.608406 21
-57.478600 -722.335022 20.933220 21
-45.484135 -731.190613 16.281719 21
-40.233944 -728.967224 6.759400 21
-50.857399 -733.104553 19.656132 21
-49.381317 -726.928955 15.930547 21
-36.560402 -730.458984 5.005455 21
-57.411995 -723.147644 19.987030 21
-35.324020 -728.932312 2.921521 21
-38.694714 -727.841309 5.833290 21
-50.644203 -723.988831 17.945961 21
-54.564606 -732.638794 19.755726 21
-50.879059 -724.479370 17.723499 21
-42.400917 -732.763428 10.956969 21
-54.566616 -726.945862 24.209965 21
-49.660686 -730.197937 16.194471 21
-39.719334 -729.670532 6.259931 21
-46.679447 -727.846191 16.276684 21
-62.962749 -725.875000 30.941086 21
-49.738342 -731.248291 17.075092 21
-60.490513 -724.799011 22.336401 21
-35.527969 -730.719543 -0.542619 21
-44.613335 -730.786377 16.298313 21
-46.931961 -725.082092 17.549400 21
-62.448799 -725.233948 30.080599 21
-44.192379 -728.325562 11.034912 21
-54.582462 -733.269836 20.928745 21
-58.439400 -727.834290 25.780260 21
-57.171585 -727.405090 19.937735 21
-51.308685 -727.301147 20.773182 21
-59.198666 -723.305725 21.909271 21
-61.733059 -730.569458 21.917673 21
-44.702663 -727.614563 13.898732 21
-51.426517 -731.341614 17.933359 21
-59.484352 -726.907715 28.815140 21
-52.315937 -730.067383 17.828516 21
-56.313068 -733.447144 21.902256 21
-54.832558 -723.576111 18.701035 21
-58.874214 -726.129517 28.166447 21
-36.678631 -731.489197 -1.568992 21
-62.040947 -729.995605 22.589579 21
-35.598808 -729.690735 -1.609241 21
-42.031681 -731.900818 10.145013 21
-58.986748 -732.147705 21.089392 21
-51.629635 -727.858154 19.082884 21
-45.773724 -728.951721 12.061187 21
-37.518974 -727.549866 4.937786 21
-61.140259 -730.858826 20.937361 21
-39.551003 -730.587463 9.068419 21
-53.212566 -727.512390 23.417095 21
-40.955776 -730.870056 10.322164 21
-49.582310 -729.068665 19.662701 21
-41.970379 -729.922729 11.654497 21
-48.736801 -732.986816 18.837320 21
-55.649876 -722.068481 19.648453 21
-49.310017 -727.489746 18.357544 21
-43.807079 -727.908142 13.893205 21
-41.426231 -729.772278 8.578544 21
-47.528263 -728.524658 17.925285 21
-51.547009 -729.057800 21.541689 21
-55.005505 -733.721741 22.183250 21
-35.798321 -729.217773 3.007653 21
-49.914879 -725.437988 17.211340 21
-52.452137 -729.021423 16.549141 21
-37.149158 -731.194519 -0.168884 21
-53.771790 -723.669189 18.537146 21
-46.213058 -725.250183 16.766043 21
-42.789196 -732.041321 10.453696 21
-37.958649 -728.983154 7.903894 21
-56.766968 -722.546875 20.099445 21
-54.344940 -725.679749 18.258512 21
-47.731987 -727.531921 17.044895 21
-63.987091 -727.400024 30.831551 21
-57.335567 -725.377625 19.191809 21
-52.715046 -729.097168 22.248514 21
-39.146664 -730.230286 8.467429 21
-58.176014 -726.176758 27.257080 21
-56.268822 -727.395020 19.271538 21
-41.055840 -728.015808 10.164124 21
-38.842995 -730.460449 5.654009 21
-58.900822 -725.268738 20.096825 21
-58.703552 -723.225159 21.253031 21
-63.416283 -726.586731 23.533436 21
-53.081032 -729.243225 17.141350 21
-58.712891 -727.287720 27.859529 21
-47.635281 -729.818909 14.800567 21
-51.935608 -728.123230 16.664873 21
-60.053623 -731.744019 22.304934 21
-53.703644 -722.946594 18.864613 21
-60.604816 -731.165222 23.844522 21
-47.049507 -727.773743 16.518959 21
-49.228226 -727.721741 19.429167 21
-41.552052 -732.115112 10.589603 21
-45.114128 -726.809448 15.786904 21
-53.306042 -724.854126 18.105492 21
-40.509624 -728.447510 6.548737 21
-53.645645 -727.292236 23.838556 21
-36.059238 -729.367065 4.195301 21
-39.750431 -728.535095 9.026237 21
-35.768883 -729.825806 -2.555683 21
-42.028950 -732.293152 10.880988 21
-52.355835 -733.752319 21.162714 21
-37.719254 -728.746277 1.346551 21
-41.458199 -727.968933 10.218175 21
-37.456642 -728.014221 2.260819 21
-37.355888 -730.041809 6.551270 21
-44.576328 -726.821289 15.415153 21
-40.408745 -728.002136 9.731306 21
-48.783134 -733.352478 19.816944 21
-60.092754 -727.405457 26.483009 21
-46.910873 -725.361572 16.948792 21
-55.715351 -728.676147 23.638409 21
-63.500370 -724.332947 31.031973 21
-48.848522 -727.436279 18.307785 21
-53.223610 -733.662231 21.414286 21
-36.206440 -730.278381 4.145126 21
-41.257347 -730.947205 11.556533 21
-41.532856 -728.003723 10.824450 21
-52.364769 -732.594727 19.220551 21
-62.943520 -727.207336 22.108759 21
-54.346760 -732.891296 20.253710 21
-36.594246 -729.940063 4.704220 21
-61.099529 -726.434082 29.837662 21
-61.138615 -725.268372 24.474211 21
-61.849785 -725.398682 30.128983 21
-38.712746 -727.584656 6.811853 21
-63.115910 -727.101562 29.934999 21
-46.920937 -728.486694 13.275951 21
-57.894569 -732.510620 21.082863 21
-42.771671 -730.071655 12.682522 21
-52.905865 -729.373413 22.815029 21
-36.818562 -731.211609 1.974545 21
-41.093700 -731.120544 9.272654 21
-60.166172 -726.753479 29.323561 21
-62.751701 -728.916992 22.536880 21
-40.387749 -729.385315 6.923666 21
-35.770538 -731.061096 -2.918637 21
-50.483501 -728.694031 21.374800 21
-45.922077 -728.725220 16.264101 21
-43.984089 -727.183289 13.937057 21
-50.251678 -723.233887 17.862299 21
-37.378948 -730.743896 3.681917 21
-57.077190 -723.530945 19.411205 21
-44.424366 -728.544006 14.662723 21
-64.265450 -726.979309 31.683105 21
-37.482685 -730.292786 1.313813 21
-42.718403 -732.457764 10.102445 21
-40.008018 -730.095032 6.969303 21
-40.950264 -728.039368 10.909755 21
-56.741024 -732.686951 20.638166 21
-49.685184 -727.898926 19.936682 21
-58.390919 -733.264587 23.396429 21
-53.974865 -729.001221 22.234949 21
-50.788265 -733.498962 20.256655 21
-60.522331 -731.412415 21.974468 21
-35.569019 -729.194763 1.149026 21
-40.943321 -729.598450 10.272045 21
-63.824661 -725.381165 30.750780 21
-53.532124 -726.862061 17.985508 21
-40.764587 -729.541626 7.592168 21
-52.838223 -727.160217 17.587957 21
-46.692291 -727.515625 13.977002 21
-64.582642 -725.349792 31.406761 21
-55.344269 -728.137634 24.573252 21
-43.697342 -727.347595 14.510753 21
-50.257442 -726.903198 16.370588 21
-59.768162 -723.616150 22.199865 21
-41.895958 -728.771423 8.279324 21
-36.879211 -730.041626 5.201440 21
-47.321018 -732.491638 18.763895 21
-48.063690 -725.272827 16.925207 21
-60.239353 -728.261841 26.496304 21
-43.927181 -728.607605 14.149160 21
-51.547382 -727.576904 22.150116 21
-43.158176 -727.739258 12.069047 21
-63.214905 -727.673035 23.632557 21
-36.325069 -728.795593 5.274191 21
-63.314011 -726.396057 23.192459 21
-52.321972 -729.354919 22.115448 21
-44.480762 -726.793030 14.751910 21
-40.801975 -730.367310 10.190575 21
-54.169594 -722.302002 19.138868 21
-52.373554 -724.198425 18.154310 21
-61.502468 -730.513733 23.052422 21
-42.464745 -729.243530 13.038085 21
-46.080578 -729.848816 12.869445 21
-36.854225 -728.910278 6.399123 21
-58.014526 -723.345947 20.339912 21
-42.028412 -727.927795 11.623987 21
-42.735977 -729.663757 13.384738 21
-37.801807 -729.758850 2.238052 21
-37.247459 -727.815430 4.941681 21
-51.583447 -727.327698 21.391151 21
-36.655399 -730.406799 3.990825 21
-45.896095 -726.229675 16.312885 21
-60.001450 -726.166260 21.596073 21
-49.783398 -732.119751 17.911539 21
-47.166115 -727.737732 17.255793 21
-38.963280 -728.414673 8.033311 21
-61.570572 -726.578308 27.637722 21
-49.414852 -730.885010 16.611158 21
-61.835781 -725.325500 29.471281 21
-55.257107 -732.540161 19.723425 21
-42.822350 -729.784668 12.314080 21
-35.841648 -728.557678 4.074974 21
-51.857143 -733.871338 21.231390 21
-53.190884 -733.407654 20.658892 21
-51.535683 -725.010864 17.762451 21
-53.084164 -727.081360 21.944464 21
-51.009892 -727.327087 20.111311 21
-61.471378 -726.014099 28.813120 21
-52.085690 -730.910400 17.994410 21
-43.023090 -728.093506 13.590785 21
-59.944939 -723.873535 22.593658 21
-44.024326 -728.022583 11.652123 21
-58.435940 -722.578003 21.229258 21
-51.450336 -727.431274 16.773985 21
-54.760410 -732.243164 19.261208 21
-52.550503 -731.485657 18.423599 21
-57.928783 -728.088562 25.369520 21
-35.498371 -728.598206 0.197765 21
-60.057674 -724.233948 21.901194 21
-50.610062 -725.782104 17.147123 21
-62.638409 -728.799744 23.690361 21
-63.144623 -726.872437 30.618010 21
-61.822098 -726.586792 30.076986 21
-57.240513 -724.542175 19.017746 21
-36.803738 -728.537720 5.256130 21
-51.709080 -728.308228 16.399378 21
-51.888912 -727.321899 22.067570 21
-53.976192 -731.397522 18.713377 21
-49.041355 -727.589844 17.496107 21
-36.368996 -728.138184 3.434865 21
-36.549274 -729.146179 5.137034 21
-55.464275 -728.727051 23.299677 21
-50.795403 -728.070984 16.019033 21
-58.989239 -723.047119 21.617331 21
-62.818775 -728.100220 24.075613 21
-35.662003 -728.966187 1.963474 21
-43.341618 -729.781494 13.839289 21
-48.689262 -727.212402 15.426540 21
-49.081135 -729.207336 14.430981 21
-47.923145 -727.620239 17.377295 21
-59.848995 -728.108032 26.492666 21
-46.427994 -727.014404 14.635826 21
-47.734615 -732.657166 18.374737 21
-59.219189 -725.952576 28.144318 21
-51.901989 -731.627075 18.227684 21
-51.212311 -728.397644 21.342012 21
-43.993286 -727.701538 12.294028 21
-42.069115 -729.816772 9.545244 21
-63.034260 -726.528687 22.495121 21
-37.125088 -727.611633 4.088676 21
-58.146664 -727.782043 27.410065 21
-42.524952 -729.591492 12.525352 21
-39.947018 -729.606262 9.765437 21
-56.374802 -733.636963 22.235842 21
-46.592991 -728.051453 17.418808 21
-53.875423 -733.232910 20.671520 21
-43.351147 -728.456238 13.453433 21
-52.269924 -723.838989 18.270512 21
-63.314678 -725.750061 30.941509 21
-54.911114 -729.169617 18.391636 21
-53.565319 -733.648376 21.246256 21
-48.685993 -724.935120 17.189703 21
-54.146889 -726.240356 18.260624 21
-55.831387 -726.034607 18.855909 21
-42.151161 -728.300293 12.982716 21
-65.503860 -726.284424 31.618765 21
-52.980690 -722.903015 18.616488 21
-39.118839 -727.562805 7.211804 21
-39.497318 -729.069458 8.857834 21
-35.400105 -729.843140 -0.403713 21
-38.765411 -727.823303 6.426684 21
-53.025047 -728.969788 16.887287 21
-48.449131 -728.870300 14.119434 21
-39.867199 -727.621887 6.782214 21
-36.777149 -727.714600 3.193438 21
-53.595837 -728.434143 22.792135 21
-45.214001 -728.093079 12.272873 21
-37.727970 -729.299683 0.670803 21
-35.832458 -731.018188 0.882430 21
-53.017365 -726.775146 17.745743 21
-59.982304 -726.620605 26.746828 21
-54.168003 -733.379211 20.904730 21
-40.675201 -728.610962 7.266808 21
-35.984703 -730.465515 1.974854 21
-44.371498 -728.038147 14.123709 21
-37.770401 -730.085022 2.765064 21
-61.361511 -727.289062 22.085531 21
-39.633503 -730.331360 8.489215 21
-54.630020 -728.060364 24.561180 21
-38.046852 -728.900757 3.066332 21
-54.687706 -727.263123 24.857378 21
-41.148506 -731.339478 8.900014 21
-36.859787 -728.441589 6.042706 21
-60.991127 -730.818970 22.172850 21
-57.077198 -728.851562 24.840076 21
-43.767906 -729.271973 13.754518 21
-60.479809 -727.888489 26.890989 21
-37.356663 -728.282043 -0.778098 21
-56.047523 -726.954468 19.186481 21
-48.566875 -728.474915 18.958235 21
-49.203041 -723.006653 17.426571 21
-53.362370 -733.049255 20.166679 21
-36.028851 -730.882507 2.196369 21
-41.264771 -730.213867 10.613400 21
-49.912205 -731.702515 17.494883 21
-39.206207 -729.719910 9.289654 21
-64.059853 -727.300903 31.767986 21
-44.564663 -727.968018 12.124696 21
-61.233631 -725.257202 28.946075 21
-50.344982 -732.119629 18.123034 21
-43.088268 -729.233521 13.801409 21
-39.535831 -727.770630 8.031753 21
-49.959587 -727.849487 20.241766 21
-39.316311 -728.375854 5.053307 21
-52.034542 -728.052612 22.182060 21
-42.623135 -732.812378 10.572174 21
-41.113281 -731.337036 10.098010 21
-41.937511 -728.320496 11.829103 21
-60.732918 -727.370300 28.770361 21
-51.864075 -730.408508 17.635542 21
-39.193401 -729.438843 8.289418 21
-42.780949 -727.559326 12.683728 21
-53.548195 -722.466125 18.819881 21
-54.041931 -728.911804 17.623245 21
-53.207554 -727.140930 22.778355 21
-37.091209 -728.205383 6.523479 21
-45.087250 -728.811279 11.581284 21
-36.584034 -728.067932 1.191584 21
-37.943554 -728.739685 -0.045025 21
-53.807869 -731.640076 18.951624 21
-47.994629 -728.780945 18.276001 21
-51.088779 -731.250366 17.704498 21
-58.692791 -724.427856 19.934053 21
-56.868309 -729.539307 25.054577 21
-41.474121 -729.776978 11.206541 21
-58.391300 -723.366699 20.664646 21
-37.973778 -728.462036 2.101314 21
-55.948910 -733.236816 21.455679 21
-45.416416 -727.984436 15.196925 21
-50.790863 -727.453064 16.304270 21
-45.601074 -729.653137 12.279399 21
-36.322601 -731.220398 -1.393859 21
-50.702717 -733.962036 20.749805 21
-50.227402 -727.848877 15.755326 21
-50.583389 -727.355957 19.830193 21
-38.618614 -729.122192 4.393288 21
-38.076725 -728.430237 3.643675 21
-46.759262 -725.753967 16.698334 21
-49.100822 -732.260864 17.856174 21
-60.098999 -724.262817 22.352776 21
-40.999424 -727.935425 7.134061 21
-61.205124 -725.668152 29.989283 21
-62.983318 -727.801147 22.299385 21
-41.971218 -729.514709 12.231351 21
-63.024643 -727.958862 22.707993 21
-46.636761 -725.436646 17.219967 21
-56.859432 -733.585144 22.867210 21
-58.164791 -732.299805 20.404943 21
-58.497272 -723.705200 19.985762 21
-60.909985 -727.486267 27.334953 21
-41.925407 -728.403015 8.930337 21
-37.333782 -730.661377 0.344293 21
-37.076717 -730.620117 3.902134 21
-57.476898 -731.900940 19.536573 21
-37.734398 -728.777283 7.529774 21
-61.399490 -726.879272 29.805647 21
-58.505592 -726.174988 20.199476 21
-59.297501 -732.310547 21.005325 21
-36.178062 -730.614441 3.696778 21
-41.413631 -731.556091 10.248410 21
-48.335014 -727.626892 17.372873 21
-49.265610 -727.497620 18.968401 21
-35.897686 -729.217957 4.572669 21
-50.630676 -727.627502 18.666868 21
-62.311966 -729.211853 21.370901 21
-62.314575 -724.943054 28.762432 21
-64.251274 -725.022339 30.937962 21
-39.393692 -729.514465 5.608662 21
-37.674583 -729.548401 7.134501 21
-41.700020 -731.728149 10.830032 21
-54.137211 -728.586853 23.551798 21
-52.848713 -728.280029 22.527737 21
-58.905621 -723.590637 21.153633 21
-36.446518 -730.470215 2.817139 21
-63.093380 -726.788940 22.740862 21
-51.687840 -731.082153 17.920942 21
-56.021423 -732.888794 20.812496 21
-50.824387 -727.095947 16.607586 21