-51.593513 -727.315491 20.340853 21
-36.010559 -731.024780 -3.218283 21
-66.096680 -726.130005 31.423767 21
-41.196335 -732.231323 10.749325 21
-62.335724 -729.590027 21.594728 21
-37.221928 -727.628967 4.550974 21
-44.659462 -726.454102 15.702698 21
-58.515091 -726.341675 28.145382 21
-58.109756 -722.373535 20.950708 21
-55.555862 -734.068542 22.395365 21
-46.932796 -732.666748 18.885370 21
-49.877274 -729.180969 14.977635 21
-52.680141 -721.909546 18.424515 21
-57.032730 -729.429382 19.570601 21
-54.933216 -728.287109 24.523474 21
-61.636139 -724.992493 24.082001 21
-52.260574 -732.263245 18.726990 21
-44.779083 -728.614990 11.084526 21
-48.148010 -723.524841 17.566853 21
-41.085815 -728.629639 7.327551 21
-36.763496 -731.282715 1.569052 21
-62.849525 -724.871948 28.524557 21
-55.614620 -725.289551 18.571188 21
-59.780289 -732.796204 23.362766 21
-44.867020 -730.824097 15.524961 21
-47.749660 -728.440247 18.668190 21
-59.383881 -726.286072 20.920778 21
-53.310642 -728.772949 17.077747 21
-36.876282 -728.158813 -0.756492 21
-40.936852 -728.397278 11.461547 21
-38.012741 -730.879700 6.364055 21
-50.692371 -726.114136 16.983269 21
-58.289680 -728.955933 25.689268 21
-46.964108 -728.090698 13.606515 21
-59.679371 -731.422363 20.050657 21
-55.553822 -732.392395 19.511631 21
-49.845905 -733.705566 20.398899 21
-49.483349 -731.540649 17.219791 21
-63.092293 -727.893982 24.220579 21
-39.040367 -729.991943 9.489839 21
-52.607742 -729.339417 22.558941 21
-63.258251 -727.238281 30.662674 21
-47.798157 -726.105591 15.884661 21
-42.739109 -729.429382 13.756474 21
-55.573723 -721.590027 19.379578 21
-52.711475 -733.793823 21.415319 21
-61.138214 -727.288757 27.032894 21
-35.340565 -728.803040 2.487109 21
-38.070957 -728.021667 7.372929 21
-38.207111 -728.680115 1.792339 21
-56.659695 -726.333740 25.786472 21
-37.965054 -731.091309 -1.114077 21
-61.256088 -730.311890 24.153772 21
-64.040321 -724.305359 30.995316 21
-52.814655 -724.693115 18.062557 21
-54.572861 -727.468567 21.890093 21
-60.707275 -726.448242 29.882248 21
-59.968349 -723.962708 22.196230 21
-57.652046 -732.685242 21.350651 21
-38.015331 -729.130371 -3.013769 21
-42.421947 -729.717468 9.648222 21
-47.551735 -730.507751 15.334438 21
-36.347641 -730.646240 4.147867 21
-58.031303 -724.564880 19.401705 21
-39.851799 -728.926697 5.004299 21
-46.145477 -728.599854 16.547379 21
-61.670876 -727.072266 22.019211 21
-35.441559 -730.314453 -0.466028 21
-44.207031 -727.274902 13.291447 21
-54.568272 -730.117188 18.806194 21
-49.927280 -729.138916 19.852453 21
-50.641346 -723.309326 17.952938 21
-57.044632 -726.961426 19.753012 21
-51.508507 -730.334290 17.385342 21
-54.719933 -727.442993 18.419111 21
-46.504486 -725.144958 17.489592 21
-40.465092 -726.441406 7.344500 21
-60.825893 -731.200562 22.120749 21
-40.267460 -728.049683 9.340672 21
-46.477985 -731.717529 16.918163 21
-45.801418 -729.889832 12.593922 21
-63.538433 -726.093567 23.049009 21
-44.667400 -728.700012 14.945882 21
-49.741776 -727.486572 18.397514 21
-52.313026 -727.168518 22.419237 21
-57.566433 -731.550049 19.418417 21
-54.505196 -723.373413 18.783199 21
-38.272808 -729.703613 3.720170 21
-40.809120 -731.084778 8.957890 21
-52.663845 -726.739868 17.610207 21
-51.248714 -728.185242 16.204000 21
-42.950863 -727.811646 11.743773 21
-36.963310 -729.150635 5.966247 21
-57.435131 -733.538025 23.201504 21
-49.474171 -727.293213 15.765349 21
-56.522438 -729.552490 24.884100 21
-62.385403 -725.417969 30.481846 21
-50.274937 -732.582764 18.748459 21
-42.454781 -729.772583 11.677932 21
-57.477863 -727.679626 27.048559 21
-43.017841 -733.020935 10.552405 21
-50.811401 -728.801575 21.603878 21
-35.178421 -728.578735 0.419834 21
-40.771023 -730.237549 10.735953 21
-56.564949 -723.284485 19.353420 21
-53.741177 -726.898315 23.721701 21
-39.826355 -729.971680 6.642125 21
-53.619816 -732.900818 19.946888 21
-48.968990 -725.254272 17.196583 21
-37.723255 -729.715332 0.242409 21
-35.678318 -729.356140 -2.107402 21
-48.128738 -727.530518 17.062517 21
-46.216015 -726.679626 14.679669 21
-60.199871 -725.502563 28.283133 21
-62.367920 -726.616272 29.019886 21
-54.661308 -729.105347 22.879269 21
-48.298862 -729.389221 14.014615 21
-35.828506 -728.885559 4.387527 21
-60.708336 -725.630981 22.558420 21
-51.599205 -733.284607 20.065300 21
-60.072132 -728.510071 26.239016 21
-36.769730 -727.729675 2.664335 21
-36.315041 -731.796875 -1.273090 21
-42.011173 -728.002930 10.021000 21
-39.632210 -727.833069 6.532931 21
-59.397858 -724.531006 20.566954 21
-61.111492 -730.453308 20.523893 21
-59.711632 -727.645874 28.083609 21
-59.281246 -732.008850 21.811895 21
-64.391785 -726.552551 31.829098 21
-53.007023 -730.715759 18.286045 21
-35.483200 -730.102234 1.291341 21
-42.683167 -731.217834 10.727614 21
-62.884933 -729.665955 24.046965 21
-62.064407 -726.584656 24.777363 21
-56.226753 -728.018494 25.788494 21
-62.979050 -728.164612 22.403402 21
-55.415226 -726.572144 24.605513 21
-45.605511 -728.124878 12.538245 21
-48.577740 -733.077515 19.407789 21
-38.899666 -730.740784 7.861484 21
-55.035881 -733.195557 21.022848 21
-36.837032 -727.913452 0.945299 21
-50.053234 -730.152039 16.373077 21
-62.508396 -726.138184 27.374372 21
-37.254158 -729.685303 7.565878 21
-47.916298 -727.465027 14.878112 21
-58.367031 -726.725586 26.000547 21
-44.904041 -731.240784 17.194654 21
-47.563057 -729.193542 17.203754 21
-53.981853 -725.912109 18.161720 21
-43.424629 -727.526367 14.704402 21
-51.344147 -727.808105 18.811310 21
-54.181347 -731.689941 18.852848 21
-39.040508 -728.713013 8.455672 21
-38.172394 -729.431763 -1.281104 21
-43.508369 -728.589966 10.086769 21
-43.529900 -729.830688 15.110806 21
-49.964649 -727.524170 20.034607 21
-37.632053 -730.111023 2.241690 21
-46.160496 -725.916992 16.120115 21
-41.821983 -728.279419 12.799153 21
-48.031975 -731.511108 16.480499 21
-63.015656 -723.847046 29.880203 21
-51.207851 -724.788025 17.664989 21
-38.510349 -727.865234 5.433913 21
-53.109188 -727.630737 20.512516 21
-48.399345 -732.434326 17.989084 21
-38.109123 -728.204895 3.305830 21
-38.849842 -730.134949 5.273531 21
-52.535946 -729.198059 21.018459 21
-46.729271 -729.819519 14.224667 21
-54.067081 -721.833923 19.228542 21
-55.911766 -730.982056 19.044436 21
-36.155922 -730.296570 2.651236 21
-60.362602 -724.242004 23.741615 21
-52.136635 -723.338440 18.401102 21
-54.057652 -734.015808 22.108177 21
-58.262814 -725.996948 19.936455 21
-56.800243 -722.054138 20.276274 21
-60.372845 -731.428345 23.641216 21
-36.864761 -731.080383 0.073861 21
-42.046375 -728.610352 8.648926 21
-59.739620 -726.879333 26.594057 21
-55.731987 -729.038330 18.930790 21
-61.516117 -725.354309 29.252476 21
-53.460373 -728.224121 23.089834 21
-50.934605 -731.591980 17.859247 21
-56.995895 -725.578430 19.162321 21
-58.168339 -727.287720 20.627907 21
-41.104530 -729.813965 8.187780 21
-43.840229 -729.930542 11.226736 21
-37.575943 -730.814087 4.966646 21
-60.970947 -727.097107 28.542479 21
-61.745510 -730.269104 22.727551 21
-55.804081 -726.691772 18.995310 21
-56.820023 -732.535217 20.173882 21
-55.280685 -729.620605 24.177736 21
-58.492283 -732.174988 20.303686 21
-58.892635 -722.975647 21.994051 21
-56.330383 -733.191040 21.579514 21
-62.290169 -726.688110 23.335537 21
-45.852413 -732.052429 18.151108 21
-45.744888 -727.890015 15.381164 21
-48.868637 -730.028748 15.614122 21
-39.293106 -727.414490 7.841957 21
-63.697868 -725.702026 30.931984 21
-60.996323 -726.264099 23.929071 21
-52.133133 -729.238892 16.463984 21
-58.551773 -732.889587 22.629505 21
-49.452427 -724.005066 17.627192 21
-48.985134 -728.275391 19.291250 21
-57.764618 -723.351074 20.033047 21
-43.160110 -728.209534 13.127037 21
-35.645790 -730.714722 -1.878932 21
-40.349747 -729.423340 9.708362 21
-44.097370 -729.422241 13.930496 21
-45.538166 -727.278870 13.615864 21
-65.011269 -725.337097 31.242716 21
-47.004963 -727.637817 16.145163 21
-54.262653 -724.609131 18.270887 21
-59.696255 -726.635193 29.033695 21
-45.832233 -729.307556 15.466037 21
-60.189297 -725.305481 21.335810 21
-35.655022 -728.829651 -0.804023 21
-51.566689 -727.107117 16.951014 21
-59.935654 -726.861267 21.979710 21
-56.123497 -728.620911 23.991682 21
-37.371628 -728.555969 -2.019368 21
-51.357811 -727.574585 21.607290 21
-47.741585 -724.752441 17.259167 21
-57.718830 -726.331604 27.096064 21
-62.109184 -726.711548 30.298899 21
-51.476406 -722.224304 18.050964 21
-54.687805 -728.906677 18.137533 21
-44.212612 -727.882629 12.030821 21
-47.000443 -729.333130 13.057145 21
-49.497814 -726.219849 16.490894 21
-55.652702 -723.966064 18.685249 21
-48.833450 -728.406433 14.671247 21
-41.679554 -731.341187 9.854544 21
-41.615261 -730.996582 11.382529 21
-50.974838 -729.359009 15.753602 21
-51.024826 -733.978760 20.938339 21
-37.060646 -731.026978 3.144370 21
-46.976982 -728.068298 17.357307 21
-38.668789 -728.798828 4.619853 21
-53.372604 -727.153992 21.684357 21
-62.523701 -729.290100 22.915314 21
-58.648376 -723.537537 20.889341 21
-40.324841 -731.316833 10.064474 21
-36.487469 -730.039124 5.241901 21
-52.126389 -725.626892 17.645380 21
-44.861485 -726.740662 14.523259 21
-49.609035 -722.723206 17.592093 21
-37.775154 -728.488770 0.224379 21
-53.332832 -722.899109 18.783007 21
-40.172947 -728.338257 8.096045 21
-47.215328 -732.215881 17.753485 21
-53.829021 -733.478333 21.005302 21
-57.098373 -728.468201 24.768831 21
-60.209202 -731.587769 21.133232 21
-56.900761 -724.358765 18.919119 21
-38.561619 -729.412842 7.572056 21
-53.352394 -727.760803 17.765614 21
-39.620163 -730.902954 8.842766 21
-53.629753 -728.940430 22.033144 21
-49.345989 -727.632568 17.258951 21
-55.434139 -722.796326 19.355425 21
-37.579384 -728.111938 6.175251 21
-35.734047 -728.198608 1.441975 21
-52.208344 -728.328064 22.001423 21
-48.513138 -727.606934 18.209339 21
-35.731136 -731.011047 0.491737 21
-52.662457 -729.779480 17.607943 21
-58.484188 -727.581543 27.666191 21
-36.033504 -728.346863 3.351190 21
-44.028168 -728.229065 13.973008 21
-58.043381 -727.746582 25.499662 21
-55.191868 -727.492188 25.363270 21
-50.547340 -727.162292 16.351023 21
-48.597626 -729.030273 17.740036 21
-62.981297 -726.943054 22.409060 21
-50.126087 -725.158203 17.419575 21
-43.075928 -729.826233 12.696989 21
-45.799568 -731.296326 16.071777 21
-40.341167 -728.533020 10.476830 21
-35.784107 -729.476379 3.391487 21
-49.047798 -730.827393 16.416428 21
-52.001015 -731.268127 18.129721 21
-61.695488 -730.537170 21.527706 21
-44.805920 -729.760315 11.821962 21
-41.335804 -729.453735 11.336174 21
-39.766754 -728.914307 6.127984 21
-57.177170 -729.337463 25.797329 21
-47.173019 -725.534790 16.654337 21
-42.606400 -732.120361 9.970270 21
-36.610222 -728.242004 5.375984 21
-41.942585 -727.924500 11.216879 21
-58.935333 -727.688965 26.192160 21
-61.239239 -726.213562 27.377171 21
-60.024109 -731.897644 22.680510 21
-45.244247 -726.266174 16.667877 21
-50.468761 -730.840515 17.160294 21
-54.457184 -727.226379 24.551712 21
-53.601196 -729.762329 18.274405 21
-63.400280 -724.857056 30.250849 21
-56.602310 -727.106812 26.599964 21
-50.436863 -728.426514 20.566080 21
-63.302845 -726.796265 23.879972 21
-51.510090 -728.950623 20.679960 21
-62.305744 -728.760925 24.335833 21
-40.887123 -727.584656 7.009923 21
-61.213688 -727.172607 23.027208 21
-37.997982 -729.161926 2.790012 21
-56.527363 -731.892517 19.295979 21
-52.540688 -732.867859 19.595428 21
-37.154499 -730.196228 6.257407 21
-50.325024 -728.364746 15.619082 21
-53.746124 -729.485046 23.329933 21
-36.195011 -728.187622 0.091022 21
-39.159626 -729.808899 8.389192 21
-62.547337 -724.851440 29.570787 21
-52.279377 -728.227173 16.824615 21
-56.563595 -733.701111 22.560465 21
-53.859467 -727.038391 22.659492 21
-51.266167 -732.691040 19.123131 21
-49.481510 -732.304443 18.071573 21
-54.876835 -726.367920 18.539074 21
-44.262543 -730.720032 16.517384 21
-35.437248 -729.609009 0.331115 21
-47.139835 -726.692627 15.193006 21
-54.020096 -728.084900 24.008265 21
-48.514633 -726.843262 15.619847 21
-37.644733 -730.555725 3.938455 21
-62.827827 -725.420898 23.448837 21
-39.829121 -730.339844 10.085198 21
-53.348068 -732.288208 19.080015 21
-52.340897 -727.720398 19.739382 21
-44.904907 -727.806702 14.426817 21
-55.095703 -728.325806 23.453691 21
-59.184887 -725.513611 20.249149 21
-37.374268 -730.496399 0.859119 21
-50.663685 -727.340759 20.858118 21
-56.007896 -727.627380 19.444016 21
-38.808956 -730.186157 6.409535 21
-49.663246 -733.105896 19.557524 21
-42.825428 -728.038391 10.669234 21
-56.055386 -729.976074 19.320494 21
-37.410625 -727.939331 1.845622 21
-61.232651 -726.028870 28.513081 21
-54.695732 -732.771484 20.119804 21
-53.455601 -723.884644 18.419577 21
-40.581356 -729.537964 7.246404 21
-61.400455 -727.148804 29.531725 21
-46.947060 -727.379150 14.401568 21
-60.825340 -725.303833 23.544477 21
-55.822327 -732.787720 20.503487 21
-42.175056 -729.323547 12.585119 21
-38.443794 -727.562195 6.417438 21
-41.292362 -728.194092 9.243320 21
-46.213833 -728.935181 12.430209 21
-61.124214 -725.492432 24.825977 21
-63.018394 -726.735718 29.791740 21
-37.461185 -728.799927 7.074884 21
-60.522621 -724.624878 22.736662 21
-52.862961 -733.344360 20.476759 21
-38.130699 -730.262451 7.200195 21
-42.798977 -728.572937 9.340562 21
-61.466690 -725.824219 30.214460 21
-42.012043 -732.836853 10.841059 21
-47.840115 -728.321960 14.101707 21
-36.185833 -731.691101 -2.481287 21
-63.165211 -727.627075 23.260862 21
-38.191410 -727.899475 4.458642 21
-57.491867 -733.213013 22.201220 21
-52.363304 -727.172852 21.412884 21
-52.970955 -727.293518 23.183247 21
-51.827515 -729.248291 21.741110 21
-53.893101 -726.964417 18.108034 21
-50.883064 -727.393677 19.620026 21
-39.502476 -728.788635 9.345284 21
-45.393341 -728.819702 11.858794 21
-37.768452 -728.533386 -1.055993 21
-60.186211 -725.817932 29.295227 21
-48.174934 -725.515686 16.639585 21
-59.177971 -725.718384 27.728411 21
-59.414040 -731.880066 23.550919 21
-41.851479 -728.745056 11.820827 21
-62.922478 -726.317200 30.917191 21
-62.611450 -728.638672 21.586163 21
-39.851963 -730.357727 7.896328 21
-63.998272 -727.345398 31.372086 21
-61.107651 -730.974731 23.035856 21
-37.714535 -729.187988 1.097262 21
-43.319160 -730.127502 14.116811 21
-35.882030 -731.190063 -0.615160 21
-41.179138 -728.019836 10.583837 21
-36.836922 -727.830078 3.639010 21
-59.349720 -732.002808 20.772718 21
-42.171494 -730.091492 10.790554 21
-43.813755 -728.200256 11.187473 21
-35.579502 -729.162048 1.587306 21
-35.297756 -729.781677 -1.317497 21
-48.770996 -729.058960 18.736650 21
-62.799019 -728.503174 23.489122 21
-51.923908 -724.243774 18.074112 21
-58.593456 -724.070862 20.062746 21
-54.953213 -731.060486 18.890236 21
-62.148438 -725.558899 28.491791 21
-45.649864 -726.338684 15.383983 21
-59.064331 -728.679810 26.211031 21
-35.854019 -730.811646 1.849730 21
-50.626278 -733.272400 19.960911 21
-50.379116 -724.281189 17.803898 21
-40.142525 -728.485901 7.051507 21
-55.617912 -726.680176 25.687181 21
-61.756187 -729.747009 20.832968 21
-59.438656 -723.968506 21.379139 21
-39.388950 -728.213318 5.568198 21
-47.923157 -732.776855 18.760492 21
-43.370293 -727.494690 13.754786 21
-44.077938 -729.167175 10.676206 21
-53.048981 -725.844971 17.881704 21
-62.113808 -730.018738 23.567759 21
-44.334328 -727.318848 15.082981 21
-39.771473 -729.936157 5.693858 21
-58.530201 -732.326294 21.290684 21
-51.940521 -733.716797 20.853279 21
-53.908829 -730.793884 18.673626 21
-59.031662 -727.055115 28.485964 21
-41.110462 -728.377563 8.225863 21
-46.843033 -729.242188 16.569733 21
-38.166660 -728.676514 8.094049 21
-40.848358 -729.319397 10.541359 21
-48.487400 -731.974121 17.169765 21
-60.417809 -727.646362 26.565716 21
-65.295334 -726.604675 31.585958 21
-60.784046 -727.364807 22.056414 21
-52.906532 -731.603455 18.530203 21
-37.167908 -731.511536 -1.552440 21
-41.081707 -731.142029 10.570690 21
-48.579250 -724.354187 17.455385 21
-45.866165 -725.560852 16.954739 21
-44.120388 -730.281250 15.675801 21
-49.147934 -728.561157 20.145775 21
-58.777943 -733.109802 23.490732 21
-50.858009 -729.997253 16.821606 21
-54.852184 -733.640076 21.808393 21
-61.025280 -731.120728 21.213503 21
-36.548531 -728.307007 4.438184 21
-36.230782 -729.177734 5.370889 21
-55.949135 -722.235657 19.910547 21
-43.384502 -727.381409 12.833857 21
-48.048836 -729.824951 14.941431 21
-35.953896 -728.073303 2.380031 21
-57.775200 -726.847900 25.302994 21
-48.978310 -729.553833 14.602256 21
-43.333858 -729.786499 10.469945 21
-51.568806 -726.262146 17.271318 21
-44.988308 -729.552856 14.815163 21
-62.684269 -726.133423 22.720278 21
-36.213634 -729.741455 4.431422 21
-50.622940 -727.730774 18.261993 21
-59.319023 -727.180054 21.103622 21
-54.008331 -728.438477 17.780577 21
-60.250244 -726.011902 21.877274 21
-54.768391 -725.500244 18.362198 21
-54.325657 -732.415649 19.369389 21
-38.280781 -730.216553 4.573730 21
-38.340603 -729.477905 -2.165614 21
-52.627480 -728.022888 22.762880 21
-63.188210 -724.010803 30.854160 21
-42.018841 -731.886292 10.753520 21
-48.305210 -730.714966 15.934698 21
-49.276649 -732.796387 18.816851 21
-60.394535 -726.517395 22.672472 21
-59.894516 -723.777954 23.076281 21
-54.624710 -726.737488 23.832216 21
-38.921886 -727.878723 7.177357 21
-62.024361 -725.720642 24.554325 21
-40.195309 -727.556519 7.566208 21
-45.267899 -728.622559 15.610966 21
-35.586090 -729.672546 2.315601 21
-60.402439 -731.072449 20.424728 21
-37.626568 -727.895081 5.299206 21
-46.184978 -727.945618 13.190287 21
-49.449837 -728.119751 15.254039 21
-49.488983 -727.489319 19.251108 21
-45.001923 -727.570984 12.887321 21
-51.423172 -732.128235 18.430647 21
-42.532036 -727.841919 12.536615 21
-64.192177 -725.053650 31.443010 21
-47.742348 -727.958374 17.912483 21
-37.671028 -730.900757 -0.220931 21
-47.667328 -728.963806 13.520062 21
-55.593822 -728.308533 25.115026 21
-54.585205 -722.562988 19.208975 21
-53.578091 -725.139832 18.074631 21
-58.492977 -725.894958 27.219875 21
-57.029926 -728.030518 26.376177 21
-41.623009 -730.034668 9.446795 21
-57.882435 -726.942749 27.703363 21
-57.620918 -732.267578 19.927038 21
-38.061745 -729.041077 -0.377011 21
-57.362225 -723.778503 19.375843 21
-37.815681 -730.205566 3.166711 21
-41.795631 -729.504456 8.636817 21
-59.332127 -732.407043 22.642170 21
-62.952644 -724.161499 29.070253 21
-48.630577 -726.174561 16.267159 21
-43.467136 -728.890747 13.658962 21
-47.459743 -731.172913 15.920570 21
-50.562199 -722.467346 17.721848 21
-56.608391 -726.333130 19.342325 21
-49.049877 -733.570251 20.090155 21
-58.718704 -724.918884 19.833075 21
-55.158096 -724.594299 18.369871 21
-54.557003 -729.474670 23.708952 21
-52.370689 -727.456421 17.210018 21
-57.039902 -722.844666 20.007683 21
-60.503693 -727.081116 29.270990 21
-37.609692 -729.650574 6.784931 21
-37.103752 -731.305298 -0.715130 21
-60.735909 -724.852600 24.261164 21
-37.048515 -728.033508 0.099388 21
-59.331959 -726.080505 28.479548 21
-57.800838 -726.735718 20.105024 21
-57.854900 -725.383179 19.424732 21
-54.976803 -731.919312 19.048300 21
-58.648792 -726.557007 20.583424 21
-63.738411 -726.493164 31.228025 21
-48.962574 -723.291626 17.569393 21
-46.946411 -726.016846 15.783666 21
-40.562122 -728.926880 6.463801 21
-37.179852 -730.828918 2.288552 21
-35.221336 -729.483521 -0.496814 21
-45.726860 -731.541809 17.261595 21
-54.295422 -728.365967 23.181601 21
-37.897808 -728.202698 2.490611 21
-45.042320 -731.077759 16.354246 21
-55.540638 -729.055298 23.571430 21
-50.303844 -727.454407 19.010782 21
-36.534054 -727.996033 1.718240 21
-62.704620 -726.209045 23.879608 21
-39.479908 -728.106934 8.800909 21
-60.131348 -724.481750 21.556810 21
-38.326683 -728.871460 3.819710 21
-39.194061 -729.362976 5.335159 21
-59.655468 -723.171204 22.254787 21
-37.777725 -728.323303 1.048347 21
-36.332817 -730.728699 1.104819 21
-37.485382 -727.676086 3.079955 21
-52.218700 -730.448730 17.835655 21
-40.185085 -730.673279 9.395575 21
-51.030918 -728.140381 21.092415 21
-37.126163 -730.783203 5.661572 21
-44.031918 -727.096741 14.329755 21
-46.874691 -728.525146 12.898376 21
-47.806107 -728.883484 17.968248 21
-50.161518 -731.931702 17.804335 21
-58.445248 -731.615662 19.690195 21
-64.195709 -727.157471 30.594767 21
-57.488094 -726.104614 19.652510 21
-48.673428 -727.549744 15.202805 21
-61.909508 -726.704102 27.432053 21
-36.175297 -730.753479 3.346918 21
-56.897045 -732.781311 21.023623 21
-42.819649 -728.947144 12.937690 21
-35.793777 -730.213257 -2.527120 21
-53.398006 -722.082031 18.795500 21
-38.746353 -728.092957 8.013906 21
-51.374081 -723.603210 18.165983 21
-46.290489 -727.548584 13.939400 21
-42.707127 -728.034485 13.776507 21
-51.112972 -725.580566 17.401928 21
-56.464386 -725.039307 18.795290 21
-57.323944 -726.238403 26.401726 21
-55.967869 -727.314758 26.066977 21
-43.171867 -729.282776 9.856181 21
-37.821926 -729.388000 1.947467 21
-60.149094 -727.069214 27.712759 21
-41.872486 -731.013062 10.585814 21
-53.087749 -726.935120 22.423615 21
-60.873703 -725.632263 29.673111 21
-52.171730 -722.540466 18.414391 21
-56.160019 -725.752502 18.931276 21
-36.780491 -730.795349 4.837414 21
-47.487938 -724.072815 17.606733 21
-47.708504 -733.088257 19.474056 21
-55.305973 -729.834656 19.112158 21
-58.197258 -732.658569 21.938272 21
-47.464924 -729.722046 13.636357 21
-39.528328 -729.543518 9.057201 21
-60.389019 -725.083679 22.067261 21
-64.467628 -725.967163 31.291119 21
-62.674599 -726.932190 24.341875 21
-54.852261 -721.857544 19.510273 21
-40.344452 -731.720215 10.755977 21
-52.638821 -723.920044 18.201223 21
-49.748901 -730.900818 16.845598 21
-46.300121 -727.942993 16.043158 21
-57.167049 -726.954773 27.109499 21
-52.884254 -728.625916 22.347792 21
-49.629093 -725.632690 16.989958 21
-55.599766 -733.444946 21.612816 21
-49.360703 -729.011292 19.318487 21
-60.725216 -725.435547 28.866533 21
-62.159088 -729.062927 21.035631 21
-58.221210 -733.558533 23.125383 21
-57.438545 -722.426331 20.542921 21
-60.174164 -731.712769 21.928944 21
-36.122185 -731.080200 2.625886 21
-60.696697 -730.885986 24.134027 21
-52.346554 -727.325745 20.650055 21
-49.988708 -727.724426 17.703856 21
-55.727627 -731.737183 19.101501 21
-51.553341 -728.573303 21.487652 21
-40.290161 -730.766907 8.461133 21
-61.113815 -724.479004 23.696352 21
-55.411186 -727.473938 18.784578 21
-44.935642 -728.154724 11.981136 21
-60.853420 -726.024048 23.214748 21
-40.716049 -728.003418 9.974428 21
-41.989124 -727.989929 12.004442 21
-62.262074 -729.782349 22.335230 21
-47.125832 -728.529419 18.011391 21
-53.348511 -729.134399 22.785118 21
-53.765381 -729.135681 17.577211 21
-47.431824 -727.683777 16.784702 21
-43.854485 -730.500732 14.991129 21
-46.401588 -726.319580 15.322154 21
-38.324951 -730.131836 -1.547284 21
-62.692753 -729.113647 22.197269 21
-39.032902 -728.197144 4.888687 21
-46.588741 -732.231445 18.245527 21
-61.426685 -730.743591 22.208660 21
-53.510216 -727.642456 23.658415 21
-56.064308 -729.299438 24.315874 21
-49.909714 -723.385254 17.812103 21
-57.561607 -732.771973 20.481634 21
-48.437355 -728.175659 18.738316 21
-58.357441 -722.931030 21.439590 21
-58.545700 -728.234680 25.801340 21
-37.423672 -730.533325 1.620343 21
-51.353802 -730.996399 17.701323 21
-61.981152 -726.762085 22.627659 21
-36.218086 -731.237671 -1.865164 21
-54.860203 -729.404419 18.690334 21
-41.480038 -730.303711 10.978661 21
-38.693039 -729.583801 4.666426 21
-56.856041 -727.681396 19.912729 21
-50.800148 -729.213623 20.608410 21
-62.741837 -725.425903 28.019304 21
-35.396984 -728.705750 3.364144 21
-42.413200 -729.153503 9.074727 21
-55.695862 -728.135925 24.381107 21
-51.576317 -728.954285 15.955584 21
-61.431763 -726.608948 30.050289 21
-50.155777 -726.552856 16.535618 21
-37.599052 -727.921936 3.777911 21
-48.705669 -731.407104 16.736925 21
-38.279762 -730.587097 5.378449 21
-52.863289 -728.012939 17.270189 21
-36.956470 -728.539673 6.385745 21
-51.906483 -724.955200 17.860468 21
-62.869957 -727.614990 21.925167 21
-42.366146 -728.635620 12.427192 21
-60.606812 -723.974854 23.057920 21
-35.422993 -730.351440 0.464374 21
-59.724125 -725.636536 20.840027 21
-49.512390 -724.754578 17.524553 21
-49.825306 -728.306702 20.042109 21
-44.154770 -728.818481 14.405252 21
-44.103981 -726.984558 15.686852 21
-38.970135 -730.070312 7.580957 21
-63.905521 -724.989868 30.752180 21
-45.378609 -726.622253 16.005171 21
-51.538136 -727.120667 21.071508 21
-58.114693 -723.116516 20.647913 21
-55.236809 -723.394470 18.901081 21
-41.492840 -729.044434 8.128573 21
-46.785961 -728.737427 17.104393 21
-61.811234 -726.116455 29.029282 21
-37.539703 -728.957336 7.775638 21
-45.528488 -727.401794 14.330725 21
-36.129219 -728.214539 0.832402 21
-49.043186 -727.399048 18.643721 21
-35.532688 -728.950195 -0.095153 21
-61.519981 -726.222046 24.451040 21
-49.472088 -729.750000 15.159980 21
-57.374432 -724.956543 19.113441 21
-53.327141 -726.496765 17.907495 21
-61.847225 -727.106995 28.923992 21
-61.495441 -730.518982 23.507584 21
-49.524334 -729.917664 15.935811 21
-56.222832 -732.465698 19.776815 21
-47.857033 -726.896973 15.304756 21
-55.495132 -726.022522 18.698267 21
-36.902100 -728.317139 -1.468943 21
-43.530754 -727.690247 12.191357 21
-35.627380 -730.410217 -1.218266 21
-43.082153 -731.768372 10.374239 21
-46.670750 -728.015198 16.666586 21
-47.421928 -730.145142 14.724536 21
-39.996319 -728.503174 9.852351 21
-54.336525 -733.119995 20.651215 21
-62.058327 -725.310791 29.801928 21
-51.597797 -727.637207 19.462639 21
-54.738850 -724.021790 18.507835 21
-50.516193 -727.818359 16.066914 21
-42.574364 -732.404480 10.631847 21
-46.295506 -731.870178 17.609015 21
-62.565205 -729.174744 23.622904 21
-53.599842 -733.673828 21.666290 21
-40.699139 -728.251892 8.809633 21
-39.467979 -728.121643 7.895307 21
-49.173443 -727.620728 17.951818 21
-51.918854 -727.700256 22.123383 21
-50.719814 -732.198181 18.321009 21
-49.125206 -726.634338 16.038343 21
-57.022034 -733.007690 21.690531 21
-44.746651 -729.311340 11.263311 21
-38.743954 -729.606934 8.911875 21
-50.629848 -732.937073 19.300179 21
-37.730595 -730.870422 2.908153 21
-41.792095 -729.611511 11.877815 21
-38.782299 -728.218262 4.192663 21
-37.961292 -728.977112 -1.844251 21
-60.412373 -727.513855 28.656555 21
-59.057602 -731.778503 20.092379 21
-62.248337 -729.890198 24.256983 21
-42.712978 -728.281494 10.013164 21
-44.798115 -729.493652 14.129966 21
-56.421356 -727.058167 19.398426 21
-47.071747 -724.687866 17.501675 21
-49.915443 -727.874939 20.650755 21
-51.240391 -722.886475 18.173851 21
-50.423981 -729.755249 15.592504 21
-53.744907 -727.471802 21.170000 21
-55.958038 -724.587341 18.588341 21
-40.480721 -730.609680 10.082291 21
-51.136612 -727.517334 16.537956 21
-56.309715 -723.827759 18.919289 21
-45.103302 -728.172729 15.075290 21
-36.796947 -731.180542 0.828129 21
-55.956459 -726.507874 25.093920 21
-37.511246 -728.203308 -0.391459 21
-53.904514 -722.565796 19.007877 21
-40.688972 -729.891235 10.123772 21
-37.621429 -729.860291 1.253696 21
-63.256203 -726.781494 23.181091 21
-38.753845 -730.572998 7.128120 21
-62.543446 -727.241150 29.757868 21
-49.308735 -727.901184 19.792938 21
-62.109745 -726.075745 30.603247 21
-44.023434 -728.435608 10.558689 21
-35.601555 -728.863037 0.946363 21
-44.917534 -727.031433 15.385564 21
-60.610779 -731.438049 22.881115 21
-41.988899 -728.269714 9.276438 21
-51.981125 -732.667236 19.244009 21
-59.209019 -727.370117 27.673578 21
-49.104546 -732.035461 17.548983 21
-41.133389 -728.821838 10.942111 21
-49.800259 -728.612244 20.771698 21
-39.507523 -730.218445 8.884550 21
-36.024342 -730.078064 3.843395 21
-57.532387 -727.358337 20.348425 21
-44.952614 -727.020447 13.873512 21
-43.077835 -729.696045 14.600897 21
-40.144440 -730.093201 7.335304 21
-63.055569 -725.532837 30.754421 21
-45.532818 -726.623474 14.722955 21
-51.734821 -727.761169 16.783346 21
-52.720272 -728.765381 16.720070 21
-56.650074 -728.981934 24.535427 21
-43.759998 -729.596069 14.518311 21
-62.125095 -725.134399 29.025505 21
-50.548470 -733.669678 20.575729 21
-50.992729 -726.753296 16.821753 21
-36.023880 -730.979675 -1.247952 21
-51.071301 -724.143311 17.881693 21
-59.749928 -731.327881 23.325632 21
-53.589848 -731.401367 18.659695 21
-41.472004 -732.729004 10.358518 21
-56.416752 -722.726868 19.755594 21
-41.421177 -731.293884 9.165545 21
-65.343307 -725.927490 31.515968 21
-61.090961 -725.466492 24.149256 21
-44.418888 -726.620178 15.090008 21
-46.060371 -729.067078 16.063772 21
-37.896660 -729.279602 7.290895 21
-52.872593 -723.299011 18.450754 21
-45.752258 -729.345276 12.129824 21
-41.212490 -731.593689 11.091698 21
-53.947525 -727.390015 24.136793 21
-48.900928 -725.665283 16.623055 21
-58.996727 -723.397034 21.453016 21
-37.530998 -728.095581 6.846605 21
-39.833584 -729.897461 9.537972 21
-44.203297 -727.523315 12.650570 21
-47.359608 -732.439453 18.375689 21
-46.535751 -725.481934 16.855841 21
-39.103611 -730.565247 5.930897 21
-36.793224 -730.585205 3.663382 21
-48.797016 -729.001831 14.271281 21
-55.853867 -723.293823 19.130541 21
-54.896439 -734.083740 22.314932 21
-59.739071 -726.456238 21.476385 21
-48.655399 -732.673218 18.583509 21
-54.162941 -729.385376 18.216404 21
-54.486862 -733.479858 21.259464 21
-59.797112 -724.798035 21.082485 21
-62.131622 -726.002686 27.990602 21
-41.234955 -730.498962 10.340928 21
-63.575085 -723.961670 30.315914 21
-38.020115 -729.163208 0.461951 21
-46.441669 -729.687622 12.952667 21
-45.728584 -728.367249 16.027931 21
-58.040169 -723.933228 19.699232 21
-56.396217 -729.389709 19.373207 21
-52.046135 -726.701904 17.341681 21
-60.976803 -726.569214 28.123596 21
-48.327705 -725.032349 17.126938 21
-39.325584 -730.562500 8.333909 21
-62.847485 -728.693909 22.852291 21
-54.964390 -727.033081 24.943787 21
-45.523384 -725.730652 16.389235 21
-37.280750 -731.023865 4.412523 21
-39.532299 -727.586670 7.141233 21
-58.822929 -732.430725 22.202448 21
-36.218498 -730.952576 0.002642 21
-53.992729 -729.218567 22.588863 21
-40.210049 -727.695801 6.917975 21
-56.007038 -733.688660 22.076258 21
-58.062412 -732.402405 20.751898 21
-59.623199 -727.280945 28.657936 21
-52.252499 -733.219666 20.107500 21
-55.313366 -722.272888 19.742836 21
-60.051830 -728.144897 26.825678 21
-35.722263 -728.354553 -0.328076 21
-49.320641 -728.851379 14.693100 21
-35.841072 -730.093323 3.204215 21
-40.074909 -729.368896 6.553505 21
-44.758080 -730.476807 16.087585 21
-55.887363 -733.054199 21.126556 21
-39.084686 -727.782288 6.178924 21
-35.900639 -730.873474 -2.578934 21
-53.839672 -723.317932 18.712887 21
-50.175762 -731.423340 17.376585 21
-58.424366 -727.060242 28.064861 21
-53.465683 -724.488953 18.201035 21
-56.478275 -727.684387 26.296591 21
-52.438396 -729.041443 21.880939 21
-48.657291 -727.621582 17.555473 21
-51.954815 -728.607483 16.409979 21
-42.265347 -728.251648 13.355044 21
-46.221119 -728.295532 12.567582 21
-37.082645 -728.550659 5.705347 21
-54.750149 -727.710754 24.865757 21
-37.692368 -728.858948 -2.516600 21
-35.684093 -728.574646 1.985413 21
-62.688148 -726.857056 30.559460 21
-37.070980 -729.293335 6.592977 21
-35.840046 -728.841248 2.912551 21
-35.564980 -730.077637 -1.846674 21
-60.637821 -727.696655 27.168217 21
-54.553257 -728.434204 23.885372 21
-36.210026 -728.528503 4.949925 21
-40.960838 -731.031067 9.957160 21
-53.195801 -729.437744 17.472010 21
-55.335011 -732.704407 20.075888 21
-44.400852 -728.240967 11.460205 21
-51.345764 -729.245300 21.242975 21
-49.922863 -727.042603 16.186447 21
-61.995144 -730.296265 22.044992 21
-42.555157 -729.624512 13.038620 21
-47.141891 -725.296326 17.280430 21
-57.976322 -733.204590 22.651943 21
-53.206463 -727.133179 17.774548 21
-42.443329 -729.895752 12.312756 21
-52.653637 -725.290161 17.876493 21
-39.940166 -728.289124 6.112730 21
-59.109615 -723.958435 20.483572 21
-59.884258 -725.870972 28.723394 21
-59.271336 -732.651245 23.714619 21
-57.133503 -732.077881 19.548172 21
-35.669907 -730.660950 1.041835 21
-64.545502 -726.976562 31.360289 21
-52.810062 -722.562744 18.615267 21
-38.035534 -728.650269 7.292374 21
-53.192173 -733.619324 21.024334 21
-56.591103 -731.269165 19.187941 21
-61.247509 -727.510315 21.622070 21
-50.600182 -727.324463 20.200981 21
-62.493851 -728.091919 24.328232 21
-42.372360 -731.582092 9.736114 21
-36.598000 -731.240234 -1.151458 21
-44.366699 -727.635010 14.133281 21
-37.618805 -730.386414 6.650436 21
-41.224689 -729.757324 10.782574 21
-39.089428 -728.735657 5.216126 21
-35.665005 -730.211792 1.957781 21
-37.823055 -728.805481 2.289712 21
-63.418163 -727.429443 23.957808 21
-38.925926 -729.239502 8.108965 21
-36.742317 -730.673950 2.715108 21
-36.412727 -730.286011 4.660584 21
-36.101101 -731.295654 0.932235 21
-52.717541 -732.444885 19.110998 21
-35.431408 -729.326172 2.887544 21
-53.509335 -733.223206 20.539875 21
-56.266888 -726.773376 26.139376 21
-63.036610 -727.579590 22.616125 21
-54.084854 -724.027283 18.446222 21
-48.342327 -728.507080 19.257652 21
-35.521954 -730.790100 -0.052444 21
-48.309631 -729.034363 18.318909 21
-35.206757 -728.466675 1.245215 21
-41.470467 -728.257568 11.798563 21
-59.687256 -731.987488 21.331625 21
-51.139637 -733.563782 20.395128 21
-51.943943 -728.984009 21.128515 21
-42.819496 -727.690613 13.067549 21
-50.416721 -729.113464 15.269086 21
-38.080711 -729.678772 -0.378149 21
-37.782051 -727.566589 5.807860 21
-41.326477 -728.069519 9.859178 21
-57.301994 -723.183594 19.552309 21
-47.710632 -725.391663 17.027786 21
-63.934486 -726.958130 31.871157 21
-39.228821 -729.914978 6.804380 21
-54.157188 -725.325439 18.157766 21
-45.564201 -731.368896 16.683846 21
-63.122887 -724.487976 29.831379 21
-58.936333 -732.461304 20.826645 21
-55.654064 -727.812622 25.618605 21
-38.372040 -729.995667 7.702978 21
-54.036617 -730.207886 18.510099 21
-59.084736 -732.784668 23.070759 21
-45.216820 -729.905823 12.263314 21
-36.203613 -728.596680 3.904728 21
-43.521641 -728.152588 13.627795 21
-52.077499 -721.981628 18.183750 21
-46.009041 -727.045349 14.182937 21
-43.405590 -728.258423 10.686090 21
-61.303242 -726.911133 27.484556 21
-45.255608 -729.131287 15.269682 21
-36.964802 -728.099976 4.863459 21
-59.416328 -723.651306 21.947681 21
-40.580086 -728.622253 7.674671 21
-42.036575 -732.299072 10.303137 21
-52.403851 -726.199707 17.613106 21
-55.198647 -726.859680 18.746658 21
-47.405720 -727.787415 14.488647 21
-40.968193 -731.745728 10.441684 21
-61.995007 -730.035583 21.323517 21
-54.350220 -726.602478 18.335657 21
-54.910480 -732.437134 19.556505 21
-37.743279 -730.815063 2.060678 21
-62.022621 -726.953003 29.575369 21
-53.964436 -727.391785 21.752808 21
-53.858189 -728.697815 22.903873 21
-41.861008 -727.917603 10.611605 21
-58.839092 -726.009644 20.292700 21
-44.453835 -728.228027 14.437133 21
-43.484478 -729.427979 13.926648 21
-38.117500 -728.233765 3.960411 21
-59.581432 -725.099121 20.558767 21
-58.197193 -726.312500 27.624933 21
-57.707859 -729.067139 25.564512 21
-43.273891 -727.924866 11.175326 21
-40.102650 -728.220337 8.704495 21
-64.267509 -725.448669 30.984100 21
-56.717316 -733.428589 22.021057 21
-39.400303 -729.905884 6.172634 21
-62.764828 -724.997375 30.117977 21
-60.336681 -724.476685 22.126917 21
-50.603687 -724.866089 17.664743 21
-48.316120 -730.221985 15.440922 21
-58.393513 -725.438232 19.712109 21
-40.663376 -728.027527 7.355705 21
-41.936958 -729.734619 11.301306 21
-35.418125 -729.531189 0.935992 21
-51.251179 -733.046204 19.622864 21
-36.464455 -727.992737 3.100772 21
-37.315777 -728.161255 0.660912 21
-41.652706 -731.833801 10.273564 21
-57.075306 -733.888123 22.822001 21
-43.879715 -727.765381 13.185431 21
-63.234524 -726.235779 23.534153 21
-59.786381 -732.198914 23.152712 21
-57.881287 -727.499756 27.459856 21
-40.501110 -728.979736 7.061238 21
-45.738525 -727.704895 14.809646 21
-59.940239 -731.547546 20.573637 21
-52.258446 -731.741943 18.377760 21
-59.582382 -728.444214 26.611231 21
-37.614010 -728.468933 1.621759 21
-45.636906 -727.681885 13.137483 21
-56.397377 -721.769714 19.929026 21
-41.337933 -728.059265 11.156681 21
-55.160099 -728.853149 23.091904 21
-52.568810 -729.418762 16.834318 21
-37.915390 -729.737976 2.638628 21
-43.792011 -727.701721 14.246177 21
-50.208927 -725.709717 17.073385 21
-47.573326 -725.908752 16.405975 21
-51.001053 -730.632385 17.327782 21
-52.767464 -730.231445 17.991695 21
-38.072632 -728.053650 6.506401 21
-37.387535 -727.675781 2.482921 21
-47.327530 -728.495789 13.283305 21
-48.397583 -728.538940 14.274785 21
-60.595924 -731.346924 21.583902 21
-50.047577 -732.299438 18.278234 21
-50.831047 -728.689270 20.914070 21
-47.551968 -727.775757 17.378798 21
-50.783424 -727.708740 21.406578 21
-61.031151 -730.870117 23.621635 21
-60.164295 -723.528748 22.559988 21
-62.154644 -729.764526 22.932348 21
-52.573708 -731.113586 18.239525 21
-63.449463 -726.934753 30.187809 21
-45.140217 -726.087402 16.083839 21
-53.037251 -733.026306 19.930309 21
-61.543472 -730.333435 20.931150 21
-54.329956 -727.824097 24.470758 21
-60.295490 -726.416809 29.448843 21
-37.686359 -730.780701 0.359383 21
-44.426838 -730.554443 15.193948 21
-54.920193 -726.800049 24.361065 21
-49.864262 -727.730652 15.726274 21
-50.224869 -728.922424 20.327539 21
-60.711067 -725.148499 22.928707 21
-38.600300 -730.782104 6.443839 21
-57.513313 -724.350769 19.221132 21
-56.961128 -729.180420 25.001213 21
-37.367310 -727.906738 1.223546 21
-38.167515 -729.248962 3.356915 21
-37.493557 -730.717651 6.118593 21
-45.058262 -726.526672 15.100574 21
-46.755344 -725.774353 16.321802 21
-56.939663 -726.609802 26.662189 21
-43.131748 -727.750732 14.251801 21
-52.809704 -727.276245 21.012020 21
-56.162102 -734.103760 22.536201 21
-58.387718 -723.471863 20.268339 21
-36.709515 -731.872375 -1.700641 21
-60.592197 -724.734192 23.310324 21
-46.836658 -731.970947 17.383703 21
-59.960606 -725.884216 21.335615 21
-40.754272 -728.378540 10.860319 21
-39.274086 -729.240906 8.584490 21
-46.864136 -726.871704 14.719245 21
-48.011215 -724.212830 17.387642 21
-47.403622 -727.188110 14.836258 21
-46.601025 -728.469177 17.601206 21
-62.405861 -729.337585 24.251959 21
-49.565109 -730.552307 16.421381 21
-42.614445 -729.847351 11.124380 21
-53.772884 -732.536804 19.484146 21
-54.518772 -730.679504 18.765692 21
-40.449913 -729.050171 10.209215 21
-53.495888 -730.421814 18.379112 21
-58.718136 -727.180786 20.762842 21
-39.827888 -728.017517 7.490876 21
-35.919506 -729.155945 3.880641 21
-38.468464 -729.338074 4.122770 21
-40.041454 -728.950745 9.475563 21
-49.135166 -730.378174 16.058296 21
-35.718060 -728.342651 0.381904 21
-51.703506 -728.047791 21.716640 21
-48.829742 -723.859863 17.631105 21
-58.091816 -728.447388 25.522449 21
-56.935474 -727.558350 26.747702 21
-49.712471 -728.651367 15.121779 21
-42.048065 -731.372620 11.021209 21
-50.286831 -727.359802 19.591228 21
-56.399052 -732.799194 20.754889 21
-54.176304 -732.709595 19.849831 21
-48.961601 -727.718689 19.131531 21
-41.224693 -730.567444 11.435686 21
-37.784397 -730.575317 4.478678 21
-36.254421 -729.208374 4.637933 21
-38.067055 -730.169067 3.991172 21
-47.294952 -728.817810 17.542625 21
-60.164223 -724.143921 22.734659 21
-51.837631 -727.268372 21.681812 21
-61.250267 -727.211731 22.476774 21
-42.973469 -729.938782 13.651296 21
-36.415688 -730.752991 1.709148 21
-51.546989 -731.666565 18.112379 21
-39.422821 -728.884460 5.663251 21
-58.680199 -727.138367 26.217665 21
-46.269386 -727.663208 15.390584 21
-63.593651 -724.519287 30.693321 21
-55.457890 -726.820374 25.160601 21
-42.479019 -733.146423 10.680186 21
-36.747375 -728.920227 5.399438 21
-45.893711 -728.559082 12.160866 21
-53.109337 -729.134827 22.158880 21
-55.206181 -728.211060 24.041342 21
-53.139935 -732.654236 19.509726 21
-58.983028 -724.521362 20.171495 21
-54.284470 -727.200684 22.315918 21
-53.847008 -728.352417 23.547976 21
-59.643715 -725.612122 28.019800 21
-44.342098 -727.072388 13.797865 21
-42.499081 -731.769409 10.443158 21
-50.128986 -722.855957 17.772839 21
-43.670631 -727.892273 11.701955 21
-60.496609 -727.099426 28.179655 21
-38.401222 -727.876587 6.933624 21
-60.262562 -731.770508 23.181202 21
-59.669426 -731.975525 22.221565 21
-42.414467 -727.842957 11.515415 21
-63.728985 -727.048218 30.898071 21
-44.841850 -727.339111 13.378367 21
-55.866474 -727.251526 19.041496 21
-53.760822 -721.662476 18.722855 21
-45.379238 -726.871948 14.230245 21
-49.117924 -733.196960 19.669323 21
-42.621555 -728.424927 12.896914 21
-43.799862 -727.159180 14.907920 21
-50.412617 -730.397095 16.823002 21
-52.992493 -727.914490 23.179399 21
-62.966831 -727.978638 23.641695 21
-50.716103 -731.208130 17.523195 21
-49.984142 -732.889587 19.123064 21
-61.216572 -731.006470 21.751163 21
-51.991554 -730.040649 17.521732 21
-53.435474 -728.263123 17.534466 21
-52.198193 -734.039795 21.407248 21
-44.788616 -727.805542 12.391773 21
-62.609604 -730.207397 23.972832 21
-36.321117 -730.918274 0.552307 21
-39.664188 -730.445190 9.426808 21
-48.505440 -731.048767 16.327318 21
-41.225666 -732.222473 10.195518 21
-61.563423 -725.407898 24.493269 21
-52.675816 -727.013794 22.039988 21
-35.128090 -728.900574 1.794089 21
-44.610695 -729.195190 14.594774 21
-48.316906 -733.318420 19.839895 21
-63.042870 -728.179138 23.112717 21
-37.448887 -730.597412 3.313658 21
-59.137043 -732.348877 21.386053 21
-52.577328 -733.632996 20.852877 21
-50.572884 -727.878296 20.798910 21
-53.166283 -729.765442 17.924780 21
-47.478050 -726.384705 15.530200 21
-40.645660 -730.965759 9.489823 21
-37.931160 -728.558777 2.933874 21
-53.117023 -734.035278 21.696589 21
-49.289459 -731.192200 16.807941 21
-50.831181 -727.586914 18.962151 21
-48.768009 -728.541992 19.736519 21
-39.237587 -729.847290 5.647148 21
-57.663345 -722.744934 20.943325 21
-37.689728 -727.848389 4.730593 21
-55.135597 -732.937622 20.544783 21
-47.790981 -732.495972 18.039207 21
-39.644348 -729.460266 5.900257 21
-54.234123 -733.660828 21.728325 21
-46.012756 -726.053467 16.636204 21
-60.293903 -727.120605 26.653502 21
-45.707691 -726.177429 15.935929 21
-51.780323 -722.911865 18.295563 21
-54.959095 -722.960999 19.097822 21
-52.600590 -727.470825 22.794628 21
-38.591354 -727.720703 7.586841 21
-36.442776 -729.500000 5.744311 21
-45.304913 -731.095642 15.859331 21
-48.839539 -727.595337 17.048018 21
-35.914997 -730.619263 -0.404192 21
-57.538010 -722.906616 20.308575 21
-36.859077 -727.861694 4.195173 21
-48.975739 -724.709778 17.316803 21
-61.802700 -730.221375 24.206860 21
-61.782276 -726.534912 28.643578 21
-48.957085 -732.435242 18.170931 21
-39.771900 -728.279297 9.342035 21
-57.966690 -731.875671 19.684160 21
-49.591999 -733.414673 20.009357 21
-51.967819 -732.995544 19.675594 21
-56.034248 -732.134399 19.320597 21
-51.657215 -732.398254 18.839994 21
-48.170021 -727.636353 17.763891 21
-55.045879 -729.257385 23.463068 21
-48.085564 -727.904053 18.363409 21
-39.461369 -728.689148 8.811485 21
-41.965218 -729.745056 9.096730 21
-53.476685 -727.106262 23.101137 21
-62.381149 -726.463501 22.394129 21
-49.625198 -731.923523 17.591164 21
-53.945934 -732.144348 19.017008 21
-58.969410 -726.526794 28.517057 21
-41.395103 -730.075928 8.959032 21
-57.031399 -731.580200 19.294214 21
-48.162064 -725.869995 16.209192 21
-41.500736 -728.404785 8.794607 21
-52.048767 -727.505554 20.130951 21
-49.145611 -727.600159 15.447911 21
-37.168995 -731.031738 3.881995 21
-48.242031 -726.395508 15.935205 21
-63.104404 -725.762695 23.027880 21
-54.163670 -726.845581 24.078541 21
-53.032700 -728.420166 22.826000 21
-50.324982 -723.732788 17.897167 21
-55.568394 -727.264404 25.679810 21
-50.920509 -728.469482 15.862769 21
-49.980434 -726.082275 16.734026 21
-35.560982 -729.287415 -1.596188 21
-59.449478 -728.248169 26.114649 21
-59.623940 -723.620361 22.597555 21
-40.824005 -729.121033 7.486820 21
-47.445984 -732.815918 19.038050 21
-61.930397 -725.863098 27.516605 21
-64.890244 -726.264160 31.625397 21
-51.648357 -725.346863 17.605978 21
-47.231998 -730.912415 15.492161 21
-56.875916 -723.745056 19.167433 21
-51.046520 -727.175842 20.514029 21
-37.583797 -730.232971 0.325959 21
-44.808952 -728.545654 11.609871 21
-53.699772 -727.141296 22.144365 21
-54.642612 -724.973328 18.285645 21
-48.985882 -727.098511 15.636716 21
-38.329769 -728.359558 7.681257 21
-35.802979 -729.710999 2.844639 21
-55.249260 -727.946228 24.905548 21
-46.831005 -727.833496 14.139635 21
-38.534409 -727.992188 4.881366 21
-64.402832 -724.713562 31.082342 21
-55.446388 -731.286804 18.996414 21
-35.462940 -729.359070 -0.948011 21
-40.178734 -730.627014 10.532407 21
-40.056488 -728.676636 6.522978 21
-60.616100 -731.356750 20.878305 21
-41.477863 -728.913025 11.479869 21
-44.737507 -730.884644 16.739828 21
-37.576897 -730.388550 2.700230 21
-62.665295 -728.486328 23.999218 21
-37.093323 -730.807190 1.299385 21
-62.863964 -728.617981 22.118786 21
-54.523643 -726.013489 18.373783 21
-35.453796 -729.972534 -0.062177 21
-36.699490 -731.030212 4.282223 21
-52.898922 -727.534241 17.500393 21
-42.326965 -732.783875 10.297012 21
-38.408901 -730.303345 6.763670 21
-38.590504 -728.936768 7.818598 21
-47.871582 -729.730469 13.967840 21
-58.237240 -726.467163 20.264940 21
-35.764866 -730.583069 2.333838 21
-48.883755 -728.791687 19.208462 21
-63.368019 -726.099060 31.103065 21
-35.710571 -729.158569 2.361393 21
-46.120533 -729.474121 12.517843 21
-38.979076 -730.232117 8.108996 21
-38.991997 -729.144348 9.046068 21
-63.315720 -726.712891 30.929176 21
-36.940979 -727.952637 2.077351 21
-40.594181 -731.015625 10.418983 21
-61.043762 -726.759827 29.593494 21
-43.131645 -729.291077 13.436131 21
-50.565506 -725.440002 17.357182 21
-35.223755 -729.146667 0.475698 21
-51.531799 -734.015137 21.094681 21
-48.542316 -729.862183 14.543011 21
-46.272392 -728.506042 17.195047 21
-47.992069 -731.091125 16.115784 21
-62.576706 -725.878906 30.746365 21
-38.006996 -729.101990 -0.898070 21
-36.064056 -731.371826 0.298217 21
-43.021175 -727.684143 12.433449 21
-59.150120 -723.181885 22.381758 21
-57.083385 -733.459717 22.434746 21
-49.394794 -728.420654 19.713655 21
-48.105587 -728.941772 13.831957 21
-39.673782 -728.312500 8.351997 21
-59.722374 -727.376343 27.610241 21
-58.769753 -726.055481 27.773815 21
-50.986122 -732.438599 18.753231 21
-50.191727 -733.121826 19.586859 21
-38.026417 -728.771423 1.109318 21
-60.526230 -725.590820 22.044567 21
-59.047390 -726.768433 20.933575 21
-63.822445 -724.735840 31.236660 21
-60.436241 -731.533630 22.324799 21
-61.054314 -730.952087 22.520897 21
-62.649841 -724.901489 29.007374 21
-54.697544 -731.513550 18.845264 21
-61.574104 -725.487000 29.790020 21
-38.044632 -729.711548 3.154246 21
-52.924335 -732.076843 18.824903 21
-50.116055 -733.424072 20.035585 21
-36.212440 -731.183411 1.983816 21
-38.328136 -727.837830 5.998421 21
-62.873093 -728.144226 21.896587 21
-63.163029 -726.417786 22.829861 21
-35.388878 -729.911987 -0.799525 21
-50.106556 -724.677734 17.626141 21
-36.781708 -730.451416 5.470613 21
-54.740978 -726.918152 18.515411 21
-53.420490 -731.886169 18.762192 21
-53.707588 -727.413513 17.898785 21
-35.941113 -728.859497 3.460501 21
-38.269352 -728.656189 2.506410 21
-59.091259 -723.887390 21.005394 21
-44.250511 -728.722534 10.930025 21
-61.012192 -726.078735 30.118595 21
-38.409492 -728.597229 3.115170 21
-52.716103 -727.552551 20.186693 21
-42.376396 -728.062744 10.382858 21
-53.197235 -729.524048 23.075884 21
-50.822247 -728.891907 15.569708 21
-41.689217 -732.445679 10.754767 21
-44.944778 -726.547241 16.275246 21
-37.638737 -729.722839 0.758645 21
-51.848083 -728.696350 21.891769 21
-38.392254 -729.839661 4.237926 21
-51.742283 -729.542358 16.299873 21
-51.050201 -727.269226 21.182028 21
-52.424442 -728.854919 22.372013 21
-54.264034 -727.329651 18.207691 21
-49.956905 -729.630615 15.247471 21
-59.274601 -725.934692 20.562319 21
-42.419800 -728.566711 9.010738 21
-56.020245 -728.018860 25.115412 21
-61.696548 -726.270569 30.351418 21
-50.990982 -722.372742 18.173407 21
-45.303688 -729.474060 11.921357 21
-54.491501 -732.074463 19.029570 21
-49.496372 -725.206543 17.286333 21
-59.532291 -728.771973 26.036402 21
-45.598850 -728.957581 15.778917 21
-40.172089 -729.707886 6.917647 21
-42.003433 -729.147522 12.137109 21
-36.090199 -728.288391 2.838534 21
-41.445816 -731.520569 10.629646 21
-37.667007 -729.956299 1.749521 21
-53.952705 -726.839661 23.260611 21
-63.292446 -727.173279 23.516142 21
-40.684330 -732.079102 10.878205 21
-46.066147 -731.517578 16.691103 21
-49.437714 -729.411316 14.761110 21
-62.622307 -726.888794 29.401352 21
-55.423412 -733.717285 22.052994 21
-37.512058 -728.476685 -1.494245 21
-37.194981 -728.087341 5.496001 21
-60.791847 -731.253296 23.340363 21
-40.190025 -729.955627 10.029677 21
-55.669563 -729.281982 24.000523 21
-49.761845 -732.666260 18.692036 21
-62.443851 -729.661011 23.754234 21
-56.170284 -726.578186 25.555298 21
-48.384777 -732.851135 18.987234 21
-39.837574 -730.861084 8.230083 21
-54.305729 -731.204102 18.764242 21
-47.787476 -730.820557 15.750874 21
-37.044769 -728.128723 6.111013 21
-55.336231 -730.742432 18.976006 21
-51.814251 -730.748291 17.766762 21
-52.275120 -727.742493 22.462427 21
-43.159077 -729.778564 13.215411 21
-47.379135 -728.244751 17.625406 21
-36.450588 -727.882874 2.223204 21
-52.331215 -724.571472 18.029665 21
-49.603394 -726.647644 16.238361 21
-64.848579 -725.677429 31.566898 21
-36.088318 -728.217529 1.854075 21
-45.737164 -731.726868 17.756237 21
-57.037342 -726.393127 19.607632 21
-55.101559 -722.372620 19.304813 21
-62.564941 -729.121643 21.699699 21
-58.408012 -724.386475 19.709908 21
-60.028656 -727.055542 29.076147 21
-37.055496 -730.944031 1.806120 21
-53.186737 -731.157715 18.467188 21
-37.506081 -731.315918 -1.146373 21
-63.444206 -725.187805 30.729515 21
-56.502068 -728.525391 24.349953 21
-53.839615 -726.455322 18.132328 21
-39.532368 -728.028748 6.063347 21
-36.548492 -729.519470 5.184292 21
-43.770020 -729.043640 14.065015 21
-48.356861 -728.668945 18.719503 21
-55.146664 -725.154297 18.436411 21
-60.543430 -725.991943 29.596611 21
-40.645443 -728.521179 6.904116 21
-57.517380 -732.905151 21.794424 21
-41.364697 -728.601379 7.848760 21
-46.368580 -729.049072 16.486860 21
-54.307354 -722.944275 19.018040 21
-35.555851 -729.722046 1.613075 21
-48.259186 -727.251709 15.173133 21
-47.423222 -728.046997 14.063614 21
-58.499466 -733.131775 23.062914 21
-42.439651 -727.942993 10.977417 21
-56.112991 -726.263367 19.038507 21
-58.964134 -727.412109 28.144592 21
-42.428295 -727.752502 11.995323 21
-59.609749 -724.241089 20.996490 21
-40.541744 -729.886536 7.622638 21
-62.790844 -726.326172 29.591457 21
-51.907642 -723.736755 18.118864 21
-38.011986 -729.974121 6.786049 21
-57.873421 -726.536560 25.677681 21
-36.361984 -730.337341 3.153643 21
-56.414413 -724.321655 18.801559 21
-39.398018 -730.198792 9.765304 21
-59.205143 -725.011047 20.156469 21
-35.125938 -729.234619 -0.052896 21
-40.285870 -728.062378 7.678230 21
-37.778770 -728.942322 1.681573 21
-37.809139 -728.599731 -0.370495 21
-40.770100 -728.819702 10.548059 21
-40.809620 -728.152039 9.350774 21
-56.657314 -732.292297 19.604456 21
-38.308979 -730.709351 5.980571 21
-46.551842 -729.270874 12.699830 21
-61.300438 -725.582153 28.709230 21
-46.450645 -727.235657 14.314754 21
-51.645561 -733.569336 20.483030 21
-58.527859 -728.940430 26.118919 21
-59.701340 -724.180298 21.743866 21
-46.938885 -729.754333 13.301024 21
-40.605183 -728.107239 10.445108 21
-38.296562 -730.725464 7.042711 21
-38.931053 -729.207092 4.890702 21
-38.389244 -729.929321 6.385115 21
-58.802959 -722.720215 21.391428 21
-43.157749 -728.741272 13.303315 21
-45.138580 -726.404907 15.588177 21
-36.043495 -730.974731 1.424393 21
-37.044617 -727.911621 3.015028 21
-49.471539 -723.190918 17.603176 21
-46.580917 -728.231140 13.170565 21
-39.032024 -727.732483 6.670021 21
-55.698097 -729.585876 24.461699 21
-58.255695 -725.001526 19.502882 21
-61.143433 -724.921936 23.996294 21
-44.261852 -729.666565 11.195194 21
-55.269684 -729.157654 18.620846 21
-59.377838 -722.957031 21.886997 21
-41.985611 -731.406372 10.243523 21
-47.827225 -728.428589 18.167450 21
-55.016830 -725.897400 18.509535 21
-51.497040 -724.490662 17.939177 21
-49.013798 -732.961426 19.199152 21
-56.558426 -733.905701 23.007843 21
-38.140442 -727.792786 5.085472 21
-56.147999 -731.492310 19.173550 21
-53.595001 -725.650940 18.030291 21
-54.173683 -729.347595 23.163849 21
-59.403320 -733.098389 23.323055 21
-52.033863 -727.184998 20.991726 21
-55.192989 -723.803284 18.624229 21
-57.554447 -726.708618 27.350428 21
-48.643009 -727.671875 18.678505 21
-50.266098 -727.647888 20.409346 21
-44.207703 -727.471497 14.585622 21
-51.260479 -729.978455 17.105881 21
-55.935360 -721.751831 19.671457 21
-52.512489 -722.912354 18.478500 21
-43.618149 -727.239136 14.134317 21
-36.485367 -728.128052 3.815329 21
-63.943054 -726.046936 31.209171 21
-43.533493 -730.049866 14.676978 21
-56.930210 -724.903564 18.892546 21
-38.660023 -729.980225 7.224314 21
-53.917118 -733.047791 20.337339 21
-62.072819 -729.526794 21.161442 21
-39.066357 -727.865662 5.673364 21
-38.935162 -729.676880 7.910436 21
-35.946129 -730.702271 2.912815 21
-63.080528 -727.156799 22.841391 21
-58.109360 -732.530090 21.447182 21
-51.129364 -726.323792 17.055582 21
-58.751480 -725.633118 19.978197 21
-43.757004 -727.258240 13.592659 21
-39.522739 -730.111572 8.184682 21
-56.430584 -722.297668 20.062006 21
-37.544006 -731.106445 -0.641498 21
-46.571377 -732.432617 18.678265 21
-56.836452 -722.481384 20.503914 21
-51.310928 -727.384949 19.869627 21
-47.165554 -729.166382 16.925987 21
-61.473007 -725.831421 24.779659 21
-39.915554 -730.515686 8.650898 21
-57.508186 -733.389038 22.665611 21
-57.466572 -725.699951 19.403372 21
-37.638977 -728.302063 2.078585 21
-55.093327 -733.446228 21.433390 21
-38.072796 -729.161499 -2.512590 21
-61.393600 -730.804077 21.250858 21
-40.599106 -728.238525 8.333250 21
-62.871181 -724.514282 29.405352 21
-65.840668 -726.510010 31.626118 21
-50.433163 -729.911438 16.543316 21
-54.239944 -728.816162 22.570971 21
-38.111252 -730.501587 4.933699 21
-42.448818 -728.321106 9.575947 21
-54.471695 -722.096008 19.267603 21
-55.810921 -732.637756 19.966413 21
-49.880337 -724.211609 17.750040 21
-37.948658 -728.687256 0.640229 21
-44.402668 -730.643127 15.683316 21
-46.851803 -726.401611 15.512375 21
-50.819778 -722.775574 18.002239 21
-39.782173 -729.131287 9.107841 21
-59.659702 -726.934875 21.476349 21
-52.234879 -733.496704 20.539379 21
-36.664982 -731.130005 -0.366205 21
-44.494949 -726.846497 15.927398 21
-35.624382 -728.752197 3.811053 21
-61.833275 -725.490540 28.848272 21
-36.462872 -731.049438 3.600394 21
-45.973755 -726.466064 15.043637 21
-53.696171 -728.694946 17.434074 21
-43.249733 -727.367249 13.293158 21
-62.359692 -726.359863 22.999659 21
-61.408363 -726.912354 28.640862 21
-38.433670 -728.428650 3.566233 21
-46.451923 -726.070801 15.766511 21
-62.511086 -726.355591 30.675797 21
-52.403595 -730.640747 18.221632 21
-36.074802 -731.268799 -2.761713 21
-51.279522 -729.608582 16.024992 21
-39.873070 -731.030396 9.220541 21
-57.945671 -726.048584 26.776793 21
-62.510784 -725.258850 28.523005 21
-46.052570 -727.544617 13.523036 21
-51.615955 -725.811096 17.469439 21
-42.967293 -727.706909 13.539592 21
-59.919811 -726.246216 29.175772 21
-43.139828 -728.334839 10.289952 21
-62.242279 -726.140625 24.672688 21
-50.189514 -727.581482 18.501492 21
-55.893566 -722.895813 19.398359 21
-56.578480 -725.914124 19.110104 21
-55.724560 -729.464722 19.138195 21
-38.850193 -728.255676 5.309891 21
-52.506168 -728.338135 22.388418 21
-39.711266 -729.443481 9.514991 21
-56.669807 -728.084717 26.069246 21
-41.280556 -728.671936 11.933967 21
-51.197346 -728.762329 21.240393 21
-35.618488 -730.785339 -0.934180 21
-37.800884 -729.473450 1.461332 21
-37.265339 -730.746704 2.796901 21
-53.292015 -723.442078 18.591381 21
-41.498795 -729.544250 8.253477 21
-39.202370 -727.821960 7.618932 21
-60.519325 -726.104431 22.463036 21
-48.655018 -730.407593 15.786122 21
-37.024620 -727.950317 1.573220 21
-57.516724 -727.191589 19.893740 21
-36.212803 -728.063110 1.283207 21
-35.635796 -730.068787 2.587790 21
-56.293419 -732.686401 20.318335 21
-60.194252 -724.941711 21.662338 21
-35.463276 -730.490295 -2.287005 21
-63.043640 -727.156067 24.127628 21
-38.189007 -729.058655 7.577170 21
-58.666592 -732.368652 21.758022 21
-61.794598 -730.246094 23.272654 21
-60.796375 -725.156555 24.630955 21
-50.930088 -723.680847 17.973324 21
-55.446899 -733.032227 20.890093 21
-61.389240 -730.591492 22.690672 21
-45.275673 -727.823364 14.806224 21
-63.279251 -724.406494 30.343525 21
-41.578423 -730.756958 10.848682 21
-61.077366 -725.514954 29.178207 21
-57.894367 -732.964539 22.139883 21
-35.814732 -728.580505 2.506893 21
-35.691700 -728.680908 1.422415 21
-58.144569 -727.070129 25.766979 21
-42.410812 -727.979004 12.958805 21
-49.569031 -727.901794 20.322741 21
-37.024818 -730.395142 4.800352 21
-53.271034 -727.383484 21.108007 21
-39.493927 -730.316040 5.759630 21
-36.651169 -728.022278 0.380068 21
-39.521622 -728.498657 5.923989 21
-57.132988 -732.599976 20.574217 21
-47.435654 -728.412170 13.775359 21
-59.475098 -731.786621 20.373817 21
-49.046967 -731.705078 17.137939 21
-53.375717 -727.172424 23.560728 21
-42.209904 -728.169495 12.376500 21
-45.360035 -731.510315 17.544577 21
-64.216484 -726.382446 31.422634 21
-51.091774 -733.281250 20.031855 21
-52.006207 -727.112610 17.129761 21
-57.332607 -726.430054 26.825998 21
-35.687088 -730.464478 1.569078 21
-36.580189 -728.878540 5.893102 21
-43.038902 -729.553101 14.103451 21
-56.818779 -733.156799 21.278822 21
-41.853855 -730.613708 11.220309 21
-48.454380 -729.833008 15.211883 21
-42.730175 -728.133606 13.314054 21
-59.989170 -726.400513 21.902798 21
-62.911407 -726.622375 24.045918 21
-36.415318 -730.328369 3.698131 21
-43.044838 -732.422607 10.542356 21
-41.729115 -728.106567 9.617422 21
-35.430702 -729.168579 3.361834 21
-45.449886 -729.472168 15.007531 21
-41.548649 -728.610413 8.380054 21
-36.626015 -728.083618 -0.096489 21
-55.570496 -724.830933 18.487993 21
-50.005280 -730.538757 16.636087 21
-35.527939 -729.928528 0.696295 21
-48.580624 -725.397217 16.845993 21
-48.288712 -731.686890 16.807943 21
-41.010490 -729.030518 7.071117 21
-62.472530 -726.884705 30.041996 21
-58.463467 -722.978821 20.987856 21
-50.499222 -731.618042 17.689930 21
-57.560375 -727.179871 27.389723 21
-38.901314 -729.627258 5.100745 21
-35.941181 -730.558044 0.683263 21
-52.271439 -727.247986 21.956703 21
-36.838440 -731.125000 2.751983 21
-47.390858 -729.297241 13.340525 21
-55.439106 -732.071655 19.170584 21
-41.058659 -729.995789 10.395100 21
-61.633163 -727.035217 22.873623 21
-48.573956 -732.205383 17.565187 21
-36.667122 -728.443420 4.875991 21
-36.290886 -731.130554 3.095400 21
-35.934933 -729.614746 3.907729 21
-59.432507 -732.475037 23.208868 21
-41.096920 -729.297729 10.941478 21
-51.362316 -733.659180 20.862535 21
-43.669571 -728.520508 13.861322 21
-51.501118 -724.012756 17.956196 21
-52.873734 -727.114807 21.620152 21
-39.209843 -728.260315 8.426413 21
-37.068558 -731.001160 0.493345 21
-47.923023 -730.217957 15.179292 21
-60.711338 -724.283203 23.439217 21
-64.636604 -725.166077 31.046135 21
-38.653141 -728.662781 8.190075 21
-56.068642 -725.239380 18.696964 21
-49.190529 -724.397095 17.576733 21
-51.435310 -726.665710 17.081219 21
-37.750969 -728.034851 2.940763 21
-37.221214 -728.300232 -1.147311 21
-61.231316 -725.944092 24.208822 21
-50.563168 -726.750366 16.609661 21
-43.116093 -728.522339 9.687069 21
-36.159950 -731.496826 -0.414904 21
-40.448639 -729.847778 10.515925 21
-63.090416 -725.268372 30.372219 21
-56.852436 -726.465027 26.185238 21
-41.691383 -729.777954 10.903674 21
-51.358665 -728.022461 21.408747 21
-43.720211 -729.609741 10.674916 21
-47.191555 -725.821533 16.154316 21
-57.817562 -724.941833 19.289417 21
-49.674122 -727.590820 19.670135 21
-57.778683 -732.369324 20.351137 21
-44.236618 -729.696716 14.275750 21
-44.901276 -729.097107 14.975936 21
-37.684029 -728.387573 7.205888 21
-54.966480 -730.303772 18.942116 21
-56.851433 -722.961914 19.513676 21
-52.298100 -729.010559 21.415808 21
-62.129364 -726.363892 27.675842 21
-52.780380 -728.414490 17.040668 21
-60.796883 -730.859985 20.522400 21
-40.710129 -729.447998 9.993262 21
-62.412460 -729.601196 23.295877 21
-63.892239 -726.890320 31.420048 21
-62.742542 -728.999512 23.230858 21
-49.667534 -728.762939 19.962255 21
-58.797508 -728.629761 25.833647 21
-44.084568 -726.820557 14.745862 21
-37.126553 -728.861694 6.706734 21
-38.454357 -728.546143 4.172393 21
-60.927124 -725.726562 23.696877 21
-38.489563 -730.216553 5.006626 21
-36.450008 -731.628235 -1.986143 21
-45.344288 -731.218689 17.068008 21
-44.222164 -730.522644 16.093975 21
-42.789387 -727.843567 11.249690 21
-52.860596 -728.987732 22.727489 21
-46.768806 -732.128662 17.822443 21
-46.712334 -726.566711 15.084036 21
-60.189976 -724.029175 23.300436 21
-39.664555 -727.611816 7.652975 21
-47.230503 -730.410095 15.045868 21
-53.350132 -728.623535 22.551109 21
-62.226173 -726.175659 28.853825 21
-36.001740 -730.431458 1.252053 21
-62.489159 -729.507690 22.051495 21
-40.181873 -728.135010 6.484140 21
-51.963829 -726.163147 17.467962 21
-44.490768 -726.894409 14.303368 21
-37.318565 -727.955444 4.143121 21
-53.025406 -723.708435 18.316788 21
-60.829857 -725.585083 23.071854 21
-56.370968 -732.965881 21.185751 21
-46.465523 -728.004883 13.548384 21
-63.724373 -727.222351 30.436306 21
-55.701077 -722.497314 19.550976 21
-37.602161 -728.761658 0.932805 21
-51.922264 -732.037781 18.482145 21
-37.210320 -730.934875 5.207281 21
-57.189617 -722.389038 20.174452 21
-39.933678 -727.951111 7.936268 21
-37.454182 -729.250183 6.874616 21
-62.808224 -724.482361 28.788610 21
-57.961391 -727.131470 20.250057 21
-52.805660 -727.063354 22.816771 21
-57.909187 -725.836792 19.684650 21
-54.698357 -724.499451 18.364580 21
-46.645515 -727.685791 15.888103 21
-52.623814 -725.724060 17.742371 21
-43.739590 -727.534119 12.560408 21
-56.250061 -726.638000 19.234503 21
-35.824524 -731.111938 -2.051594 21
-53.174885 -725.363708 17.985399 21
-43.709339 -728.783081 10.430087 21
-48.923214 -727.862549 15.003844 21
-61.832462 -727.036011 27.141668 21
-38.113449 -729.665710 7.525345 21
-39.439377 -730.058960 9.317313 21
-45.484867 -728.333252 12.157578 21
-54.473808 -728.551575 17.966316 21
-51.089973 -731.908020 18.154625 21
-59.892902 -725.208130 20.894651 21
-60.647354 -725.710632 29.205172 21
-54.629265 -728.104492 24.192375 21
-52.932274 -724.291870 18.219034 21
-54.580715 -733.790771 22.167746 21
-43.785522 -727.344177 13.063882 21
-37.903454 -729.364380 2.381481 21
-53.616817 -734.004517 21.971313 21
-55.924160 -728.984070 23.795786 21
-39.030418 -730.120544 5.927396 21
-58.963032 -732.066223 20.425571 21
-49.510605 -728.577332 20.445467 21
-59.754692 -731.915649 21.773138 21
-40.364872 -728.353455 10.049515 21
-35.696239 -728.422424 1.040459 21
-55.150810 -721.563599 19.222755 21
-47.828892 -729.381104 13.680063 21
-42.242954 -731.285706 10.605540 21
-62.880917 -725.892029 23.607128 21
-50.169628 -727.692505 20.956676 21
-46.035904 -726.182556 15.616564 21
-59.158787 -728.971436 25.858431 21
-59.211441 -732.176697 22.223969 21
-37.920078 -728.736206 -1.418527 21
-49.926739 -728.242554 15.446476 21
-43.804222 -727.201904 15.355149 21
-59.853214 -731.788635 23.393972 21
-41.477333 -731.976624 10.994825 21
-55.450138 -726.470215 18.788792 21
-43.867249 -730.105896 15.220626 21
-47.882511 -726.578369 15.617915 21
-38.130756 -728.796021 3.426064 21
-57.000328 -726.016846 19.365665 21
-37.887344 -730.822815 5.876078 21
-52.991840 -721.912964 18.816326 21
-57.864189 -726.315918 19.958923 21
-58.139992 -727.313110 27.767550 21
-38.209713 -729.430908 -1.748491 21
-63.850384 -724.102661 30.629213 21
-37.694305 -729.943604 7.113778 21
-48.253185 -732.591553 18.405678 21
-42.910954 -728.937622 9.580990 21
-38.118378 -729.855896 -1.192802 21
-58.079803 -722.605591 21.338375 21
-53.465122 -726.066528 17.995007 21
-45.241463 -727.906860 12.670561 21
-55.500717 -724.348999 18.518688 21
-37.933895 -727.767639 4.028538 21
-62.536232 -725.860229 27.856361 21
-41.765774 -728.084656 12.408824 21
-61.999199 -725.694214 30.391979 21
-52.931866 -726.267944 17.821627 21
-53.152771 -730.188354 18.220432 21
-49.926678 -727.426758 19.281672 21
-54.244446 -726.798828 23.591789 21
-58.697697 -723.795532 20.498945 21
-46.343410 -725.713623 16.528284 21
-58.631130 -731.921570 19.948753 21
-55.609135 -727.659241 19.231537 21
-51.222599 -728.808044 21.755577 21
-46.709824 -728.303650 17.068027 21
-38.019527 -730.028748 3.555542 21
-37.459541 -728.161072 0.245666 21
-64.791756 -726.715088 31.618670 21
-48.422390 -723.913147 17.435291 21
-48.690392 -726.552917 15.964864 21
-56.528309 -727.597107 19.628273 21
-50.148617 -728.156250 20.346779 21
-46.184204 -732.183594 18.408670 21
-39.118004 -727.798462 8.049745 21
-41.600292 -731.585449 9.458489 21
-57.117271 -732.386902 19.888794 21
-35.615765 -730.809998 -1.451022 21
-60.780899 -724.808228 23.707020 21
-49.232315 -725.438049 16.880512 21
-49.780991 -727.491516 18.846218 21
-40.186661 -728.472534 7.490285 21
-58.221371 -726.682434 27.957064 21
-60.233257 -725.548889 21.699156 21
-45.848770 -727.990845 12.890909 21
-46.318489 -728.187134 16.455658 21
-61.516701 -726.575623 27.253155 21
-35.495136 -729.482910 -0.103148 21
-49.475769 -732.957275 19.165693 21
-57.577122 -732.550476 20.855852 21
-36.713623 -730.628906 3.152786 21
-44.824039 -728.121277 14.725680 21
-57.675587 -723.657532 19.656206 21
-49.081535 -726.234863 16.328787 21
-55.626022 -729.964111 19.409176 21
-53.171425 -722.454529 18.854134 21
-61.744698 -726.934143 29.923494 21
-48.510284 -725.844177 16.555849 21
-46.217125 -725.382080 17.145294 21
-49.316914 -725.869934 16.706291 21
-35.815186 -731.140869 -0.026429 21
-60.561031 -725.167542 22.507914 21
-40.715736 -731.410339 10.262738 21
-52.299847 -722.114929 18.523270 21
-57.405621 -726.524292 19.803947 21
-50.087807 -731.075378 17.142426 21
-48.618359 -727.987976 19.091372 21
-44.853161 -730.925659 15.983917 21
-54.628765 -729.313354 23.273596 21
-48.099979 -732.973999 19.292435 21
-35.469955 -729.116333 -0.522982 21
-35.438671 -730.304077 0.901660 21
-35.753685 -730.469727 0.133137 21
-53.690052 -728.080139 17.835548 21
-53.919952 -724.843262 18.170652 21
-40.191917 -728.895691 9.887683 21
-45.249783 -727.414917 13.287430 21
-52.096443 -729.040955 22.130863 21
-51.202534 -727.607300 19.267357 21
-36.483917 -728.858032 4.866956 21
-38.600109 -728.377747 4.632293 21
-49.549500 -727.673462 17.677671 21
-50.921761 -725.131775 17.545410 21
-47.781025 -723.817749 17.401840 21
-51.774479 -722.444824 18.275833 21
-45.000790 -728.591919 15.276791 21
-58.672009 -733.484680 23.236618 21
-56.744183 -726.710938 19.526463 21
-55.286228 -721.891602 19.500994 21
-51.204605 -727.118774 16.700195 21
-51.060139 -723.268188 18.077856 21
-47.734612 -725.540039 16.610874 21
-35.198265 -728.984070 1.089169 21
-40.141319 -728.062561 7.160365 21
-39.254345 -730.439636 7.831102 21
-37.551476 -729.382446 7.707782 21
-52.409077 -727.052185 17.381178 21
-39.257099 -729.859009 8.939514 21
-42.519836 -729.043640 12.647767 21
-47.138103 -728.922546 13.138739 21
-41.793510 -729.079285 8.503597 21
-37.249027 -727.880920 3.394952 21
-51.372837 -728.589722 16.046938 21
-49.385693 -732.529724 18.434353 21
-38.577847 -728.114563 7.399339 21
-54.044189 -729.781250 18.478434 21
-40.460728 -730.225769 10.294751 21
-43.511787 -727.877563 12.978650 21
-62.229107 -725.110718 29.453991 21
-58.950241 -732.664429 22.673820 21
-44.471664 -727.471130 13.032447 21
-58.171272 -723.552673 19.871399 21
-47.060425 -727.880249 16.905962 21
-41.242966 -731.119568 9.634134 21
-35.602177 -729.200073 0.687395 21
-55.949947 -726.891663 25.864082 21
-54.163628 -723.586609 18.618490 21
-62.199814 -729.990967 21.812309 21
-45.421429 -728.209839 15.531693 21
-41.086609 -730.471558 10.916883 21
-36.046009 -728.535217 4.543268 21
-56.094929 -729.202515 19.129816 21
-50.668571 -732.653625 18.943398 21
-50.804829 -730.404114 17.028233 21
-50.622131 -731.910461 17.973282 21
-45.227917 -730.968750 16.739782 21
-46.935852 -732.338440 18.460056 21
-40.060047 -731.126587 8.528128 21
-58.411747 -726.940674 20.554396 21
-58.223900 -732.105286 19.956253 21
-37.381371 -730.506226 2.083479 21
-50.159115 -728.773132 15.303303 21
-41.700645 -729.196594 11.797387 21
-48.137993 -728.379822 18.476170 21
-38.487652 -730.357544 7.513354 21
-55.991459 -728.251404 25.486887 21
-46.465240 -728.737061 16.809723 21
-48.210094 -729.809387 14.284621 21
-54.632351 -721.707458 19.172686 21
-36.555981 -731.197449 1.204483 21
-54.517014 -729.691223 18.666821 21
-56.629444 -725.452637 18.977985 21
-60.588112 -726.723389 29.549898 21
-60.276669 -725.686829 28.670301 21
-54.890232 -729.558838 23.985117 21
-53.780300 -722.085388 19.002871 21
-45.509266 -726.159851 16.328651 21
-60.474796 -724.575256 24.071566 21
-48.534695 -723.362915 17.443974 21
-37.350628 -730.923096 0.814738 21
-38.033825 -727.811218 5.498376 21
-49.259323 -723.615173 17.641146 21
-59.757782 -724.401367 21.361898 21
-47.377579 -726.063721 15.809553 21
-57.158512 -724.061340 19.137398 21
-48.281521 -724.661377 17.390427 21
-51.728622 -727.526855 19.856453 21
-64.698677 -725.631104 31.149740 21
-36.039883 -728.899048 4.825537 21
-36.309158 -728.015686 2.604317 21
-40.482922 -731.117371 8.687659 21
-56.307266 -728.970276 24.192045 21
-37.672009 -727.962097 3.360930 21
-61.800426 -730.294006 23.715597 21
-37.964558 -730.624268 6.733011 21
-60.417469 -724.372498 23.158873 21
-61.310146 -726.489136 24.122223 21
-36.953003 -730.309326 5.895514 21
-54.045937 -733.606384 21.356680 21
-42.095428 -728.511658 12.122346 21
-55.465431 -727.797241 25.234903 21
-50.528515 -728.907898 20.669535 21
-59.453125 -726.314087 28.818428 21
-42.700901 -729.224915 13.387501 21
-53.493572 -728.106750 23.551205 21
-50.996933 -729.135986 21.008728 21
-36.050468 -729.803772 3.525777 21
-55.665226 -723.579956 18.896271 21
-44.015656 -730.161987 14.801260 21
-37.307816 -728.443848 6.769042 21
-52.559864 -731.931274 18.607775 21
-38.702713 -730.515869 6.089390 21
-49.106037 -729.926147 15.014615 21
-59.732822 -731.862183 20.928112 21
-55.777760 -725.689758 18.749897 21
-54.169636 -729.576477 23.602011 21
-54.268917 -728.247681 23.633352 21
-55.203381 -729.478271 18.914425 21
-58.982143 -726.266357 20.586979 21
-40.105316 -730.600098 9.875824 21
-45.580357 -726.013306 16.723312 21
-37.728218 -730.378296 3.549128 21
-63.333294 -724.153076 29.963829 21
-37.561451 -727.932922 5.762939 21
-54.969528 -729.893250 18.851231 21
-51.989002 -727.783752 19.439196 21
-47.419186 -724.469727 17.430910 21
-57.938690 -732.860718 21.651600 21
-60.024658 -731.708069 21.495852 21
-62.878185 -726.921265 30.192902 21
-59.052345 -728.087524 26.058537 21
-40.726349 -730.595398 10.510225 21
-35.720791 -731.185730 -1.018964 21
-62.076992 -726.358948 29.241470 21
-61.808788 -726.135315 24.743336 21
-47.477215 -725.045837 17.146688 21
-49.895378 -728.635803 20.320005 21
-60.029850 -727.360046 28.102665 21
-43.446468 -729.752380 14.283442 21
-43.289181 -727.921875 13.903243 21
-53.450508 -730.835632 18.475645 21
-55.958015 -727.697205 25.918652 21
-44.164761 -726.940918 15.175377 21
-63.040035 -723.978943 29.479351 21
-36.061604 -730.364014 3.460367 21
-42.835400 -729.522400 9.742229 21
-64.121880 -727.062439 31.080360 21
-46.288250 -732.027527 17.994036 21
-52.505524 -723.550293 18.393179 21
-42.394520 -730.981262 10.885792 21
-45.622578 -727.109375 14.007933 21
-58.520741 -732.265076 20.698183 21
-38.061802 -728.128296 6.925279 21
-56.814304 -727.239502 19.515921 21
-35.656445 -728.726318 0.512576 21
-36.517502 -730.700195 4.525893 21
-37.404488 -730.977295 0.139592 21
-51.615376 -732.843628 19.371775 21
-36.090469 -730.907715 -0.833448 21
-37.875351 -730.713806 5.240092 21
-55.314148 -731.684326 18.935934 21
-37.565670 -730.769897 2.494074 21
-46.524643 -725.028809 17.079288 21
-61.710670 -730.411377 22.320829 21
-41.564484 -731.260376 10.932309 21
-55.245953 -729.369751 23.810278 21
-47.022392 -728.503906 17.452929 21
-57.808537 -733.409973 22.994930 21
-46.101231 -731.716736 17.194286 21
-45.936378 -727.966492 15.747193 21
-62.508392 -729.415466 22.455820 21
-46.369637 -728.492371 12.911891 21
-57.234985 -732.766052 21.304384 21
-54.646519 -728.340637 23.394289 21
-40.435791 -728.158691 6.818839 21
-46.656570 -728.887329 12.812424 21
-38.047493 -729.103149 0.034482 21
-36.224712 -728.815918 4.278680 21
-52.326916 -725.020935 17.889769 21
-61.085392 -730.663391 24.043684 21
-50.718033 -728.298706 20.851383 21
-50.956390 -727.817749 16.310886 21
-56.324619 -727.292480 26.331339 21
-47.772850 -729.070496 17.611027 21
-59.083981 -733.351685 23.260988 21
-57.299706 -727.937378 26.759624 21
-38.727596 -728.910889 8.804372 21
-55.417896 -733.240173 21.280724 21
-37.735565 -730.915283 3.728535 21
-42.114120 -729.813660 12.080646 21
-48.073074 -729.177429 17.886374 21
-44.434231 -729.288818 14.241596 21
-56.161240 -729.533142 24.686390 21
-41.909863 -730.981384 11.016433 21
-57.103016 -733.266724 22.046038 21
-54.220299 -728.765259 23.174356 21
-40.517395 -730.988220 9.884713 21
-55.285862 -725.570801 18.523787 21
-41.109428 -728.277283 8.895926 21
-58.626190 -726.729675 28.213930 21
-41.273956 -728.557373 11.305820 21
-55.036037 -727.242065 18.615185 21
-41.647099 -728.009827 11.511389 21
-62.508091 -728.968872 24.021904 21
-37.005108 -728.097656 -0.373269 21
-47.946739 -730.488281 15.538807 21
-40.956245 -728.517700 7.830962 21
-59.235855 -732.239197 23.687176 21
-49.120323 -728.661987 19.539122 21
-35.346169 -729.106628 2.179613 21
-52.628868 -733.087952 20.000051 21
-53.818531 -727.728638 23.923508 21
-63.523258 -726.963440 31.230440 21
-49.359119 -728.509399 14.960127 21
-62.582081 -726.402344 23.403162 21
-41.483795 -730.891785 10.468158 21
-45.823414 -726.828247 14.479022 21
-57.910339 -722.750122 20.605770 21
-50.016457 -727.622803 18.103539 21
-37.053776 -731.348022 -1.130607 21
-52.754532 -727.184631 22.432577 21
-62.401062 -728.866699 21.312920 21
-57.216270 -727.356689 27.073668 21
-57.760803 -724.116028 19.436132 21
-36.912045 -729.866638 6.187109 21
-60.724167 -731.285339 22.515823 21
-58.833820 -725.852844 27.421423 21
-59.490017 -725.528076 20.530359 21
-52.081631 -727.696289 17.024466 21
-47.778656 -728.626404 13.808860 21
-51.167358 -728.848022 15.775607 21
-45.197296 -728.474365 11.755641 21
-54.736195 -733.028809 20.641630 21
-39.630909 -728.777527 5.305180 21
-50.641769 -727.416321 19.283539 21
-51.696957 -723.386169 18.300360 21
-47.186333 -727.634583 14.151500 21
-57.919281 -727.199585 25.441309 21
-61.043728 -727.181274 29.336880 21
-53.604202 -729.111511 22.410366 21
-51.012642 -725.960632 17.222399 21
-39.927158 -727.571960 7.220227 21
-49.895908 -723.800293 17.713526 21
-60.129009 -731.170837 20.129152 21
-50.181606 -733.870667 20.576696 21
-51.935257 -727.320068 20.618927 21
-58.058437 -722.829407 20.991253 21
-53.477615 -726.899902 22.734657 21
-55.189636 -727.066345 25.310469 21
-48.741394 -730.680908 16.087692 21
-50.457981 -726.379700 16.765163 21
-55.526089 -727.057739 18.910400 21
-59.682293 -726.026978 21.059759 21
-44.386707 -727.712280 12.345518 21
-53.727394 -724.199707 18.363123 21
-36.224319 -731.447632 -1.076471 21
-38.852600 -728.587585 4.897381 21
-55.470196 -723.139282 19.133398 21
-61.401497 -726.407410 28.492470 21
-58.308968 -732.862244 22.272146 21
-35.620514 -729.380554 2.036377 21
-42.432899 -731.596985 10.804934 21
-36.488647 -730.056091 4.330181 21
-59.654385 -732.198425 22.771809 21
-63.117466 -723.853699 30.269613 21
-55.993156 -724.170227 18.686787 21
-42.190422 -732.544434 10.608529 21
-57.480270 -722.324524 20.937649 21
-45.471558 -731.191284 16.277933 21
-40.233608 -728.960876 6.745429 21
-50.850376 -733.103821 19.650867 21
-49.377598 -726.931335 15.939646 21
-36.570454 -730.460449 5.006851 21
-57.412567 -723.150879 19.998615 21
-35.316452 -728.925659 2.925419 21
-38.694302 -727.848511 5.834076 21
-50.640408 -723.981323 17.942478 21
-54.568096 -732.632263 19.756638 21
-50.886551 -724.482361 17.726803 21
-42.406227 -732.756287 10.962776 21
-54.563713 -726.940674 24.208796 21
-49.657715 -730.190308 16.203173 21
-39.725010 -729.678284 6.259711 21
-46.683235 -727.840149 16.260969 21
-62.961052 -725.872437 30.952478 21
-49.730770 -731.259705 17.070742 21
-60.510502 -724.801392 22.326553 21
-35.524933 -730.721069 -0.542504 21
-44.617310 -730.782532 16.306633 21
-46.922581 -725.073425 17.557308 21
-62.441456 -725.233154 30.083542 21
-44.188396 -728.334167 11.039473 21
-54.592781 -733.267944 20.929522 21
-58.425800 -727.841980 25.786093 21
-57.173298 -727.396545 19.940863 21
-51.305878 -727.296814 20.775116 21
-59.196110 -723.297302 21.909008 21
-61.736816 -730.578552 21.929623 21
-44.696983 -727.613464 13.897486 21
-51.423458 -731.340637 17.929291 21
-59.480904 -726.915527 28.824953 21
-52.313778 -730.051941 17.826492 21
-56.307667 -733.454712 21.890888 21
-54.836140 -723.580933 18.711723 21
-58.871197 -726.131592 28.164318 21
-36.679031 -731.484924 -1.580755 21
-62.037365 -729.987854 22.599022 21
-35.605556 -729.684875 -1.601347 21
-42.031349 -731.905518 10.159677 21
-58.972889 -732.136719 21.086803 21
-51.623085 -727.858887 19.076702 21
-45.782177 -728.960327 12.070402 21
-37.522594 -727.547241 4.945494 21
-61.153313 -730.870361 20.936373 21
-39.542793 -730.586182 9.068179 21
-53.207371 -727.515259 23.423300 21
-40.957767 -730.861145 10.321404 21
-49.572552 -729.060547 19.659164 21
-41.991863 -729.920898 11.645423 21
-48.726513 -733.000854 18.839869 21
-55.649197 -722.072144 19.649275 21
-49.310799 -727.498596 18.362572 21
-43.815548 -727.902100 13.901440 21
-41.431587 -729.763306 8.577074 21
-47.524971 -728.527344 17.932020 21
-51.543919 -729.063049 21.561520 21
-54.993629 -733.719971 22.173363 21
-35.814129 -729.220093 3.009915 21
-49.918625 -725.429626 17.208160 21
-52.460964 -729.022034 16.559673 21
-37.162487 -731.202637 -0.169395 21
-53.777935 -723.663818 18.532497 21
-46.205826 -725.247009 16.767365 21
-42.788471 -732.050171 10.460854 21
-37.968807 -728.988525 7.896780 21
-56.767635 -722.557739 20.094406 21
-54.344650 -725.677124 18.254574 21
-47.736992 -727.537231 17.040436 21
-63.992695 -727.397522 30.835934 21
-57.347843 -725.360107 19.203667 21
-52.726917 -729.094849 22.247950 21
-39.138359 -730.227661 8.466879 21
-58.176888 -726.176697 27.250057 21
-56.273109 -727.390564 19.276724 21
-41.059586 -728.019592 10.163694 21
-38.832985 -730.455505 5.643744 21
-58.891609 -725.278198 20.101145 21
-58.698994 -723.221741 21.244551 21
-63.411003 -726.591187 23.533377 21
-53.084248 -729.234985 17.136732 21
-58.723003 -727.281250 27.854828 21
-47.646255 -729.804077 14.805622 21
-51.939384 -728.114990 16.664478 21
-60.045448 -731.750183 22.314924 21
-53.718784 -722.949280 18.851055 21
-60.608513 -731.155640 23.832689 21
-47.048965 -727.767761 16.510021 21
-49.215816 -727.722961 19.437075 21
-41.550243 -732.119629 10.587746 21
-45.116787 -726.811829 15.792614 21
-53.308643 -724.851990 18.103811 21
-40.513340 -728.455566 6.532975 21
-53.644955 -727.291687 23.828522 21
-36.074059 -729.357178 4.198149 21
-39.752220 -728.527161 9.036689 21
-35.776787 -729.820679 -2.564182 21
-42.045601 -732.291138 10.877521 21
-52.362125 -733.752258 21.171036 21
-37.726250 -728.747375 1.341871 21
-41.460602 -727.958008 10.214877 21
-37.458549 -728.004639 2.268774 21
-37.354435 -730.024353 6.550994 21
-44.576054 -726.820007 15.429377 21
-40.398319 -728.003784 9.734579 21
-48.777779 -733.358887 19.817297 21
-60.094322 -727.405029 26.482681 21
-46.912365 -725.358398 16.955553 21
-55.725006 -728.690674 23.635305 21
-63.503036 -724.339966 31.029959 21
-48.843994 -727.427185 18.305569 21
-53.220097 -733.676514 21.418125 21
-36.206318 -730.275330 4.143674 21
-41.268532 -730.946167 11.550928 21
-41.532742 -727.996155 10.830697 21
-52.368633 -732.597351 19.209391 21
-62.941910 -727.208008 22.108976 21
-54.348366 -732.903381 20.259777 21
-36.602951 -729.938965 4.707630 21
-61.102539 -726.424133 29.838280 21
-61.146370 -725.244446 24.477528 21
-61.851852 -725.402710 30.126402 21
-38.711689 -727.593201 6.810981 21
-63.108982 -727.109863 29.929598 21
-46.896893 -728.497498 13.286185 21
-57.897064 -732.507080 21.100924 21
-42.771549 -730.065613 12.681796 21
-52.902294 -729.375610 22.824739 21
-36.819489 -731.204956 1.970921 21
-41.092415 -731.115540 9.276841 21
-60.164978 -726.758057 29.313475 21
-62.746834 -728.911743 22.521898 21
-40.386757 -729.380493 6.932386 21
-35.767185 -731.060547 -2.919431 21
-50.487782 -728.698059 21.378328 21
-45.925518 -728.723755 16.267054 21
-43.985397 -727.178284 13.940685 21
-50.255333 -723.232788 17.859476 21
-37.381004 -730.744873 3.685754 21
-57.069405 -723.519897 19.406937 21
-44.430073 -728.552124 14.671039 21
-64.271713 -726.977417 31.691454 21
-37.475006 -730.292542 1.306643 21
-42.717228 -732.476440 10.106859 21
-40.006733 -730.092773 6.973461 21
-40.940464 -728.044128 10.896505 21
-56.749214 -732.688538 20.649477 21
-49.688484 -727.899109 19.946478 21
-58.395252 -733.274414 23.414265 21
-53.972977 -729.005188 22.234869 21
-50.781113 -733.498291 20.246103 21
-60.523842 -731.409119 21.960995 21
-35.567745 -729.196960 1.154180 21
-40.935223 -729.600403 10.280897 21
-63.832027 -725.386536 30.753422 21
-53.524342 -726.867310 17.988462 21
-40.758068 -729.542480 7.599438 21
-52.831249 -727.171509 17.591038 21
-46.690567 -727.511780 13.975033 21
-64.586151 -725.355652 31.406368 21
-55.347504 -728.129211 24.574593 21
-43.700642 -727.343201 14.497107 21
-50.246712 -726.908630 16.366270 21
-59.761314 -723.619934 22.205051 21
-41.900349 -728.763000 8.285703 21
-36.885548 -730.033264 5.199561 21
-47.311520 -732.505859 18.766752 21
-48.063343 -725.271423 16.913748 21
-60.238159 -728.253723 26.496769 21
-43.945377 -728.610718 14.149415 21
-51.542934 -727.574463 22.158134 21
-43.157402 -727.739990 12.062554 21
-63.202171 -727.664307 23.647474 21
-36.324177 -728.805481 5.273656 21
-63.303886 -726.394104 23.186121 21
-52.316563 -729.354187 22.094976 21
-44.490028 -726.803162 14.751594 21
-40.807903 -730.373718 10.196671 21
-54.157749 -722.302795 19.148954 21
-52.382294 -724.199951 18.153362 21
-61.501492 -730.513000 23.058319 21
-42.465996 -729.247375 13.044951 21
-46.069885 -729.858093 12.869474 21
-36.857212 -728.909241 6.397705 21
-58.015793 -723.354736 20.338625 21
-42.032681 -727.919800 11.619378 21
-42.751656 -729.659607 13.368329 21
-37.800400 -729.770325 2.246449 21
-37.241726 -727.819275 4.945917 21
-51.582253 -727.330811 21.396200 21
-36.659103 -730.406677 3.994951 21
-45.885258 -726.229675 16.309982 21
-59.997730 -726.170959 21.597921 21
-49.779266 -732.116638 17.899282 21
-47.169285 -727.736389 17.259378 21
-38.971786 -728.409302 8.032840 21
-61.581543 -726.583923 27.631001 21
-49.424225 -730.884338 16.612513 21
-61.841209 -725.326294 29.471369 21
-55.262024 -732.545593 19.729593 21
-42.807529 -729.790527 12.318439 21
-35.843430 -728.550537 4.076267 21
-51.865368 -733.874268 21.236931 21
-53.201523 -733.399536 20.664118 21
-51.541161 -725.011414 17.756969 21
-53.089169 -727.078064 21.946369 21
-51.018787 -727.333740 20.106962 21
-61.466892 -726.008057 28.804461 21
-52.086872 -730.908997 18.002972 21
-43.029984 -728.081848 13.589076 21
-59.945110 -723.870605 22.581694 21
-44.031246 -728.024719 11.657855 21
-58.442844 -722.578064 21.236828 21
-51.448505 -727.437866 16.772371 21
-54.762238 -732.243835 19.259192 21
-52.550350 -731.485413 18.429331 21
-57.927486 -728.077698 25.366093 21
-35.501343 -728.596069 0.186823 21
-60.054493 -724.238342 21.902534 21
-50.614910 -725.769531 17.136444 21
-62.634819 -728.809082 23.683558 21
-63.144611 -726.875305 30.613266 21
-61.819412 -726.586426 30.073473 21
-57.239109 -724.544861 19.022400 21
-36.814243 -728.546997 5.249281 21
-51.716854 -728.302307 16.403431 21
-51.875896 -727.320129 22.060217 21
-53.972839 -731.392151 18.712139 21
-49.045906 -727.598633 17.492493 21
-36.368713 -728.150391 3.441746 21
-36.548698 -729.130066 5.126659 21
-55.452328 -728.727417 23.297377 21
-50.788635 -728.070557 16.007751 21
-58.988548 -723.051086 21.612587 21
-62.814388 -728.103088 24.069265 21
-35.646614 -728.960754 1.974575 21
-43.340324 -729.773254 13.838552 21
-48.691589 -727.217590 15.416663 21
-49.081264 -729.221802 14.422346 21
-47.913246 -727.621277 17.381649 21
-59.856655 -728.101501 26.489174 21
-46.416519 -727.014709 14.622398 21
-47.737129 -732.657898 18.388247 21
-59.229832 -725.946594 28.149044 21
-51.918751 -731.627686 18.243198 21
-51.217125 -728.403259 21.339903 21
-43.987629 -727.705261 12.299779 21
-42.071609 -729.817078 9.547853 21
-63.024590 -726.537292 22.493649 21
-37.132019 -727.606628 4.096514 21
-58.153713 -727.782959 27.424261 21
-42.520729 -729.582275 12.532376 21
-39.942924 -729.604370 9.767591 21
-56.374508 -733.633423 22.236122 21
-46.602287 -728.045776 17.413105 21
-53.884865 -733.231506 20.662161 21
-43.348469 -728.452393 13.456026 21
-52.267292 -723.840881 18.260246 21
-63.319157 -725.763794 30.944172 21
-54.918346 -729.174133 18.391808 21
-53.566723 -733.653259 21.240078 21
-48.693401 -724.951050 17.200649 21
-54.151543 -726.246399 18.266884 21
-55.834152 -726.045532 18.862497 21
-42.145584 -728.293518 12.992110 21
-65.505013 -726.287720 31.623999 21
-52.983471 -722.898132 18.608376 21
-39.129066 -727.564331 7.212935 21
-39.493732 -729.066956 8.863410 21
-35.404324 -729.844421 -0.412907 21
-38.768276 -727.821045 6.438180 21
-53.020710 -728.969421 16.873531 21
-48.454636 -728.873901 14.111102 21
-39.870800 -727.622253 6.777309 21
-36.770401 -727.711548 3.193057 21
-53.591240 -728.428772 22.776001 21
-45.214581 -728.093811 12.273902 21
-37.723782 -729.292419 0.665470 21
-35.841644 -731.008057 0.887480 21
-53.021324 -726.783508 17.749018 21
-59.971222 -726.627563 26.745205 21
-54.178486 -733.367981 20.898781 21
-40.662647 -728.617065 7.260138 21
-35.994194 -730.472534 1.979776 21
-44.368011 -728.022278 14.118382 21
-37.768223 -730.085938 2.764791 21
-61.359173 -727.288879 22.079769 21
-39.628513 -730.334106 8.492459 21
-54.619556 -728.053833 24.565664 21
-38.043430 -728.900879 3.070604 21
-54.682461 -727.260376 24.853157 21
-41.157818 -731.333496 8.891534 21
-36.865856 -728.444580 6.042354 21
-60.985523 -730.822388 22.165485 21
-57.082352 -728.848389 24.832336 21
-43.761398 -729.265015 13.746140 21
-60.477097 -727.893494 26.884150 21
-37.356140 -728.273804 -0.788189 21
-56.059761 -726.952271 19.195171 21
-48.563511 -728.466187 18.945370 21
-49.206543 -722.999023 17.425844 21
-53.360451 -733.049866 20.169485 21
-36.023952 -730.875488 2.185556 21
-41.265751 -730.216125 10.622401 21
-49.909081 -731.696716 17.491001 21
-39.202343 -729.715088 9.299825 21
-64.059746 -727.294189 31.774260 21
-44.567738 -727.962158 12.124793 21
-61.224377 -725.253113 28.964531 21
-50.341644 -732.136841 18.119062 21
-43.088524 -729.224243 13.801329 21
-39.544865 -727.771851 8.039441 21
-49.952164 -727.852417 20.231457 21
-39.303177 -728.389282 5.056980 21
-52.046276 -728.056519 22.184435 21
-42.613659 -732.813660 10.571733 21
-41.118927 -731.349548 10.098748 21
-41.937626 -728.320496 11.836284 21
-60.730320 -727.367798 28.772863 21
-51.871349 -730.416565 17.631292 21
-39.196903 -729.436951 8.283609 21
-42.781151 -727.557373 12.696928 21
-53.550495 -722.457520 18.825256 21
-54.046589 -728.885925 17.606728 21
-53.198658 -727.137268 22.778381 21
-37.083412 -728.200256 6.525893 21
-45.084503 -728.810669 11.582733 21
-36.571590 -728.055786 1.193144 21
-37.943848 -728.753113 -0.037501 21
-53.821499 -731.635132 18.961842 21
-47.992245 -728.771912 18.270256 21
-51.092213 -731.253723 17.712379 21
-58.704819 -724.425415 19.941662 21
-56.857735 -729.546875 25.054220 21
-41.475601 -729.770813 11.216259 21
-58.388504 -723.357605 20.657732 21
-37.979477 -728.475220 2.095308 21
-55.954529 -733.238098 21.447618 21
-45.426861 -727.983337 15.193099 21
-50.783424 -727.457764 16.307438 21
-45.590248 -729.656860 12.283134 21
-36.310165 -731.204956 -1.396214 21
-50.705181 -733.954834 20.755692 21
-50.221062 -727.851746 15.753165 21
-50.583424 -727.367249 19.853771 21
-38.621185 -729.124268 4.389295 21
-38.080399 -728.423889 3.637099 21
-46.750950 -725.749634 16.711384 21
-49.106060 -732.254272 17.856375 21
-60.109348 -724.261719 22.349724 21
-40.993988 -727.925476 7.124711 21
-61.212826 -725.666565 29.977474 21
-62.987225 -727.812622 22.296370 21
-41.977451 -729.507874 12.235307 21
-63.039135 -727.949036 22.713554 21
-46.632858 -725.439209 17.213181 21
-56.855049 -733.583557 22.881315 21
-58.158985 -732.304504 20.396503 21
-58.501106 -723.711060 19.991987 21
-60.911076 -727.475891 27.326876 21
-41.905563 -728.403015 8.930513 21
-37.329800 -730.669434 0.337555 21
-37.077461 -730.613037 3.903832 21
-57.480762 -731.896545 19.546183 21
-37.729984 -728.765137 7.531373 21
-61.396210 -726.889099 29.821577 21
-58.512531 -726.183716 20.210482 21
-59.302582 -732.294983 21.024548 21
-36.191303 -730.623352 3.688842 21
-41.423061 -731.547058 10.250443 21
-48.333965 -727.624695 17.365566 21
-49.253727 -727.504395 18.970289 21
-35.894104 -729.215210 4.569447 21
-50.619640 -727.627625 18.652504 21
-62.321186 -729.233032 21.381180 21
-62.315990 -724.927979 28.760595 21
-64.254951 -725.024658 30.944929 21
-39.393394 -729.506226 5.616749 21
-37.678219 -729.534973 7.146385 21
-41.696072 -731.728516 10.829151 21
-54.139305 -728.593933 23.559351 21
-52.841206 -728.287415 22.530981 21
-58.898792 -723.593872 21.152491 21
-36.450645 -730.480103 2.802487 21
-63.081821 -726.807739 22.742998 21
-51.693081 -731.083435 17.916769 21
-56.016418 -732.885315 20.803509 21
-50.844322 -727.096008 16.596205 21