-51.590546 -727.301392 20.348291 21
-36.008465 -731.016785 -3.226266 21
-66.089607 -726.136536 31.417929 21
-41.197048 -732.232483 10.751149 21
-62.330456 -729.591064 21.603136 21
-37.221699 -727.636963 4.544039 21
-44.659813 -726.456726 15.707260 21
-58.511311 -726.329529 28.149137 21
-58.125484 -722.367554 20.964405 21
-55.561153 -734.063843 22.393837 21
-46.949169 -732.677307 18.881874 21
-49.876747 -729.182800 14.980409 21
-52.692421 -721.912720 18.428844 21
-57.028423 -729.432922 19.573332 21
-54.933361 -728.282227 24.520874 21
-61.656441 -724.992615 24.080919 21
-52.244282 -732.258667 18.724676 21
-44.772469 -728.620361 11.086074 21
-48.149864 -723.534790 17.568007 21
-41.083244 -728.630798 7.322543 21
-36.762421 -731.272217 1.569052 21
-62.848083 -724.873840 28.517765 21
-55.616222 -725.292725 18.580873 21
-59.802380 -732.785828 23.357298 21
-44.871262 -730.822083 15.524557 21
-47.743179 -728.439331 18.675158 21
-59.392323 -726.291077 20.926241 21
-53.302109 -728.773315 17.082186 21
-36.878685 -728.159668 -0.754898 21
-40.929760 -728.387024 11.464034 21
-38.015476 -730.874207 6.356096 21
-50.682823 -726.113586 16.981833 21
-58.283443 -728.965332 25.692301 21
-46.973507 -728.091064 13.608776 21
-59.680813 -731.429077 20.039751 21
-55.556141 -732.403015 19.511301 21
-49.848785 -733.711792 20.405966 21
-49.473072 -731.548706 17.217466 21
-63.094807 -727.896973 24.232840 21
-39.026108 -729.992310 9.474117 21
-52.604092 -729.327698 22.567932 21
-63.249065 -727.235962 30.667469 21
-47.792759 -726.088135 15.883668 21
-42.746807 -729.431702 13.754137 21
-55.579556 -721.579529 19.384703 21
-52.718525 -733.796997 21.417473 21
-61.126511 -727.291199 27.044683 21
-35.351883 -728.813293 2.479259 21
-38.055470 -728.024414 7.371331 21
-38.198914 -728.687988 1.791814 21
-56.662861 -726.325806 25.803148 21
-37.956341 -731.097534 -1.098485 21
-61.251949 -730.299316 24.163595 21
-64.039764 -724.295166 30.990435 21
-52.823299 -724.690918 18.076622 21
-54.571236 -727.469666 21.888641 21
-60.713226 -726.445801 29.881306 21
-59.959995 -723.956177 22.196476 21
-57.645439 -732.665161 21.352867 21
-38.011570 -729.129333 -3.001477 21
-42.422436 -729.712402 9.648699 21
-47.562874 -730.511719 15.336301 21
-36.346550 -730.649475 4.154185 21
-58.037037 -724.558777 19.411711 21
-39.851135 -728.941406 5.000239 21
-46.146584 -728.598511 16.547964 21
-61.671402 -727.070435 22.036814 21
-35.438034 -730.310425 -0.465181 21
-44.205452 -727.267334 13.296159 21
-54.572281 -730.111877 18.814528 21
-49.924034 -729.121582 19.850479 21
-50.648891 -723.308044 17.955719 21
-57.050156 -726.970947 19.746838 21
-51.511333 -730.328125 17.384804 21
-54.726639 -727.446411 18.424870 21
-46.492001 -725.143311 17.488914 21
-40.461231 -726.446106 7.339345 21
-60.831432 -731.197998 22.121929 21
-40.274921 -728.052979 9.347198 21
-46.470520 -731.712158 16.921589 21
-45.794136 -729.879272 12.594709 21
-63.542007 -726.092224 23.041157 21
-44.659782 -728.698914 14.946260 21
-49.740120 -727.501709 18.398497 21
-52.320297 -727.170288 22.425329 21
-57.566475 -731.552612 19.421703 21
-54.507881 -723.373962 18.781151 21
-38.266685 -729.696594 3.731076 21
-40.811558 -731.064636 8.952280 21
-52.662285 -726.745300 17.605829 21
-51.239254 -728.189148 16.197712 21
-42.933975 -727.820312 11.747610 21
-36.956612 -729.154053 5.961493 21
-57.442341 -733.537048 23.187233 21
-49.476360 -727.291870 15.767871 21
-56.514450 -729.546448 24.890915 21
-62.383228 -725.418945 30.482784 21
-50.267887 -732.585938 18.735558 21
-42.460537 -729.768250 11.678059 21
-57.474731 -727.676880 27.048691 21
-43.019051 -733.007080 10.550422 21
-50.795750 -728.785828 21.593016 21
-35.198982 -728.579712 0.422655 21
-40.764755 -730.236572 10.740389 21
-56.564182 -723.275696 19.353085 21
-53.751877 -726.894775 23.719236 21
-39.827358 -729.981628 6.643610 21
-53.624454 -732.891785 19.944433 21
-48.961609 -725.244385 17.196615 21
-37.722576 -729.723328 0.240217 21
-35.673683 -729.352295 -2.114507 21
-48.126534 -727.528076 17.054977 21
-46.226654 -726.679443 14.673275 21
-60.195995 -725.502075 28.290791 21
-62.359543 -726.610779 29.014879 21
-54.663300 -729.105408 22.885847 21
-48.290813 -729.392334 14.016739 21
-35.826656 -728.888367 4.392865 21
-60.704487 -725.629333 22.564865 21
-51.589165 -733.291016 20.061575 21
-60.072891 -728.512939 26.247793 21
-36.774044 -727.722717 2.648610 21
-36.309639 -731.792297 -1.266846 21
-42.008575 -728.003113 10.026422 21
-39.629665 -727.832642 6.540030 21
-59.393356 -724.522400 20.575047 21
-61.115692 -730.461670 20.522072 21
-59.726524 -727.643250 28.083580 21
-59.278965 -732.006226 21.814697 21
-64.395187 -726.543213 31.816467 21
-52.998608 -730.714478 18.286997 21
-35.484848 -730.102905 1.292640 21
-42.690094 -731.221802 10.731891 21
-62.888569 -729.665833 24.042709 21
-62.066227 -726.583313 24.774969 21
-56.239254 -728.020630 25.776686 21
-62.979279 -728.182983 22.399307 21
-55.402969 -726.585815 24.611940 21
-45.604664 -728.118347 12.527391 21
-48.568745 -733.079529 19.408581 21
-38.894424 -730.739136 7.870311 21
-55.017422 -733.186768 21.014727 21
-36.836384 -727.912842 0.945508 21
-50.062542 -730.153259 16.373703 21
-62.501499 -726.143677 27.369640 21
-37.259674 -729.681641 7.559358 21
-47.917721 -727.476807 14.873478 21
-58.372417 -726.724426 25.996656 21
-44.907200 -731.241638 17.204042 21
-47.555805 -729.198059 17.202747 21
-53.978668 -725.914673 18.165352 21
-43.414268 -727.527283 14.707149 21
-51.337467 -727.815613 18.809271 21
-54.181263 -731.679260 18.858194 21
-39.040592 -728.732544 8.454055 21
-38.174801 -729.417480 -1.284823 21
-43.513851 -728.576782 10.077521 21
-43.517899 -729.830872 15.112641 21
-49.967243 -727.529663 20.031754 21
-37.632328 -730.113525 2.253297 21
-46.169132 -725.919128 16.121141 21
-41.819698 -728.292969 12.802657 21
-48.033737 -731.522156 16.478670 21
-63.013538 -723.847290 29.874197 21
-51.210167 -724.783203 17.662056 21
-38.507397 -727.848999 5.433715 21
-53.107887 -727.632507 20.510242 21
-48.404491 -732.424622 17.993523 21
-38.102161 -728.199402 3.300129 21
-38.843571 -730.119690 5.271619 21
-52.534107 -729.196106 21.024235 21
-46.739017 -729.815674 14.235955 21
-54.064613 -721.834290 19.230656 21
-55.902458 -730.978271 19.058496 21
-36.147106 -730.301758 2.656475 21
-60.355232 -724.248718 23.737207 21
-52.132141 -723.341187 18.397020 21
-54.060146 -734.018250 22.110966 21
-58.254459 -725.992310 19.933929 21
-56.806332 -722.060242 20.270041 21
-60.364410 -731.418640 23.653736 21
-36.857601 -731.086060 0.076019 21
-42.048962 -728.610718 8.656034 21
-59.742668 -726.888306 26.598989 21
-55.737724 -729.030823 18.929224 21
-61.514427 -725.356995 29.245535 21
-53.464325 -728.222168 23.089989 21
-50.930374 -731.606079 17.861414 21
-57.003658 -725.571167 19.166403 21
-58.167774 -727.292236 20.642000 21
-41.103233 -729.810974 8.185505 21
-43.831856 -729.932312 11.236330 21
-37.580090 -730.813721 4.964794 21
-60.968422 -727.099060 28.543922 21
-61.745441 -730.260376 22.719036 21
-55.801754 -726.700073 18.998608 21
-56.815952 -732.531555 20.184076 21
-55.272743 -729.619263 24.166115 21
-58.499191 -732.180725 20.283964 21
-58.891541 -722.974365 21.981762 21
-56.337807 -733.189941 21.577055 21
-62.293732 -726.702820 23.333300 21
-45.852432 -732.053528 18.140856 21
-45.744530 -727.905823 15.374063 21
-48.864208 -730.028320 15.609954 21
-39.291161 -727.410645 7.834702 21
-63.704075 -725.701294 30.929106 21
-60.990376 -726.263489 23.932154 21
-52.126781 -729.245056 16.482672 21
-58.547623 -732.883850 22.624557 21
-49.457146 -724.000427 17.619862 21
-48.985672 -728.268066 19.286108 21
-57.754833 -723.357422 20.046553 21
-43.158875 -728.216431 13.127897 21
-35.647942 -730.710510 -1.879423 21
-40.346443 -729.422546 9.711314 21
-44.092155 -729.419189 13.928464 21
-45.529041 -727.277893 13.617426 21
-65.011520 -725.337280 31.254408 21
-47.007267 -727.622192 16.142923 21
-54.255028 -724.604004 18.275955 21
-59.687927 -726.640259 29.024866 21
-45.822613 -729.307922 15.464478 21
-60.184711 -725.305115 21.333391 21
-35.651463 -728.826965 -0.800854 21
-51.574146 -727.110901 16.948875 21
-59.952885 -726.867615 21.976166 21
-56.118847 -728.623657 23.993246 21
-37.371143 -728.552612 -2.005110 21
-51.346046 -727.578491 21.608639 21
-47.725460 -724.751099 17.259260 21
-57.727364 -726.317383 27.103699 21
-62.100079 -726.703186 30.303595 21
-51.460773 -722.226135 18.064278 21
-54.685368 -728.904297 18.157579 21
-44.212444 -727.875305 12.022638 21
-47.000542 -729.333679 13.057144 21
-49.492157 -726.218323 16.496759 21
-55.653641 -723.965088 18.686632 21
-48.833813 -728.400452 14.672909 21
-41.677967 -731.329651 9.866368 21
-41.618374 -730.986023 11.398447 21
-50.972706 -729.346252 15.749764 21
-51.026894 -733.987610 20.936779 21
-37.061291 -731.025696 3.133333 21
-46.983021 -728.079529 17.357279 21
-38.674648 -728.811279 4.609561 21
-53.376701 -727.159302 21.680807 21
-62.523022 -729.300720 22.922609 21
-58.643692 -723.536987 20.884430 21
-40.326527 -731.329773 10.073560 21
-36.499401 -730.042542 5.243640 21
-52.126644 -725.625183 17.632183 21
-44.855259 -726.752197 14.530119 21
-49.605835 -722.720825 17.594307 21
-37.773212 -728.480103 0.223795 21
-53.320610 -722.898865 18.781769 21
-40.172485 -728.335083 8.099059 21
-47.215923 -732.222168 17.763525 21
-53.830570 -733.483459 21.013769 21
-57.097847 -728.478760 24.767694 21
-60.202419 -731.589355 21.136211 21
-56.904263 -724.377869 18.919416 21
-38.557026 -729.414246 7.570495 21
-53.346252 -727.767883 17.764938 21
-39.619961 -730.903931 8.837200 21
-53.640247 -728.943970 22.038784 21
-49.348305 -727.638855 17.251684 21
-55.426029 -722.791443 19.351591 21
-37.589367 -728.114868 6.173332 21
-35.728146 -728.200195 1.444124 21
-52.217136 -728.346497 22.012045 21
-48.506199 -727.606628 18.214109 21
-35.736801 -731.013916 0.497041 21
-52.670860 -729.786194 17.612734 21
-58.486195 -727.588684 27.663094 21
-36.043724 -728.349854 3.348137 21
-44.044041 -728.238647 13.981421 21
-58.041443 -727.746582 25.504877 21
-55.190014 -727.496460 25.360359 21
-50.560905 -727.149597 16.347826 21
-48.589550 -729.026794 17.727327 21
-62.986572 -726.950378 22.414804 21
-50.118999 -725.151978 17.416628 21
-43.091404 -729.811646 12.708958 21
-45.807888 -731.299683 16.067389 21
-40.335495 -728.523499 10.479232 21
-35.784790 -729.470154 3.392672 21
-49.034943 -730.818481 16.421265 21
-51.994061 -731.257385 18.115429 21
-61.697220 -730.539795 21.529470 21
-44.800014 -729.754578 11.831469 21
-41.346294 -729.452637 11.333683 21
-39.764080 -728.909668 6.127913 21
-57.184792 -729.352783 25.807573 21
-47.177311 -725.535400 16.641617 21
-42.598820 -732.124084 9.970038 21
-36.611809 -728.255981 5.381949 21
-41.935711 -727.920837 11.219890 21
-58.948677 -727.669678 26.186150 21
-61.225594 -726.215515 27.368677 21
-60.020695 -731.897156 22.678267 21
-45.251595 -726.273376 16.676193 21
-50.465904 -730.849182 17.162962 21
-54.447636 -727.226624 24.551741 21
-53.606483 -729.757324 18.273212 21
-63.394928 -724.854675 30.251585 21
-56.600723 -727.103149 26.604391 21
-50.434025 -728.425110 20.562420 21
-63.302483 -726.800659 23.872887 21
-51.498188 -728.950562 20.679619 21
-62.318752 -728.766174 24.333084 21
-40.877472 -727.592712 6.991958 21
-61.215767 -727.164490 23.028431 21
-37.998081 -729.169006 2.791562 21
-56.528831 -731.887939 19.311861 21
-52.545368 -732.878662 19.590443 21
-37.152264 -730.194824 6.247548 21
-50.336388 -728.365234 15.624692 21
-53.732162 -729.491394 23.334299 21
-36.201214 -728.183411 0.089267 21
-39.166065 -729.814209 8.375689 21
-62.561901 -724.854736 29.562851 21
-52.275745 -728.237488 16.811478 21
-56.563877 -733.702087 22.555006 21
-53.850143 -727.042114 22.655098 21
-51.270706 -732.684448 19.130701 21
-49.482273 -732.310974 18.081556 21
-54.884266 -726.362793 18.541500 21
-44.269676 -730.720764 16.517775 21
-35.445877 -729.602234 0.334577 21
-47.151985 -726.706360 15.198335 21
-54.024117 -728.079224 24.011829 21
-48.505085 -726.842834 15.624281 21
-37.637383 -730.561768 3.933111 21
-62.816849 -725.437012 23.449230 21
-39.825771 -730.340454 10.078772 21
-53.346878 -732.291809 19.080318 21
-52.364880 -727.715576 19.744675 21
-44.906975 -727.800720 14.417752 21
-55.099148 -728.327881 23.457207 21
-59.186806 -725.507019 20.243113 21
-37.378773 -730.501221 0.860796 21
-50.654465 -727.344666 20.839804 21
-55.995960 -727.621338 19.449097 21
-38.807854 -730.178223 6.413169 21
-49.660954 -733.111572 19.552160 21
-42.833321 -728.019897 10.668503 21
-56.058716 -729.981445 19.315256 21
-37.424347 -727.938416 1.848814 21
-61.240147 -726.043152 28.502098 21
-54.690285 -732.765503 20.126999 21
-53.458031 -723.880493 18.414082 21
-40.574787 -729.535278 7.249905 21
-61.396114 -727.146729 29.536991 21
-46.938046 -727.381714 14.412495 21
-60.816162 -725.310547 23.542330 21
-55.831944 -732.788269 20.493208 21
-42.168808 -729.333801 12.595203 21
-38.442257 -727.566040 6.437048 21
-41.299313 -728.198120 9.255754 21
-46.214424 -728.944031 12.439116 21
-61.125183 -725.493469 24.827597 21
-63.025261 -726.734924 29.800676 21
-37.453491 -728.810181 7.069035 21
-60.519875 -724.629089 22.745707 21
-52.857025 -733.340759 20.472141 21
-38.118217 -730.265625 7.191253 21
-42.801674 -728.570190 9.347155 21
-61.463268 -725.834229 30.213923 21
-42.015324 -732.838745 10.842269 21
-47.835945 -728.322205 14.108384 21
-36.191132 -731.687866 -2.474065 21
-63.163834 -727.617859 23.246199 21
-38.202354 -727.893372 4.456756 21
-57.482563 -733.205322 22.202230 21
-52.367111 -727.183655 21.408186 21
-52.977478 -727.288025 23.182554 21
-51.831669 -729.253479 21.743841 21
-53.895237 -726.962280 18.111107 21
-50.892208 -727.404053 19.627365 21
-39.495167 -728.789062 9.346920 21
-45.390167 -728.818726 11.853173 21
-37.768986 -728.528870 -1.046387 21
-60.182087 -725.819275 29.282717 21
-48.176552 -725.530212 16.642786 21
-59.184608 -725.712891 27.723763 21
-59.416008 -731.885315 23.545980 21
-41.861839 -728.744324 11.827649 21
-62.922573 -726.319214 30.915054 21
-62.612232 -728.633545 21.588762 21
-39.848228 -730.348450 7.900231 21
-64.001610 -727.353699 31.374655 21
-61.102379 -730.973267 23.036917 21
-37.705723 -729.187866 1.090164 21
-43.324310 -730.139282 14.116884 21
-35.891781 -731.203430 -0.610433 21
-41.181999 -728.004700 10.589272 21
-36.834110 -727.832947 3.635822 21
-59.355591 -731.998901 20.783411 21
-42.173286 -730.089661 10.782553 21
-43.823795 -728.190308 11.181288 21
-35.583885 -729.155029 1.591297 21
-35.290710 -729.788574 -1.322157 21
-48.764343 -729.049622 18.744066 21
-62.795132 -728.500061 23.500467 21
-51.921516 -724.236023 18.080498 21
-58.601482 -724.067261 20.069460 21
-54.940136 -731.060730 18.892443 21
-62.151424 -725.566772 28.498159 21
-45.656506 -726.338135 15.390931 21
-59.062099 -728.667603 26.216301 21
-35.857491 -730.803467 1.848253 21
-50.623383 -733.283936 19.966312 21
-50.391018 -724.278503 17.808956 21
-40.140205 -728.475403 7.047552 21
-55.633308 -726.672241 25.682928 21
-61.746239 -729.742126 20.844278 21
-59.452457 -723.964722 21.377825 21
-39.390820 -728.221741 5.565447 21
-47.920322 -732.776062 18.762627 21
-43.360123 -727.492493 13.745278 21
-44.077526 -729.173218 10.679426 21
-53.035324 -725.838928 17.880713 21
-62.108578 -730.034241 23.571480 21
-44.327042 -727.321045 15.076905 21
-39.769569 -729.942322 5.681523 21
-58.533657 -732.336182 21.292389 21
-51.930267 -733.712585 20.856157 21
-53.912533 -730.795898 18.655481 21
-59.026012 -727.059875 28.490789 21
-41.111481 -728.373840 8.232950 21
-46.831333 -729.238831 16.562078 21
-38.170696 -728.677612 8.104698 21
-40.837868 -729.310608 10.545825 21
-48.487541 -731.976196 17.180716 21
-60.406700 -727.642273 26.555338 21
-65.295418 -726.609375 31.574709 21
-60.788811 -727.365967 22.056120 21
-52.898167 -731.601685 18.541258 21
-37.164753 -731.517212 -1.561286 21
-41.073486 -731.151062 10.590211 21
-48.571552 -724.351013 17.448521 21
-45.861652 -725.556946 16.949886 21
-44.114399 -730.275330 15.677134 21
-49.141975 -728.564880 20.141552 21
-58.767643 -733.109863 23.497568 21
-50.856163 -729.998535 16.820375 21
-54.845036 -733.634644 21.809677 21
-61.032173 -731.134216 21.218510 21
-36.545128 -728.307861 4.436733 21
-36.233212 -729.167908 5.374417 21
-55.946381 -722.230042 19.915287 21
-43.387745 -727.388672 12.822714 21
-48.049347 -729.832886 14.949671 21
-35.962837 -728.072632 2.390446 21
-57.786484 -726.849121 25.299215 21
-48.978016 -729.561218 14.609175 21
-43.339577 -729.791992 10.476588 21
-51.562798 -726.253357 17.264841 21
-44.981319 -729.550171 14.819838 21
-62.683693 -726.139893 22.718452 21
-36.216820 -729.743347 4.421938 21
-50.627872 -727.721802 18.251614 21
-59.310516 -727.169189 21.100843 21
-54.012157 -728.441589 17.776028 21
-60.257248 -726.023254 21.884844 21
-54.768780 -725.504517 18.345409 21
-54.319828 -732.427063 19.378948 21
-38.285030 -730.224243 4.572899 21
-38.349659 -729.483337 -2.168781 21
-52.626755 -728.017090 22.771317 21
-63.193863 -724.021057 30.856947 21
-42.019722 -731.877563 10.750005 21
-48.295128 -730.702271 15.933566 21
-49.276825 -732.783264 18.819483 21
-60.392891 -726.512390 22.679466 21
-59.886753 -723.782593 23.070883 21
-54.622082 -726.739563 23.828394 21
-38.918583 -727.875732 7.172338 21
-62.033127 -725.718506 24.559305 21
-40.194977 -727.555481 7.571571 21
-45.259182 -728.610657 15.613054 21
-35.582985 -729.674683 2.310326 21
-60.417431 -731.080811 20.427233 21
-37.626945 -727.887451 5.299798 21
-46.176155 -727.945312 13.195339 21
-49.452091 -728.121948 15.246545 21
-49.495758 -727.496216 19.262907 21
-44.994469 -727.568298 12.897611 21
-51.432755 -732.121155 18.442299 21
-42.534405 -727.824402 12.537264 21
-64.186890 -725.058655 31.444506 21
-47.743423 -727.964478 17.919052 21
-37.675064 -730.892334 -0.217480 21
-47.666527 -728.963989 13.523733 21
-55.589436 -728.300415 25.109652 21
-54.581451 -722.576477 19.203442 21
-53.569725 -725.143921 18.082319 21
-58.481453 -725.897766 27.216190 21
-57.031540 -728.035583 26.373552 21
-41.638527 -730.036499 9.455290 21
-57.887100 -726.948242 27.693218 21
-57.620815 -732.257019 19.926754 21
-38.054775 -729.054504 -0.374543 21
-57.365849 -723.778076 19.381472 21
-37.816467 -730.196960 3.163393 21
-41.788078 -729.496948 8.628629 21
-59.319817 -732.401733 22.634127 21
-62.950356 -724.160339 29.061075 21
-48.636925 -726.159363 16.264214 21
-43.454029 -728.888184 13.644219 21
-47.450920 -731.180176 15.924553 21
-50.553871 -722.468750 17.727272 21
-56.613007 -726.321289 19.346846 21
-49.040504 -733.573303 20.086287 21
-58.706669 -724.919800 19.826027 21
-55.148144 -724.585144 18.379330 21
-54.559048 -729.468811 23.720745 21
-52.360111 -727.445374 17.211283 21
-57.038136 -722.843018 19.997301 21
-60.510574 -727.083801 29.261366 21
-37.609646 -729.644470 6.780921 21
-37.100777 -731.297302 -0.712839 21
-60.738106 -724.844788 24.255985 21
-37.053616 -728.022522 0.101178 21
-59.327888 -726.085571 28.484016 21
-57.799538 -726.733276 20.101486 21
-57.854473 -725.405518 19.434278 21
-54.981102 -731.917542 19.041332 21
-58.643688 -726.554260 20.579554 21
-63.734795 -726.501465 31.231598 21
-48.969273 -723.296631 17.559837 21
-46.945518 -726.013733 15.797565 21
-40.563335 -728.926208 6.461516 21
-37.167843 -730.826111 2.288703 21
-35.227375 -729.483826 -0.482187 21
-45.719482 -731.544983 17.263115 21
-54.296234 -728.360779 23.177767 21
-37.901234 -728.204468 2.492021 21
-45.043575 -731.074646 16.350536 21
-55.534473 -729.063354 23.572393 21
-50.305420 -727.454529 19.018665 21
-36.524136 -728.007629 1.718699 21
-62.714893 -726.209412 23.892620 21
-39.492096 -728.100342 8.809674 21
-60.135288 -724.468567 21.563709 21
-38.319641 -728.866333 3.821176 21
-39.192223 -729.368225 5.321786 21
-59.656548 -723.173828 22.264080 21
-37.772511 -728.330078 1.051305 21
-36.322212 -730.728943 1.105633 21
-37.486572 -727.674133 3.069132 21
-52.217342 -730.453064 17.836140 21
-40.177731 -730.672974 9.397173 21
-51.025761 -728.148987 21.097536 21
-37.117271 -730.788635 5.675742 21
-44.040100 -727.099792 14.336440 21
-46.875751 -728.517029 12.890398 21
-47.798683 -728.877380 17.961296 21
-50.156883 -731.932739 17.803209 21
-58.442989 -731.612610 19.691135 21
-64.198959 -727.158508 30.595388 21
-57.487263 -726.114441 19.652294 21
-48.663689 -727.551819 15.212887 21
-61.901318 -726.696167 27.433031 21
-36.183567 -730.764648 3.346990 21
-56.905449 -732.781311 21.023872 21
-42.820435 -728.947754 12.944854 21
-35.786324 -730.219604 -2.515656 21
-53.395966 -722.077576 18.802225 21
-38.741726 -728.089355 8.010476 21
-51.371819 -723.607300 18.172520 21
-46.296490 -727.551086 13.936418 21
-42.695587 -728.042419 13.792290 21
-51.114723 -725.566162 17.406813 21
-56.472317 -725.033569 18.806438 21
-57.333588 -726.244507 26.404942 21
-55.967136 -727.305054 26.075960 21
-43.182865 -729.278931 9.859947 21
-37.822968 -729.396545 1.940711 21
-60.152237 -727.070801 27.716112 21
-41.873768 -731.023743 10.593391 21
-53.091270 -726.934937 22.424736 21
-60.881016 -725.610962 29.654947 21
-52.177860 -722.533875 18.418289 21
-56.163177 -725.763489 18.922661 21
-36.782303 -730.802917 4.823129 21
-47.493492 -724.067322 17.605598 21
-47.706974 -733.087891 19.470940 21
-55.300892 -729.831787 19.114414 21
-58.201862 -732.671692 21.938223 21
-47.457317 -729.721130 13.641175 21
-39.528030 -729.545227 9.066883 21
-60.395813 -725.084167 22.069103 21
-64.454666 -725.951538 31.295456 21
-62.668095 -726.934326 24.342430 21
-54.841904 -721.868713 19.512047 21
-40.350410 -731.723450 10.759339 21
-52.641159 -723.916809 18.202354 21
-49.747829 -730.887207 16.850365 21
-46.301723 -727.940857 16.050257 21
-57.164001 -726.947632 27.112286 21
-52.889168 -728.636169 22.337261 21
-49.626499 -725.633667 16.993711 21
-55.590782 -733.447021 21.620234 21
-49.352203 -729.012756 19.325012 21
-60.731598 -725.431824 28.858854 21
-62.155712 -729.056763 21.048700 21
-58.217182 -733.559937 23.136364 21
-57.430756 -722.417175 20.539009 21
-60.177860 -731.715454 21.934731 21
-36.117805 -731.083862 2.624389 21
-60.693516 -730.892090 24.132549 21
-52.351158 -727.327393 20.648228 21
-49.981796 -727.707153 17.689829 21
-55.727726 -731.744141 19.103842 21
-51.555134 -728.580811 21.484926 21
-40.290478 -730.771973 8.461650 21
-61.126698 -724.481201 23.703760 21
-55.401661 -727.462830 18.772224 21
-44.934608 -728.160339 11.982313 21
-60.847126 -726.029297 23.208515 21
-40.704731 -728.019226 9.971769 21
-41.987751 -727.988281 12.007950 21
-62.269047 -729.795288 22.332335 21
-47.122398 -728.532654 18.006903 21
-53.352272 -729.132080 22.780962 21
-53.762558 -729.144592 17.591091 21
-47.432156 -727.677063 16.796177 21
-43.860744 -730.496704 14.994236 21
-46.412727 -726.327820 15.321840 21
-38.322441 -730.123230 -1.537728 21
-62.696606 -729.116638 22.199011 21
-39.044815 -728.196289 4.878147 21
-46.588795 -732.214600 18.235657 21
-61.432625 -730.749207 22.207451 21
-53.501286 -727.641296 23.656660 21
-56.068291 -729.300232 24.321360 21
-49.895058 -723.390137 17.811453 21
-57.560452 -732.774780 20.465614 21
-48.448158 -728.181763 18.730207 21
-58.369091 -722.939453 21.444393 21
-58.532921 -728.220459 25.785482 21
-37.433880 -730.541565 1.605870 21
-51.361855 -731.001282 17.698135 21
-61.984821 -726.746521 22.631304 21
-36.206760 -731.245300 -1.873148 21
-54.853767 -729.410400 18.696474 21
-41.476070 -730.307312 10.984021 21
-38.681633 -729.596680 4.673413 21
-56.865383 -727.679932 19.913225 21
-50.787106 -729.221741 20.608021 21
-62.745647 -725.425415 28.024796 21
-35.391624 -728.704285 3.366085 21
-42.403450 -729.153748 9.085722 21
-55.697498 -728.135559 24.373384 21
-51.574154 -728.959839 15.953931 21
-61.418865 -726.595398 30.050508 21
-50.154179 -726.542664 16.540943 21
-37.604111 -727.916260 3.775280 21
-48.725132 -731.414368 16.742294 21
-38.275623 -730.591492 5.377668 21
-52.870670 -728.020996 17.272099 21
-36.964725 -728.546997 6.383590 21
-51.892879 -724.940796 17.865501 21
-62.869759 -727.610962 21.915392 21
-42.367161 -728.633911 12.412807 21
-60.607857 -723.979675 23.069544 21
-35.418526 -730.346191 0.452969 21
-59.734978 -725.638367 20.843796 21
-49.514954 -724.754272 17.525679 21
-49.832108 -728.307800 20.048723 21
-44.150547 -728.826782 14.393695 21
-44.095524 -726.969543 15.684184 21
-38.972767 -730.072632 7.590466 21
-63.912781 -724.993591 30.754049 21
-45.393696 -726.631104 16.005014 21
-51.539146 -727.112366 21.076336 21
-58.096088 -723.121155 20.652328 21
-55.235249 -723.400879 18.895840 21
-41.503265 -729.055359 8.121921 21
-46.792938 -728.735046 17.112680 21
-61.811001 -726.134033 29.023176 21
-37.526192 -728.951965 7.788932 21
-45.532764 -727.398254 14.329282 21
-36.130447 -728.205933 0.831686 21
-49.045616 -727.402649 18.642891 21
-35.526901 -728.953918 -0.091470 21
-61.519527 -726.217102 24.442877 21
-49.461918 -729.752075 15.156612 21
-57.376980 -724.948181 19.110661 21
-53.317268 -726.513977 17.912195 21
-61.853172 -727.105286 28.922359 21
-61.496910 -730.514343 23.504314 21
-49.516846 -729.925049 15.935591 21
-56.228130 -732.471497 19.776516 21
-47.849121 -726.895569 15.298520 21
-55.502090 -726.031006 18.708231 21
-36.893425 -728.320435 -1.462649 21
-43.533024 -727.688904 12.200342 21
-35.632488 -730.413696 -1.220960 21
-43.078957 -731.771240 10.399860 21
-46.667801 -728.018433 16.661875 21
-47.422203 -730.138855 14.728315 21
-39.993530 -728.488525 9.850124 21
-54.328033 -733.119873 20.644836 21
-62.053722 -725.302307 29.811359 21
-51.590847 -727.641174 19.477551 21
-54.727100 -724.022766 18.513071 21
-50.507877 -727.806396 16.073845 21
-42.578220 -732.407593 10.637538 21
-46.298332 -731.876038 17.605991 21
-62.567993 -729.169800 23.623257 21
-53.600803 -733.683777 21.657791 21
-40.701050 -728.246094 8.798635 21
-39.458549 -728.118469 7.904355 21
-49.182644 -727.625793 17.951218 21
-51.906559 -727.701965 22.118748 21
-50.732063 -732.185425 18.316605 21
-49.127552 -726.635620 16.050293 21
-57.032768 -733.020386 21.698145 21
-44.746422 -729.320496 11.277714 21
-38.750084 -729.603638 8.937545 21
-50.633625 -732.945068 19.303932 21
-37.723831 -730.871704 2.899748 21
-41.790680 -729.614441 11.872985 21
-38.779713 -728.224854 4.199285 21
-37.963207 -728.981384 -1.848749 21
-60.407505 -727.512817 28.643026 21
-59.066174 -731.778442 20.080925 21
-62.233616 -729.894958 24.264437 21
-42.716606 -728.284851 10.015351 21
-44.790047 -729.502808 14.130659 21
-56.416882 -727.047546 19.407248 21
-47.066288 -724.687256 17.501509 21
-49.915302 -727.882324 20.653740 21
-51.245869 -722.894348 18.184473 21
-50.424816 -729.766479 15.592278 21
-53.737961 -727.467346 21.171721 21
-55.970169 -724.591003 18.581339 21
-40.485592 -730.612732 10.087634 21
-51.121616 -727.525940 16.533257 21
-56.295292 -723.822693 18.918839 21
-45.090721 -728.171265 15.078867 21
-36.795437 -731.172791 0.833766 21
-55.967651 -726.503967 25.091894 21
-37.514866 -728.209351 -0.381355 21
-53.910686 -722.544617 19.011944 21
-40.687687 -729.894653 10.117825 21
-37.619987 -729.862915 1.249622 21
-63.264160 -726.787292 23.174707 21
-38.755962 -730.569641 7.140323 21
-62.534290 -727.247925 29.750296 21
-49.306389 -727.891479 19.801825 21
-62.108559 -726.077576 30.592600 21
-44.025845 -728.438538 10.556214 21
-35.600903 -728.859375 0.950137 21
-44.897610 -727.029724 15.387877 21
-60.599834 -731.447266 22.876686 21
-41.988274 -728.283142 9.275234 21
-51.967945 -732.677246 19.246273 21
-59.204479 -727.372131 27.676996 21
-49.107227 -732.049683 17.546715 21
-41.126698 -728.816467 10.937943 21
-49.788975 -728.616943 20.784874 21
-39.508713 -730.214783 8.894000 21
-36.031662 -730.077515 3.849445 21
-57.533150 -727.352905 20.337086 21
-44.945343 -727.004211 13.872736 21
-43.082817 -729.702148 14.594723 21
-40.148888 -730.079346 7.328636 21
-63.061478 -725.531433 30.757229 21
-45.530682 -726.625854 14.721264 21
-51.740906 -727.763489 16.787298 21
-52.711704 -728.771545 16.715149 21
-56.653748 -728.978149 24.522190 21
-43.751835 -729.603943 14.506623 21
-62.129322 -725.116760 29.018118 21
-50.539444 -733.660950 20.573689 21
-50.988773 -726.759705 16.833454 21
-36.019802 -730.976440 -1.263287 21
-51.072689 -724.156311 17.877106 21
-59.770817 -731.329102 23.333214 21
-53.601559 -731.408142 18.659697 21
-41.470379 -732.728027 10.370027 21
-56.407074 -722.729004 19.752655 21
-41.425831 -731.297363 9.160255 21
-65.349571 -725.931641 31.519615 21
-61.095005 -725.458252 24.135328 21
-44.419014 -726.630615 15.092659 21
-46.060707 -729.054443 16.071102 21
-37.889812 -729.275146 7.285656 21
-52.876354 -723.295166 18.454905 21
-45.758060 -729.340820 12.128822 21
-41.211449 -731.589050 11.089870 21
-53.938744 -727.392944 24.137171 21
-48.896481 -725.663940 16.630466 21
-59.002663 -723.390686 21.459351 21
-37.533157 -728.100769 6.852600 21
-39.834045 -729.906433 9.542948 21
-44.195778 -727.518433 12.654640 21
-47.364449 -732.462158 18.376472 21
-46.537376 -725.488831 16.853523 21
-39.102261 -730.571472 5.935615 21
-36.792118 -730.583374 3.657191 21
-48.794151 -729.008728 14.269408 21
-55.855309 -723.285278 19.124430 21
-54.886757 -734.085266 22.307388 21
-59.746750 -726.459839 21.478382 21
-48.657475 -732.674683 18.575363 21
-54.151924 -729.382568 18.210831 21
-54.481247 -733.492981 21.260466 21
-59.784908 -724.793884 21.074459 21
-62.135368 -726.002319 27.999716 21
-41.232010 -730.504333 10.335401 21
-63.582142 -723.967102 30.309940 21
-38.022625 -729.162109 0.461404 21
-46.447193 -729.689209 12.954831 21
-45.721066 -728.360413 16.021458 21
-58.036625 -723.919983 19.700836 21
-56.405457 -729.386536 19.370008 21
-52.045021 -726.697632 17.346264 21
-60.971577 -726.572449 28.120142 21
-48.320587 -725.038086 17.126293 21
-39.330036 -730.551941 8.318176 21
-62.844769 -728.681580 22.854704 21
-54.965046 -727.028381 24.934761 21
-45.532566 -725.735962 16.398626 21
-37.272438 -731.028381 4.405331 21
-39.526787 -727.584900 7.137104 21
-58.822487 -732.440674 22.204714 21
-36.219360 -730.947266 -0.005684 21
-53.980350 -729.208862 22.597013 21
-40.216675 -727.693726 6.917825 21
-56.009808 -733.681702 22.070955 21
-58.072109 -732.401611 20.740911 21
-59.622498 -727.269409 28.660332 21
-52.246971 -733.217834 20.107622 21
-55.325180 -722.276611 19.747726 21
-60.057468 -728.143738 26.815592 21
-35.725586 -728.353210 -0.318644 21
-49.326656 -728.845703 14.676594 21
-35.848934 -730.112915 3.194107 21
-40.073925 -729.378418 6.554227 21
-44.759144 -730.478394 16.082907 21
-55.883892 -733.062134 21.123266 21
-39.077415 -727.783264 6.172618 21
-35.888939 -730.862183 -2.576050 21
-53.854301 -723.311401 18.716213 21
-50.170662 -731.421570 17.381115 21
-58.415054 -727.063171 28.062326 21
-53.468170 -724.500549 18.190536 21
-56.474915 -727.681885 26.314089 21
-52.441883 -729.045349 21.899193 21
-48.663902 -727.607971 17.564587 21
-51.960182 -728.609314 16.416210 21
-42.252598 -728.240356 13.357958 21
-46.226093 -728.307922 12.566060 21
-37.084641 -728.553345 5.710366 21
-54.760689 -727.710632 24.869165 21
-37.690704 -728.857117 -2.510844 21
-35.694893 -728.578796 1.989820 21
-62.690971 -726.864929 30.569067 21
-37.069038 -729.300842 6.587620 21
-35.835640 -728.835876 2.903553 21
-35.559067 -730.074524 -1.843150 21
-60.630585 -727.687378 27.164022 21
-54.550365 -728.431335 23.906981 21
-36.206284 -728.517029 4.950316 21
-40.959938 -731.023560 9.951660 21
-53.192184 -729.422729 17.471392 21
-55.336422 -732.705139 20.069462 21
-44.404945 -728.231873 11.448527 21
-51.350048 -729.244629 21.230669 21
-49.922947 -727.044128 16.188440 21
-61.997765 -730.303833 22.055223 21
-42.554844 -729.622559 13.034528 21
-47.145332 -725.294373 17.269402 21
-57.971775 -733.214478 22.651011 21
-53.203495 -727.143494 17.772923 21
-42.444927 -729.901978 12.303923 21
-52.656555 -725.288452 17.879744 21
-39.949837 -728.288696 6.123842 21
-59.107182 -723.951050 20.483910 21
-59.885162 -725.861877 28.716482 21
-59.261047 -732.661743 23.715494 21
-57.138111 -732.076843 19.552519 21
-35.674400 -730.662903 1.043339 21
-64.544609 -726.966003 31.363255 21
-52.808601 -722.563049 18.613514 21
-38.046780 -728.656677 7.304923 21
-53.205853 -733.618835 21.023848 21
-56.585869 -731.267822 19.181473 21
-61.242325 -727.512207 21.630106 21
-50.600468 -727.317200 20.214079 21
-62.502579 -728.098511 24.333715 21
-42.363022 -731.568298 9.731337 21
-36.596481 -731.235535 -1.148281 21
-44.366493 -727.632996 14.127868 21
-37.615871 -730.399414 6.642824 21
-41.231636 -729.760437 10.776012 21
-39.097054 -728.739502 5.219123 21
-35.670700 -730.218567 1.968001 21
-37.828579 -728.820068 2.286849 21
-63.413609 -727.438843 23.961075 21
-38.921036 -729.244629 8.112390 21
-36.743378 -730.672913 2.723296 21
-36.411987 -730.287781 4.665290 21
-36.097820 -731.298035 0.922140 21
-52.721645 -732.449463 19.118183 21
-35.420605 -729.319153 2.885877 21
-53.506191 -733.217773 20.543659 21
-56.274609 -726.772217 26.125305 21
-63.060837 -727.590454 22.609776 21
-54.083847 -724.026733 18.453140 21
-48.336594 -728.503601 19.255606 21
-35.525806 -730.784241 -0.049333 21
-48.308868 -729.039612 18.303610 21
-35.198956 -728.462402 1.247283 21
-41.475410 -728.258484 11.785016 21
-59.680904 -731.990051 21.339964 21
-51.141876 -733.561462 20.399248 21
-51.935089 -728.975586 21.127012 21
-42.823006 -727.682617 13.065451 21
-50.427284 -729.106995 15.265225 21
-38.080727 -729.671875 -0.372121 21
-37.789417 -727.569702 5.811376 21
-41.325523 -728.069763 9.854425 21
-57.298100 -723.178894 19.542490 21
-47.706211 -725.388123 17.029425 21
-63.929367 -726.959534 31.872913 21
-39.214478 -729.910400 6.804577 21
-54.160671 -725.328186 18.165468 21
-45.560890 -731.368591 16.692852 21
-63.133492 -724.482544 29.835463 21
-58.931702 -732.461304 20.832220 21
-55.648609 -727.819397 25.631403 21
-38.356281 -729.993713 7.697139 21
-54.044834 -730.205261 18.506346 21
-59.095833 -732.785217 23.065123 21
-45.209114 -729.905029 12.268094 21
-36.192520 -728.593750 3.893740 21
-43.513710 -728.153625 13.629263 21
-52.080280 -721.974243 18.184952 21
-46.006744 -727.063538 14.170705 21
-43.403160 -728.256531 10.687779 21
-61.317600 -726.909729 27.491169 21
-45.257236 -729.123474 15.271631 21
-36.966751 -728.085022 4.866450 21
-59.424873 -723.645264 21.957523 21
-40.591316 -728.619995 7.666824 21
-42.041599 -732.297668 10.303271 21
-52.401394 -726.190796 17.613220 21
-55.205776 -726.855591 18.742245 21
-47.404175 -727.775879 14.490985 21
-40.961098 -731.749146 10.452072 21
-62.002712 -730.045166 21.330843 21
-54.355648 -726.607910 18.346243 21
-54.914150 -732.436584 19.546619 21
-37.747162 -730.823914 2.069845 21
-62.028725 -726.953918 29.569597 21
-53.963898 -727.381531 21.753271 21
-53.847286 -728.687805 22.903521 21
-41.861717 -727.920288 10.610641 21
-58.842606 -726.007507 20.281933 21
-44.466652 -728.226257 14.425126 21
-43.466049 -729.428772 13.921548 21
-38.110771 -728.231445 3.966351 21
-59.575111 -725.103882 20.544214 21
-58.199085 -726.311523 27.633505 21
-57.708248 -729.070801 25.566206 21
-43.269039 -727.937439 11.179118 21
-40.094486 -728.219055 8.691434 21
-64.270966 -725.453003 30.982609 21
-56.712334 -733.411255 22.026911 21
-39.404819 -729.912170 6.165194 21
-62.776752 -725.000305 30.111008 21
-60.327641 -724.477478 22.131931 21
-50.597233 -724.856750 17.659346 21
-48.323360 -730.215820 15.435671 21
-58.389740 -725.438110 19.699272 21
-40.660755 -728.029907 7.351222 21
-41.931992 -729.728088 11.294556 21
-35.419281 -729.538696 0.926769 21
-51.260414 -733.038391 19.613476 21
-36.455559 -727.993103 3.089986 21
-37.304684 -728.173157 0.660429 21
-41.646992 -731.842834 10.281054 21
-57.084583 -733.883118 22.811455 21
-43.877033 -727.765137 13.203996 21
-63.219021 -726.234619 23.535421 21
-59.798256 -732.197876 23.144115 21
-57.885101 -727.494812 27.445215 21
-40.500813 -728.967163 7.064889 21
-45.743111 -727.698242 14.814952 21
-59.933056 -731.547424 20.584574 21
-52.265411 -731.734436 18.373680 21
-59.569141 -728.441650 26.602306 21
-37.625278 -728.458557 1.612036 21
-45.627563 -727.686157 13.134462 21
-56.391479 -721.773315 19.921761 21
-41.340179 -728.055664 11.165019 21
-55.162968 -728.851135 23.075043 21
-52.565109 -729.406128 16.836277 21
-37.902523 -729.744934 2.644731 21
-43.786079 -727.716003 14.249575 21
-50.220047 -725.717041 17.068636 21
-47.576714 -725.914734 16.399370 21
-51.002083 -730.629883 17.327826 21
-52.766243 -730.244812 17.993929 21
-38.070168 -728.068359 6.517694 21
-37.400475 -727.682495 2.483354 21
-47.322937 -728.487488 13.286953 21
-48.411797 -728.530762 14.284019 21
-60.593613 -731.343628 21.592991 21
-50.043133 -732.292358 18.282837 21
-50.835838 -728.695862 20.914959 21
-47.543510 -727.783264 17.381559 21
-50.787029 -727.700500 21.400894 21
-61.040890 -730.880920 23.625759 21
-60.160923 -723.524475 22.565845 21
-62.157124 -729.760742 22.930035 21
-52.571445 -731.109009 18.241234 21
-63.450260 -726.933289 30.192268 21
-45.138954 -726.093567 16.086687 21
-53.040451 -733.018860 19.941090 21
-61.539509 -730.330811 20.924257 21
-54.331116 -727.832581 24.463852 21
-60.302475 -726.420471 29.449059 21
-37.686237 -730.765686 0.367894 21
-44.422096 -730.552490 15.196327 21
-54.917694 -726.804016 24.358366 21
-49.873188 -727.739441 15.727098 21
-50.225319 -728.928162 20.331984 21
-60.715912 -725.154358 22.927340 21
-38.593906 -730.790649 6.434266 21
-57.524391 -724.362854 19.223259 21
-56.970699 -729.180542 25.005987 21
-37.357956 -727.903320 1.238144 21
-38.167553 -729.247375 3.357181 21
-37.495777 -730.722229 6.125520 21
-45.058044 -726.540833 15.110939 21
-46.740963 -725.754700 16.328537 21
-56.944855 -726.608032 26.662235 21
-43.127708 -727.762634 14.244855 21
-52.813541 -727.271667 21.010248 21
-56.148151 -734.120728 22.540518 21
-58.380695 -723.475403 20.256060 21
-36.709656 -731.867737 -1.700910 21
-60.600174 -724.731140 23.299570 21
-46.846272 -731.970337 17.383327 21
-59.962997 -725.869873 21.319733 21
-40.751431 -728.370300 10.869545 21
-39.272266 -729.245789 8.600166 21
-46.862209 -726.863464 14.721404 21
-48.005371 -724.210449 17.385836 21
-47.402214 -727.194214 14.835429 21
-46.612049 -728.473022 17.595297 21
-62.405388 -729.331726 24.242455 21
-49.575954 -730.555481 16.415413 21
-42.615051 -729.847046 11.112868 21
-53.763870 -732.544800 19.480566 21
-54.511864 -730.683472 18.750477 21
-40.440411 -729.055725 10.211729 21
-53.492165 -730.414429 18.380266 21
-58.705906 -727.169983 20.766756 21
-39.838375 -728.010681 7.481931 21
-35.913483 -729.156006 3.886351 21
-38.473541 -729.337646 4.124593 21
-40.041348 -728.953674 9.472054 21
-49.127983 -730.379211 16.047626 21
-35.722553 -728.333923 0.381161 21
-51.696316 -728.064758 21.721399 21
-48.834759 -723.858215 17.630116 21
-58.089855 -728.444702 25.526012 21
-56.938446 -727.543274 26.743761 21
-49.718307 -728.650818 15.113678 21
-42.051422 -731.374939 11.027920 21
-50.296261 -727.364685 19.592241 21
-56.391106 -732.799561 20.751461 21
-54.179497 -732.710327 19.847672 21
-48.963608 -727.717529 19.132769 21
-41.229851 -730.567505 11.425048 21
-37.799660 -730.574829 4.493885 21
-36.269299 -729.207153 4.635933 21
-38.063545 -730.172607 3.992661 21
-47.281563 -728.807190 17.540403 21
-60.155746 -724.158630 22.734276 21
-51.834785 -727.275940 21.679253 21
-61.253799 -727.219299 22.462742 21
-42.973438 -729.949951 13.654591 21
-36.411678 -730.752258 1.708783 21
-51.569664 -731.675598 18.109644 21
-39.421989 -728.893494 5.659229 21
-58.691475 -727.150635 26.222538 21
-46.269798 -727.664185 15.376759 21
-63.594479 -724.521545 30.699018 21
-55.460541 -726.816895 25.158644 21
-42.474899 -733.146423 10.680067 21
-36.748627 -728.919800 5.398016 21
-45.887341 -728.557922 12.162785 21
-53.111530 -729.124573 22.157984 21
-55.209251 -728.208618 24.035450 21
-53.150585 -732.652405 19.503229 21
-58.989212 -724.521851 20.168161 21
-54.271717 -727.202942 22.309790 21
-53.841839 -728.347107 23.542641 21
-59.651226 -725.617859 28.018341 21
-44.345596 -727.068787 13.813734 21
-42.488720 -731.772949 10.455261 21
-50.132767 -722.851196 17.771444 21
-43.662540 -727.884155 11.684479 21
-60.503334 -727.108093 28.178337 21
-38.399788 -727.876770 6.927810 21
-60.249866 -731.790405 23.180344 21
-59.673485 -731.986267 22.221792 21
-42.411060 -727.838074 11.504596 21
-63.737926 -727.033569 30.902361 21
-44.839172 -727.335571 13.381914 21
-55.862335 -727.249329 19.042877 21
-53.775455 -721.658691 18.719320 21
-45.377552 -726.863892 14.224462 21
-49.115974 -733.201477 19.665068 21
-42.626690 -728.417786 12.901140 21
-43.816765 -727.159058 14.901200 21
-50.407467 -730.402710 16.819790 21
-52.999203 -727.908569 23.184174 21
-62.963829 -727.985168 23.638824 21
-50.705269 -731.201599 17.529594 21
-49.985458 -732.880920 19.132492 21
-61.220371 -731.012634 21.754543 21
-51.989777 -730.041626 17.519287 21
-53.430172 -728.271667 17.522560 21
-52.200733 -734.022217 21.407389 21
-44.787628 -727.806335 12.401340 21
-62.620003 -730.203247 23.982750 21
-36.304695 -730.913208 0.546710 21
-39.676567 -730.454468 9.430436 21
-48.499657 -731.041931 16.316956 21
-41.220676 -732.222168 10.188008 21
-61.563114 -725.411560 24.511662 21
-52.675900 -727.019287 22.027725 21
-35.127865 -728.913696 1.791650 21
-44.616596 -729.206482 14.599989 21
-48.315498 -733.321167 19.836714 21
-63.037731 -728.165955 23.105188 21
-37.455082 -730.597412 3.319630 21
-59.133831 -732.347778 21.395828 21
-52.576012 -733.624146 20.857607 21
-50.575108 -727.882080 20.801346 21
-53.161179 -729.767212 17.936157 21
-47.476974 -726.382751 15.519182 21
-40.639439 -730.970703 9.498532 21
-37.927200 -728.565186 2.924082 21
-53.120014 -734.044434 21.708506 21
-49.283772 -731.201538 16.797915 21
-50.836857 -727.581543 18.963860 21
-48.772747 -728.525208 19.740854 21
-39.229538 -729.849182 5.644903 21
-57.665154 -722.742737 20.947786 21
-37.700024 -727.839233 4.730454 21
-55.123203 -732.923767 20.534649 21
-47.790546 -732.492432 18.040434 21
-39.644447 -729.460205 5.901125 21
-54.252335 -733.653015 21.740440 21
-46.015377 -726.069519 16.636135 21
-60.299477 -727.116516 26.648172 21
-45.704941 -726.184021 15.923822 21
-51.778427 -722.915649 18.302259 21
-54.960270 -722.962097 19.114862 21
-52.608330 -727.466309 22.792677 21
-38.595432 -727.720154 7.581849 21
-36.435837 -729.500488 5.744730 21
-45.298439 -731.096924 15.858077 21
-48.852093 -727.593750 17.033297 21
-35.907341 -730.614624 -0.403670 21
-57.534500 -722.920471 20.305862 21
-36.858456 -727.865051 4.193401 21
-48.966946 -724.704163 17.315269 21
-61.809395 -730.223755 24.208855 21
-61.777954 -726.527283 28.643517 21
-48.960758 -732.445923 18.166616 21
-39.775463 -728.284607 9.334934 21
-57.962624 -731.875427 19.688147 21
-49.596313 -733.422424 20.006586 21
-51.968822 -733.002991 19.672253 21
-56.036285 -732.121399 19.324907 21
-51.670322 -732.397278 18.842949 21
-48.155830 -727.629150 17.768726 21
-55.044422 -729.262634 23.458641 21
-48.077068 -727.904907 18.359161 21
-39.449093 -728.687195 8.818032 21
-41.963535 -729.752075 9.085995 21
-53.491840 -727.115662 23.103661 21
-62.382961 -726.466187 22.387653 21
-49.637569 -731.922302 17.606514 21
-53.936718 -732.149597 19.019564 21
-58.973400 -726.516907 28.510704 21
-41.399292 -730.066284 8.958062 21
-57.034004 -731.561829 19.299007 21
-48.159546 -725.873596 16.215479 21
-41.501465 -728.408142 8.794534 21
-52.063015 -727.498291 20.132998 21
-49.150307 -727.603210 15.454276 21
-37.163017 -731.021118 3.879544 21
-48.247601 -726.393372 15.935575 21
-63.104507 -725.768372 23.014723 21
-54.159729 -726.849304 24.085432 21
-53.032673 -728.424255 22.814138 21
-50.332596 -723.733521 17.894506 21
-55.576950 -727.278015 25.684767 21
-50.921162 -728.465881 15.854323 21
-49.984409 -726.083618 16.735100 21
-35.550484 -729.284119 -1.593457 21
-59.440624 -728.240784 26.118086 21
-59.623779 -723.630676 22.588535 21
-40.824196 -729.110718 7.486752 21
-47.438011 -732.810425 19.041275 21
-61.931446 -725.847473 27.517578 21
-64.883789 -726.259216 31.630838 21
-51.645149 -725.353760 17.613062 21
-47.238720 -730.906311 15.476240 21
-56.859341 -723.753174 19.177011 21
-51.046757 -727.175293 20.505314 21
-37.590797 -730.243469 0.330382 21
-44.825474 -728.539673 11.609585 21
-53.718670 -727.134583 22.144281 21
-54.655327 -724.958374 18.280970 21
-48.991943 -727.092468 15.630364 21
-38.334660 -728.371582 7.686437 21
-35.812954 -729.703796 2.840106 21
-55.239510 -727.942871 24.909395 21
-46.832653 -727.843750 14.144410 21
-38.535816 -728.000732 4.875170 21
-64.400826 -724.717896 31.086044 21
-55.450481 -731.281738 18.995808 21
-35.469482 -729.364075 -0.951011 21
-40.177258 -730.619995 10.526649 21
-40.062847 -728.672668 6.510456 21
-60.611435 -731.343262 20.876446 21
-41.477261 -728.914124 11.489782 21
-44.732189 -730.886902 16.738775 21
-37.571423 -730.389893 2.707586 21
-62.663860 -728.496704 24.013264 21
-37.094189 -730.811707 1.308576 21
-62.859077 -728.614258 22.113247 21
-54.514397 -726.022400 18.370888 21
-35.466892 -729.973572 -0.054507 21
-36.693710 -731.018188 4.278774 21
-52.904541 -727.541504 17.503407 21
-42.325172 -732.798523 10.300454 21
-38.418301 -730.299255 6.752583 21
-38.585842 -728.934753 7.823950 21
-47.879963 -729.734863 13.968790 21
-58.242527 -726.461731 20.252420 21
-35.762871 -730.581482 2.324102 21
-48.879921 -728.786377 19.217314 21
-63.367165 -726.104187 31.105255 21
-35.717918 -729.158813 2.355381 21
-46.123783 -729.472473 12.525193 21
-38.983398 -730.220886 8.099178 21
-38.978409 -729.133118 9.048573 21
-63.329990 -726.711304 30.938635 21
-36.930672 -727.961670 2.066841 21
-40.587502 -731.016846 10.430605 21
-61.055962 -726.753906 29.588190 21
-43.136135 -729.292969 13.430758 21
-50.564342 -725.442200 17.343130 21
-35.223911 -729.153442 0.476248 21
-51.534473 -734.020813 21.106417 21
-48.547569 -729.859314 14.538047 21
-46.282448 -728.513245 17.193613 21
-47.991592 -731.089233 16.120787 21
-62.578362 -725.866577 30.758493 21
-38.004890 -729.103210 -0.903096 21
-36.067959 -731.368530 0.303430 21
-43.024952 -727.678894 12.437777 21
-59.145088 -723.173157 22.406172 21
-57.079941 -733.450439 22.432238 21
-49.405014 -728.418640 19.722015 21
-48.092274 -728.936218 13.827279 21
-39.664421 -728.313171 8.351643 21
-59.724884 -727.375732 27.609232 21
-58.776848 -726.052063 27.777121 21
-50.993351 -732.450256 18.753794 21
-50.195225 -733.116455 19.588110 21
-38.037079 -728.786499 1.094051 21
-60.522350 -725.595032 22.046274 21
-59.046120 -726.761719 20.935722 21
-63.824596 -724.739197 31.239231 21
-60.446869 -731.523743 22.334267 21
-61.056206 -730.945923 22.515942 21
-62.652290 -724.892517 29.000448 21
-54.702621 -731.524658 18.846693 21
-61.571430 -725.472168 29.775682 21
-38.045776 -729.708984 3.149194 21
-52.935093 -732.082825 18.821127 21
-50.125221 -733.412170 20.034496 21
-36.196926 -731.184387 1.989171 21
-38.329266 -727.840637 5.988684 21
-62.878159 -728.151978 21.893143 21
-63.165634 -726.405579 22.821344 21
-35.395630 -729.914795 -0.803348 21
-50.107182 -724.683960 17.624626 21
-36.782028 -730.449646 5.456761 21
-54.739063 -726.914795 18.514523 21
-53.422741 -731.889221 18.755226 21
-53.706009 -727.403687 17.902245 21
-35.936913 -728.854492 3.465180 21
-38.272007 -728.663635 2.516165 21
-59.097271 -723.892822 20.999762 21
-44.264164 -728.721741 10.933832 21
-61.004330 -726.086609 30.101524 21
-38.418827 -728.598633 3.120215 21
-52.727505 -727.552307 20.189880 21
-42.378029 -728.060303 10.377111 21
-53.190018 -729.525085 23.080526 21
-50.812706 -728.888733 15.572714 21
-41.687344 -732.445374 10.750298 21
-44.947399 -726.550598 16.291119 21
-37.636795 -729.715210 0.739489 21
-51.853298 -728.713623 21.899937 21
-38.389946 -729.834839 4.236332 21
-51.745544 -729.537842 16.300270 21
-51.054684 -727.277466 21.179043 21
-52.437248 -728.847534 22.362253 21
-54.262146 -727.323914 18.220011 21
-49.964634 -729.631042 15.254149 21
-59.267956 -725.939880 20.559259 21
-42.397087 -728.570251 9.005934 21
-56.008919 -728.014832 25.114260 21
-61.683445 -726.280029 30.352947 21
-50.999424 -722.362915 18.186096 21
-45.300972 -729.489380 11.920684 21
-54.493618 -732.069092 19.029854 21
-49.508213 -725.210083 17.284143 21
-59.533752 -728.783752 26.035089 21
-45.604874 -728.977722 15.788983 21
-40.183617 -729.714722 6.932519 21
-42.013592 -729.149780 12.129701 21
-36.087643 -728.299744 2.842110 21
-41.443539 -731.525208 10.627689 21
-37.653126 -729.956238 1.752213 21
-53.958611 -726.842529 23.250166 21
-63.298428 -727.164490 23.514803 21
-40.685432 -732.085571 10.892818 21
-46.063171 -731.523560 16.683933 21
-49.446190 -729.403015 14.759734 21
-62.628113 -726.889404 29.403055 21
-55.433910 -733.704468 22.038998 21
-37.511131 -728.483521 -1.493792 21
-37.181194 -728.112610 5.494047 21
-60.796558 -731.255310 23.337873 21
-40.194775 -729.948853 10.028420 21
-55.674015 -729.291748 23.998583 21
-49.760525 -732.669189 18.709026 21
-62.455032 -729.649597 23.751238 21
-56.167690 -726.580688 25.546997 21
-48.383984 -732.850708 18.975586 21
-39.859261 -730.874939 8.231465 21
-54.297249 -731.210999 18.756678 21
-47.790981 -730.815002 15.746397 21
-37.050571 -728.132996 6.108722 21
-55.335197 -730.742859 18.969885 21
-51.807213 -730.755859 17.767338 21
-52.261070 -727.736389 22.476564 21
-43.147270 -729.771851 13.212918 21
-47.367058 -728.227539 17.627594 21
-36.456303 -727.871948 2.218349 21
-52.325756 -724.573120 18.036257 21
-49.614738 -726.650146 16.232273 21
-64.863426 -725.677612 31.575058 21
-36.079559 -728.210327 1.848717 21
-45.740482 -731.738037 17.764408 21
-57.042759 -726.398743 19.606865 21
-55.093277 -722.377380 19.313118 21
-62.564144 -729.114075 21.696430 21
-58.412975 -724.391785 19.710997 21
-60.030212 -727.062561 29.097805 21
-37.062199 -730.940430 1.792668 21
-53.195435 -731.162415 18.472151 21
-37.501091 -731.317383 -1.136560 21
-63.447845 -725.192688 30.732998 21
-56.514053 -728.518188 24.350365 21
-53.837730 -726.452637 18.129593 21
-39.531536 -728.018250 6.058172 21
-36.551075 -729.514465 5.186426 21
-43.762970 -729.045776 14.072637 21
-48.350681 -728.686340 18.712193 21
-55.145523 -725.161255 18.440914 21
-60.545269 -725.996094 29.598814 21
-40.655724 -728.531860 6.891413 21
-57.520405 -732.910034 21.805164 21
-41.364777 -728.584473 7.849705 21
-46.376377 -729.037903 16.471399 21
-54.307758 -722.934143 19.016016 21
-35.556522 -729.721497 1.611046 21
-48.268524 -727.266968 15.168715 21
-47.412064 -728.050659 14.071218 21
-58.492920 -733.132202 23.063429 21
-42.443005 -727.939636 10.978866 21
-56.116760 -726.259827 19.027815 21
-58.962196 -727.414734 28.154205 21
-42.439178 -727.749390 12.004721 21
-59.614952 -724.245605 20.985800 21
-40.542965 -729.887268 7.608670 21
-62.802181 -726.332214 29.582188 21
-51.903839 -723.740479 18.113771 21
-37.996254 -729.976685 6.799757 21
-57.869862 -726.525757 25.680113 21
-36.361591 -730.335327 3.155722 21
-56.420868 -724.321228 18.804682 21
-39.398396 -730.206116 9.765540 21
-59.201485 -725.016602 20.168112 21
-35.136414 -729.243835 -0.055053 21
-40.286293 -728.072266 7.674397 21
-37.777328 -728.943604 1.692932 21
-37.826672 -728.600708 -0.369883 21
-40.771202 -728.815186 10.558619 21
-40.804295 -728.152771 9.348532 21
-56.652912 -732.296509 19.606598 21
-38.307922 -730.712280 5.993870 21
-46.545719 -729.273682 12.703850 21
-61.297489 -725.576965 28.713829 21
-46.455322 -727.229736 14.322467 21
-51.646191 -733.559509 20.485250 21
-58.542995 -728.941711 26.126028 21
-59.708805 -724.175720 21.749027 21
-46.932205 -729.763672 13.293405 21
-40.616299 -728.103210 10.455460 21
-38.294193 -730.736389 7.051456 21
-38.923561 -729.216980 4.885077 21
-38.378925 -729.927734 6.389359 21
-58.823872 -722.723633 21.399977 21
-43.157219 -728.730042 13.281189 21
-45.137184 -726.397522 15.589404 21
-36.053387 -730.986633 1.419984 21
-37.030048 -727.908630 3.014667 21
-49.468098 -723.196777 17.606905 21
-46.585938 -728.222900 13.168890 21
-39.048733 -727.729370 6.663225 21
-55.706249 -729.591980 24.478777 21
-58.247635 -725.001465 19.516041 21
-61.153385 -724.926453 24.005894 21
-44.254200 -729.667847 11.200008 21
-55.260002 -729.153748 18.622150 21
-59.365822 -722.951294 21.887053 21
-41.989342 -731.410156 10.244568 21
-47.827583 -728.432373 18.183439 21
-55.015354 -725.900818 18.501532 21
-51.487061 -724.489990 17.946028 21
-49.011078 -732.952515 19.198053 21
-56.565315 -733.911743 23.001442 21
-38.147522 -727.789917 5.081397 21
-56.150536 -731.493591 19.177944 21
-53.599525 -725.643860 18.026642 21
-54.180122 -729.348938 23.158405 21
-59.397583 -733.089355 23.321495 21
-52.032089 -727.189453 20.988901 21
-55.175606 -723.801270 18.612703 21
-57.549652 -726.718750 27.358156 21
-48.632233 -727.678406 18.681259 21
-50.267162 -727.632080 20.407494 21
-44.204193 -727.478271 14.584869 21
-51.263821 -729.987610 17.106163 21
-55.926750 -721.750610 19.676615 21
-52.511566 -722.916382 18.470610 21
-43.602798 -727.236572 14.146343 21
-36.469872 -728.136475 3.811705 21
-63.937443 -726.059692 31.201809 21
-43.543716 -730.041687 14.680380 21
-56.923119 -724.909302 18.899126 21
-38.654022 -730.000061 7.221518 21
-53.924847 -733.044800 20.349333 21
-62.069214 -729.526550 21.159225 21
-39.072506 -727.873779 5.671381 21
-38.934006 -729.683044 7.894807 21
-35.950203 -730.703430 2.930285 21
-63.085655 -727.164124 22.847382 21
-58.106647 -732.533813 21.444052 21
-51.125126 -726.318542 17.051729 21
-58.750328 -725.629028 19.966043 21
-43.778915 -727.265137 13.601460 21
-39.522156 -730.120972 8.176861 21
-56.422699 -722.299744 20.064089 21
-37.552917 -731.097473 -0.648170 21
-46.559326 -732.431763 18.684891 21
-56.831970 -722.468933 20.507895 21
-51.306019 -727.387146 19.871700 21
-47.155415 -729.165222 16.932585 21
-61.478352 -725.828552 24.783220 21
-39.911098 -730.512634 8.635017 21
-57.517838 -733.397278 22.657833 21
-57.472076 -725.683228 19.395584 21
-37.643753 -728.309631 2.079914 21
-55.085690 -733.447998 21.427488 21
-38.071362 -729.167358 -2.528590 21
-61.385754 -730.805847 21.253731 21
-40.597069 -728.235657 8.330321 21
-62.870213 -724.510681 29.394878 21
-65.841644 -726.500061 31.618504 21
-50.427025 -729.902466 16.543848 21
-54.241295 -728.808716 22.584614 21
-38.106659 -730.503906 4.935586 21
-42.431416 -728.328125 9.574862 21
-54.475426 -722.093506 19.264183 21
-55.810406 -732.640259 19.969072 21
-49.858734 -724.202393 17.747995 21
-37.949352 -728.693481 0.633436 21
-44.413872 -730.640442 15.686092 21
-46.844227 -726.405640 15.516581 21
-50.812389 -722.773926 17.992609 21
-39.782005 -729.140015 9.104541 21
-59.662712 -726.942200 21.477530 21
-52.231136 -733.506165 20.540459 21
-36.652973 -731.131592 -0.360823 21
-44.501472 -726.860413 15.922654 21
-35.633324 -728.745300 3.818087 21
-61.832386 -725.472351 28.847364 21
-36.463673 -731.051392 3.612073 21
-45.973282 -726.470886 15.035306 21
-53.705963 -728.691467 17.430683 21
-43.238983 -727.376465 13.294768 21
-62.348873 -726.358032 23.003941 21
-61.418720 -726.914246 28.636791 21
-38.439480 -728.438049 3.563283 21
-46.440125 -726.057434 15.770390 21
-62.514732 -726.353638 30.671301 21
-52.399742 -730.640564 18.231960 21
-36.075943 -731.274902 -2.762812 21
-51.276680 -729.601135 16.028742 21
-39.883003 -731.021240 9.221308 21
-57.944862 -726.046265 26.765852 21
-62.517967 -725.264832 28.522789 21
-46.050465 -727.536072 13.523942 21
-51.602688 -725.805969 17.476425 21
-42.953159 -727.699890 13.538205 21
-59.919064 -726.253418 29.174841 21
-43.147533 -728.337097 10.290970 21
-62.241871 -726.133911 24.667923 21
-50.198254 -727.591431 18.497086 21
-55.904110 -722.891418 19.404716 21
-56.583736 -725.912354 19.112482 21
-55.715187 -729.475952 19.141880 21
-38.856903 -728.260620 5.315652 21
-52.499344 -728.334534 22.395103 21
-39.699978 -729.442627 9.517098 21
-56.673023 -728.091309 26.074274 21
-41.285900 -728.673035 11.929090 21
-51.192230 -728.771362 21.244541 21
-35.608673 -730.785278 -0.935326 21
-37.798523 -729.474243 1.452563 21
-37.257698 -730.753967 2.794338 21
-53.297825 -723.437561 18.583717 21
-41.483707 -729.550354 8.254753 21
-39.204739 -727.817383 7.610845 21
-60.521130 -726.116028 22.463327 21
-48.632854 -730.417664 15.790614 21
-37.026527 -727.952026 1.565794 21
-57.509720 -727.190735 19.895405 21
-36.208149 -728.063660 1.278442 21
-35.652954 -730.076294 2.597325 21
-56.291798 -732.677124 20.309452 21
-60.180111 -724.950745 21.652735 21
-35.471100 -730.484558 -2.290711 21
-63.033783 -727.166382 24.118454 21
-38.200310 -729.065125 7.588989 21
-58.672588 -732.366394 21.748152 21
-61.806988 -730.233093 23.273117 21
-60.798103 -725.157410 24.623211 21
-50.934505 -723.681580 17.973160 21
-55.445759 -733.040161 20.883308 21
-61.395073 -730.589172 22.697161 21
-45.279037 -727.826050 14.806354 21
-63.275398 -724.409180 30.350477 21
-41.568279 -730.762085 10.855454 21
-61.061867 -725.513489 29.178568 21
-57.891048 -732.969971 22.146667 21
-35.820885 -728.570679 2.511178 21
-35.683388 -728.681458 1.434997 21
-58.137875 -727.061096 25.763676 21
-42.413715 -727.974365 12.961265 21
-49.575001 -727.903381 20.326777 21
-37.022968 -730.392273 4.800795 21
-53.267181 -727.387817 21.110178 21
-39.490643 -730.315491 5.765363 21
-36.656956 -728.026978 0.375837 21
-39.513229 -728.502319 5.920947 21
-57.132874 -732.600037 20.581390 21
-47.424973 -728.417053 13.768757 21
-59.473614 -731.792908 20.359362 21
-49.051540 -731.706604 17.129944 21
-53.393543 -727.179199 23.560658 21
-42.212276 -728.165222 12.371388 21
-45.354431 -731.513306 17.549257 21
-64.213562 -726.372864 31.431396 21
-51.089600 -733.271851 20.019005 21
-52.008015 -727.115417 17.137838 21
-57.351402 -726.430725 26.841372 21
-35.681408 -730.467529 1.562886 21
-36.578159 -728.876404 5.888727 21
-43.030544 -729.560120 14.113830 21
-56.810581 -733.161621 21.291719 21
-41.855919 -730.610291 11.211799 21
-48.448421 -729.825439 15.203939 21
-42.725437 -728.128418 13.316932 21
-59.976257 -726.396790 21.906130 21
-62.903248 -726.621887 24.056204 21
-36.413116 -730.317383 3.702022 21
-43.036549 -732.434021 10.546901 21
-41.719646 -728.106018 9.624657 21
-35.430416 -729.172668 3.364756 21
-45.451477 -729.468201 15.015267 21
-41.549015 -728.605347 8.385162 21
-36.624233 -728.086792 -0.101039 21
-55.571674 -724.829041 18.496384 21
-50.005623 -730.547852 16.640896 21
-35.525749 -729.920227 0.696277 21
-48.575260 -725.395264 16.841730 21
-48.293232 -731.697388 16.817701 21
-41.013161 -729.029053 7.075189 21
-62.464615 -726.872925 30.037117 21
-58.471825 -722.979431 20.997593 21
-50.496037 -731.623169 17.686749 21
-57.542130 -727.178528 27.391123 21
-38.885994 -729.635437 5.112259 21
-35.953480 -730.549683 0.675113 21
-52.274902 -727.244629 21.951406 21
-36.846455 -731.125916 2.748435 21
-47.386234 -729.289368 13.330232 21
-55.432732 -732.077515 19.170271 21
-41.056072 -730.004333 10.399668 21
-61.643227 -727.027832 22.882587 21
-48.576744 -732.226074 17.567377 21
-36.669277 -728.450012 4.867682 21
-36.288818 -731.134460 3.089199 21
-35.932095 -729.629944 3.905083 21
-59.430305 -732.483459 23.213932 21
-41.080330 -729.298340 10.937656 21
-51.366394 -733.653015 20.868771 21
-43.663635 -728.526550 13.864524 21
-51.498165 -723.995483 17.953461 21
-52.878212 -727.099243 21.625803 21
-39.215164 -728.266235 8.425079 21
-37.074585 -730.993958 0.493901 21
-47.907867 -730.214050 15.162387 21
-60.711170 -724.292358 23.435617 21
-64.635750 -725.152100 31.046297 21
-38.661682 -728.652832 8.196983 21
-56.071133 -725.244141 18.693537 21
-49.183975 -724.394043 17.570038 21
-51.434200 -726.679382 17.082907 21
-37.747150 -728.030334 2.934616 21
-37.231689 -728.301636 -1.137398 21
-61.230251 -725.945801 24.198061 21
-50.571796 -726.745728 16.607977 21
-43.117710 -728.521301 9.686279 21
-36.164837 -731.499939 -0.414728 21
-40.434093 -729.841614 10.509246 21
-63.090786 -725.269714 30.369644 21
-56.856926 -726.462036 26.200994 21
-41.711182 -729.782349 10.898636 21
-51.351128 -728.014771 21.401077 21
-43.714661 -729.616272 10.675275 21
-47.188877 -725.815247 16.149197 21
-57.820877 -724.944214 19.291561 21
-49.677444 -727.582092 19.676582 21
-57.787388 -732.370239 20.343027 21
-44.243221 -729.700562 14.262702 21
-44.902431 -729.088928 14.973389 21
-37.669270 -728.395691 7.205657 21
-54.958366 -730.306702 18.946476 21
-56.852821 -722.961121 19.502829 21
-52.297905 -729.023315 21.401346 21
-62.137287 -726.377136 27.667150 21
-52.766388 -728.396729 17.041140 21
-60.797661 -730.844116 20.511360 21
-40.714512 -729.452271 9.992025 21
-62.399731 -729.600586 23.292953 21
-63.886116 -726.894104 31.413290 21
-62.741905 -728.997864 23.245028 21
-49.665405 -728.754395 19.964460 21
-58.807545 -728.623901 25.846254 21
-44.071644 -726.820984 14.751386 21
-37.134949 -728.870911 6.717625 21
-38.453880 -728.542358 4.175103 21
-60.935448 -725.719971 23.708860 21
-38.484093 -730.227661 5.006433 21
-36.453979 -731.614929 -1.984376 21
-45.349709 -731.233643 17.060051 21
-44.218975 -730.522400 16.083241 21
-42.782948 -727.841309 11.240243 21
-52.863224 -728.983093 22.724802 21
-46.771584 -732.118347 17.824457 21
-46.722115 -726.558167 15.077169 21
-60.210190 -724.027100 23.297245 21
-39.658630 -727.606567 7.651760 21
-47.218227 -730.413086 15.051278 21
-53.344280 -728.626160 22.551189 21
-62.226879 -726.180847 28.857700 21
-36.001221 -730.429871 1.248010 21
-62.487709 -729.504578 22.043268 21
-40.182438 -728.133545 6.473680 21
-51.979446 -726.168091 17.465885 21
-44.486294 -726.895569 14.294342 21
-37.326229 -727.949463 4.143006 21
-53.024651 -723.698853 18.315275 21
-60.843334 -725.590271 23.075882 21
-56.371338 -732.972412 21.181572 21
-46.466591 -728.000916 13.554709 21
-63.722614 -727.212402 30.430017 21
-55.695335 -722.495605 19.559910 21
-37.605785 -728.763916 0.939212 21
-51.930241 -732.029297 18.482679 21
-37.204056 -730.924683 5.204245 21
-57.176437 -722.383057 20.168005 21
-39.927673 -727.952454 7.936796 21
-37.453163 -729.242798 6.878467 21
-62.799568 -724.488342 28.790684 21
-57.952278 -727.136536 20.256504 21
-52.809681 -727.067322 22.817017 21
-57.912971 -725.838623 19.684792 21
-54.690731 -724.492371 18.362799 21
-46.635738 -727.687805 15.883126 21
-52.613617 -725.726562 17.748421 21
-43.741055 -727.531555 12.556238 21
-56.244049 -726.632874 19.232645 21
-35.829651 -731.114990 -2.055197 21
-53.179356 -725.359131 18.000015 21
-43.715881 -728.785706 10.434857 21
-48.928562 -727.857849 14.992982 21
-61.835587 -727.037781 27.146358 21
-38.109493 -729.663269 7.518773 21
-39.450222 -730.051208 9.308199 21
-45.481491 -728.336609 12.152575 21
-54.465477 -728.551880 17.976435 21
-51.091129 -731.906555 18.147058 21
-59.884834 -725.203064 20.898605 21
-60.640408 -725.711731 29.205517 21
-54.640396 -728.104248 24.192244 21
-52.935574 -724.276184 18.223055 21
-54.588623 -733.795105 22.166872 21
-43.775127 -727.354065 13.052694 21
-37.892059 -729.355225 2.382957 21
-53.624451 -734.000122 21.977442 21
-55.933411 -728.982727 23.802626 21
-39.021996 -730.121277 5.931356 21
-58.961540 -732.066406 20.419245 21
-49.499828 -728.578369 20.430908 21
-59.760651 -731.914001 21.771988 21
-40.370731 -728.343384 10.046542 21
-35.710239 -728.414429 1.059746 21
-55.165581 -721.554077 19.223490 21
-47.829754 -729.381714 13.681444 21
-42.238178 -731.281311 10.593234 21
-62.886925 -725.895325 23.608273 21
-50.183887 -727.698853 20.952431 21
-46.034798 -726.174438 15.614712 21
-59.173386 -728.966919 25.863562 21
-59.225933 -732.173950 22.219673 21
-37.906677 -728.729675 -1.418132 21
-49.931816 -728.249146 15.451425 21
-43.809628 -727.205872 15.341374 21
-59.856869 -731.792542 23.395651 21
-41.477943 -731.978333 11.002817 21
-55.455479 -726.468750 18.784756 21
-43.873997 -730.110291 15.206750 21
-47.878773 -726.587219 15.626650 21
-38.134720 -728.786133 3.424242 21
-57.000675 -726.017578 19.372742 21
-37.898697 -730.822021 5.865403 21
-52.985897 -721.912964 18.823885 21
-57.870365 -726.317200 19.960337 21
-58.141773 -727.307373 27.770681 21
-38.202095 -729.436646 -1.737540 21
-63.848103 -724.116577 30.624193 21
-37.683605 -729.943237 7.106977 21
-48.255981 -732.584839 18.406704 21
-42.897774 -728.934875 9.583659 21
-38.125072 -729.859619 -1.184943 21
-58.062492 -722.610168 21.326736 21
-53.470642 -726.065857 17.996582 21
-45.235634 -727.916260 12.677588 21
-55.505569 -724.342773 18.529902 21
-37.941227 -727.778503 4.029479 21
-62.535446 -725.868774 27.860888 21
-41.769051 -728.074646 12.414544 21
-61.989868 -725.698792 30.388603 21
-52.925888 -726.271179 17.816175 21
-53.149258 -730.178528 18.214212 21
-49.922577 -727.429443 19.281601 21
-54.252880 -726.807373 23.595346 21
-58.694599 -723.789795 20.503727 21
-46.337715 -725.712036 16.527851 21
-58.630459 -731.925232 19.944004 21
-55.609684 -727.652710 19.241524 21
-51.221870 -728.817749 21.746000 21
-46.708080 -728.303650 17.067606 21
-38.012558 -730.018311 3.564276 21
-37.462940 -728.159424 0.251951 21
-64.791077 -726.717102 31.632862 21
-48.425854 -723.919739 17.429020 21
-48.688221 -726.551208 15.969939 21
-56.524181 -727.603943 19.630325 21
-50.152046 -728.157288 20.345024 21
-46.187862 -732.171692 18.416437 21
-39.127850 -727.791077 8.048314 21
-41.595409 -731.589478 9.459830 21
-57.127609 -732.396545 19.889437 21
-35.606125 -730.796265 -1.454944 21
-60.788208 -724.809753 23.703341 21
-49.241848 -725.436768 16.882280 21
-49.782841 -727.488464 18.837515 21
-40.191097 -728.486755 7.485855 21
-58.216167 -726.686462 27.954382 21
-60.228901 -725.543457 21.702345 21
-45.848938 -727.998169 12.889267 21
-46.322208 -728.183533 16.450893 21
-61.528938 -726.570496 27.249514 21
-35.496170 -729.473389 -0.120208 21
-49.483459 -732.950500 19.165159 21
-57.577023 -732.541931 20.861877 21
-36.715786 -730.621094 3.157190 21
-44.816364 -728.107910 14.726104 21
-57.680779 -723.651550 19.659185 21
-49.074932 -726.244751 16.329378 21
-55.621708 -729.967163 19.405903 21
-53.176949 -722.457581 18.860683 21
-61.760540 -726.933655 29.914330 21
-48.519245 -725.851074 16.572277 21
-46.221416 -725.367981 17.140522 21
-49.327576 -725.862488 16.698679 21
-35.813110 -731.142639 -0.040059 21
-60.561718 -725.171448 22.513216 21
-40.708469 -731.423828 10.264156 21
-52.311039 -722.121094 18.527597 21
-57.403423 -726.532288 19.802952 21
-50.095184 -731.066101 17.128691 21
-48.615601 -727.983398 19.079231 21
-44.849842 -730.921997 15.988200 21
-54.637806 -729.316162 23.260347 21
-48.104424 -732.980896 19.301554 21
-35.475151 -729.116516 -0.528423 21
-35.441662 -730.295227 0.905840 21
-35.758877 -730.459717 0.140999 21
-53.689198 -728.091187 17.839003 21
-53.905609 -724.838135 18.169949 21
-40.194691 -728.884277 9.894653 21
-45.255028 -727.419434 13.294988 21
-52.089474 -729.038147 22.134237 21
-51.195507 -727.598694 19.261705 21
-36.484898 -728.857544 4.870734 21
-38.601116 -728.364746 4.627092 21
-49.544067 -727.675415 17.680296 21
-50.930573 -725.137024 17.548792 21
-47.794445 -723.815674 17.411352 21
-51.780647 -722.444336 18.276495 21
-44.995926 -728.579102 15.270442 21
-58.673733 -733.486633 23.236761 21
-56.735161 -726.711182 19.522268 21
-55.294907 -721.886780 19.501743 21
-51.190186 -727.126343 16.703970 21
-51.067158 -723.285828 18.071455 21
-47.741684 -725.543091 16.614527 21
-35.207607 -728.989807 1.093031 21
-40.141541 -728.047424 7.149568 21
-39.252724 -730.447754 7.835868 21
-37.558689 -729.362915 7.706572 21
-52.417526 -727.053772 17.385563 21
-39.258766 -729.865356 8.935574 21
-42.521126 -729.041138 12.647784 21
-47.133640 -728.931213 13.141810 21
-41.791039 -729.082642 8.497514 21
-37.263340 -727.873413 3.393952 21
-51.370964 -728.593079 16.051844 21
-49.379330 -732.531799 18.426991 21
-38.584713 -728.118225 7.405825 21
-54.036861 -729.777466 18.481861 21
-40.462528 -730.220398 10.292879 21
-43.517502 -727.870850 12.980402 21
-62.222393 -725.109070 29.461567 21
-58.964069 -732.663696 22.665257 21
-44.479328 -727.483398 13.033333 21
-58.176472 -723.559509 19.869108 21
-47.053139 -727.882385 16.911743 21
-41.236908 -731.129883 9.630568 21
-35.602821 -729.197693 0.686775 21
-55.947147 -726.892517 25.871370 21
-54.155182 -723.585815 18.609756 21
-62.192921 -729.989319 21.810396 21
-45.407845 -728.223999 15.530155 21
-41.076805 -730.480835 10.910469 21
-36.020348 -728.535706 4.539948 21
-56.103825 -729.188477 19.118853 21
-50.663948 -732.654419 18.939421 21
-50.797096 -730.397278 17.022066 21
-50.622971 -731.909790 17.978701 21
-45.227306 -730.971008 16.732258 21
-46.926682 -732.339661 18.452396 21
-40.056503 -731.131958 8.532410 21
-58.418045 -726.944641 20.558565 21
-58.237057 -732.098267 19.956976 21
-37.374653 -730.506409 2.075541 21
-50.154934 -728.779602 15.305112 21
-41.704262 -729.200012 11.795249 21
-48.134418 -728.377136 18.460939 21
-38.500576 -730.359924 7.504960 21
-55.991379 -728.250793 25.499893 21
-46.464489 -728.729248 16.817677 21
-48.210217 -729.802673 14.279351 21
-54.622543 -721.701477 19.164665 21
-36.558601 -731.188904 1.201750 21
-54.509563 -729.698792 18.681263 21
-56.633636 -725.447632 18.977884 21
-60.578758 -726.726135 29.554100 21
-60.281635 -725.680115 28.660536 21
-54.894218 -729.560181 23.975607 21
-53.781651 -722.093018 18.990969 21
-45.516605 -726.152283 16.327318 21
-60.463200 -724.569946 24.067116 21
-48.522682 -723.371643 17.456633 21
-37.361076 -730.916504 0.815118 21
-38.026566 -727.810730 5.491976 21
-49.255863 -723.621826 17.645206 21
-59.761086 -724.398315 21.359652 21
-47.370659 -726.054260 15.806429 21
-57.156178 -724.072937 19.130644 21
-48.279743 -724.661804 17.405918 21
-51.724510 -727.515442 19.852015 21
-64.698936 -725.626343 31.153387 21
-36.030411 -728.889526 4.817866 21
-36.316696 -728.016846 2.604341 21
-40.474552 -731.117676 8.698287 21
-56.303852 -728.959534 24.187935 21
-37.676289 -727.973877 3.366675 21
-61.809555 -730.297668 23.713528 21
-37.975250 -730.615723 6.732162 21
-60.417198 -724.373535 23.154057 21
-61.312317 -726.485291 24.119522 21
-36.954838 -730.310242 5.906001 21
-54.045673 -733.613403 21.344332 21
-42.096767 -728.493958 12.121450 21
-55.465031 -727.801697 25.237045 21
-50.534142 -728.902771 20.670267 21
-59.448910 -726.311646 28.822626 21
-42.687763 -729.221985 13.378821 21
-53.488396 -728.103638 23.555162 21
-51.008514 -729.131958 21.001837 21
-36.058670 -729.808472 3.522802 21
-55.660305 -723.567810 18.898918 21
-44.020275 -730.166016 14.787722 21
-37.304176 -728.450317 6.761024 21
-52.572540 -731.932312 18.606390 21
-38.707867 -730.515747 6.064973 21
-49.111740 -729.938538 15.008042 21
-59.737907 -731.865784 20.923378 21
-55.786198 -725.673523 18.753847 21
-54.169357 -729.578430 23.610453 21
-54.276829 -728.252930 23.636398 21
-55.211323 -729.470215 18.917299 21
-58.980686 -726.272339 20.581799 21
-40.110172 -730.596008 9.883134 21
-45.588978 -726.012207 16.723177 21
-37.718082 -730.378296 3.558108 21
-63.344719 -724.147705 29.978739 21
-37.558361 -727.931885 5.764670 21
-54.968010 -729.897034 18.847692 21
-51.994244 -727.786194 19.440495 21
-47.417728 -724.462280 17.418547 21
-57.945148 -732.868042 21.654020 21
-60.025433 -731.712830 21.501059 21
-62.871922 -726.918762 30.181461 21
-59.052689 -728.086487 26.048609 21
-40.729511 -730.580750 10.522779 21
-35.718643 -731.192932 -1.017128 21
-62.089046 -726.369751 29.248262 21
-61.809193 -726.150391 24.739254 21
-47.462479 -725.060486 17.154423 21
-49.899055 -728.645447 20.306454 21
-60.028961 -727.358582 28.085535 21
-43.431667 -729.760376 14.293045 21
-43.302036 -727.919678 13.906429 21
-53.457745 -730.839783 18.473459 21
-55.964981 -727.704285 25.914448 21
-44.165634 -726.945862 15.191297 21
-63.035881 -723.975037 29.472811 21
-36.056664 -730.368042 3.449216 21
-42.842533 -729.520447 9.736842 21
-64.135918 -727.073975 31.089453 21
-46.294182 -732.023132 18.001558 21
-52.516670 -723.538818 18.387733 21
-42.385860 -730.972412 10.894299 21
-45.631039 -727.112183 14.009134 21
-58.527660 -732.266052 20.707041 21
-38.071274 -728.131958 6.930023 21
-56.818100 -727.231628 19.513805 21
-35.661739 -728.722717 0.520627 21
-36.510342 -730.701660 4.528723 21
-37.400898 -730.977234 0.142707 21
-51.615376 -732.849915 19.377270 21
-36.096985 -730.909729 -0.835742 21
-37.877808 -730.702026 5.239069 21
-55.303295 -731.688660 18.940048 21
-37.565292 -730.776794 2.508366 21
-46.519577 -725.026001 17.086573 21
-61.725021 -730.415283 22.321562 21
-41.559189 -731.247803 10.934924 21
-55.250946 -729.354675 23.805943 21
-47.019913 -728.503845 17.453045 21
-57.812458 -733.410461 22.993967 21
-46.106106 -731.721375 17.184765 21
-45.937710 -727.967712 15.747380 21
-62.497105 -729.426147 22.458521 21
-46.359814 -728.492188 12.916085 21
-57.245026 -732.764954 21.308809 21
-54.639729 -728.320251 23.399454 21
-40.429070 -728.158081 6.821111 21
-46.662376 -728.893799 12.810696 21
-38.048679 -729.101440 0.043738 21
-36.222706 -728.815674 4.264848 21
-52.332176 -725.024536 17.899641 21
-61.091919 -730.663025 24.038795 21
-50.709404 -728.292725 20.859310 21
-50.956055 -727.826050 16.298019 21
-56.314411 -727.294067 26.320759 21
-47.772503 -729.080627 17.601812 21
-59.086109 -733.356628 23.258003 21
-57.311398 -727.926514 26.765339 21
-38.724190 -728.914185 8.811849 21
-55.412598 -733.238159 21.276096 21
-37.736717 -730.898254 3.728496 21
-42.121307 -729.802612 12.073006 21
-48.077168 -729.187805 17.888708 21
-44.415409 -729.289673 14.240129 21
-56.164581 -729.540710 24.692776 21
-41.910118 -730.986511 11.020041 21
-57.107876 -733.273254 22.058369 21
-54.222286 -728.768433 23.176207 21
-40.511173 -730.991760 9.884911 21
-55.279724 -725.584412 18.535767 21
-41.107136 -728.273987 8.899806 21
-58.623615 -726.724060 28.215199 21
-41.286972 -728.549683 11.300967 21
-55.034725 -727.243896 18.600903 21
-41.643097 -728.008789 11.506069 21
-62.505028 -728.962585 24.009651 21
-37.004097 -728.099243 -0.377224 21
-47.936150 -730.493774 15.544387 21
-40.960835 -728.516418 7.830499 21
-59.231068 -732.233826 23.691242 21
-49.110306 -728.655518 19.526653 21
-35.351845 -729.114746 2.177491 21
-52.625153 -733.082397 19.998495 21
-53.819824 -727.730042 23.929871 21
-63.503967 -726.958252 31.234146 21
-49.354378 -728.509216 14.955409 21
-62.574371 -726.400757 23.397812 21
-41.489876 -730.897156 10.469092 21
-45.827488 -726.834839 14.471816 21
-57.914387 -722.757629 20.609715 21
-49.992622 -727.631897 18.092566 21
-37.065147 -731.339844 -1.119188 21
-52.750374 -727.201538 22.430014 21
-62.399467 -728.859497 21.307911 21
-57.217274 -727.358582 27.082861 21
-57.760574 -724.116577 19.440042 21
-36.918171 -729.863953 6.191367 21
-60.726604 -731.286499 22.516735 21
-58.851704 -725.845703 27.418102 21
-59.495735 -725.536438 20.543224 21
-52.082409 -727.694092 17.029524 21
-47.784187 -728.625305 13.810699 21
-51.168686 -728.838196 15.787068 21
-45.198673 -728.473450 11.769229 21
-54.739113 -733.031372 20.635851 21
-39.626801 -728.773621 5.296045 21
-50.645844 -727.417664 19.290535 21
-51.691792 -723.367493 18.293804 21
-47.189793 -727.633240 14.157427 21
-57.914780 -727.211731 25.447577 21
-61.034870 -727.181213 29.330784 21
-53.599400 -729.098206 22.410244 21
-51.009583 -725.959778 17.222992 21
-39.925781 -727.576660 7.221241 21
-49.906059 -723.804626 17.719318 21
-60.129929 -731.167725 20.130098 21
-50.192928 -733.868835 20.573917 21
-51.933163 -727.305481 20.620413 21
-58.058338 -722.830444 20.983694 21
-53.481743 -726.892517 22.734400 21
-55.183189 -727.087830 25.317202 21
-48.741581 -730.681396 16.092499 21
-50.451363 -726.378601 16.778278 21
-55.538643 -727.059753 18.913078 21
-59.686642 -726.038025 21.070265 21
-44.388088 -727.711182 12.356472 21
-53.726059 -724.201111 18.351257 21
-36.223248 -731.445251 -1.077929 21
-38.856049 -728.586365 4.904176 21
-55.461464 -723.144348 19.124756 21
-61.405888 -726.410767 28.495468 21
-58.316612 -732.867432 22.277330 21
-35.614899 -729.378113 2.030289 21
-42.421192 -731.602051 10.804636 21
-36.479885 -730.075073 4.333494 21
-59.662701 -732.202881 22.771914 21
-63.133492 -723.841492 30.264608 21
-55.994614 -724.173035 18.684935 21
-42.203514 -732.546753 10.607269 21
-57.480049 -722.330261 20.941782 21
-45.484745 -731.188965 16.278639 21
-40.232475 -728.963135 6.767390 21
-50.854919 -733.107178 19.656294 21
-49.381023 -726.932129 15.942994 21
-36.562428 -730.463135 4.998660 21
-57.410545 -723.149109 19.989906 21
-35.307720 -728.931274 2.916241 21
-38.696033 -727.849121 5.837410 21
-50.638527 -723.975586 17.940826 21
-54.567303 -732.631287 19.755589 21
-50.878086 -724.475403 17.721569 21
-42.399174 -732.759094 10.955928 21
-54.564522 -726.931519 24.220810 21
-49.660583 -730.191956 16.189604 21
-39.720463 -729.667786 6.254521 21
-46.682865 -727.841431 16.261709 21
-62.960121 -725.867859 30.960871 21
-49.736614 -731.267639 17.076244 21
-60.501179 -724.789917 22.334154 21
-35.516640 -730.722168 -0.540705 21
-44.621193 -730.793457 16.309486 21
-46.927197 -725.079285 17.555254 21
-62.441910 -725.243225 30.075394 21
-44.183987 -728.332703 11.023922 21
-54.590858 -733.273376 20.934681 21
-58.437073 -727.838623 25.777393 21
-57.169590 -727.403442 19.930180 21
-51.313606 -727.298157 20.777149 21
-59.194294 -723.309387 21.910070 21
-61.722191 -730.578979 21.931398 21
-44.711117 -727.617065 13.902205 21
-51.434479 -731.340942 17.927156 21
-59.482933 -726.922180 28.819752 21
-52.310623 -730.071838 17.827341 21
-56.316219 -733.440186 21.897600 21
-54.843895 -723.580139 18.712381 21
-58.877419 -726.136230 28.157064 21
-36.677444 -731.484070 -1.580132 21
-62.036949 -729.987976 22.598814 21
-35.598202 -729.679993 -1.592107 21
-42.028553 -731.896912 10.155015 21
-58.971169 -732.136719 21.091997 21
-51.623676 -727.848633 19.076942 21
-45.779060 -728.946899 12.072173 21
-37.520298 -727.541077 4.955348 21
-61.145187 -730.866089 20.932495 21
-39.548592 -730.588318 9.066368 21
-53.204075 -727.508240 23.428507 21
-40.959774 -730.867126 10.318642 21
-49.571545 -729.061462 19.662554 21
-41.981537 -729.932739 11.645186 21
-48.728207 -732.994690 18.844105 21
-55.654488 -722.076233 19.647310 21
-49.318516 -727.492981 18.358170 21
-43.812614 -727.912415 13.878139 21
-41.434074 -729.773926 8.583193 21
-47.526173 -728.524353 17.930328 21
-51.544357 -729.045898 21.547323 21
-55.001652 -733.721436 22.176216 21
-35.812782 -729.221375 3.015580 21
-49.915958 -725.421936 17.200279 21
-52.463985 -729.028870 16.554432 21
-37.158150 -731.196594 -0.163296 21
-53.776249 -723.664246 18.534088 21
-46.205368 -725.242249 16.771059 21
-42.789875 -732.039062 10.461509 21
-37.952625 -728.989746 7.903004 21
-56.774887 -722.561401 20.101709 21
-54.341164 -725.679626 18.256681 21
-47.727280 -727.526184 17.042368 21
-63.985764 -727.391418 30.832901 21
-57.342659 -725.368225 19.201515 21
-52.714165 -729.091736 22.245832 21
-39.146420 -730.224487 8.464642 21
-58.174786 -726.177612 27.243818 21
-56.278965 -727.384399 19.271898 21
-41.060032 -728.023193 10.162112 21
-38.840836 -730.462097 5.655215 21
-58.899208 -725.271301 20.099316 21
-58.697071 -723.221680 21.254887 21
-63.414974 -726.594177 23.541574 21
-53.080574 -729.243408 17.139786 21
-58.721478 -727.271484 27.852322 21
-47.646515 -729.817078 14.803341 21
-51.932419 -728.116699 16.653616 21
-60.046631 -731.745728 22.315144 21
-53.720108 -722.953430 18.866930 21
-60.609512 -731.157837 23.832932 21
-47.056496 -727.758118 16.509602 21
-49.222248 -727.726379 19.433655 21
-41.536007 -732.120911 10.584553 21
-45.115746 -726.809082 15.791189 21
-53.303291 -724.852661 18.100073 21
-40.508839 -728.449341 6.532060 21
-53.642273 -727.290771 23.836752 21
-36.069012 -729.358398 4.197893 21
-39.759377 -728.535400 9.027281 21
-35.768154 -729.824707 -2.563308 21
-42.042625 -732.296143 10.865964 21
-52.366936 -733.751099 21.171066 21
-37.721317 -728.733215 1.335810 21
-41.451488 -727.957153 10.219398 21
-37.464661 -728.000061 2.274455 21
-37.357323 -730.024841 6.550592 21
-44.576092 -726.815796 15.426215 21
-40.410831 -727.998779 9.733624 21
-48.786514 -733.361023 19.817883 21
-60.087463 -727.408264 26.492865 21
-46.914238 -725.354492 16.956598 21
-55.730923 -728.688721 23.637703 21
-63.508484 -724.324951 31.041824 21
-48.837112 -727.437744 18.314116 21
-53.212334 -733.683044 21.409014 21
-36.210629 -730.282227 4.144500 21
-41.282608 -730.948059 11.561869 21
-41.541584 -728.002930 10.824601 21
-52.368366 -732.599365 19.227970 21
-62.935863 -727.206055 22.112650 21
-54.351677 -732.903015 20.257215 21
-36.595627 -729.941650 4.717273 21
-61.101086 -726.423340 29.846230 21
-61.138226 -725.258728 24.477627 21
-61.859474 -725.386230 30.129213 21
-38.712791 -727.593750 6.807263 21
-63.101154 -727.104675 29.933184 21
-46.917519 -728.487610 13.279510 21
-57.891129 -732.500366 21.086903 21
-42.777065 -730.065430 12.673755 21
-52.916336 -729.377319 22.829353 21
-36.824760 -731.194397 1.968278 21
-41.087559 -731.119141 9.270614 21
-60.162693 -726.761475 29.321249 21
-62.744099 -728.910950 22.531603 21
-40.385338 -729.384705 6.930083 21
-35.762226 -731.066711 -2.923068 21
-50.479984 -728.697083 21.378681 21
-45.922531 -728.716003 16.265831 21
-43.996613 -727.185913 13.940778 21
-50.253288 -723.236267 17.866604 21
-37.378887 -730.747559 3.683077 21
-57.077675 -723.510315 19.412113 21
-44.430782 -728.548828 14.669427 21
-64.273323 -726.979248 31.688591 21
-37.473495 -730.290039 1.309279 21
-42.714260 -732.469360 10.104689 21
-40.014233 -730.097412 6.966962 21
-40.939625 -728.040649 10.902210 21
-56.750778 -732.679382 20.647533 21
-49.681465 -727.902649 19.945314 21
-58.391834 -733.267700 23.411652 21
-53.965645 -728.997009 22.227129 21
-50.789360 -733.506165 20.253725 21
-60.519459 -731.415649 21.965151 21
-35.570114 -729.192078 1.150231 21
-40.940292 -729.604858 10.282840 21
-63.829121 -725.381165 30.745747 21
-53.532616 -726.860046 17.988371 21
-40.776924 -729.535095 7.602046 21
-52.833344 -727.172241 17.594063 21
-46.687611 -727.513733 13.980247 21
-64.586975 -725.347534 31.408529 21
-55.340824 -728.134155 24.578552 21
-43.697762 -727.349121 14.502041 21
-50.253269 -726.901428 16.366022 21
-59.764202 -723.625488 22.198971 21
-41.902130 -728.768005 8.284217 21
-36.883907 -730.035828 5.207856 21
-47.310646 -732.492920 18.766928 21
-48.053825 -725.287415 16.916056 21
-60.238857 -728.262939 26.494881 21
-43.944141 -728.619080 14.150366 21
-51.536369 -727.582581 22.154266 21
-43.167156 -727.737305 12.067557 21
-63.211987 -727.672058 23.639313 21
-36.315121 -728.804626 5.273764 21
-63.307835 -726.399536 23.188679 21
-52.323753 -729.352966 22.105209 21
-44.486164 -726.796997 14.747979 21
-40.807186 -730.365479 10.191999 21
-54.168114 -722.307983 19.149569 21
-52.376453 -724.210632 18.146587 21
-61.513008 -730.504883 23.059357 21
-42.465294 -729.248169 13.040770 21
-46.071903 -729.849670 12.869384 21
-36.844326 -728.911316 6.389852 21
-58.015129 -723.340149 20.338717 21
-42.027325 -727.933838 11.616788 21
-42.735199 -729.663208 13.379375 21
-37.792442 -729.766846 2.246752 21
-37.244995 -727.819885 4.945971 21
-51.578278 -727.328308 21.396667 21
-36.656162 -730.395691 3.996230 21
-45.894032 -726.227722 16.300350 21
-59.999004 -726.161804 21.602467 21
-49.782795 -732.117981 17.909798 21
-47.169285 -727.734192 17.257000 21
-38.975624 -728.420044 8.036647 21
-61.562767 -726.579956 27.629639 21
-49.409477 -730.889038 16.611092 21
-61.838490 -725.327087 29.469858 21
-55.246315 -732.554688 19.730217 21
-42.816898 -729.786621 12.324002 21
-35.843967 -728.546692 4.081268 21
-51.865833 -733.865295 21.241394 21
-53.193836 -733.412231 20.665892 21
-51.537701 -725.005920 17.760712 21
-53.094906 -727.082092 21.948885 21
-51.016869 -727.317017 20.111753 21
-61.476753 -726.013184 28.801491 21
-52.091629 -730.913391 17.999405 21
-43.033619 -728.090515 13.584361 21
-59.937637 -723.876770 22.582998 21
-44.025723 -728.035461 11.643396 21
-58.440586 -722.581543 21.229458 21
-51.458775 -727.427002 16.779337 21
-54.766640 -732.245056 19.254755 21
-52.549580 -731.481934 18.426937 21
-57.941715 -728.097534 25.371548 21
-35.491096 -728.604553 0.189202 21
-60.050823 -724.235291 21.905430 21
-50.609470 -725.775208 17.145508 21
-62.627293 -728.788208 23.687660 21
-63.149811 -726.876465 30.615767 21
-61.818352 -726.588562 30.080385 21
-57.251057 -724.544983 19.017504 21
-36.813698 -728.547546 5.251993 21
-51.714848 -728.309448 16.401932 21
-51.882381 -727.315552 22.052439 21
-53.975296 -731.406433 18.714846 21
-49.036709 -727.598511 17.494154 21
-36.365829 -728.141602 3.438442 21
-36.533157 -729.140503 5.134219 21
-55.464767 -728.733521 23.300558 21
-50.783512 -728.060608 16.007690 21
-58.983852 -723.055725 21.621044 21
-62.809036 -728.099304 24.074350 21
-35.647808 -728.973511 1.965754 21
-43.351074 -729.774414 13.852683 21
-48.690704 -727.219543 15.414603 21
-49.077431 -729.215271 14.432787 21
-47.924854 -727.627258 17.376329 21
-59.851509 -728.100159 26.484646 21
-46.419285 -727.025940 14.626231 21
-47.732643 -732.660339 18.391150 21
-59.225941 -725.953918 28.146132 21
-51.910233 -731.638489 18.236294 21
-51.215420 -728.399231 21.347092 21
-43.996456 -727.707336 12.299283 21
-42.067272 -729.817871 9.549604 21
-63.023586 -726.541626 22.489500 21
-37.128597 -727.602905 4.093616 21
-58.146442 -727.780884 27.406805 21
-42.523426 -729.586853 12.523793 21
-39.939320 -729.597595 9.781010 21
-56.380302 -733.632202 22.236956 21
-46.591698 -728.041565 17.417019 21
-53.881622 -733.227051 20.675671 21
-43.351089 -728.462769 13.447727 21
-52.282906 -723.833984 18.263676 21
-63.317371 -725.744263 30.949392 21
-54.917206 -729.166260 18.395500 21
-53.565800 -733.652588 21.238317 21
-48.692520 -724.947144 17.190878 21
-54.153694 -726.247803 18.269129 21
-55.841721 -726.042175 18.859331 21
-42.146652 -728.298157 12.977608 21
-65.515480 -726.296692 31.628157 21
-52.980434 -722.912659 18.616129 21
-39.122593 -727.556580 7.223943 21
-39.494759 -729.064880 8.857522 21
-35.402752 -729.834290 -0.419964 21
-38.765545 -727.822632 6.424842 21
-53.023098 -728.974060 16.881655 21
-48.451698 -728.874695 14.116178 21
-39.863544 -727.625305 6.775570 21
-36.766819 -727.710266 3.183666 21
-53.591045 -728.431458 22.796715 21
-45.227413 -728.081299 12.266376 21
-37.722694 -729.298035 0.654770 21
-35.848129 -731.027771 0.878668 21
-53.028034 -726.783569 17.737389 21
-59.971920 -726.627563 26.748335 21
-54.178493 -733.362549 20.893929 21
-40.670834 -728.613586 7.258590 21
-35.995960 -730.461487 1.971537 21
-44.376369 -728.033691 14.126043 21
-37.773743 -730.083313 2.767372 21
-61.374187 -727.281006 22.078289 21
-39.630913 -730.332642 8.493863 21
-54.621555 -728.053406 24.568371 21
-38.043079 -728.897949 3.077338 21
-54.685616 -727.262573 24.850685 21
-41.163128 -731.345459 8.900220 21
-36.865730 -728.447388 6.036893 21
-60.980881 -730.829651 22.172848 21
-57.071163 -728.853638 24.837053 21
-43.773388 -729.260620 13.744955 21
-60.476765 -727.881714 26.889669 21
-37.355923 -728.272766 -0.773471 21
-56.043831 -726.956848 19.197626 21
-48.551998 -728.468018 18.954788 21
-49.210915 -722.993408 17.429825 21
-53.360001 -733.072449 20.174551 21
-36.022488 -730.886841 2.179541 21
-41.270061 -730.213135 10.620637 21
-49.909275 -731.689819 17.493793 21
-39.203823 -729.713440 9.294250 21
-64.057457 -727.291443 31.770451 21
-44.566216 -727.968933 12.135554 21
-61.232975 -725.258118 28.963844 21
-50.342834 -732.124512 18.115301 21
-43.089928 -729.235535 13.787115 21
-39.538998 -727.773376 8.030046 21
-49.960335 -727.848694 20.234909 21
-39.307484 -728.375671 5.058321 21
-52.030300 -728.048096 22.190809 21
-42.626930 -732.816895 10.574505 21
-41.119946 -731.345215 10.100948 21
-41.942093 -728.322998 11.835685 21
-60.737488 -727.365845 28.779873 21
-51.869431 -730.413574 17.635365 21
-39.190552 -729.451355 8.292732 21
-42.775810 -727.565674 12.690570 21
-53.551121 -722.461487 18.824631 21
-54.047405 -728.900879 17.615059 21
-53.191067 -727.143433 22.784109 21
-37.085411 -728.206787 6.530406 21
-45.087646 -728.806885 11.573435 21
-36.574017 -728.049255 1.185976 21
-37.953831 -728.737732 -0.029283 21
-53.822212 -731.638611 18.959047 21
-47.978653 -728.783325 18.284445 21
-51.094742 -731.253723 17.706606 21
-58.703548 -724.426147 19.943300 21
-56.858963 -729.536316 25.047565 21
-41.466442 -729.778809 11.215242 21
-58.386368 -723.366394 20.668619 21
-37.981300 -728.458374 2.101217 21
-55.952477 -733.230103 21.447161 21
-45.415108 -727.990784 15.191096 21
-50.786171 -727.447510 16.310312 21
-45.607422 -729.657837 12.274220 21
-36.312023 -731.210571 -1.390604 21
-50.697906 -733.952759 20.750864 21
-50.220516 -727.846252 15.745168 21
-50.593830 -727.366150 19.836477 21
-38.620701 -729.130066 4.393013 21
-38.077145 -728.425659 3.632209 21
-46.755352 -725.745544 16.705214 21
-49.104389 -732.252258 17.851051 21
-60.104603 -724.265686 22.345314 21
-40.991570 -727.925415 7.123627 21
-61.220299 -725.670166 29.980648 21
-62.983356 -727.810425 22.305315 21
-41.969719 -729.503906 12.235339 21
-63.040344 -727.948364 22.708620 21
-46.639484 -725.435364 17.220285 21
-56.864498 -733.586548 22.891106 21
-58.159683 -732.305359 20.389751 21
-58.501217 -723.714539 19.980841 21
-60.911507 -727.489563 27.326626 21
-41.911457 -728.409546 8.930633 21
-37.329536 -730.663940 0.355335 21
-37.075970 -730.618835 3.892525 21
-57.475731 -731.895569 19.539736 21
-37.741299 -728.767334 7.520892 21
-61.387318 -726.889282 29.815931 21
-58.512756 -726.187622 20.200417 21
-59.309212 -732.310364 21.021748 21
-36.184052 -730.620422 3.697837 21
-41.413670 -731.545044 10.246309 21
-48.336060 -727.634888 17.361126 21
-49.252071 -727.490784 18.960176 21
-35.901539 -729.216187 4.565406 21
-50.622356 -727.634399 18.663898 21
-62.321045 -729.220886 21.376112 21
-62.326031 -724.933167 28.770939 21
-64.250679 -725.027832 30.943796 21
-39.400181 -729.512268 5.597611 21
-37.670898 -729.542969 7.145243 21
-41.690899 -731.729797 10.824937 21
-54.139938 -728.591614 23.563257 21
-52.846210 -728.283142 22.527246 21
-58.906380 -723.589111 21.158520 21
-36.440166 -730.471680 2.816909 21
-63.084194 -726.798096 22.746149 21
-51.698200 -731.080322 17.917608 21
-56.029324 -732.888245 20.798676 21
-50.835255 -727.088989 16.619057 21