-51.592369 -727.303711 20.338734 21
-36.005871 -731.019836 -3.221511 21
-66.089424 -726.132996 31.419127 21
-41.195026 -732.236328 10.754281 21
-62.337475 -729.592407 21.594307 21
-37.217052 -727.631104 4.547980 21
-44.666664 -726.454468 15.711951 21
-58.518543 -726.333496 28.143604 21
-58.122654 -722.378906 20.947853 21
-55.563274 -734.069702 22.390625 21
-46.942875 -732.675964 18.882137 21
-49.863766 -729.184753 14.965245 21
-52.683830 -721.918579 18.431778 21
-57.029644 -729.429016 19.578594 21
-54.922443 -728.287781 24.530403 21
-61.654205 -725.001892 24.085718 21
-52.248711 -732.259583 18.725004 21
-44.782883 -728.619995 11.081928 21
-48.155704 -723.522339 17.576210 21
-41.078926 -728.631042 7.312844 21
-36.761997 -731.277527 1.564859 21
-62.840965 -724.877136 28.519678 21
-55.617447 -725.298828 18.576674 21
-59.783230 -732.794128 23.373646 21
-44.858990 -730.813477 15.525076 21
-47.742081 -728.434998 18.662071 21
-59.387886 -726.289856 20.924072 21
-53.313747 -728.772339 17.087292 21
-36.878395 -728.165344 -0.763711 21
-40.932327 -728.391052 11.464643 21
-38.004818 -730.871948 6.360486 21
-50.695705 -726.116150 16.977972 21
-58.288170 -728.965454 25.689663 21
-46.970474 -728.100647 13.615704 21
-59.686478 -731.433350 20.050518 21
-55.545845 -732.396851 19.515890 21
-49.840935 -733.701111 20.403379 21
-49.485382 -731.538086 17.213654 21
-63.082848 -727.904480 24.236120 21
-39.029423 -729.991150 9.476470 21
-52.618782 -729.339966 22.566385 21
-63.246712 -727.231812 30.672525 21
-47.784744 -726.104614 15.889855 21
-42.741280 -729.423889 13.753311 21
-55.582161 -721.581116 19.384827 21
-52.699295 -733.798157 21.408724 21
-61.124866 -727.288635 27.034864 21
-35.343590 -728.809631 2.482947 21
-38.049988 -728.013916 7.364412 21
-38.205276 -728.689697 1.794983 21
-56.655617 -726.331726 25.792955 21
-37.969032 -731.086975 -1.098759 21
-61.268265 -730.302612 24.152025 21
-64.039696 -724.306213 30.994841 21
-52.816998 -724.694458 18.079409 21
-54.566517 -727.468323 21.878206 21
-60.705688 -726.438293 29.874632 21
-59.963917 -723.959595 22.198994 21
-57.651398 -732.676392 21.344782 21
-38.024879 -729.131897 -3.000778 21
-42.421158 -729.714905 9.643347 21
-47.568569 -730.511780 15.333685 21
-36.335884 -730.653137 4.142639 21
-58.037144 -724.560730 19.418264 21
-39.856205 -728.936157 4.997739 21
-46.153702 -728.591919 16.560116 21
-61.669254 -727.061218 22.027758 21
-35.447205 -730.318481 -0.478883 21
-44.199959 -727.269531 13.283139 21
-54.576172 -730.101379 18.804159 21
-49.920517 -729.130310 19.859858 21
-50.644970 -723.305603 17.958994 21
-57.044849 -726.968750 19.740211 21
-51.512386 -730.325684 17.380426 21
-54.712955 -727.443604 18.422810 21
-46.498219 -725.142761 17.488628 21
-40.462978 -726.440186 7.342316 21
-60.830257 -731.193359 22.105499 21
-40.266964 -728.041382 9.340140 21
-46.477367 -731.713562 16.920458 21
-45.789055 -729.878357 12.592451 21
-63.542854 -726.099670 23.051708 21
-44.669182 -728.697266 14.934402 21
-49.730648 -727.495056 18.396078 21
-52.318188 -727.172302 22.419186 21
-57.560764 -731.549500 19.414865 21
-54.497536 -723.373657 18.777447 21
-38.276909 -729.700623 3.727929 21
-40.812851 -731.076416 8.956666 21
-52.657921 -726.748108 17.617224 21
-51.240242 -728.184326 16.203476 21
-42.941864 -727.825745 11.751235 21
-36.968456 -729.152832 5.971973 21
-57.432804 -733.545288 23.198000 21
-49.479271 -727.293396 15.765650 21
-56.534691 -729.546082 24.890387 21
-62.379906 -725.419189 30.476091 21
-50.281097 -732.593994 18.755823 21
-42.459904 -729.764832 11.674275 21
-57.474930 -727.684265 27.045424 21
-43.018063 -733.008240 10.550134 21
-50.800453 -728.786621 21.598045 21
-35.192184 -728.584900 0.419012 21
-40.759785 -730.234375 10.737216 21
-56.567547 -723.275330 19.343683 21
-53.742447 -726.905273 23.723564 21
-39.831379 -729.974426 6.633890 21
-53.626743 -732.900146 19.953112 21
-48.962425 -725.239258 17.199375 21
-37.720955 -729.711792 0.237297 21
-35.684402 -729.349487 -2.103376 21
-48.126244 -727.520935 17.064964 21
-46.221722 -726.679016 14.666831 21
-60.188251 -725.504944 28.294415 21
-62.364006 -726.611816 29.018627 21
-54.652256 -729.090942 22.885347 21
-48.304142 -729.390259 14.018726 21
-35.834648 -728.886292 4.388250 21
-60.711090 -725.625366 22.559046 21
-51.598206 -733.271301 20.057655 21
-60.064896 -728.511841 26.245304 21
-36.774261 -727.723389 2.651369 21
-36.311722 -731.797485 -1.272623 21
-42.007610 -728.005493 10.016403 21
-39.628120 -727.827515 6.536126 21
-59.401619 -724.525452 20.575909 21
-61.122650 -730.465210 20.517948 21
-59.722649 -727.644348 28.075981 21
-59.278297 -732.008484 21.818106 21
-64.389885 -726.552429 31.823586 21
-53.002148 -730.708862 18.296183 21
-35.481098 -730.094177 1.297933 21
-42.685551 -731.227234 10.725020 21
-62.881714 -729.673096 24.044661 21
-62.081005 -726.582703 24.782051 21
-56.232277 -728.015991 25.775507 21
-62.972630 -728.171692 22.405165 21
-55.411530 -726.571350 24.607754 21
-45.605865 -728.124023 12.531219 21
-48.575657 -733.081055 19.394720 21
-38.887928 -730.753296 7.854747 21
-55.015358 -733.199646 21.020460 21
-36.843189 -727.916443 0.938555 21
-50.048058 -730.157349 16.373537 21
-62.517921 -726.134094 27.372370 21
-37.253777 -729.693726 7.548419 21
-47.920868 -727.459900 14.868690 21
-58.361801 -726.716187 26.000723 21
-44.897701 -731.235046 17.204948 21
-47.549870 -729.194031 17.198765 21
-53.987442 -725.920898 18.159184 21
-43.419140 -727.518616 14.713636 21
-51.343502 -727.810547 18.818445 21
-54.193382 -731.689575 18.861979 21
-39.036720 -728.730347 8.463327 21
-38.176212 -729.426697 -1.274197 21
-43.510017 -728.581726 10.080357 21
-43.516846 -729.828857 15.115476 21
-49.958183 -727.525513 20.040064 21
-37.627121 -730.117981 2.256282 21
-46.166786 -725.915100 16.121944 21
-41.819942 -728.290588 12.790400 21
-48.025097 -731.504089 16.468731 21
-63.010494 -723.846985 29.879076 21
-51.212639 -724.791016 17.659346 21
-38.514027 -727.854248 5.425882 21
-53.119297 -727.628174 20.521296 21
-48.399834 -732.428650 17.987204 21
-38.101784 -728.206665 3.309287 21
-38.846069 -730.122375 5.272999 21
-52.524494 -729.198669 21.019121 21
-46.740822 -729.816345 14.234551 21
-54.071487 -721.840027 19.233374 21
-55.899021 -730.981018 19.045927 21
-36.147243 -730.303955 2.656906 21
-60.366390 -724.244629 23.728611 21
-52.130501 -723.344421 18.398746 21
-54.060070 -734.019348 22.104940 21
-58.267658 -725.992004 19.943308 21
-56.796093 -722.059387 20.257843 21
-60.369957 -731.423218 23.646860 21
-36.866585 -731.082153 0.077855 21
-42.047176 -728.615356 8.641341 21
-59.733955 -726.885254 26.605673 21
-55.739876 -729.036255 18.933462 21
-61.515041 -725.363525 29.242811 21
-53.458221 -728.218628 23.085747 21
-50.935001 -731.598816 17.856184 21
-57.005661 -725.580444 19.167458 21
-58.166782 -727.290527 20.634678 21
-41.111576 -729.811768 8.194128 21
-43.835186 -729.931946 11.237119 21
-37.582310 -730.807190 4.977725 21
-60.967163 -727.088745 28.541693 21
-61.740040 -730.266602 22.723722 21
-55.805000 -726.690247 18.999043 21
-56.815800 -732.522583 20.191811 21
-55.276234 -729.610657 24.173109 21
-58.503780 -732.169128 20.297178 21
-58.885757 -722.972473 21.982792 21
-56.330475 -733.200378 21.582558 21
-62.291794 -726.702209 23.326443 21
-45.855324 -732.045288 18.143143 21
-45.743141 -727.894470 15.372536 21
-48.873943 -730.024780 15.610576 21
-39.297901 -727.413025 7.846990 21
-63.708832 -725.711060 30.939846 21
-60.992039 -726.259033 23.940807 21
-52.130386 -729.234192 16.464359 21
-58.556801 -732.888245 22.618246 21
-49.444218 -723.997681 17.631392 21
-48.992767 -728.264709 19.284025 21
-57.751186 -723.348206 20.041986 21
-43.156452 -728.215637 13.131628 21
-35.649467 -730.711853 -1.879667 21
-40.349697 -729.418213 9.714645 21
-44.091049 -729.423340 13.909442 21
-45.529625 -727.283875 13.612548 21
-65.017632 -725.342346 31.255852 21
-47.015854 -727.640015 16.137280 21
-54.263237 -724.609375 18.276609 21
-59.692177 -726.641785 29.019495 21
-45.832642 -729.312988 15.460349 21
-60.189362 -725.310486 21.326542 21
-35.654030 -728.825928 -0.801121 21
-51.564526 -727.111206 16.944384 21
-59.940247 -726.862366 21.985533 21
-56.114254 -728.614258 23.988087 21
-37.364143 -728.561157 -2.007883 21
-51.346527 -727.574097 21.599010 21
-47.729115 -724.742493 17.258923 21
-57.726036 -726.326843 27.091473 21
-62.093910 -726.703735 30.300951 21
-51.475590 -722.232117 18.040186 21
-54.696293 -728.898071 18.143406 21
-44.209518 -727.882324 12.029634 21
-47.000473 -729.322327 13.055575 21
-49.489922 -726.211426 16.497568 21
-55.650845 -723.960083 18.684244 21
-48.820385 -728.402832 14.670343 21
-41.674526 -731.346924 9.857141 21
-41.616894 -730.991821 11.385602 21
-50.964462 -729.350159 15.750752 21
-51.028473 -733.985535 20.950363 21
-37.067780 -731.025757 3.130528 21
-46.963463 -728.080688 17.360386 21
-38.668060 -728.804749 4.613486 21
-53.369896 -727.164917 21.696379 21
-62.516262 -729.287964 22.921991 21
-58.649662 -723.539185 20.889950 21
-40.315887 -731.328064 10.075743 21
-36.490356 -730.038879 5.236835 21
-52.131741 -725.629272 17.635054 21
-44.861481 -726.749390 14.519029 21
-49.604862 -722.718201 17.598213 21
-37.775135 -728.487732 0.228813 21
-53.327663 -722.912659 18.781940 21
-40.170677 -728.347412 8.091082 21
-47.220352 -732.227600 17.765009 21
-53.827831 -733.488892 21.015608 21
-57.099270 -728.473755 24.772955 21
-60.204842 -731.593994 21.132973 21
-56.908432 -724.366516 18.922066 21
-38.557236 -729.412720 7.574112 21
-53.351631 -727.773499 17.770781 21
-39.610409 -730.908875 8.838122 21
-53.636497 -728.933716 22.036686 21
-49.343582 -727.641479 17.262350 21
-55.429050 -722.791016 19.345680 21
-37.581165 -728.124634 6.178460 21
-35.733440 -728.193359 1.443428 21
-52.207474 -728.349243 22.015060 21
-48.500393 -727.604126 18.205414 21
-35.742065 -731.005371 0.492503 21
-52.667519 -729.785156 17.607922 21
-58.484844 -727.592896 27.671206 21
-36.034393 -728.357300 3.348935 21
-44.035671 -728.226013 13.963248 21
-58.035458 -727.745605 25.492022 21
-55.199200 -727.480347 25.364073 21
-50.552513 -727.154114 16.352142 21
-48.604069 -729.025574 17.746986 21
-62.973267 -726.952942 22.413977 21
-50.120304 -725.151917 17.414837 21
-43.076633 -729.810547 12.711304 21
-45.807060 -731.293701 16.075823 21
-40.336655 -728.515869 10.475533 21
-35.786625 -729.479492 3.390375 21
-49.034992 -730.828064 16.411522 21
-52.001720 -731.262451 18.123083 21
-61.701458 -730.540833 21.524357 21
-44.802765 -729.763184 11.823100 21
-41.345207 -729.445801 11.326627 21
-39.779152 -728.909180 6.134675 21
-57.185665 -729.356506 25.796320 21
-47.171375 -725.541260 16.653553 21
-42.613056 -732.122131 9.977179 21
-36.615402 -728.237061 5.381514 21
-41.938511 -727.920288 11.230977 21
-58.939754 -727.675476 26.194933 21
-61.233101 -726.210266 27.364162 21
-60.032265 -731.896851 22.678364 21
-45.240929 -726.277893 16.675173 21
-50.470890 -730.839844 17.164259 21
-54.444187 -727.221558 24.561148 21
-53.603889 -729.755188 18.267662 21
-63.401241 -724.844910 30.253740 21
-56.590836 -727.110535 26.602827 21
-50.429852 -728.430725 20.565308 21
-63.302212 -726.785767 23.871191 21
-51.498959 -728.958801 20.677599 21
-62.308029 -728.766052 24.327583 21
-40.878902 -727.597717 6.998527 21
-61.220901 -727.160339 23.025391 21
-38.000816 -729.168274 2.789443 21
-56.514507 -731.890564 19.302216 21
-52.547607 -732.867737 19.587393 21
-37.143993 -730.194519 6.249002 21
-50.319633 -728.368530 15.629519 21
-53.735638 -729.489746 23.329859 21
-36.207691 -728.184814 0.103074 21
-39.156815 -729.815308 8.384547 21
-62.569309 -724.850403 29.563875 21
-52.284126 -728.217834 16.816818 21
-56.556664 -733.697144 22.549349 21
-53.866276 -727.040955 22.648710 21
-51.273678 -732.700073 19.126682 21
-49.483406 -732.310547 18.082079 21
-54.876324 -726.371155 18.540661 21
-44.266148 -730.721252 16.509319 21
-35.440819 -729.602112 0.325817 21
-47.153507 -726.700012 15.194245 21
-54.019257 -728.083984 24.011179 21
-48.519245 -726.839111 15.623115 21
-37.640800 -730.568115 3.938275 21
-62.815674 -725.423401 23.441822 21
-39.827881 -730.338013 10.089050 21
-53.348843 -732.296143 19.079580 21
-52.349560 -727.733398 19.732521 21
-44.902607 -727.809204 14.423149 21
-55.102333 -728.316467 23.452387 21
-59.191971 -725.505859 20.246283 21
-37.383312 -730.495056 0.874026 21
-50.662472 -727.349548 20.848879 21
-55.998108 -727.623352 19.455612 21
-38.799873 -730.185242 6.397777 21
-49.660637 -733.106689 19.560669 21
-42.833000 -728.025635 10.676432 21
-56.058651 -729.976501 19.331894 21
-37.406609 -727.944458 1.849872 21
-61.239147 -726.035400 28.495596 21
-54.706509 -732.768738 20.114304 21
-53.445530 -723.877014 18.416847 21
-40.586067 -729.539490 7.261739 21
-61.394604 -727.159058 29.523363 21
-46.936848 -727.381836 14.408567 21
-60.811695 -725.295715 23.547153 21
-55.827866 -732.787842 20.506403 21
-42.166096 -729.328674 12.584862 21
-38.448616 -727.565918 6.420474 21
-41.294426 -728.183472 9.248647 21
-46.207851 -728.952698 12.443560 21
-61.132511 -725.484619 24.835304 21
-63.019871 -726.733337 29.797756 21
-37.451225 -728.800964 7.073541 21
-60.531895 -724.627380 22.737513 21
-52.859474 -733.341553 20.479307 21
-38.119610 -730.270081 7.194305 21
-42.786015 -728.573242 9.349596 21
-61.465256 -725.834106 30.209503 21
-42.023098 -732.835815 10.842996 21
-47.835083 -728.323853 14.108312 21
-36.182850 -731.688782 -2.472761 21
-63.163609 -727.617371 23.250944 21
-38.210365 -727.895508 4.464091 21
-57.494579 -733.209900 22.202833 21
-52.364960 -727.174744 21.405581 21
-52.972260 -727.289062 23.182264 21
-51.831554 -729.248291 21.734772 21
-53.888901 -726.962463 18.113501 21
-50.892437 -727.396057 19.633429 21
-39.495750 -728.784973 9.357421 21
-45.387924 -728.827820 11.859607 21
-37.764187 -728.531921 -1.046886 21
-60.192856 -725.810669 29.291801 21
-48.170082 -725.520630 16.637224 21
-59.169636 -725.721069 27.724808 21
-59.415878 -731.885193 23.547981 21
-41.851688 -728.742432 11.820004 21
-62.920944 -726.310852 30.912949 21
-62.616112 -728.640625 21.575611 21
-39.844334 -730.348450 7.905833 21
-64.004517 -727.339417 31.374430 21
-61.107849 -730.974548 23.039822 21
-37.704739 -729.184631 1.088780 21
-43.334114 -730.140930 14.106493 21
-35.882755 -731.195679 -0.607683 21
-41.184719 -728.015747 10.572877 21
-36.835354 -727.833557 3.645700 21
-59.353504 -731.999390 20.778999 21
-42.173035 -730.086182 10.793680 21
-43.818916 -728.192932 11.176013 21
-35.579056 -729.166321 1.590194 21
-35.291077 -729.788147 -1.310804 21
-48.764446 -729.053223 18.738371 21
-62.792503 -728.503967 23.484432 21
-51.927021 -724.233765 18.080938 21
-58.575001 -724.059265 20.067459 21
-54.939945 -731.053589 18.888023 21
-62.152184 -725.560791 28.493849 21
-45.650299 -726.333557 15.390659 21
-59.059155 -728.678955 26.218082 21
-35.864079 -730.807556 1.849841 21
-50.618954 -733.269714 19.969814 21
-50.390587 -724.277283 17.800175 21
-40.138325 -728.476807 7.046866 21
-55.624584 -726.674072 25.683149 21
-61.749496 -729.751587 20.842175 21
-59.448441 -723.967285 21.372419 21
-39.407146 -728.208984 5.558781 21
-47.921230 -732.776611 18.757090 21
-43.367306 -727.491821 13.739670 21
-44.083302 -729.171509 10.685437 21
-53.032146 -725.844482 17.890011 21
-62.103706 -730.013550 23.572767 21
-44.322475 -727.324341 15.076829 21
-39.784195 -729.945435 5.688265 21
-58.539749 -732.329834 21.283140 21
-51.931667 -733.711975 20.850563 21
-53.918877 -730.801697 18.652199 21
-59.017601 -727.055786 28.486862 21
-41.121731 -728.361389 8.225592 21
-46.831181 -729.236450 16.569084 21
-38.172493 -728.678833 8.090301 21
-40.841576 -729.320557 10.543380 21
-48.487122 -731.977173 17.177914 21
-60.406475 -727.650330 26.569420 21
-65.303970 -726.609619 31.586325 21
-60.787327 -727.365845 22.054306 21
-52.899555 -731.610168 18.537941 21
-37.162125 -731.515320 -1.558941 21
-41.073071 -731.141663 10.580563 21
-48.574471 -724.337524 17.458319 21
-45.870872 -725.566345 16.947865 21
-44.095474 -730.283813 15.674769 21
-49.146152 -728.561584 20.145830 21
-58.770905 -733.114380 23.494839 21
-50.862789 -729.996826 16.823721 21
-54.848476 -733.642212 21.814863 21
-61.032345 -731.127869 21.214649 21
-36.552238 -728.313110 4.438004 21
-36.229469 -729.163757 5.366998 21
-55.950676 -722.228149 19.912918 21
-43.391098 -727.369080 12.835999 21
-48.044426 -729.833374 14.952713 21
-35.958298 -728.070557 2.384743 21
-57.787853 -726.849548 25.307417 21
-48.981831 -729.558167 14.598919 21
-43.337971 -729.785034 10.468637 21
-51.561398 -726.257446 17.276291 21
-44.992912 -729.548279 14.812936 21
-62.694283 -726.138977 22.728539 21
-36.219166 -729.742554 4.427218 21
-50.610680 -727.713074 18.253881 21
-59.322502 -727.193420 21.089556 21
-54.005680 -728.440063 17.780218 21
-60.256283 -726.023499 21.877707 21
-54.763058 -725.509521 18.356653 21
-54.319942 -732.416992 19.364962 21
-38.296616 -730.225403 4.569502 21
-38.342331 -729.480713 -2.171031 21
-52.633904 -728.020813 22.771141 21
-63.199371 -724.020447 30.854691 21
-42.034916 -731.877197 10.747464 21
-48.307461 -730.708801 15.920120 21
-49.264282 -732.794312 18.818537 21
-60.393406 -726.518250 22.667212 21
-59.887154 -723.773987 23.072386 21
-54.618240 -726.726990 23.838852 21
-38.916370 -727.885559 7.171649 21
-62.023983 -725.730896 24.554842 21
-40.198662 -727.548279 7.566040 21
-45.260101 -728.616760 15.611609 21
-35.580101 -729.676270 2.315956 21
-60.415581 -731.085449 20.422897 21
-37.638802 -727.899536 5.304422 21
-46.186420 -727.948975 13.199620 21
-49.449802 -728.130249 15.254156 21
-49.483551 -727.498169 19.245356 21
-44.995853 -727.576172 12.891581 21
-51.430897 -732.123047 18.426418 21
-42.545216 -727.836609 12.525489 21
-64.196030 -725.049744 31.446848 21
-47.747166 -727.957275 17.916584 21
-37.668518 -730.894775 -0.213168 21
-47.661434 -728.961304 13.514110 21
-55.585846 -728.307800 25.119085 21
-54.591537 -722.567017 19.210201 21
-53.564709 -725.151428 18.078367 21
-58.492142 -725.908691 27.209814 21
-57.027069 -728.036438 26.371542 21
-41.632507 -730.038147 9.449025 21
-57.888203 -726.950256 27.697531 21
-57.613979 -732.255676 19.930344 21
-38.052414 -729.041321 -0.371377 21
-57.372593 -723.786438 19.373274 21
-37.811623 -730.196289 3.158875 21
-41.792793 -729.511169 8.627027 21
-59.323288 -732.415955 22.636650 21
-62.953732 -724.162109 29.061882 21
-48.622784 -726.162842 16.286377 21
-43.470127 -728.892151 13.641017 21
-47.458359 -731.169922 15.920249 21
-50.557583 -722.473328 17.732996 21
-56.606735 -726.344055 19.338930 21
-49.048965 -733.570740 20.081390 21
-58.713276 -724.918274 19.820404 21
-55.157887 -724.591431 18.371794 21
-54.560612 -729.468140 23.719137 21
-52.365147 -727.441895 17.201183 21
-57.038132 -722.842224 19.997618 21
-60.500126 -727.078796 29.261555 21
-37.606411 -729.659973 6.773263 21
-37.106476 -731.307983 -0.713597 21
-60.729969 -724.851624 24.267111 21
-37.050865 -728.027527 0.098416 21
-59.320194 -726.076538 28.483356 21
-57.799484 -726.732483 20.116426 21
-57.852505 -725.392761 19.419292 21
-54.981796 -731.920715 19.044027 21
-58.650616 -726.564331 20.587891 21
-63.745663 -726.501221 31.226553 21
-48.957996 -723.282532 17.568768 21
-46.937885 -726.017517 15.791474 21
-40.564339 -728.926697 6.459703 21
-37.171776 -730.827209 2.284942 21
-35.223637 -729.487671 -0.479146 21
-45.731705 -731.541870 17.251007 21
-54.292126 -728.358765 23.172939 21
-37.913380 -728.195251 2.485474 21
-45.033749 -731.073120 16.345869 21
-55.540066 -729.054199 23.579885 21
-50.304668 -727.456421 19.017344 21
-36.515076 -728.011963 1.712558 21
-62.707474 -726.211182 23.880705 21
-39.485577 -728.100098 8.807588 21
-60.143005 -724.472595 21.555979 21
-38.315498 -728.874512 3.824687 21
-39.190750 -729.357117 5.323678 21
-59.652458 -723.168762 22.255667 21
-37.768677 -728.325439 1.051297 21
-36.331676 -730.723389 1.103119 21
-37.488400 -727.672668 3.072855 21
-52.216049 -730.457397 17.827877 21
-40.182384 -730.683411 9.397348 21
-51.027264 -728.139832 21.089331 21
-37.110695 -730.800110 5.658113 21
-44.025612 -727.090820 14.335281 21
-46.866722 -728.527710 12.891338 21
-47.805149 -728.880005 17.969730 21
-50.165482 -731.926514 17.797186 21
-58.439537 -731.609314 19.706821 21
-64.198051 -727.160889 30.599882 21
-57.482487 -726.102112 19.656895 21
-48.671406 -727.552124 15.198911 21
-61.912457 -726.693054 27.427488 21
-36.179504 -730.749939 3.349912 21
-56.906334 -732.783508 21.015059 21
-42.828140 -728.942810 12.944207 21
-35.784653 -730.218323 -2.523842 21
-53.395981 -722.088074 18.795229 21
-38.740757 -728.091980 8.010818 21
-51.382710 -723.606873 18.173891 21
-46.295506 -727.551331 13.936306 21
-42.696148 -728.030457 13.775907 21
-51.115067 -725.568542 17.407928 21
-56.458065 -725.031128 18.799131 21
-57.318508 -726.239014 26.405460 21
-55.966770 -727.311157 26.066017 21
-43.172104 -729.288330 9.859349 21
-37.814182 -729.388977 1.943829 21
-60.144520 -727.070618 27.718990 21
-41.865871 -731.022034 10.588039 21
-53.078205 -726.940796 22.420837 21
-60.879635 -725.614929 29.659763 21
-52.167824 -722.544128 18.418938 21
-56.159634 -725.762085 18.925644 21
-36.791904 -730.798645 4.838950 21
-47.489285 -724.069702 17.614622 21
-47.709335 -733.094971 19.469910 21
-55.306496 -729.832764 19.121874 21
-58.203320 -732.659729 21.938078 21
-47.466900 -729.722839 13.639581 21
-39.539162 -729.547302 9.053981 21
-60.399357 -725.087708 22.067459 21
-64.466347 -725.955811 31.306965 21
-62.672703 -726.939392 24.335711 21
-54.848015 -721.870483 19.505068 21
-40.353817 -731.721191 10.751234 21
-52.642384 -723.916504 18.201286 21
-49.743843 -730.892334 16.851141 21
-46.293869 -727.952393 16.048029 21
-57.173065 -726.951111 27.113216 21
-52.886333 -728.638855 22.341084 21
-49.630047 -725.613892 16.984676 21
-55.593773 -733.442444 21.617949 21
-49.348194 -729.010498 19.320894 21
-60.733463 -725.431702 28.866133 21
-62.168636 -729.062988 21.041447 21
-58.219463 -733.566345 23.132145 21
-57.440533 -722.420715 20.553812 21
-60.156990 -731.710266 21.930483 21
-36.113632 -731.092957 2.607469 21
-60.696045 -730.900391 24.132996 21
-52.358803 -727.321106 20.641994 21
-49.985401 -727.719482 17.691998 21
-55.729500 -731.743286 19.095768 21
-51.555470 -728.574341 21.483446 21
-40.298126 -730.772217 8.469658 21
-61.133778 -724.466797 23.702143 21
-55.403179 -727.464600 18.785213 21
-44.933926 -728.163086 11.982632 21
-60.866428 -726.026184 23.212467 21
-40.710205 -728.015320 9.974098 21
-42.003338 -727.984985 12.009840 21
-62.270782 -729.786987 22.330307 21
-47.121201 -728.531311 18.011114 21
-53.361263 -729.137329 22.772224 21
-53.768093 -729.140808 17.590763 21
-47.433838 -727.681702 16.791912 21
-43.863747 -730.500610 14.994490 21
-46.409786 -726.314087 15.319546 21
-38.333462 -730.118225 -1.532804 21
-62.691208 -729.118225 22.201744 21
-39.041519 -728.197449 4.876513 21
-46.583736 -732.226501 18.228558 21
-61.424786 -730.749390 22.215170 21
-53.509888 -727.637207 23.666677 21
-56.068661 -729.299561 24.330893 21
-49.896824 -723.397583 17.797743 21
-57.553257 -732.766174 20.484730 21
-48.447193 -728.185669 18.733648 21
-58.361935 -722.933777 21.451166 21
-58.538391 -728.219238 25.795052 21
-37.424667 -730.531006 1.620555 21
-51.359074 -731.000244 17.695915 21
-61.985500 -726.751343 22.640411 21
-36.202847 -731.240051 -1.868250 21
-54.851845 -729.404175 18.678993 21
-41.480301 -730.307922 10.989065 21
-38.682453 -729.592957 4.672997 21
-56.854538 -727.672302 19.902002 21
-50.803986 -729.228699 20.611532 21
-62.740646 -725.427124 28.026999 21
-35.394680 -728.705505 3.359583 21
-42.402843 -729.158630 9.081944 21
-55.702000 -728.142395 24.378071 21
-51.570133 -728.957520 15.960873 21
-61.429386 -726.594971 30.058193 21
-50.144650 -726.542542 16.536997 21
-37.606422 -727.932007 3.776701 21
-48.713943 -731.409607 16.746906 21
-38.274002 -730.591492 5.383757 21
-52.872375 -728.013184 17.254116 21
-36.968884 -728.534790 6.387781 21
-51.909496 -724.948059 17.869160 21
-62.871067 -727.612915 21.928387 21
-42.359512 -728.627258 12.424335 21
-60.605762 -723.984802 23.063320 21
-35.429192 -730.338379 0.455809 21
-59.724510 -725.642090 20.847080 21
-49.523006 -724.757263 17.523592 21
-49.821369 -728.302002 20.046377 21
-44.146969 -728.825806 14.407394 21
-44.093964 -726.978455 15.687738 21
-38.978802 -730.076782 7.582026 21
-63.917419 -725.000854 30.754606 21
-45.397213 -726.626953 16.010090 21
-51.540386 -727.120911 21.065981 21
-58.101414 -723.108276 20.629738 21
-55.243580 -723.387207 18.901041 21
-41.506119 -729.060608 8.126292 21
-46.778217 -728.743774 17.096352 21
-61.812290 -726.137512 29.024229 21
-37.536671 -728.949219 7.782606 21
-45.531857 -727.399597 14.341939 21
-36.129910 -728.213196 0.830297 21
-49.044331 -727.401306 18.640665 21
-35.540291 -728.953857 -0.093446 21
-61.516052 -726.218811 24.443871 21
-49.468353 -729.759888 15.157539 21
-57.379993 -724.939575 19.116791 21
-53.314262 -726.505188 17.909393 21
-61.849133 -727.105286 28.926552 21
-61.507809 -730.515991 23.505470 21
-49.527958 -729.930908 15.935064 21
-56.224781 -732.472534 19.762075 21
-47.857906 -726.889343 15.309221 21
-55.498547 -726.030029 18.701765 21
-36.911591 -728.319336 -1.468555 21
-43.531025 -727.695618 12.197169 21
-35.628204 -730.411316 -1.219571 21
-43.081001 -731.771179 10.399325 21
-46.668846 -728.016235 16.662409 21
-47.420994 -730.150024 14.729933 21
-39.994205 -728.502869 9.845156 21
-54.339836 -733.115906 20.646530 21
-62.059395 -725.298889 29.801689 21
-51.592800 -727.649109 19.460505 21
-54.742641 -724.025146 18.509842 21
-50.504784 -727.810852 16.074026 21
-42.572521 -732.411133 10.635172 21
-46.292202 -731.870972 17.608683 21
-62.560879 -729.175964 23.622377 21
-53.589314 -733.683838 21.665230 21
-40.698502 -728.253357 8.798188 21
-39.456131 -728.114807 7.903900 21
-49.181168 -727.608459 17.956188 21
-51.913059 -727.695862 22.122890 21
-50.721935 -732.192993 18.312853 21
-49.127129 -726.639343 16.049034 21
-57.021988 -733.025269 21.687750 21
-44.754017 -729.320435 11.261600 21
-38.763405 -729.607300 8.931166 21
-50.630093 -732.954773 19.297861 21
-37.719444 -730.864746 2.907945 21
-41.792721 -729.622131 11.868886 21
-38.792740 -728.227844 4.204163 21
-37.956375 -728.968567 -1.855484 21
-60.399853 -727.501953 28.643606 21
-59.060886 -731.787964 20.074837 21
-62.249855 -729.899963 24.265816 21
-42.713982 -728.278137 10.014409 21
-44.808033 -729.497559 14.138374 21
-56.429676 -727.051453 19.401506 21
-47.071899 -724.689331 17.496618 21
-49.911049 -727.880188 20.645601 21
-51.238331 -722.894348 18.178509 21
-50.408470 -729.757996 15.604993 21
-53.732403 -727.465332 21.162203 21
-55.956757 -724.589172 18.589388 21
-40.482265 -730.602478 10.086544 21
-51.134056 -727.523376 16.538502 21
-56.303516 -723.828064 18.925348 21
-45.097851 -728.162231 15.084075 21
-36.791004 -731.177429 0.817072 21
-55.968624 -726.504028 25.091576 21
-37.504704 -728.214844 -0.391647 21
-53.912853 -722.560486 19.005390 21
-40.684261 -729.894104 10.126542 21
-37.613274 -729.872070 1.244453 21
-63.253105 -726.776611 23.178637 21
-38.764595 -730.565979 7.140660 21
-62.532482 -727.250916 29.761589 21
-49.296738 -727.896484 19.796261 21
-62.113811 -726.079895 30.600544 21
-44.022789 -728.444031 10.558397 21
-35.591610 -728.862122 0.943856 21
-44.903336 -727.034363 15.390382 21
-60.604729 -731.442566 22.889250 21
-41.990799 -728.276917 9.285499 21
-51.969727 -732.673035 19.239204 21
-59.206169 -727.367493 27.675495 21
-49.107311 -732.052002 17.537788 21
-41.129654 -728.823608 10.934843 21
-49.790585 -728.612122 20.774389 21
-39.512981 -730.225647 8.888853 21
-36.016678 -730.073242 3.846244 21
-57.539722 -727.347961 20.348434 21
-44.944683 -727.009216 13.871248 21
-43.079262 -729.695129 14.596187 21
-40.142960 -730.091858 7.331507 21
-63.060741 -725.541443 30.760883 21
-45.525902 -726.613525 14.715038 21
-51.736588 -727.759338 16.784388 21
-52.719200 -728.771484 16.725929 21
-56.653179 -728.980164 24.529327 21
-43.769699 -729.598511 14.502563 21
-62.133324 -725.133972 29.026087 21
-50.549706 -733.658569 20.568560 21
-51.003735 -726.749695 16.823606 21
-36.028305 -730.976990 -1.250176 21
-51.066120 -724.157471 17.879091 21
-59.755322 -731.330383 23.334999 21
-53.588303 -731.409607 18.655628 21
-41.466858 -732.720154 10.371977 21
-56.409710 -722.726257 19.758499 21
-41.426895 -731.293152 9.159312 21
-65.345314 -725.926819 31.518282 21
-61.101814 -725.455872 24.145845 21
-44.426510 -726.630127 15.089326 21
-46.059685 -729.065918 16.072599 21
-37.895443 -729.284607 7.282191 21
-52.858707 -723.278625 18.450546 21
-45.757793 -729.345276 12.130311 21
-41.209908 -731.589600 11.089955 21
-53.930813 -727.396057 24.139313 21
-48.909302 -725.667358 16.624725 21
-59.009041 -723.392761 21.460947 21
-37.531979 -728.101868 6.852811 21
-39.836800 -729.901794 9.543670 21
-44.198273 -727.516418 12.674233 21
-47.362293 -732.452026 18.384518 21
-46.530235 -725.500549 16.858746 21
-39.099628 -730.559082 5.927406 21
-36.805695 -730.570374 3.660426 21
-48.793781 -728.997498 14.264888 21
-55.858612 -723.284973 19.128033 21
-54.884083 -734.085510 22.314459 21
-59.738361 -726.456238 21.493124 21
-48.664169 -732.676575 18.579988 21
-54.159725 -729.385803 18.212978 21
-54.472004 -733.488220 21.263086 21
-59.786335 -724.798462 21.074671 21
-62.135105 -726.008606 27.990269 21
-41.223621 -730.501770 10.341558 21
-63.579918 -723.968079 30.306404 21
-38.031128 -729.171326 0.466584 21
-46.439533 -729.683594 12.956760 21
-45.727871 -728.354431 16.015375 21
-58.053764 -723.929321 19.702768 21
-56.398907 -729.386902 19.361254 21
-52.059341 -726.705933 17.341093 21
-60.976906 -726.575439 28.135622 21
-48.323288 -725.033081 17.115824 21
-39.338436 -730.562744 8.325809 21
-62.849262 -728.680725 22.861055 21
-54.969635 -727.026062 24.935495 21
-45.530495 -725.745605 16.392654 21
-37.277817 -731.020813 4.413454 21
-39.534958 -727.576538 7.146564 21
-58.829212 -732.444458 22.200731 21
-36.205017 -730.944580 -0.000720 21
-53.979965 -729.218811 22.590521 21
-40.219173 -727.689209 6.920105 21
-56.001072 -733.689087 22.080612 21
-58.064106 -732.400818 20.745892 21
-59.631924 -727.286072 28.644382 21
-52.238434 -733.211365 20.108852 21
-55.320744 -722.280334 19.746437 21
-60.056683 -728.140259 26.823824 21
-35.731419 -728.357544 -0.324163 21
-49.322308 -728.848206 14.692125 21
-35.849678 -730.103333 3.208280 21
-40.071877 -729.377686 6.558620 21
-44.757881 -730.482910 16.080149 21
-55.881435 -733.051453 21.121996 21
-39.085548 -727.787292 6.178589 21
-35.895542 -730.860718 -2.570663 21
-53.842617 -723.308289 18.715126 21
-50.175037 -731.429626 17.379614 21
-58.414944 -727.066711 28.062351 21
-53.467522 -724.494995 18.195004 21
-56.458321 -727.681152 26.312567 21
-52.448948 -729.045166 21.883749 21
-48.654018 -727.615356 17.555061 21
-51.952629 -728.611816 16.402561 21
-42.254665 -728.242310 13.353909 21
-46.223557 -728.292908 12.569493 21
-37.083519 -728.553223 5.705046 21
-54.751522 -727.706970 24.880018 21
-37.686447 -728.855652 -2.518043 21
-35.696007 -728.586304 1.990687 21
-62.695766 -726.860535 30.572088 21
-37.077377 -729.298706 6.588596 21
-35.835442 -728.844421 2.907105 21
-35.563442 -730.060547 -1.837544 21
-60.647472 -727.680176 27.173504 21
-54.558815 -728.430298 23.890697 21
-36.211773 -728.514832 4.950214 21
-40.959412 -731.031799 9.949650 21
-53.189034 -729.424622 17.460592 21
-55.342949 -732.705322 20.065565 21
-44.400944 -728.238892 11.449164 21
-51.341114 -729.252869 21.232038 21
-49.926483 -727.052185 16.192646 21
-62.004734 -730.307190 22.050110 21
-42.553070 -729.624756 13.033343 21
-47.144409 -725.287048 17.275871 21
-57.971149 -733.205322 22.646574 21
-53.222927 -727.136108 17.778765 21
-42.443058 -729.899536 12.301666 21
-52.649433 -725.285339 17.873411 21
-39.945995 -728.298096 6.116083 21
-59.107082 -723.955994 20.483223 21
-59.878880 -725.855713 28.709673 21
-59.271873 -732.659180 23.714869 21
-57.130074 -732.069946 19.550697 21
-35.660053 -730.659363 1.045892 21
-64.536018 -726.973938 31.373648 21
-52.814144 -722.555359 18.619337 21
-38.041080 -728.656738 7.291142 21
-53.204445 -733.621216 21.021690 21
-56.589455 -731.264221 19.170574 21
-61.238777 -727.508850 21.626961 21
-50.605335 -727.321106 20.195190 21
-62.493683 -728.099060 24.333826 21
-42.372185 -731.582825 9.736446 21
-36.595062 -731.240234 -1.133823 21
-44.370750 -727.627808 14.127716 21
-37.623070 -730.392578 6.642486 21
-41.222057 -729.757935 10.760948 21
-39.099838 -728.729980 5.215427 21
-35.658142 -730.212646 1.957948 21
-37.831947 -728.815796 2.285100 21
-63.409714 -727.421936 23.952068 21
-38.915623 -729.233154 8.113334 21
-36.740688 -730.668335 2.728143 21
-36.415928 -730.283447 4.658099 21
-36.086399 -731.301392 0.930723 21
-52.715717 -732.449158 19.110571 21
-35.421673 -729.310486 2.875055 21
-53.512466 -733.217957 20.543575 21
-56.282444 -726.770569 26.120996 21
-63.049309 -727.596558 22.617609 21
-54.088417 -724.029663 18.451616 21
-48.340008 -728.493469 19.259737 21
-35.525211 -730.777893 -0.048252 21
-48.307457 -729.024841 18.305981 21
-35.201378 -728.464722 1.240367 21
-41.460907 -728.255676 11.796102 21
-59.686111 -731.985046 21.331575 21
-51.132053 -733.565186 20.399187 21
-51.942181 -728.984802 21.138208 21
-42.814159 -727.691223 13.061746 21
-50.420017 -729.116821 15.274540 21
-38.085869 -729.668945 -0.370230 21
-37.779602 -727.576538 5.809128 21
-41.320053 -728.062561 9.861218 21
-57.304996 -723.184509 19.549959 21
-47.712345 -725.395447 17.032761 21
-63.929409 -726.957153 31.885746 21
-39.236599 -729.915222 6.801871 21
-54.168488 -725.324768 18.156866 21
-45.564697 -731.364380 16.680170 21
-63.124657 -724.493835 29.834167 21
-58.938042 -732.451782 20.817533 21
-55.646393 -727.815674 25.626104 21
-38.357052 -729.989075 7.698815 21
-54.043083 -730.200317 18.517759 21
-59.081970 -732.797180 23.070442 21
-45.221970 -729.895569 12.274050 21
-36.201759 -728.597168 3.896146 21
-43.520569 -728.150574 13.621235 21
-52.069809 -721.973938 18.188507 21
-46.005009 -727.057251 14.174438 21
-43.406891 -728.254028 10.674170 21
-61.321766 -726.906433 27.482334 21
-45.265381 -729.130310 15.274458 21
-36.972389 -728.081604 4.879289 21
-59.419823 -723.650818 21.945799 21
-40.579384 -728.618408 7.666276 21
-42.040642 -732.300171 10.301461 21
-52.400551 -726.187805 17.605350 21
-55.203995 -726.848083 18.751167 21
-47.402386 -727.772400 14.490561 21
-40.969204 -731.749390 10.446622 21
-61.980412 -730.029968 21.331915 21
-54.354446 -726.599365 18.341751 21
-54.918869 -732.436401 19.560934 21
-37.738003 -730.811768 2.076534 21
-62.025921 -726.960083 29.570776 21
-53.972198 -727.383484 21.752930 21
-53.864552 -728.684570 22.909849 21
-41.852100 -727.916809 10.606874 21
-58.835468 -726.012939 20.280968 21
-44.460987 -728.232178 14.431457 21
-43.458000 -729.420227 13.922437 21
-38.108860 -728.238281 3.960851 21
-59.580894 -725.107300 20.558847 21
-58.210442 -726.316833 27.635933 21
-57.701546 -729.071289 25.562572 21
-43.275440 -727.927856 11.180027 21
-40.114456 -728.215820 8.695771 21
-64.273468 -725.443970 30.985714 21
-56.708374 -733.423889 22.022654 21
-39.403946 -729.906677 6.164536 21
-62.767872 -724.995117 30.111027 21
-60.327526 -724.474915 22.135832 21
-50.600185 -724.856628 17.662865 21
-48.323349 -730.223816 15.423803 21
-58.401360 -725.451233 19.703156 21
-40.668102 -728.028442 7.346216 21
-41.934471 -729.726929 11.297174 21
-35.423485 -729.529419 0.922413 21
-51.251575 -733.026855 19.623501 21
-36.462399 -727.981384 3.097621 21
-37.312424 -728.171326 0.661661 21
-41.645657 -731.834473 10.271198 21
-57.086533 -733.885803 22.818939 21
-43.874744 -727.773560 13.195310 21
-63.222416 -726.239929 23.541807 21
-59.800648 -732.195618 23.160591 21
-57.884052 -727.497742 27.443493 21
-40.489437 -728.974854 7.060845 21
-45.744617 -727.695007 14.811509 21
-59.941864 -731.549622 20.575340 21
-52.262390 -731.744751 18.371021 21
-59.578339 -728.449585 26.606842 21
-37.616497 -728.457092 1.615910 21
-45.636574 -727.681091 13.144339 21
-56.395409 -721.778076 19.935646 21
-41.340500 -728.059387 11.151430 21
-55.152596 -728.844971 23.092751 21
-52.557446 -729.416687 16.838953 21
-37.904121 -729.750061 2.632878 21
-43.786503 -727.716248 14.249784 21
-50.217216 -725.715820 17.067303 21
-47.567871 -725.909058 16.391462 21
-51.003399 -730.627869 17.325918 21
-52.765316 -730.232788 17.993591 21
-38.071297 -728.063538 6.515747 21
-37.400414 -727.675964 2.489789 21
-47.323166 -728.493347 13.282377 21
-48.403339 -728.541626 14.269716 21
-60.601158 -731.345581 21.583931 21
-50.044971 -732.301025 18.279959 21
-50.832035 -728.689148 20.907541 21
-47.543148 -727.778564 17.393267 21
-50.790321 -727.704895 21.404919 21
-61.044876 -730.877625 23.616129 21
-60.153027 -723.526550 22.563732 21
-62.140358 -729.765991 22.919744 21
-52.572113 -731.111572 18.240660 21
-63.450520 -726.943604 30.190392 21
-45.142574 -726.089111 16.076622 21
-53.037304 -733.013916 19.928921 21
-61.543060 -730.330933 20.937267 21
-54.337490 -727.824097 24.463861 21
-60.291012 -726.410767 29.449358 21
-37.677334 -730.777039 0.361181 21
-44.416519 -730.555176 15.193526 21
-54.917667 -726.799683 24.352802 21
-49.859814 -727.741577 15.737588 21
-50.220665 -728.925049 20.321968 21
-60.719734 -725.157104 22.921793 21
-38.596146 -730.783447 6.427345 21
-57.524132 -724.351746 19.214996 21
-56.963936 -729.175598 25.016880 21
-37.349411 -727.917908 1.234497 21
-38.162453 -729.262207 3.372106 21
-37.487968 -730.720154 6.123161 21
-45.053417 -726.522644 15.110619 21
-46.740749 -725.758057 16.321058 21
-56.932423 -726.615662 26.668936 21
-43.121395 -727.749756 14.254675 21
-52.817215 -727.272705 21.010782 21
-56.146133 -734.107239 22.536907 21
-58.383282 -723.480042 20.266768 21
-36.707573 -731.865784 -1.704168 21
-60.612953 -724.732910 23.309450 21
-46.843166 -731.973511 17.385204 21
-59.968098 -725.890198 21.323044 21
-40.759106 -728.377197 10.871806 21
-39.272354 -729.238098 8.594913 21
-46.858772 -726.863953 14.722696 21
-48.007164 -724.229797 17.382832 21
-47.402699 -727.194214 14.833267 21
-46.606377 -728.469360 17.589556 21
-62.409050 -729.333374 24.250168 21
-49.557434 -730.547791 16.428272 21
-42.612568 -729.840576 11.123274 21
-53.773613 -732.548462 19.478218 21
-54.507252 -730.681030 18.754635 21
-40.441689 -729.050964 10.214171 21
-53.497589 -730.419434 18.378420 21
-58.713146 -727.175049 20.766842 21
-39.822735 -728.015442 7.477662 21
-35.920341 -729.153137 3.880363 21
-38.469063 -729.333008 4.114870 21
-40.038013 -728.960693 9.479178 21
-49.130749 -730.386597 16.048006 21
-35.722939 -728.343811 0.377780 21
-51.695992 -728.054077 21.717695 21
-48.828678 -723.858154 17.639864 21
-58.077667 -728.450684 25.526428 21
-56.936752 -727.547485 26.741634 21
-49.713428 -728.652222 15.110381 21
-42.048824 -731.370850 11.029222 21
-50.283356 -727.366150 19.588209 21
-56.396870 -732.804382 20.742947 21
-54.175644 -732.704285 19.848219 21
-48.969254 -727.713623 19.127768 21
-41.229347 -730.569397 11.429680 21
-37.785366 -730.574219 4.490742 21
-36.276756 -729.210327 4.626829 21
-38.077156 -730.173645 3.990086 21
-47.286446 -728.808105 17.547459 21
-60.160328 -724.161560 22.729546 21
-51.833424 -727.278442 21.688070 21
-61.255970 -727.223145 22.454021 21
-42.972977 -729.933289 13.647705 21
-36.422279 -730.759338 1.712582 21
-51.557297 -731.664856 18.104183 21
-39.408691 -728.889282 5.660210 21
-58.687618 -727.148071 26.221779 21
-46.264297 -727.664917 15.372190 21
-63.605339 -724.524414 30.694052 21
-55.462231 -726.808350 25.149649 21
-42.475002 -733.148499 10.674594 21
-36.744968 -728.915894 5.396325 21
-45.893425 -728.565186 12.158658 21
-53.114670 -729.125671 22.153236 21
-55.220924 -728.222290 24.028339 21
-53.159191 -732.663330 19.511824 21
-58.981403 -724.515686 20.174183 21
-54.286751 -727.197266 22.307018 21
-53.845367 -728.344177 23.549242 21
-59.652470 -725.607971 28.014357 21
-44.343281 -727.073364 13.814846 21
-42.494099 -731.778992 10.447175 21
-50.136158 -722.858704 17.777937 21
-43.665543 -727.894470 11.685335 21
-60.497551 -727.105591 28.180101 21
-38.399368 -727.865112 6.936076 21
-60.249443 -731.779480 23.192225 21
-59.670685 -731.991577 22.220608 21
-42.414978 -727.842407 11.508554 21
-63.736633 -727.039307 30.900635 21
-44.841587 -727.328979 13.382821 21
-55.862225 -727.260193 19.038387 21
-53.760540 -721.657654 18.722088 21
-45.382072 -726.859070 14.237884 21
-49.120029 -733.198181 19.661215 21
-42.626526 -728.411377 12.897604 21
-43.807732 -727.158447 14.897463 21
-50.414455 -730.398560 16.821842 21
-53.011669 -727.923828 23.190804 21
-62.966454 -727.982666 23.645304 21
-50.710541 -731.198059 17.520960 21
-49.986721 -732.883423 19.126759 21
-61.220268 -731.011292 21.751297 21
-51.987267 -730.039795 17.517286 21
-53.433449 -728.273132 17.542128 21
-52.198277 -734.030396 21.417532 21
-44.790123 -727.798767 12.393977 21
-62.603909 -730.201782 23.967743 21
-36.307041 -730.920471 0.550526 21
-39.666080 -730.446045 9.429582 21
-48.507687 -731.049011 16.311619 21
-41.227322 -732.225159 10.195734 21
-61.564541 -725.424072 24.483696 21
-52.669415 -727.014282 22.037527 21
-35.132812 -728.908936 1.793238 21
-44.611324 -729.197021 14.597085 21
-48.307217 -733.317017 19.831551 21
-63.033447 -728.167542 23.111725 21
-37.445499 -730.605652 3.305515 21
-59.129913 -732.362549 21.397379 21
-52.584698 -733.631775 20.854334 21
-50.572910 -727.886902 20.790411 21
-53.155689 -729.763855 17.930021 21
-47.468983 -726.371216 15.523724 21
-40.642967 -730.969727 9.496389 21
-37.931564 -728.573730 2.922852 21
-53.115807 -734.040039 21.706718 21
-49.282379 -731.192932 16.806200 21
-50.831245 -727.581116 18.963686 21
-48.781986 -728.527161 19.743223 21
-39.232769 -729.845032 5.640202 21
-57.666882 -722.747742 20.944500 21
-37.704342 -727.847778 4.730823 21
-55.119217 -732.931885 20.545273 21
-47.804790 -732.489197 18.042330 21
-39.636997 -729.458313 5.904697 21
-54.243221 -733.660400 21.734467 21
-46.015335 -726.063599 16.633646 21
-60.292202 -727.120789 26.647943 21
-45.707809 -726.193176 15.934396 21
-51.780659 -722.908875 18.306837 21
-54.959595 -722.955627 19.112450 21
-52.605659 -727.464294 22.801994 21
-38.594025 -727.723389 7.592756 21
-36.452332 -729.494995 5.753763 21
-45.300911 -731.080811 15.860894 21
-48.847878 -727.593262 17.046709 21
-35.919182 -730.615479 -0.399723 21
-57.533546 -722.907593 20.311388 21
-36.860157 -727.867798 4.196843 21
-48.971333 -724.712219 17.321064 21
-61.808952 -730.228882 24.214701 21
-61.775280 -726.529114 28.639341 21
-48.961868 -732.446533 18.177063 21
-39.771255 -728.285828 9.339153 21
-57.972267 -731.884155 19.681982 21
-49.586735 -733.416016 20.013569 21
-51.969452 -733.000916 19.677155 21
-56.036079 -732.135803 19.333153 21
-51.668701 -732.399475 18.834318 21
-48.153496 -727.639282 17.774675 21
-55.047451 -729.270691 23.467854 21
-48.085327 -727.912354 18.362347 21
-39.453949 -728.700684 8.820122 21
-41.958206 -729.752380 9.090068 21
-53.481621 -727.121826 23.103254 21
-62.374588 -726.463013 22.397524 21
-49.637299 -731.930603 17.603920 21
-53.949017 -732.148743 19.012421 21
-58.969112 -726.511780 28.517372 21
-41.394688 -730.081848 8.965641 21
-57.032001 -731.573303 19.286226 21
-48.153126 -725.868103 16.213881 21
-41.497025 -728.412354 8.792936 21
-52.055519 -727.505493 20.135212 21
-49.157425 -727.602173 15.448140 21
-37.156448 -731.032532 3.893732 21
-48.244957 -726.405212 15.934496 21
-63.113979 -725.777954 23.024450 21
-54.152340 -726.845154 24.089603 21
-53.039326 -728.427185 22.816626 21
-50.321518 -723.736389 17.900097 21
-55.574917 -727.276672 25.679571 21
-50.935013 -728.483704 15.861630 21
-49.976318 -726.078735 16.730093 21
-35.549835 -729.292847 -1.587069 21
-59.443100 -728.252319 26.113251 21
-59.636936 -723.615662 22.589764 21
-40.816830 -729.120361 7.479997 21
-47.436626 -732.803162 19.030785 21
-61.929924 -725.848877 27.514406 21
-64.880768 -726.255859 31.613941 21
-51.638191 -725.356262 17.608196 21
-47.240738 -730.919128 15.479874 21
-56.879311 -723.746033 19.172016 21
-51.051117 -727.180664 20.505852 21
-37.586269 -730.233521 0.333884 21
-44.812592 -728.545959 11.611276 21
-53.703835 -727.137451 22.155632 21
-54.650150 -724.963928 18.286802 21
-48.983082 -727.108704 15.640720 21
-38.341515 -728.360229 7.689187 21
-35.799118 -729.707581 2.845998 21
-55.243984 -727.954773 24.906004 21
-46.833286 -727.833679 14.149301 21
-38.541096 -727.996094 4.879577 21
-64.397453 -724.703308 31.073917 21
-55.459396 -731.283142 18.995720 21
-35.476334 -729.356689 -0.947048 21
-40.174053 -730.613464 10.531756 21
-40.058666 -728.673218 6.517581 21
-60.612278 -731.356873 20.880505 21
-41.474720 -728.908508 11.483041 21
-44.726776 -730.887756 16.733875 21
-37.564888 -730.399597 2.715550 21
-62.658810 -728.484985 24.008509 21
-37.089077 -730.808228 1.303193 21
-62.852451 -728.611084 22.111654 21
-54.520950 -726.024475 18.364376 21
-35.465511 -729.974976 -0.060657 21
-36.692219 -731.027954 4.272728 21
-52.910046 -727.539612 17.513596 21
-42.331310 -732.794250 10.295370 21
-38.414337 -730.296814 6.756659 21
-38.593395 -728.921265 7.820571 21
-47.874329 -729.724792 13.975062 21
-58.244305 -726.467346 20.251604 21
-35.764412 -730.584351 2.334235 21
-48.890659 -728.793335 19.198767 21
-63.363720 -726.097900 31.105843 21
-35.719669 -729.177917 2.344230 21
-46.122635 -729.475159 12.523737 21
-38.988064 -730.232361 8.103193 21
-38.987137 -729.137024 9.036125 21
-63.315945 -726.719177 30.927320 21
-36.943768 -727.950256 2.076884 21
-40.596203 -731.009033 10.428874 21
-61.053822 -726.754700 29.586008 21
-43.138378 -729.294128 13.423753 21
-50.569843 -725.445557 17.352253 21
-35.210686 -729.151245 0.470972 21
-51.531906 -734.001221 21.101715 21
-48.549271 -729.849609 14.546984 21
-46.275394 -728.500366 17.180368 21
-47.989956 -731.096497 16.128759 21
-62.575397 -725.877991 30.746363 21
-38.010765 -729.094971 -0.899636 21
-36.068836 -731.371216 0.296119 21
-43.031223 -727.664246 12.435711 21
-59.143921 -723.172791 22.401867 21
-57.089321 -733.459167 22.431971 21
-49.396603 -728.425537 19.707958 21
-48.088970 -728.935181 13.828478 21
-39.668621 -728.309387 8.354067 21
-59.739182 -727.381348 27.610695 21
-58.758175 -726.055481 27.770435 21
-50.996693 -732.436523 18.755497 21
-50.190311 -733.119751 19.587713 21
-38.036449 -728.776550 1.099541 21
-60.522823 -725.585693 22.046913 21
-59.042236 -726.764709 20.930784 21
-63.822136 -724.749817 31.245125 21
-60.446842 -731.527954 22.341921 21
-61.053963 -730.956482 22.522352 21
-62.648026 -724.888184 29.005325 21
-54.695141 -731.520081 18.847889 21
-61.567204 -725.483215 29.777615 21
-38.041180 -729.711365 3.151915 21
-52.936569 -732.068176 18.828524 21
-50.108646 -733.409729 20.028107 21
-36.212765 -731.178528 1.980164 21
-38.330303 -727.844421 5.989099 21
-62.864872 -728.145508 21.889402 21
-63.164623 -726.403137 22.827595 21
-35.391205 -729.913635 -0.795700 21
-50.104622 -724.679565 17.624409 21
-36.780796 -730.465393 5.461490 21
-54.732346 -726.911499 18.520546 21
-53.417110 -731.895935 18.758020 21
-53.701309 -727.409058 17.898783 21
-35.942963 -728.862732 3.464174 21
-38.275349 -728.654114 2.513328 21
-59.081314 -723.892639 21.008066 21
-44.264339 -728.719116 10.923219 21
-61.011662 -726.080444 30.110086 21
-38.409370 -728.601929 3.125401 21
-52.720211 -727.552673 20.188292 21
-42.363056 -728.059692 10.380336 21
-53.189854 -729.524292 23.070724 21
-50.821930 -728.886108 15.566480 21
-41.688301 -732.441101 10.759372 21
-44.959679 -726.546997 16.274611 21
-37.639542 -729.720520 0.745294 21
-51.853195 -728.702942 21.891171 21
-38.390404 -729.834778 4.237162 21
-51.742428 -729.537598 16.300037 21
-51.041004 -727.270081 21.185669 21
-52.424782 -728.849365 22.373762 21
-54.263050 -727.329407 18.224545 21
-49.960644 -729.632874 15.254316 21
-59.267490 -725.942078 20.561424 21
-42.416813 -728.551697 9.006462 21
-56.022594 -728.015564 25.115751 21
-61.692791 -726.272156 30.343792 21
-50.991920 -722.357178 18.180410 21
-45.299213 -729.484680 11.925802 21
-54.485939 -732.064087 19.034000 21
-49.492794 -725.218750 17.293230 21
-59.537094 -728.780884 26.035620 21
-45.599419 -728.954529 15.785598 21
-40.172573 -729.717346 6.921823 21
-41.999832 -729.150757 12.132692 21
-36.103291 -728.295654 2.842290 21
-41.453735 -731.515625 10.628855 21
-37.654053 -729.950012 1.751772 21
-53.954922 -726.852112 23.253582 21
-63.295734 -727.163818 23.519485 21
-40.685631 -732.088623 10.882404 21
-46.063690 -731.529236 16.682333 21
-49.453007 -729.418091 14.760317 21
-62.614918 -726.885132 29.395681 21
-55.429581 -733.712708 22.042612 21
-37.522602 -728.478943 -1.500875 21
-37.183407 -728.095337 5.493962 21
-60.791061 -731.260620 23.336634 21
-40.195652 -729.954712 10.031998 21
-55.670349 -729.299072 23.997467 21
-49.774532 -732.675903 18.696671 21
-62.444344 -729.652893 23.760582 21
-56.167622 -726.583069 25.537704 21
-48.379524 -732.856873 18.972591 21
-39.857689 -730.870728 8.214889 21
-54.302402 -731.205872 18.751122 21
-47.783600 -730.820007 15.759356 21
-37.057728 -728.128052 6.109173 21
-55.339413 -730.738159 18.969707 21
-51.812286 -730.751831 17.764978 21
-52.270947 -727.740112 22.473532 21
-43.155861 -729.773804 13.196224 21
-47.366245 -728.220947 17.616705 21
-36.460476 -727.878174 2.229954 21
-52.327522 -724.571838 18.036318 21
-49.611691 -726.655334 16.243483 21
-64.865875 -725.687683 31.580194 21
-36.085014 -728.226257 1.849595 21
-45.734440 -731.732910 17.762308 21
-57.040554 -726.393677 19.611002 21
-55.081623 -722.372925 19.303217 21
-62.563702 -729.119263 21.702829 21
-58.414921 -724.396484 19.711700 21
-60.033028 -727.065735 29.096359 21
-37.053284 -730.945679 1.797195 21
-53.186058 -731.154907 18.472414 21
-37.500351 -731.306458 -1.143610 21
-63.448757 -725.184143 30.729271 21
-56.502419 -728.525330 24.356346 21
-53.836399 -726.463013 18.129946 21
-39.528595 -728.030701 6.058239 21
-36.547466 -729.505432 5.184076 21
-43.764385 -729.044067 14.066231 21
-48.360027 -728.675354 18.715384 21
-55.153816 -725.149231 18.438572 21
-60.550934 -725.987854 29.601528 21
-40.648952 -728.529175 6.902440 21
-57.517536 -732.911987 21.802397 21
-41.373425 -728.586182 7.855164 21
-46.370586 -729.039978 16.468096 21
-54.313343 -722.946533 19.010864 21
-35.563530 -729.720581 1.605994 21
-48.270576 -727.258179 15.175653 21
-47.411877 -728.048706 14.066182 21
-58.493134 -733.133423 23.060884 21
-42.432453 -727.949951 10.960089 21
-56.109779 -726.248596 19.028522 21
-58.951107 -727.415588 28.141460 21
-42.440525 -727.757263 12.008764 21
-59.613411 -724.238403 20.987549 21
-40.543049 -729.889038 7.611522 21
-62.809917 -726.331665 29.588427 21
-51.907368 -723.740356 18.115606 21
-37.999638 -729.967590 6.778866 21
-57.878952 -726.533691 25.676567 21
-36.362232 -730.332703 3.152511 21
-56.408680 -724.327026 18.805489 21
-39.402588 -730.205139 9.756326 21
-59.210560 -725.020203 20.163340 21
-35.128883 -729.240601 -0.051254 21
-40.282867 -728.076965 7.672292 21
-37.781239 -728.941406 1.673773 21
-37.821445 -728.606384 -0.377436 21
-40.768978 -728.821472 10.551333 21
-40.808277 -728.144958 9.345794 21
-56.652767 -732.293091 19.603832 21
-38.314060 -730.716003 5.996520 21
-46.545719 -729.274780 12.709090 21
-61.304855 -725.587402 28.700157 21
-46.452175 -727.232971 14.318146 21
-51.647228 -733.555969 20.479727 21
-58.536095 -728.932678 26.122305 21
-59.700691 -724.170532 21.752726 21
-46.935822 -729.757568 13.291504 21
-40.610825 -728.109375 10.459745 21
-38.293648 -730.720764 7.042986 21
-38.926888 -729.213013 4.888064 21
-38.372036 -729.938599 6.390267 21
-58.810719 -722.723145 21.401230 21
-43.150028 -728.738770 13.283627 21
-45.139156 -726.399719 15.590236 21
-36.037609 -730.985901 1.417395 21
-37.042042 -727.913391 3.006306 21
-49.469936 -723.194519 17.613384 21
-46.585659 -728.229126 13.168002 21
-39.048615 -727.732971 6.671210 21
-55.699989 -729.584106 24.473389 21
-58.260624 -725.002930 19.507328 21
-61.140507 -724.927917 23.997606 21
-44.262455 -729.674011 11.187096 21
-55.265270 -729.157349 18.629951 21
-59.372471 -722.956116 21.887730 21
-41.979153 -731.396179 10.247555 21
-47.823524 -728.437195 18.169844 21
-55.011742 -725.902344 18.514935 21
-51.487087 -724.498413 17.940273 21
-49.002373 -732.955383 19.207197 21
-56.560818 -733.914917 23.003153 21
-38.143230 -727.788574 5.077930 21
-56.157440 -731.490356 19.167606 21
-53.601768 -725.646545 18.025375 21
-54.183369 -729.349304 23.161890 21
-59.404930 -733.090820 23.319357 21
-52.031353 -727.181946 20.989948 21
-55.193085 -723.797302 18.627407 21
-57.553677 -726.718201 27.345459 21
-48.630116 -727.672546 18.675741 21
-50.262318 -727.633179 20.409878 21
-44.199429 -727.477783 14.582162 21
-51.263630 -729.986267 17.105059 21
-55.927704 -721.755188 19.678591 21
-52.511490 -722.914001 18.472147 21
-43.615574 -727.234436 14.145795 21
-36.488499 -728.126282 3.820474 21
-63.931427 -726.050110 31.194904 21
-43.546787 -730.051270 14.679059 21
-56.937874 -724.913635 18.898754 21
-38.674129 -729.988281 7.219517 21
-53.925316 -733.036865 20.344027 21
-62.079258 -729.530029 21.154261 21
-39.074162 -727.858337 5.679788 21
-38.934685 -729.677124 7.901105 21
-35.932446 -730.702637 2.925210 21
-63.089710 -727.158569 22.840715 21
-58.114273 -732.538391 21.453791 21
-51.125015 -726.325317 17.059652 21
-58.740055 -725.632935 19.987356 21
-43.760071 -727.267578 13.598817 21
-39.524071 -730.122253 8.182351 21
-56.432621 -722.299255 20.061924 21
-37.542168 -731.101135 -0.648413 21
-46.563324 -732.430664 18.672632 21
-56.838898 -722.481201 20.500597 21
-51.313282 -727.382324 19.871908 21
-47.148949 -729.169800 16.917551 21
-61.475914 -725.818726 24.780140 21
-39.917824 -730.519043 8.648803 21
-57.512486 -733.394165 22.661976 21
-57.458817 -725.697754 19.397497 21
-37.639614 -728.306091 2.076074 21
-55.086555 -733.457275 21.425768 21
-38.059464 -729.154724 -2.520414 21
-61.387390 -730.815125 21.254763 21
-40.602802 -728.240051 8.318834 21
-62.876698 -724.510254 29.401529 21
-65.837891 -726.509155 31.615131 21
-50.430428 -729.911072 16.553076 21
-54.243347 -728.812927 22.571447 21
-38.093334 -730.500610 4.935075 21
-42.443195 -728.321594 9.576025 21
-54.483494 -722.097229 19.278549 21
-55.801842 -732.635742 19.965466 21
-49.865032 -724.197632 17.750874 21
-37.934322 -728.692261 0.634465 21
-44.417553 -730.648010 15.689545 21
-46.837894 -726.400635 15.518579 21
-50.810604 -722.780457 17.999830 21
-39.776924 -729.129639 9.104148 21
-59.650070 -726.920959 21.481329 21
-52.236271 -733.494507 20.546619 21
-36.672688 -731.126282 -0.356701 21
-44.509602 -726.858337 15.923734 21
-35.627926 -728.755798 3.818845 21
-61.831612 -725.474731 28.839382 21
-36.471294 -731.047607 3.606400 21
-45.972866 -726.476440 15.029631 21
-53.689114 -728.693726 17.433735 21
-43.240631 -727.370667 13.296281 21
-62.359821 -726.354919 22.996525 21
-61.410973 -726.909180 28.626799 21
-38.436794 -728.431030 3.564951 21
-46.443047 -726.067200 15.760973 21
-62.502338 -726.356018 30.672071 21
-52.398510 -730.644104 18.231821 21
-36.069672 -731.261963 -2.756082 21
-51.278263 -729.595398 16.026810 21
-39.885006 -731.015015 9.225929 21
-57.948265 -726.049683 26.780598 21
-62.510406 -725.251038 28.523832 21
-46.048042 -727.537048 13.529115 21
-51.610985 -725.811768 17.465878 21
-42.962448 -727.712036 13.539150 21
-59.918037 -726.251648 29.179131 21
-43.143234 -728.333008 10.285343 21
-62.240192 -726.133850 24.665508 21
-50.190235 -727.598572 18.495462 21
-55.896194 -722.877258 19.405890 21
-56.581497 -725.914856 19.111155 21
-55.730244 -729.457336 19.149572 21
-38.860504 -728.254944 5.312604 21
-52.497849 -728.330322 22.393995 21
-39.702320 -729.446045 9.509597 21
-56.675179 -728.093201 26.071377 21
-41.284691 -728.680786 11.941562 21
-51.190216 -728.769470 21.244013 21
-35.618610 -730.795959 -0.923899 21
-37.799282 -729.478943 1.464982 21
-37.258434 -730.750610 2.781227 21
-53.291534 -723.449158 18.588560 21
-41.481392 -729.549866 8.262435 21
-39.204304 -727.823730 7.611320 21
-60.528679 -726.123108 22.466066 21
-48.655586 -730.423584 15.788613 21
-37.014729 -727.943054 1.564254 21
-57.517693 -727.188110 19.896259 21
-36.214790 -728.056519 1.278332 21
-35.634842 -730.073792 2.588804 21
-56.287819 -732.674133 20.316002 21
-60.201851 -724.948608 21.656519 21
-35.468819 -730.487915 -2.280529 21
-63.045261 -727.156067 24.125214 21
-38.198608 -729.055359 7.575191 21
-58.667362 -732.376831 21.740932 21
-61.811909 -730.230652 23.274658 21
-60.796310 -725.146240 24.634972 21
-50.919079 -723.675049 17.968920 21
-55.451683 -733.032837 20.888882 21
-61.393082 -730.586243 22.698208 21
-45.270481 -727.813965 14.805103 21
-63.287582 -724.399658 30.348135 21
-41.574429 -730.767456 10.855889 21
-61.067677 -725.516296 29.175451 21
-57.890785 -732.974609 22.147558 21
-35.822800 -728.568237 2.500536 21
-35.686817 -728.670471 1.437890 21
-58.136730 -727.061096 25.770193 21
-42.415749 -727.986023 12.967900 21
-49.562653 -727.901917 20.323753 21
-37.031418 -730.393799 4.793179 21
-53.273003 -727.383850 21.100668 21
-39.486378 -730.319824 5.761049 21
-36.665081 -728.018677 0.376144 21
-39.508472 -728.498596 5.922431 21
-57.142155 -732.605774 20.580914 21
-47.427376 -728.415405 13.774063 21
-59.465660 -731.799866 20.367523 21
-49.039570 -731.704895 17.128325 21
-53.384495 -727.180664 23.570539 21
-42.209846 -728.172913 12.382145 21
-45.361507 -731.516541 17.543436 21
-64.211685 -726.368164 31.434093 21
-51.085712 -733.282654 20.027380 21
-52.006638 -727.128357 17.131929 21
-57.342365 -726.437256 26.830008 21
-35.682640 -730.461548 1.568158 21
-36.586727 -728.873962 5.888723 21
-43.035152 -729.553711 14.093520 21
-56.820244 -733.160095 21.287212 21
-41.849445 -730.611694 11.212940 21
-48.450943 -729.828796 15.214828 21
-42.735649 -728.136292 13.319584 21
-59.982574 -726.393616 21.914793 21
-62.915661 -726.628113 24.056261 21
-36.412434 -730.326538 3.700891 21
-43.044353 -732.429871 10.555729 21
-41.727173 -728.099609 9.626106 21
-35.433334 -729.177002 3.362566 21
-45.446423 -729.468933 15.024775 21
-41.553291 -728.609253 8.378348 21
-36.622211 -728.080383 -0.102487 21
-55.575214 -724.827209 18.491243 21
-50.004322 -730.546448 16.645912 21
-35.515747 -729.926025 0.684607 21
-48.571941 -725.399109 16.837549 21
-48.286434 -731.696533 16.807873 21
-41.019100 -729.033630 7.083006 21
-62.466938 -726.874390 30.043013 21
-58.462444 -722.974060 20.988131 21
-50.488010 -731.624146 17.686920 21
-57.552208 -727.181335 27.396597 21
-38.891960 -729.636963 5.112279 21
-35.940929 -730.556152 0.685055 21
-52.274788 -727.249451 21.953234 21
-36.848785 -731.123047 2.749553 21
-47.389648 -729.288147 13.335255 21
-55.442646 -732.083618 19.179218 21
-41.053776 -729.999695 10.399845 21
-61.636753 -727.025330 22.887297 21
-48.572510 -732.223083 17.571905 21
-36.665131 -728.454651 4.873147 21
-36.289528 -731.133911 3.088557 21
-35.934139 -729.620789 3.902543 21
-59.423271 -732.475586 23.197628 21
-41.092400 -729.290527 10.941439 21
-51.357132 -733.647278 20.868458 21
-43.682308 -728.522400 13.849930 21
-51.505058 -724.015625 17.958242 21
-52.876293 -727.108276 21.617872 21
-39.222755 -728.259033 8.432258 21
-37.072739 -731.006470 0.487640 21
-47.916691 -730.208191 15.179023 21
-60.707912 -724.291687 23.438421 21
-64.629662 -725.163269 31.043846 21
-38.655914 -728.664246 8.189363 21
-56.056519 -725.241943 18.694782 21
-49.188457 -724.397156 17.576757 21
-51.435242 -726.665894 17.104631 21
-37.758095 -728.028320 2.938811 21
-37.234272 -728.305664 -1.135337 21
-61.228848 -725.948853 24.197159 21
-50.573433 -726.753357 16.612257 21
-43.103436 -728.518372 9.686103 21
-36.172562 -731.502808 -0.414610 21
-40.436722 -729.828247 10.511537 21
-63.091938 -725.278809 30.362265 21
-56.861874 -726.474548 26.201771 21
-41.700092 -729.786194 10.909055 21
-51.365879 -728.009827 21.408680 21
-43.708855 -729.602295 10.674869 21
-47.190727 -725.818481 16.148678 21
-57.811264 -724.948792 19.292910 21
-49.672749 -727.578674 19.673494 21
-57.777527 -732.366272 20.352810 21
-44.238506 -729.687073 14.263611 21
-44.901203 -729.094666 14.968818 21
-37.675533 -728.396057 7.206923 21
-54.967888 -730.293579 18.949486 21
-56.851688 -722.962830 19.522625 21
-52.299591 -729.026428 21.420010 21
-62.137501 -726.373718 27.672787 21
-52.771824 -728.407288 17.035393 21
-60.792938 -730.851074 20.507500 21
-40.714184 -729.453552 9.994448 21
-62.407295 -729.601868 23.298859 21
-63.880398 -726.894897 31.420425 21
-62.744576 -728.993713 23.243277 21
-49.672607 -728.752441 19.956568 21
-58.803623 -728.634583 25.852509 21
-44.087154 -726.822083 14.743281 21
-37.123474 -728.862366 6.716394 21
-38.461426 -728.549805 4.177414 21
-60.927444 -725.729065 23.697334 21
-38.489052 -730.237793 5.004407 21
-36.459064 -731.616943 -1.995466 21
-45.333717 -731.223145 17.068369 21
-44.220776 -730.524780 16.084410 21
-42.794514 -727.838257 11.246596 21
-52.861172 -728.994873 22.724859 21
-46.769878 -732.129761 17.823927 21
-46.716259 -726.553528 15.081259 21
-60.197414 -724.040894 23.293156 21
-39.673145 -727.611633 7.658731 21
-47.215206 -730.399597 15.044949 21
-53.353676 -728.632935 22.558010 21
-62.232819 -726.183655 28.846840 21
-36.001545 -730.428894 1.242632 21
-62.484688 -729.507874 22.045660 21
-40.172909 -728.138489 6.486365 21
-51.963165 -726.165283 17.458855 21
-44.492023 -726.894897 14.301554 21
-37.320362 -727.956238 4.148164 21
-53.024075 -723.696228 18.318983 21
-60.831360 -725.593445 23.078815 21
-56.371784 -732.966797 21.179356 21
-46.458061 -728.006775 13.547062 21
-63.717197 -727.220764 30.432627 21
-55.706516 -722.490906 19.552631 21
-37.605396 -728.762634 0.934534 21
-51.926281 -732.018494 18.484312 21
-37.213093 -730.936646 5.200010 21
-57.180191 -722.380005 20.176006 21
-39.931183 -727.950439 7.937018 21
-37.457878 -729.254578 6.874879 21
-62.798985 -724.488892 28.789103 21
-57.962025 -727.126038 20.251530 21
-52.803379 -727.064941 22.812181 21
-57.909657 -725.835571 19.677885 21
-54.685566 -724.509277 18.354214 21
-46.634972 -727.687805 15.894208 21
-52.615479 -725.733032 17.758165 21
-43.738926 -727.530762 12.563771 21
-56.252361 -726.636841 19.228762 21
-35.828278 -731.118225 -2.064100 21
-53.184677 -725.364319 17.989569 21
-43.714581 -728.788452 10.438738 21
-48.924961 -727.856018 14.988220 21
-61.827984 -727.029846 27.140707 21
-38.116814 -729.667908 7.522202 21
-39.451775 -730.059570 9.307831 21
-45.487698 -728.334412 12.167147 21
-54.465630 -728.542053 17.969641 21
-51.097054 -731.908081 18.144527 21
-59.881378 -725.210876 20.899836 21
-60.634308 -725.709595 29.210020 21
-54.630562 -728.102722 24.177319 21
-52.931984 -724.275574 18.226332 21
-54.586258 -733.789795 22.169752 21
-43.780140 -727.356995 13.051505 21
-37.892216 -729.371643 2.386640 21
-53.615849 -734.003418 21.970984 21
-55.929466 -728.989624 23.800953 21
-39.031090 -730.117432 5.941552 21
-58.966393 -732.062378 20.416746 21
-49.495903 -728.576538 20.432823 21
-59.768055 -731.915527 21.765612 21
-40.367580 -728.350952 10.052721 21
-35.704350 -728.424377 1.052764 21
-55.148895 -721.558716 19.221840 21
-47.834705 -729.391968 13.690941 21
-42.245243 -731.286682 10.603963 21
-62.892860 -725.898315 23.604023 21
-50.189522 -727.696533 20.945642 21
-46.031460 -726.183594 15.626600 21
-59.174015 -728.964661 25.862860 21
-59.222069 -732.170410 22.229734 21
-37.911736 -728.735901 -1.418777 21
-49.930618 -728.240356 15.444602 21
-43.814484 -727.199585 15.342456 21
-59.846649 -731.786499 23.405979 21
-41.472847 -731.977844 10.998857 21
-55.446144 -726.468384 18.784883 21
-43.855408 -730.111023 15.222323 21
-47.883495 -726.581909 15.624706 21
-38.132141 -728.802063 3.423005 21
-56.989281 -726.015686 19.381046 21
-37.885635 -730.827393 5.876485 21
-52.989143 -721.910339 18.820024 21
-57.870228 -726.314819 19.967342 21
-58.145126 -727.315125 27.772570 21
-38.198532 -729.431763 -1.753804 21
-63.858059 -724.117249 30.625416 21
-37.698311 -729.951965 7.106279 21
-48.251205 -732.572327 18.411539 21
-42.890205 -728.940430 9.580203 21
-38.125690 -729.859863 -1.188440 21
-58.071545 -722.593750 21.332277 21
-53.466267 -726.068054 17.996595 21
-45.238499 -727.905273 12.666788 21
-55.508896 -724.343323 18.533640 21
-37.937939 -727.773682 4.027752 21
-62.537292 -725.871948 27.862499 21
-41.752754 -728.079163 12.414165 21
-61.991856 -725.699463 30.389717 21
-52.928082 -726.268921 17.822210 21
-53.149559 -730.178467 18.222960 21
-49.923523 -727.421753 19.275846 21
-54.232529 -726.803223 23.586020 21
-58.706249 -723.792114 20.507704 21
-46.339443 -725.711731 16.531548 21
-58.635406 -731.927673 19.946293 21
-55.611099 -727.649841 19.242268 21
-51.219315 -728.824951 21.752296 21
-46.700279 -728.302002 17.065891 21
-38.012943 -730.031372 3.557543 21
-37.448086 -728.161011 0.241448 21
-64.800659 -726.726929 31.632442 21
-48.435493 -723.911804 17.434824 21
-48.686317 -726.548096 15.977108 21
-56.526913 -727.613403 19.625851 21
-50.152454 -728.156738 20.341141 21
-46.184788 -732.195129 18.404938 21
-39.127178 -727.791321 8.046043 21
-41.596405 -731.578247 9.461754 21
-57.112095 -732.390137 19.888226 21
-35.618858 -730.795593 -1.445214 21
-60.791542 -724.802002 23.700211 21
-49.235748 -725.433105 16.888859 21
-49.783848 -727.494751 18.834658 21
-40.192196 -728.472900 7.493704 21
-58.225887 -726.681030 27.946259 21
-60.234837 -725.548584 21.696636 21
-45.844315 -727.988464 12.888000 21
-46.331673 -728.178223 16.440210 21
-61.534847 -726.562378 27.247026 21
-35.500706 -729.485168 -0.111715 21
-49.487206 -732.954590 19.177015 21
-57.578842 -732.556091 20.860916 21
-36.714733 -730.609741 3.154716 21
-44.827518 -728.111694 14.739073 21
-57.677505 -723.654541 19.662760 21
-49.075695 -726.239624 16.328096 21
-55.631088 -729.967285 19.391363 21
-53.171474 -722.453003 18.846922 21
-61.758076 -726.921143 29.922365 21
-48.512367 -725.841736 16.567495 21
-46.223083 -725.374512 17.154646 21
-49.325611 -725.865784 16.709820 21
-35.800964 -731.148682 -0.032404 21
-60.561623 -725.173096 22.503498 21
-40.717434 -731.420654 10.264641 21
-52.312397 -722.113953 18.526609 21
-57.408173 -726.530212 19.799463 21
-50.087582 -731.070923 17.132915 21
-48.622379 -727.980896 19.080502 21
-44.848232 -730.920166 15.989570 21
-54.636852 -729.310120 23.262794 21
-48.097088 -732.967224 19.294897 21
-35.470737 -729.121216 -0.532082 21
-35.447395 -730.300110 0.904348 21
-35.763058 -730.470703 0.138883 21
-53.697498 -728.089294 17.830460 21
-53.901943 -724.841370 18.170649 21
-40.190952 -728.888062 9.886259 21
-45.258850 -727.419556 13.292427 21
-52.085354 -729.033813 22.138058 21
-51.206646 -727.594971 19.269257 21
-36.486572 -728.853027 4.859889 21
-38.593605 -728.364685 4.620647 21
-49.546612 -727.678162 17.678680 21
-50.929688 -725.132202 17.552540 21
-47.790276 -723.820068 17.409939 21
-51.780102 -722.449097 18.265991 21
-45.001095 -728.583496 15.279818 21
-58.669628 -733.483887 23.240662 21
-56.734787 -726.706116 19.520241 21
-55.286224 -721.893555 19.500238 21
-51.192490 -727.123230 16.698261 21
-51.057320 -723.282532 18.067122 21
-47.741467 -725.547852 16.611517 21
-35.205158 -728.995117 1.094094 21
-40.140846 -728.056396 7.148674 21
-39.263367 -730.438110 7.838305 21
-37.566734 -729.380615 7.702118 21
-52.417473 -727.060120 17.379395 21
-39.267849 -729.864685 8.939932 21
-42.524090 -729.046326 12.658918 21
-47.136776 -728.923462 13.140770 21
-41.790607 -729.090088 8.510830 21
-37.251751 -727.866150 3.398614 21
-51.365814 -728.586060 16.048481 21
-49.385891 -732.538269 18.438160 21
-38.583439 -728.114502 7.404901 21
-54.036049 -729.783264 18.475740 21
-40.465424 -730.222595 10.299564 21
-43.515903 -727.870117 12.986144 21
-62.222633 -725.110718 29.463043 21
-58.956379 -732.659302 22.672928 21
-44.475365 -727.470642 13.021942 21
-58.171413 -723.552856 19.867121 21
-47.052750 -727.874146 16.914364 21
-41.244816 -731.117737 9.630397 21
-35.587105 -729.201172 0.678513 21
-55.945164 -726.892578 25.869658 21
-54.154942 -723.583313 18.624527 21
-62.201279 -730.004211 21.807297 21
-45.426956 -728.216003 15.538652 21
-41.085144 -730.472534 10.913239 21
-36.034035 -728.534241 4.533962 21
-56.095966 -729.198486 19.125662 21
-50.661606 -732.652283 18.938375 21
-50.798141 -730.396851 17.032558 21
-50.622330 -731.919739 17.971901 21
-45.227077 -730.977844 16.739113 21
-46.931225 -732.336853 18.453796 21
-40.066605 -731.122314 8.527810 21
-58.409851 -726.946960 20.557775 21
-58.225990 -732.100281 19.955557 21
-37.365856 -730.500732 2.081909 21
-50.158756 -728.767639 15.312428 21
-41.706570 -729.195801 11.794192 21
-48.133072 -728.370300 18.471910 21
-38.494789 -730.355103 7.510192 21
-55.993916 -728.247375 25.499090 21
-46.462646 -728.740295 16.817131 21
-48.219597 -729.807922 14.275889 21
-54.634033 -721.707458 19.161446 21
-36.550278 -731.193909 1.198083 21
-54.504105 -729.700989 18.675390 21
-56.635674 -725.447571 18.972710 21
-60.577072 -726.737488 29.549551 21
-60.275898 -725.687805 28.677670 21
-54.882313 -729.556702 23.987043 21
-53.776237 -722.080872 18.994862 21
-45.511734 -726.154968 16.324492 21
-60.478237 -724.570862 24.064257 21
-48.529449 -723.371033 17.451159 21
-37.363720 -730.916504 0.821082 21
-38.034794 -727.810608 5.501417 21
-49.246559 -723.620361 17.642878 21
-59.759480 -724.400391 21.359972 21
-47.369732 -726.060791 15.821383 21
-57.158222 -724.069214 19.128824 21
-48.287693 -724.660828 17.404692 21
-51.733212 -727.520386 19.846436 21
-64.694412 -725.631470 31.162779 21
-36.037891 -728.887329 4.827457 21
-36.325733 -728.018677 2.617267 21
-40.473820 -731.116272 8.694397 21
-56.307266 -728.954224 24.198471 21
-37.675854 -727.977966 3.365091 21
-61.792728 -730.295532 23.712626 21
-37.965416 -730.616943 6.725762 21
-60.413944 -724.377991 23.151510 21
-61.306496 -726.477112 24.121635 21
-36.954121 -730.316284 5.900009 21
-54.042061 -733.615845 21.358368 21
-42.100830 -728.510986 12.128300 21
-55.464890 -727.802612 25.240961 21
-50.524529 -728.900452 20.668224 21
-59.447468 -726.320374 28.831459 21
-42.702816 -729.227478 13.386861 21
-53.496849 -728.103333 23.556725 21
-50.995525 -729.135620 21.012733 21
-36.050274 -729.813232 3.528319 21
-55.669888 -723.575073 18.890720 21
-44.018127 -730.157349 14.792345 21
-37.309826 -728.446045 6.764146 21
-52.567638 -731.923584 18.595644 21
-38.700363 -730.523743 6.078753 21
-49.105030 -729.927856 15.003521 21
-59.730408 -731.875183 20.927307 21
-55.785645 -725.674133 18.753099 21
-54.156460 -729.585388 23.602461 21
-54.267303 -728.243286 23.630205 21
-55.220196 -729.476624 18.910709 21
-58.985264 -726.266724 20.591087 21
-40.097904 -730.590454 9.888968 21
-45.590298 -726.017395 16.722376 21
-37.720181 -730.375977 3.553159 21
-63.335541 -724.145935 29.979223 21
-37.555748 -727.927917 5.765622 21
-54.970043 -729.898560 18.845873 21
-51.994495 -727.773010 19.440434 21
-47.428062 -724.477173 17.432922 21
-57.938831 -732.852478 21.653023 21
-60.022507 -731.712830 21.498980 21
-62.880932 -726.919189 30.188732 21
-59.059204 -728.084412 26.050711 21
-40.727108 -730.585266 10.513656 21
-35.708473 -731.196899 -1.018046 21
-62.088047 -726.371094 29.221542 21
-61.798973 -726.130737 24.739357 21
-47.470940 -725.048462 17.150303 21
-49.901501 -728.638672 20.317528 21
-60.023773 -727.362122 28.101931 21
-43.436253 -729.760437 14.287500 21
-43.302757 -727.923584 13.906860 21
-53.453693 -730.844666 18.472979 21
-55.963196 -727.704590 25.918373 21
-44.172287 -726.942200 15.165124 21
-63.031013 -723.985596 29.480333 21
-36.049221 -730.370972 3.459832 21
-42.843945 -729.524841 9.745503 21
-64.129730 -727.066589 31.077478 21
-46.292622 -732.014465 17.998831 21
-52.499172 -723.538086 18.392754 21
-42.382660 -730.967957 10.894589 21
-45.632530 -727.108521 14.012861 21
-58.526089 -732.267822 20.696993 21
-38.067635 -728.127625 6.935024 21
-56.813320 -727.225769 19.507702 21
-35.658623 -728.732544 0.508935 21
-36.518341 -730.707642 4.518039 21
-37.397587 -730.974731 0.131807 21
-51.616894 -732.847900 19.378952 21
-36.093731 -730.906677 -0.841492 21
-37.871098 -730.711975 5.233596 21
-55.307495 -731.679810 18.930029 21
-37.564377 -730.765015 2.504914 21
-46.522808 -725.029602 17.082775 21
-61.697849 -730.409790 22.328270 21
-41.563423 -731.258179 10.933588 21
-55.237320 -729.358276 23.817904 21
-47.015278 -728.505493 17.444973 21
-57.811577 -733.410034 22.985346 21
-46.102573 -731.719360 17.175192 21
-45.937691 -727.968689 15.739954 21
-62.488995 -729.412720 22.456032 21
-46.365551 -728.499084 12.915920 21
-57.240746 -732.760864 21.309734 21
-54.653263 -728.321472 23.396513 21
-40.430267 -728.154785 6.818496 21
-46.659222 -728.893616 12.815055 21
-38.054474 -729.100220 0.045523 21
-36.232513 -728.822876 4.285972 21
-52.326283 -725.016785 17.887043 21
-61.081059 -730.660828 24.034611 21
-50.707726 -728.295959 20.855335 21
-50.967411 -727.834290 16.307720 21
-56.322151 -727.303101 26.343100 21
-47.767330 -729.085022 17.606602 21
-59.092560 -733.367126 23.251789 21
-57.305431 -727.942078 26.758768 21
-38.731316 -728.914734 8.798272 21
-55.413902 -733.250488 21.275370 21
-37.736320 -730.914368 3.719450 21
-42.120495 -729.809265 12.065948 21
-48.082542 -729.181458 17.895700 21
-44.410603 -729.287231 14.248479 21
-56.170834 -729.532593 24.684078 21
-41.909809 -730.984375 11.014649 21
-57.107121 -733.271179 22.051050 21
-54.221554 -728.756226 23.176886 21
-40.508564 -730.994507 9.881706 21
-55.270267 -725.581665 18.527500 21
-41.111008 -728.277344 8.888429 21
-58.615765 -726.735474 28.216187 21
-41.278877 -728.549622 11.306005 21
-55.035534 -727.247253 18.605934 21
-41.632946 -727.998230 11.515206 21
-62.498550 -728.964172 24.012533 21
-37.001949 -728.093445 -0.371137 21
-47.938297 -730.499817 15.540283 21
-40.954453 -728.508789 7.824343 21
-59.231617 -732.226929 23.679039 21
-49.107037 -728.672424 19.545813 21
-35.352852 -729.110657 2.177189 21
-52.635715 -733.086792 20.008961 21
-53.821148 -727.725342 23.944658 21
-63.511673 -726.956482 31.224215 21
-49.362202 -728.521851 14.953395 21
-62.565197 -726.402405 23.405861 21
-41.487232 -730.894836 10.476452 21
-45.821415 -726.838318 14.471495 21
-57.907177 -722.750793 20.597919 21
-49.996605 -727.618469 18.093821 21
-37.059677 -731.346375 -1.114412 21
-52.745720 -727.203735 22.435207 21
-62.412975 -728.868103 21.305750 21
-57.218956 -727.362854 27.070745 21
-57.765732 -724.113831 19.433578 21
-36.911724 -729.865417 6.183856 21
-60.720783 -731.285034 22.516085 21
-58.835838 -725.848877 27.421116 21
-59.485954 -725.518311 20.528044 21
-52.087379 -727.695068 17.032635 21
-47.786007 -728.623047 13.808970 21
-51.168957 -728.846680 15.796259 21
-45.197620 -728.473083 11.757793 21
-54.737164 -733.032349 20.636141 21
-39.612244 -728.774475 5.301699 21
-50.645271 -727.423401 19.304365 21
-51.687279 -723.385376 18.288822 21
-47.185051 -727.637207 14.142983 21
-57.911610 -727.211426 25.446545 21
-61.048214 -727.177612 29.324160 21
-53.590748 -729.107910 22.416378 21
-51.016346 -725.965515 17.210421 21
-39.935661 -727.585693 7.222140 21
-49.896881 -723.794250 17.718222 21
-60.134815 -731.164429 20.132067 21
-50.187565 -733.868286 20.573853 21
-51.933163 -727.303101 20.618198 21
-58.046791 -722.827209 20.988869 21
-53.481014 -726.897461 22.739964 21
-55.188026 -727.082336 25.319183 21
-48.743420 -730.679260 16.087889 21
-50.461250 -726.383728 16.771679 21
-55.538616 -727.071960 18.912037 21
-59.685139 -726.031250 21.059124 21
-44.392963 -727.710449 12.342948 21
-53.724712 -724.192078 18.340136 21
-36.215977 -731.454651 -1.071350 21
-38.859047 -728.579651 4.901493 21
-55.469543 -723.150024 19.128452 21
-61.409374 -726.411011 28.485228 21
-58.302574 -732.880920 22.267561 21
-35.616863 -729.377197 2.027325 21
-42.423817 -731.595825 10.808779 21
-36.486450 -730.054382 4.338014 21
-59.655750 -732.208618 22.769812 21
-63.127846 -723.845764 30.274918 21
-55.994667 -724.173950 18.689491 21
-42.192337 -732.546570 10.616363 21
-57.484959 -722.331482 20.937460 21
-45.479866 -731.187073 16.285788 21
-40.242397 -728.968201 6.755394 21
-50.860226 -733.105469 19.639839 21
-49.388340 -726.920715 15.931276 21
-36.562878 -730.462402 5.006237 21
-57.412827 -723.147522 19.995277 21
-35.320431 -728.924316 2.931083 21
-38.697365 -727.841919 5.838965 21
-50.638084 -723.981934 17.934990 21
-54.567348 -732.630493 19.761040 21
-50.886166 -724.482483 17.735903 21
-42.398178 -732.754211 10.960671 21
-54.576118 -726.936340 24.209211 21
-49.663265 -730.196655 16.211954 21
-39.728462 -729.673645 6.250195 21
-46.683842 -727.846436 16.257160 21
-62.964649 -725.873596 30.953018 21
-49.725880 -731.254700 17.073736 21
-60.494286 -724.806030 22.330193 21
-35.524303 -730.727417 -0.535289 21
-44.617043 -730.791565 16.303602 21
-46.934509 -725.088989 17.548594 21
-62.451893 -725.236084 30.085905 21
-44.189934 -728.332031 11.030697 21
-54.581436 -733.270081 20.925982 21
-58.439434 -727.831787 25.783009 21
-57.164795 -727.410767 19.941765 21
-51.313957 -727.295776 20.781775 21
-59.200916 -723.314575 21.907757 21
-61.722630 -730.576416 21.921431 21
-44.704056 -727.606079 13.897234 21
-51.419365 -731.330688 17.920807 21
-59.473846 -726.908447 28.821774 21
-52.319115 -730.065063 17.814877 21
-56.310074 -733.444031 21.906118 21
-54.843136 -723.575012 18.706274 21
-58.863628 -726.133789 28.161489 21
-36.673031 -731.475159 -1.587138 21
-62.041462 -729.989136 22.591133 21
-35.598122 -729.683594 -1.592252 21
-42.020561 -731.900757 10.141733 21
-58.978588 -732.144836 21.081381 21
-51.627068 -727.855713 19.082415 21
-45.778633 -728.953003 12.073105 21
-37.516113 -727.544922 4.942899 21
-61.151619 -730.866882 20.935921 21
-39.546482 -730.586182 9.064188 21
-53.200443 -727.514160 23.423357 21
-40.970333 -730.871765 10.318808 21
-49.582390 -729.051880 19.656736 21
-41.977169 -729.930725 11.646029 21
-48.736343 -732.989319 18.830393 21
-55.654175 -722.075623 19.646229 21
-49.311466 -727.488159 18.359646 21
-43.815807 -727.903076 13.887309 21
-41.429859 -729.781067 8.571714 21
-47.518650 -728.526611 17.936722 21
-51.551228 -729.060669 21.551931 21
-54.991306 -733.712585 22.178902 21
-35.806149 -729.222107 3.004365 21
-49.914818 -725.429993 17.201988 21
-52.459614 -729.018372 16.558838 21
-37.159920 -731.198853 -0.170320 21
-53.770271 -723.677246 18.536953 21
-46.213684 -725.248474 16.760040 21
-42.789852 -732.040405 10.461187 21
-37.962357 -728.978271 7.899264 21
-56.771919 -722.561462 20.093630 21
-54.345539 -725.682312 18.262892 21
-47.732224 -727.533081 17.043898 21
-63.987137 -727.402161 30.833427 21
-57.336880 -725.378540 19.197071 21
-52.717247 -729.095520 22.240665 21
-39.138210 -730.223572 8.472008 21
-58.171421 -726.170715 27.256220 21
-56.273026 -727.405029 19.279091 21
-41.066502 -728.019653 10.163587 21
-38.841377 -730.457153 5.652487 21
-58.897236 -725.274170 20.092072 21
-58.706848 -723.226562 21.255474 21
-63.409298 -726.590759 23.536150 21
-53.084797 -729.234558 17.135286 21
-58.714943 -727.275391 27.851343 21
-47.646732 -729.826599 14.792941 21
-51.933372 -728.119263 16.668125 21
-60.049587 -731.749573 22.304880 21
-53.715179 -722.950806 18.850550 21
-60.600346 -731.164734 23.831951 21
-47.058590 -727.763733 16.512102 21
-49.217052 -727.717529 19.432789 21
-41.540127 -732.126099 10.576068 21
-45.114216 -726.816040 15.790525 21
-53.305004 -724.854675 18.103544 21
-40.501606 -728.451416 6.526506 21
-53.657475 -727.284973 23.831095 21
-36.068962 -729.355347 4.193265 21
-39.751991 -728.519592 9.023099 21
-35.763599 -729.819519 -2.558880 21
-42.027489 -732.291870 10.881081 21
-52.362610 -733.753601 21.163368 21
-37.724968 -728.745117 1.339442 21
-41.454803 -727.962952 10.219285 21
-37.472179 -727.994507 2.268877 21
-37.346073 -730.040833 6.552465 21
-44.565357 -726.817566 15.420811 21
-40.398571 -727.999756 9.727891 21
-48.791061 -733.360229 19.831034 21
-60.091438 -727.411499 26.493320 21
-46.921837 -725.355957 16.946314 21
-55.721050 -728.687073 23.650373 21
-63.496132 -724.336731 31.030415 21
-48.844379 -727.440552 18.300585 21
-53.227211 -733.685852 21.400497 21
-36.198036 -730.286621 4.144212 21
-41.272636 -730.947144 11.546832 21
-41.536179 -727.992432 10.827378 21
-52.365932 -732.603943 19.208944 21
-62.940002 -727.208008 22.114292 21
-54.345112 -732.900208 20.249561 21
-36.597527 -729.943298 4.707053 21
-61.104061 -726.427979 29.837593 21
-61.132320 -725.251343 24.463430 21
-61.862579 -725.392700 30.129807 21
-38.703270 -727.581238 6.801921 21
-63.116051 -727.107849 29.928923 21
-46.915436 -728.480713 13.286227 21
-57.898117 -732.506897 21.090792 21
-42.769958 -730.067871 12.680435 21
-52.912014 -729.383240 22.811293 21
-36.827656 -731.199097 1.981206 21
-41.096161 -731.113586 9.267739 21
-60.168102 -726.762451 29.314327 21
-62.748283 -728.924255 22.529619 21
-40.380947 -729.381897 6.930253 21
-35.757732 -731.059814 -2.912104 21
-50.491062 -728.704956 21.372684 21
-45.919254 -728.725586 16.270700 21
-43.982479 -727.187073 13.943406 21
-50.258659 -723.234619 17.874149 21
-37.375992 -730.744019 3.673139 21
-57.071983 -723.523010 19.405958 21
-44.422062 -728.549072 14.665581 21
-64.266243 -726.979248 31.675358 21
-37.479637 -730.290710 1.323260 21
-42.720432 -732.471924 10.113455 21
-40.008755 -730.092346 6.960031 21
-40.941330 -728.051147 10.900037 21
-56.748718 -732.689697 20.638439 21
-49.678680 -727.913635 19.938145 21
-58.401157 -733.259399 23.410990 21
-53.970490 -729.000305 22.227884 21
-50.776489 -733.496948 20.251600 21
-60.514519 -731.417297 21.963722 21
-35.562767 -729.187439 1.157375 21
-40.939358 -729.599915 10.282570 21
-63.822704 -725.378357 30.746796 21
-53.526321 -726.860413 17.991064 21
-40.765659 -729.548035 7.600669 21
-52.826595 -727.163452 17.586151 21
-46.695572 -727.511658 13.985685 21
-64.576927 -725.353577 31.400038 21
-55.353004 -728.128235 24.585386 21
-43.703281 -727.351807 14.509183 21
-50.252190 -726.903992 16.374933 21
-59.772530 -723.618774 22.202637 21
-41.893822 -728.771973 8.275594 21
-36.880604 -730.047241 5.203294 21
-47.318851 -732.500977 18.764675 21
-48.062824 -725.267151 16.924974 21
-60.249706 -728.240967 26.503477 21
-43.943127 -728.610535 14.152065 21
-51.538921 -727.578735 22.146980 21
-43.156845 -727.727661 12.071623 21
-63.204773 -727.674622 23.634430 21
-36.319523 -728.795471 5.276631 21
-63.300785 -726.390076 23.190481 21
-52.313923 -729.360291 22.100349 21
-44.471245 -726.798523 14.750258 21
-40.804821 -730.363159 10.197297 21
-54.160141 -722.306396 19.162874 21
-52.378967 -724.197998 18.159981 21
-61.507092 -730.514099 23.056129 21
-42.471294 -729.248657 13.047957 21
-46.068398 -729.851807 12.862709 21
-36.856049 -728.907837 6.402689 21
-58.020958 -723.340088 20.347105 21
-42.032639 -727.926575 11.625731 21
-42.735836 -729.658936 13.374244 21
-37.808529 -729.767090 2.236838 21
-37.248993 -727.822510 4.949792 21
-51.574043 -727.329041 21.393871 21
-36.659721 -730.407593 3.995937 21
-45.904076 -726.231201 16.303926 21
-59.993813 -726.159729 21.591547 21
-49.771427 -732.122559 17.903826 21
-47.169479 -727.741943 17.257530 21
-38.971371 -728.411499 8.029415 21
-61.577618 -726.583801 27.626181 21
-49.406605 -730.889404 16.612236 21
-61.827003 -725.310547 29.468504 21
-55.261703 -732.552856 19.737734 21
-42.821495 -729.789429 12.322916 21
-35.848358 -728.559875 4.075076 21
-51.864689 -733.864990 21.238237 21
-53.195942 -733.409546 20.678097 21
-51.528481 -725.013367 17.758156 21
-53.099266 -727.091675 21.948837 21
-51.013885 -727.326111 20.118925 21
-61.481979 -726.010437 28.804388 21
-52.085644 -730.914185 18.001526 21
-43.034801 -728.103333 13.586234 21
-59.951900 -723.871399 22.591137 21
-44.017078 -728.028015 11.643931 21
-58.438416 -722.565796 21.221756 21
-51.466053 -727.434387 16.769058 21
-54.768402 -732.245667 19.253298 21
-52.542938 -731.485046 18.430588 21
-57.929241 -728.086243 25.375801 21
-35.488564 -728.591370 0.199343 21
-60.050064 -724.238708 21.909565 21
-50.609886 -725.771240 17.146671 21
-62.624401 -728.797180 23.693535 21
-63.137676 -726.878174 30.618156 21
-61.820950 -726.592590 30.075327 21
-57.247768 -724.543091 19.026243 21
-36.821831 -728.540222 5.262362 21
-51.715408 -728.306396 16.406328 21
-51.893730 -727.319763 22.057821 21
-53.965954 -731.398560 18.714918 21
-49.039425 -727.595032 17.494526 21
-36.370964 -728.149048 3.441449 21
-36.552582 -729.135132 5.132626 21
-55.460365 -728.734070 23.290255 21
-50.787037 -728.074219 16.016287 21
-58.984104 -723.048218 21.623734 21
-62.804562 -728.106567 24.070749 21
-35.654099 -728.962158 1.974408 21
-43.351055 -729.782959 13.845293 21
-48.691223 -727.217529 15.415607 21
-49.081696 -729.210815 14.422947 21
-47.921051 -727.636230 17.377289 21
-59.856766 -728.119873 26.488483 21
-46.418076 -727.016235 14.630430 21
-47.733109 -732.665100 18.383423 21
-59.218586 -725.947876 28.148451 21
-51.915016 -731.632324 18.231920 21
-51.218250 -728.395630 21.350424 21
-44.001278 -727.702698 12.280599 21
-42.070751 -729.817078 9.555707 21
-63.022060 -726.525146 22.495823 21
-37.133350 -727.608643 4.087334 21
-58.148041 -727.772217 27.414991 21
-42.524586 -729.592041 12.520964 21
-39.942810 -729.604187 9.770535 21
-56.371944 -733.629333 22.243660 21
-46.597126 -728.038513 17.407263 21
-53.879505 -733.218567 20.669086 21
-43.347744 -728.454346 13.454008 21
-52.274357 -723.839783 18.258808 21
-63.321491 -725.756226 30.945677 21
-54.908443 -729.163757 18.395576 21
-53.571148 -733.659668 21.244087 21
-48.692684 -724.954285 17.191000 21
-54.150288 -726.244873 18.270147 21
-55.842621 -726.041748 18.865088 21
-42.146080 -728.290833 12.985407 21
-65.501099 -726.292236 31.626194 21
-52.977043 -722.899597 18.626547 21
-39.123379 -727.556519 7.214083 21
-39.488853 -729.066223 8.861696 21
-35.405472 -729.843689 -0.408112 21
-38.763512 -727.826355 6.417738 21
-53.020451 -728.956360 16.872347 21
-48.440525 -728.881470 14.118903 21
-39.864441 -727.630920 6.779129 21
-36.771713 -727.716309 3.196197 21
-53.594917 -728.441345 22.786732 21
-45.217537 -728.083374 12.272993 21
-37.714069 -729.286682 0.661776 21
-35.839043 -731.024048 0.877491 21
-53.013508 -726.771301 17.737961 21
-59.970562 -726.635925 26.750072 21
-54.175926 -733.363464 20.901730 21
-40.673904 -728.617981 7.264221 21
-35.991165 -730.464050 1.976983 21
-44.364067 -728.029419 14.113259 21
-37.766178 -730.077759 2.763558 21
-61.370293 -727.289734 22.065168 21
-39.633297 -730.340515 8.500318 21
-54.620224 -728.051758 24.560944 21
-38.051414 -728.903809 3.073087 21
-54.684093 -727.266052 24.853037 21
-41.163498 -731.342773 8.901625 21
-36.865448 -728.445251 6.035198 21
-60.986816 -730.821594 22.164759 21
-57.080341 -728.845886 24.827967 21
-43.777664 -729.268494 13.734470 21
-60.483967 -727.880310 26.886948 21
-37.360241 -728.265747 -0.780311 21
-56.038986 -726.953125 19.194241 21
-48.563419 -728.467529 18.962456 21
-49.209961 -722.994446 17.422672 21
-53.367344 -733.061218 20.172209 21
-36.022938 -730.876099 2.182881 21
-41.275837 -730.216370 10.622820 21
-49.919235 -731.699463 17.496811 21
-39.205082 -729.721680 9.301063 21
-64.062729 -727.296021 31.775221 21
-44.561653 -727.964722 12.128652 21
-61.222229 -725.254395 28.958111 21
-50.351315 -732.122253 18.120802 21
-43.091866 -729.236145 13.796126 21
-39.538525 -727.776184 8.036204 21
-49.953865 -727.853516 20.229076 21
-39.312553 -728.381775 5.075835 21
-52.037071 -728.043457 22.182964 21
-42.618614 -732.816956 10.573203 21
-41.122807 -731.333740 10.107924 21
-41.934425 -728.316101 11.825439 21
-60.729546 -727.381775 28.780231 21
-51.869762 -730.408936 17.636349 21
-39.198814 -729.451599 8.290507 21
-42.785934 -727.557556 12.696599 21
-53.539703 -722.461304 18.823490 21
-54.038940 -728.900818 17.617781 21
-53.199432 -727.144653 22.785484 21
-37.075268 -728.211731 6.530460 21
-45.090553 -728.804382 11.581451 21
-36.579643 -728.056091 1.182255 21
-37.944717 -728.740051 -0.040418 21
-53.820889 -731.641846 18.964825 21
-47.998203 -728.781311 18.282360 21
-51.084850 -731.246765 17.699377 21
-58.698864 -724.412354 19.937746 21
-56.852394 -729.535767 25.062347 21
-41.466389 -729.785767 11.220062 21
-58.389900 -723.359009 20.665977 21
-37.983551 -728.467590 2.099169 21
-55.965466 -733.237305 21.453459 21
-45.421158 -727.984253 15.196373 21
-50.787006 -727.445251 16.316036 21
-45.605202 -729.652527 12.278621 21
-36.316605 -731.212585 -1.400554 21
-50.703213 -733.952454 20.751020 21
-50.223595 -727.853882 15.752808 21
-50.580292 -727.366821 19.834875 21
-38.627705 -729.127625 4.390872 21
-38.068874 -728.420349 3.648098 21
-46.745953 -725.744446 16.703602 21
-49.104584 -732.262024 17.856350 21
-60.111752 -724.258057 22.334959 21
-40.994713 -727.936768 7.119769 21
-61.211849 -725.665344 29.980047 21
-62.987885 -727.813416 22.302412 21
-41.979385 -729.500488 12.236889 21
-63.026199 -727.956726 22.713346 21
-46.637867 -725.437744 17.214500 21
-56.866386 -733.587830 22.873135 21
-58.161488 -732.300964 20.397095 21
-58.497707 -723.711182 19.985214 21
-60.903809 -727.484192 27.335213 21
-41.914394 -728.395996 8.932585 21
-37.332695 -730.675537 0.349616 21
-37.080631 -730.612915 3.897747 21
-57.482151 -731.899536 19.539495 21
-37.743134 -728.765076 7.525952 21
-61.402294 -726.885254 29.830164 21
-58.511135 -726.192993 20.213762 21
-59.310879 -732.301331 21.016388 21
-36.193279 -730.619141 3.697261 21
-41.423573 -731.540100 10.253913 21
-48.329613 -727.627686 17.365377 21
-49.251148 -727.491028 18.965839 21
-35.899773 -729.203552 4.566893 21
-50.628647 -727.634766 18.670906 21
-62.321972 -729.222961 21.373892 21
-62.325047 -724.942810 28.759710 21
-64.261864 -725.022827 30.943096 21
-39.395294 -729.509766 5.609155 21
-37.678905 -729.540833 7.145482 21
-41.695477 -731.723083 10.834425 21
-54.134151 -728.592651 23.563318 21
-52.838917 -728.297607 22.530924 21
-58.907055 -723.598450 21.161037 21
-36.444511 -730.466003 2.823067 21
-63.078945 -726.810364 22.738438 21
-51.693485 -731.073608 17.922592 21
-56.026192 -732.887512 20.805723 21
-50.843536 -727.093201 16.603994 21