-51.596531 -727.315430 20.345211 21
-36.008434 -731.016663 -3.220503 21
-66.097954 -726.149231 31.418320 21
-41.199814 -732.234009 10.751435 21
-62.338570 -729.581177 21.590582 21
-37.218914 -727.622864 4.547726 21
-44.661198 -726.458801 15.709877 21
-58.506962 -726.330383 28.142469 21
-58.120388 -722.370972 20.958448 21
-55.560932 -734.066223 22.389883 21
-46.942463 -732.672363 18.881891 21
-49.881794 -729.182617 14.966911 21
-52.681313 -721.909790 18.425577 21
-57.031216 -729.431030 19.580643 21
-54.932095 -728.270630 24.515749 21
-61.645119 -724.995911 24.085390 21
-52.253178 -732.257568 18.728296 21
-44.775368 -728.628662 11.087263 21
-48.148369 -723.518799 17.576727 21
-41.081684 -728.633728 7.327328 21
-36.760841 -731.276123 1.563642 21
-62.853752 -724.874268 28.513884 21
-55.610390 -725.296509 18.577341 21
-59.784119 -732.799255 23.369787 21
-44.863838 -730.814697 15.537770 21
-47.739197 -728.448303 18.677322 21
-59.379261 -726.295959 20.923330 21
-53.309048 -728.779053 17.087057 21
-36.877975 -728.162170 -0.764822 21
-40.932827 -728.395691 11.461864 21
-38.029526 -730.880432 6.352298 21
-50.694515 -726.115051 17.001286 21
-58.278934 -728.963135 25.693445 21
-46.963306 -728.095337 13.605943 21
-59.683826 -731.429565 20.045774 21
-55.552185 -732.399292 19.518129 21
-49.831001 -733.706482 20.397478 21
-49.465515 -731.553162 17.212704 21
-63.092751 -727.901245 24.238573 21
-39.033459 -730.002502 9.477943 21
-52.621288 -729.333618 22.555880 21
-63.247814 -727.232361 30.666786 21
-47.793243 -726.104431 15.883252 21
-42.734238 -729.436218 13.756611 21
-55.563278 -721.580750 19.383554 21
-52.705215 -733.806824 21.409863 21
-61.135506 -727.286072 27.028019 21
-35.350899 -728.809814 2.485654 21
-38.056042 -728.018860 7.371348 21
-38.201027 -728.692078 1.795719 21
-56.659977 -726.329407 25.799776 21
-37.967648 -731.098938 -1.094780 21
-61.265564 -730.307678 24.166658 21
-64.031036 -724.301697 30.994354 21
-52.815754 -724.692505 18.072720 21
-54.562565 -727.475647 21.891773 21
-60.709629 -726.447021 29.883034 21
-59.962143 -723.955566 22.195896 21
-57.650658 -732.685669 21.355070 21
-38.013626 -729.133484 -3.002029 21
-42.425743 -729.706177 9.649158 21
-47.570812 -730.508545 15.339250 21
-36.339855 -730.636780 4.153270 21
-58.035709 -724.559937 19.411058 21
-39.856735 -728.935913 4.996371 21
-46.156727 -728.594421 16.543385 21
-61.678959 -727.069336 22.024601 21
-35.450184 -730.316284 -0.475842 21
-44.207817 -727.264709 13.292765 21
-54.576508 -730.103149 18.812206 21
-49.927608 -729.127502 19.846355 21
-50.650814 -723.304443 17.957005 21
-57.050068 -726.972534 19.738235 21
-51.516506 -730.336304 17.400446 21
-54.720707 -727.448730 18.428192 21
-46.503990 -725.139709 17.489248 21
-40.483162 -726.450562 7.339751 21
-60.835953 -731.201538 22.126787 21
-40.279022 -728.043762 9.344507 21
-46.470039 -731.715088 16.919333 21
-45.786781 -729.882446 12.603035 21
-63.547428 -726.094360 23.045681 21
-44.661938 -728.711853 14.939079 21
-49.731827 -727.497986 18.393946 21
-52.303436 -727.171875 22.424877 21
-57.577381 -731.559509 19.410564 21
-54.492584 -723.369995 18.782101 21
-38.266762 -729.711853 3.721131 21
-40.811787 -731.074524 8.943589 21
-52.673458 -726.745972 17.608107 21
-51.236763 -728.189453 16.207321 21
-42.947350 -727.817078 11.742452 21
-36.959930 -729.146545 5.968882 21
-57.434803 -733.542603 23.200670 21
-49.479897 -727.293518 15.769720 21
-56.523304 -729.551086 24.888071 21
-62.383511 -725.421814 30.473028 21
-50.270695 -732.593079 18.741556 21
-42.457714 -729.776123 11.676107 21
-57.472416 -727.672607 27.047327 21
-43.020985 -733.013367 10.556253 21
-50.795803 -728.796936 21.598148 21
-35.190300 -728.564148 0.416429 21
-40.765095 -730.234741 10.744465 21
-56.561443 -723.282104 19.344999 21
-53.743778 -726.902283 23.715374 21
-39.820675 -729.977356 6.644803 21
-53.626366 -732.899170 19.939898 21
-48.963409 -725.253479 17.195093 21
-37.728901 -729.717285 0.232391 21
-35.676517 -729.351379 -2.109646 21
-48.137142 -727.527893 17.069883 21
-46.215286 -726.677734 14.678519 21
-60.185471 -725.494629 28.293009 21
-62.362877 -726.612305 29.013077 21
-54.655209 -729.100830 22.883106 21
-48.291851 -729.384644 14.029843 21
-35.837639 -728.887390 4.397784 21
-60.712105 -725.631958 22.560955 21
-51.600826 -733.278564 20.058880 21
-60.060993 -728.503784 26.240469 21
-36.769154 -727.715271 2.642614 21
-36.312500 -731.789673 -1.273496 21
-42.003727 -728.008606 10.014555 21
-39.634907 -727.839233 6.532468 21
-59.388390 -724.529785 20.576601 21
-61.106178 -730.465820 20.519646 21
-59.714725 -727.644897 28.074781 21
-59.281487 -732.005432 21.818438 21
-64.397812 -726.545349 31.826647 21
-52.998463 -730.710999 18.287514 21
-35.487926 -730.109619 1.293319 21
-42.682621 -731.227600 10.724120 21
-62.886372 -729.673645 24.055080 21
-62.066891 -726.579163 24.781260 21
-56.232067 -728.022034 25.781303 21
-62.972462 -728.170410 22.398144 21
-55.417610 -726.582397 24.613472 21
-45.599972 -728.115112 12.543173 21
-48.566730 -733.085205 19.406534 21
-38.903557 -730.742981 7.859847 21
-55.016865 -733.195312 21.014935 21
-36.839748 -727.910583 0.942931 21
-50.045757 -730.160339 16.364920 21
-62.520092 -726.130920 27.383244 21
-37.267731 -729.685669 7.562642 21
-47.913361 -727.474609 14.866236 21
-58.366634 -726.722107 25.991873 21
-44.900654 -731.240112 17.203796 21
-47.560192 -729.197388 17.201437 21
-53.988304 -725.920593 18.164772 21
-43.419315 -727.525940 14.708892 21
-51.333092 -727.814270 18.812792 21
-54.186424 -731.685242 18.862869 21
-39.032406 -728.728149 8.454720 21
-38.179932 -729.427429 -1.286813 21
-43.505436 -728.578857 10.079897 21
-43.523624 -729.824280 15.112312 21
-49.966988 -727.526123 20.035378 21
-37.626308 -730.118286 2.251376 21
-46.171478 -725.919617 16.116241 21
-41.820889 -728.288696 12.795859 21
-48.031818 -731.511536 16.472563 21
-63.021763 -723.845459 29.873384 21
-51.196747 -724.781921 17.660051 21
-38.504726 -727.855652 5.424462 21
-53.119213 -727.630066 20.517591 21
-48.414845 -732.434143 17.995703 21
-38.109680 -728.209595 3.305784 21
-38.843136 -730.117065 5.271733 21
-52.532658 -729.192871 21.019358 21
-46.730015 -729.813049 14.226383 21
-54.072735 -721.832703 19.233995 21
-55.902443 -730.974060 19.046711 21
-36.159126 -730.301697 2.655088 21
-60.370514 -724.250061 23.732496 21
-52.136673 -723.342285 18.403076 21
-54.049427 -734.026428 22.101467 21
-58.259193 -726.000916 19.940182 21
-56.801594 -722.050293 20.265169 21
-60.369102 -731.429138 23.657320 21
-36.861824 -731.089294 0.071816 21
-42.048248 -728.621155 8.642082 21
-59.745903 -726.879028 26.595306 21
-55.745125 -729.041504 18.929274 21
-61.516300 -725.347534 29.247648 21
-53.459057 -728.226562 23.096668 21
-50.944618 -731.598877 17.862093 21
-56.998219 -725.582458 19.152235 21
-58.158119 -727.299927 20.629673 21
-41.104149 -729.819458 8.190282 21
-43.841522 -729.923584 11.234115 21
-37.579685 -730.824890 4.968534 21
-60.967896 -727.092773 28.540848 21
-61.737137 -730.259033 22.724920 21
-55.794743 -726.696106 18.995529 21
-56.818863 -732.529480 20.181404 21
-55.285908 -729.622192 24.170219 21
-58.495491 -732.180847 20.290466 21
-58.888084 -722.973938 21.995535 21
-56.343536 -733.186707 21.581921 21
-62.289341 -726.691345 23.328257 21
-45.862629 -732.036804 18.145613 21
-45.736610 -727.893188 15.377981 21
-48.865562 -730.024658 15.619383 21
-39.296169 -727.415771 7.836230 21
-63.705757 -725.709045 30.922916 21
-60.999058 -726.265503 23.932878 21
-52.132946 -729.235291 16.464626 21
-58.557369 -732.893677 22.618010 21
-49.457062 -724.006226 17.619598 21
-48.991074 -728.265564 19.277468 21
-57.766434 -723.344360 20.030107 21
-43.152992 -728.215332 13.128452 21
-35.653141 -730.713135 -1.878526 21
-40.350101 -729.425293 9.726964 21
-44.098103 -729.417114 13.924692 21
-45.529125 -727.278870 13.611262 21
-65.014992 -725.334656 31.244841 21
-47.017120 -727.630920 16.149492 21
-54.256634 -724.602234 18.271875 21
-59.687973 -726.644165 29.028507 21
-45.833229 -729.313049 15.466031 21
-60.182579 -725.303162 21.336067 21
-35.665142 -728.830566 -0.797603 21
-51.574509 -727.108826 16.954908 21
-59.948479 -726.861450 21.981651 21
-56.127968 -728.610840 23.986103 21
-37.362316 -728.549622 -2.004494 21
-51.360222 -727.567688 21.604973 21
-47.737862 -724.748840 17.259584 21
-57.733154 -726.331238 27.096649 21
-62.099159 -726.708984 30.304754 21
-51.466972 -722.221924 18.056179 21
-54.689507 -728.906494 18.138924 21
-44.207619 -727.884949 12.037747 21
-46.987732 -729.323120 13.049697 21
-49.484535 -726.205200 16.493444 21
-55.646992 -723.954651 18.694496 21
-48.819412 -728.408081 14.666373 21
-41.671761 -731.327820 9.859809 21
-41.616783 -730.988403 11.392610 21
-50.966511 -729.352905 15.758869 21
-51.026333 -733.989014 20.938980 21
-37.060955 -731.020203 3.144811 21
-46.970768 -728.075623 17.354317 21
-38.679920 -728.816528 4.609973 21
-53.366650 -727.159485 21.683880 21
-62.519150 -729.292664 22.925610 21
-58.637321 -723.538940 20.887175 21
-40.317959 -731.318848 10.065007 21
-36.496727 -730.035828 5.245773 21
-52.136780 -725.617676 17.637857 21
-44.855583 -726.751160 14.530036 21
-49.618107 -722.727783 17.596205 21
-37.766258 -728.490051 0.237870 21
-53.328884 -722.909363 18.778191 21
-40.179951 -728.343506 8.097676 21
-47.214935 -732.218140 17.767534 21
-53.824070 -733.477905 21.019638 21
-57.102642 -728.479431 24.776497 21
-60.212067 -731.596741 21.135845 21
-56.905109 -724.367493 18.915541 21
-38.555717 -729.416321 7.569568 21
-53.346268 -727.757385 17.773844 21
-39.612396 -730.913330 8.832180 21
-53.642876 -728.950989 22.042269 21
-49.340183 -727.627258 17.249828 21
-55.429928 -722.792664 19.331469 21
-37.585953 -728.103638 6.163783 21
-35.736095 -728.200195 1.435097 21
-52.216824 -728.335510 22.012814 21
-48.499668 -727.605164 18.204000 21
-35.743404 -731.008606 0.498419 21
-52.673893 -729.782227 17.608805 21
-58.489368 -727.596680 27.671146 21
-36.061825 -728.354431 3.354142 21
-44.029285 -728.241455 13.969186 21
-58.044304 -727.743591 25.499102 21
-55.196426 -727.485840 25.360573 21
-50.558998 -727.151367 16.348938 21
-48.603546 -729.023254 17.743641 21
-62.983433 -726.946106 22.412409 21
-50.122322 -725.155640 17.420208 21
-43.069920 -729.818604 12.712564 21
-45.801643 -731.305847 16.076437 21
-40.338150 -728.533752 10.482475 21
-35.783012 -729.474854 3.394453 21
-49.033756 -730.824829 16.422489 21
-52.001015 -731.260559 18.112185 21
-61.702770 -730.548401 21.524658 21
-44.810520 -729.755615 11.826040 21
-41.352097 -729.447571 11.331365 21
-39.772568 -728.906006 6.130837 21
-57.190117 -729.351135 25.806919 21
-47.165600 -725.539917 16.648617 21
-42.604183 -732.121887 9.975828 21
-36.606148 -728.247131 5.382466 21
-41.939762 -727.933838 11.209398 21
-58.942101 -727.675720 26.202141 21
-61.245022 -726.214233 27.367538 21
-60.021408 -731.887573 22.676512 21
-45.250576 -726.267700 16.676798 21
-50.468964 -730.835327 17.166098 21
-54.459549 -727.234558 24.547258 21
-53.601833 -729.756592 18.274839 21
-63.390961 -724.860413 30.261480 21
-56.594898 -727.117615 26.593321 21
-50.430454 -728.418457 20.570723 21
-63.313961 -726.791260 23.868519 21
-51.493950 -728.955933 20.678036 21
-62.300034 -728.765686 24.330059 21
-40.886051 -727.588440 6.991372 21
-61.225555 -727.169067 23.025415 21
-38.000729 -729.163574 2.787300 21
-56.526478 -731.881836 19.308348 21
-52.546513 -732.874084 19.592279 21
-37.158157 -730.189392 6.250296 21
-50.329197 -728.378113 15.622513 21
-53.738506 -729.491455 23.333801 21
-36.197834 -728.181152 0.096870 21
-39.160477 -729.806274 8.379189 21
-62.559124 -724.852844 29.566168 21
-52.291573 -728.227295 16.818457 21
-56.558933 -733.691162 22.562519 21
-53.859745 -727.046753 22.657682 21
-51.261513 -732.691162 19.122072 21
-49.477478 -732.304565 18.083145 21
-54.878487 -726.370911 18.536573 21
-44.276833 -730.719116 16.515284 21
-35.446766 -729.611023 0.331316 21
-47.149620 -726.702454 15.189157 21
-54.016129 -728.076843 24.017694 21
-48.504284 -726.839111 15.618091 21
-37.644291 -730.562012 3.931379 21
-62.820362 -725.426147 23.455814 21
-39.823460 -730.343689 10.096225 21
-53.353806 -732.295227 19.082516 21
-52.344128 -727.723083 19.734882 21
-44.896664 -727.813049 14.423431 21
-55.103565 -728.327209 23.443897 21
-59.188423 -725.504822 20.252636 21
-37.385036 -730.499084 0.869478 21
-50.668076 -727.350281 20.845121 21
-55.992306 -727.616638 19.452629 21
-38.808029 -730.179932 6.410662 21
-49.663502 -733.113586 19.551683 21
-42.827595 -728.019531 10.669827 21
-56.060757 -729.968994 19.323681 21
-37.412113 -727.942749 1.850518 21
-61.236725 -726.027100 28.502237 21
-54.705173 -732.769043 20.113901 21
-53.449104 -723.878113 18.405691 21
-40.578129 -729.531921 7.256055 21
-61.393517 -727.147949 29.532316 21
-46.945446 -727.381592 14.420363 21
-60.814030 -725.311951 23.544256 21
-55.837448 -732.791626 20.499090 21
-42.175449 -729.326599 12.584762 21
-38.444214 -727.562134 6.420958 21
-41.303768 -728.200317 9.243786 21
-46.214382 -728.946716 12.437001 21
-61.132881 -725.494873 24.829441 21
-63.017303 -726.731506 29.809465 21
-37.455780 -728.808044 7.080300 21
-60.524906 -724.629272 22.736511 21
-52.851025 -733.332886 20.475830 21
-38.114777 -730.259277 7.202601 21
-42.796082 -728.568787 9.349698 21
-61.467972 -725.828491 30.209209 21
-42.023251 -732.830200 10.840844 21
-47.838215 -728.327148 14.104610 21
-36.174473 -731.685791 -2.474570 21
-63.155270 -727.617432 23.257845 21
-38.204613 -727.893860 4.467845 21
-57.493420 -733.208374 22.199862 21
-52.362850 -727.177124 21.408682 21
-52.972599 -727.296753 23.184259 21
-51.836826 -729.248047 21.737890 21
-53.882072 -726.969910 18.112219 21
-50.892643 -727.404358 19.613527 21
-39.508686 -728.792786 9.359772 21
-45.395500 -728.816284 11.857838 21
-37.764858 -728.531067 -1.056418 21
-60.191322 -725.822937 29.286663 21
-48.185017 -725.524109 16.632532 21
-59.176952 -725.728333 27.724691 21
-59.418324 -731.888550 23.547892 21
-41.849159 -728.753662 11.820810 21
-62.931927 -726.322388 30.907839 21
-62.597321 -728.637939 21.588921 21
-39.842194 -730.348999 7.894742 21
-64.001282 -727.345825 31.365858 21
-61.098736 -730.975098 23.046202 21
-37.700062 -729.187378 1.096050 21
-43.328358 -730.147461 14.112907 21
-35.877766 -731.192444 -0.611546 21
-41.185677 -728.010925 10.584828 21
-36.838947 -727.836853 3.641765 21
-59.352291 -731.994934 20.781504 21
-42.176109 -730.092590 10.787683 21
-43.818741 -728.191345 11.185085 21
-35.580513 -729.155273 1.580752 21
-35.288086 -729.787659 -1.315511 21
-48.765049 -729.054504 18.735292 21
-62.801540 -728.506104 23.488335 21
-51.915291 -724.234741 18.075834 21
-58.585632 -724.064026 20.066027 21
-54.953121 -731.057312 18.892002 21
-62.152779 -725.563721 28.492954 21
-45.647976 -726.328796 15.399709 21
-59.061218 -728.670532 26.220388 21
-35.870209 -730.802795 1.848415 21
-50.621319 -733.266174 19.967272 21
-50.396355 -724.280640 17.801161 21
-40.139626 -728.487427 7.047895 21
-55.619244 -726.685791 25.684980 21
-61.745594 -729.751099 20.841555 21
-59.448772 -723.967957 21.373529 21
-39.407360 -728.212036 5.565870 21
-47.917652 -732.770874 18.765429 21
-43.364548 -727.499329 13.743255 21
-44.078514 -729.174927 10.676662 21
-53.036419 -725.844360 17.877869 21
-62.112278 -730.015137 23.575752 21
-44.325603 -727.329468 15.074056 21
-39.776001 -729.943298 5.685925 21
-58.534245 -732.336304 21.296070 21
-51.942966 -733.713013 20.856178 21
-53.917427 -730.798279 18.661110 21
-59.023117 -727.051575 28.491608 21
-41.126205 -728.365906 8.235756 21
-46.827072 -729.236816 16.558846 21
-38.170540 -728.672791 8.093180 21
-40.840061 -729.319702 10.543377 21
-48.478561 -731.977783 17.174568 21
-60.410412 -727.648132 26.563540 21
-65.288193 -726.614624 31.587742 21
-60.785141 -727.366028 22.061693 21
-52.890831 -731.614258 18.534243 21
-37.161781 -731.515076 -1.557880 21
-41.072731 -731.145691 10.587862 21
-48.567860 -724.348145 17.459818 21
-45.871288 -725.559998 16.946640 21
-44.106564 -730.274536 15.672542 21
-49.156109 -728.560364 20.150150 21
-58.771660 -733.113220 23.500509 21
-50.862160 -729.998169 16.826008 21
-54.851559 -733.641174 21.806646 21
-61.028114 -731.135010 21.208593 21
-36.549641 -728.311462 4.441941 21
-36.229259 -729.173157 5.366627 21
-55.950840 -722.228699 19.910095 21
-43.390034 -727.376953 12.824244 21
-48.052494 -729.827026 14.948072 21
-35.972031 -728.074036 2.378336 21
-57.780998 -726.846313 25.298809 21
-48.989220 -729.548584 14.607126 21
-43.345177 -729.793091 10.474840 21
-51.562378 -726.254700 17.266346 21
-44.989635 -729.550476 14.814993 21
-62.689045 -726.139832 22.724855 21
-36.215893 -729.744995 4.428158 21
-50.621822 -727.718933 18.255318 21
-59.314476 -727.180969 21.098587 21
-54.009914 -728.446350 17.780884 21
-60.259167 -726.015381 21.882931 21
-54.761471 -725.490662 18.352743 21
-54.323387 -732.409973 19.374325 21
-38.274681 -730.222168 4.574522 21
-38.336281 -729.473511 -2.165949 21
-52.632919 -728.017395 22.761244 21
-63.184441 -724.022827 30.856689 21
-42.023010 -731.869751 10.750049 21
-48.305340 -730.705750 15.925214 21
-49.276806 -732.794250 18.824144 21
-60.387089 -726.511597 22.665056 21
-59.887463 -723.782227 23.070652 21
-54.628536 -726.730835 23.827280 21
-38.919804 -727.882263 7.169712 21
-62.020630 -725.717590 24.556370 21
-40.189709 -727.555542 7.560228 21
-45.267555 -728.618896 15.608970 21
-35.579834 -729.673645 2.313213 21
-60.413460 -731.087891 20.422201 21
-37.619869 -727.898132 5.293194 21
-46.185375 -727.944336 13.196116 21
-49.443680 -728.133179 15.248222 21
-49.492432 -727.497498 19.252279 21
-44.998211 -727.570251 12.886309 21
-51.424820 -732.127014 18.432137 21
-42.533627 -727.836365 12.528003 21
-64.198288 -725.047058 31.436365 21
-47.741730 -727.953491 17.914433 21
-37.675583 -730.886414 -0.210193 21
-47.659195 -728.964966 13.517019 21
-55.589222 -728.310730 25.113409 21
-54.577618 -722.568970 19.204643 21
-53.564480 -725.147705 18.088823 21
-58.485432 -725.897217 27.209682 21
-57.037937 -728.034424 26.366573 21
-41.629509 -730.033020 9.454231 21
-57.893505 -726.959534 27.692915 21
-57.618279 -732.258606 19.932392 21
-38.068943 -729.043457 -0.383101 21
-57.363979 -723.784241 19.378273 21
-37.814465 -730.202026 3.154427 21
-41.790318 -729.509766 8.622328 21
-59.314651 -732.406311 22.638668 21
-62.945126 -724.167053 29.063091 21
-48.631546 -726.173767 16.263514 21
-43.458309 -728.881714 13.639402 21
-47.461216 -731.174255 15.921013 21
-50.548962 -722.460144 17.727350 21
-56.610783 -726.329529 19.347994 21
-49.057735 -733.565430 20.085163 21
-58.726421 -724.921509 19.825565 21
-55.152336 -724.596619 18.372955 21
-54.548317 -729.464417 23.718801 21
-52.378635 -727.443420 17.214012 21
-57.036377 -722.840210 20.004734 21
-60.503540 -727.082397 29.274513 21
-37.620575 -729.662964 6.770804 21
-37.099689 -731.305237 -0.717551 21
-60.729588 -724.852234 24.254980 21
-37.037174 -728.018616 0.116557 21
-59.324863 -726.083069 28.493097 21
-57.797684 -726.737793 20.102037 21
-57.845650 -725.401611 19.433474 21
-54.975655 -731.925598 19.042631 21
-58.653748 -726.552795 20.586655 21
-63.741531 -726.496826 31.233847 21
-48.951439 -723.281799 17.561642 21
-46.935181 -726.007629 15.785997 21
-40.568378 -728.920837 6.466056 21
-37.171864 -730.826355 2.282746 21
-35.234730 -729.479980 -0.485841 21
-45.731678 -731.546021 17.260460 21
-54.295444 -728.360962 23.174278 21
-37.911243 -728.198792 2.492784 21
-45.047146 -731.070862 16.344398 21
-55.543842 -729.044250 23.576252 21
-50.305126 -727.456970 19.014172 21
-36.524567 -727.993896 1.724223 21
-62.707199 -726.213196 23.873955 21
-39.491581 -728.105347 8.803196 21
-60.129467 -724.474365 21.566992 21
-38.319927 -728.869385 3.830155 21
-39.194519 -729.371033 5.325496 21
-59.661682 -723.170410 22.256147 21
-37.779232 -728.326721 1.056474 21
-36.332481 -730.731750 1.104651 21
-37.480816 -727.664795 3.076214 21
-52.203358 -730.449585 17.835211 21
-40.179554 -730.672791 9.408808 21
-51.034485 -728.150024 21.098652 21
-37.124615 -730.796021 5.657541 21
-44.034729 -727.097046 14.334822 21
-46.869431 -728.525085 12.885304 21
-47.797749 -728.880249 17.965534 21
-50.165657 -731.932434 17.806469 21
-58.439026 -731.617737 19.703768 21
-64.199898 -727.155518 30.587894 21
-57.488907 -726.111206 19.665394 21
-48.662098 -727.554382 15.206444 21
-61.910610 -726.699768 27.430645 21
-36.183159 -730.760193 3.335744 21
-56.907646 -732.780151 21.017736 21
-42.822845 -728.943115 12.941579 21
-35.785034 -730.226624 -2.517656 21
-53.396328 -722.082336 18.804365 21
-38.745377 -728.090027 8.005555 21
-51.377785 -723.601685 18.170784 21
-46.295692 -727.555298 13.944117 21
-42.703678 -728.036072 13.796680 21
-51.119663 -725.565674 17.403166 21
-56.454121 -725.028687 18.796265 21
-57.312534 -726.237549 26.397583 21
-55.968800 -727.321045 26.065401 21
-43.167446 -729.288269 9.861657 21
-37.812447 -729.389771 1.957324 21
-60.155819 -727.069946 27.724089 21
-41.866489 -731.035522 10.594524 21
-53.082897 -726.934570 22.438692 21
-60.881104 -725.613159 29.659672 21
-52.176182 -722.542603 18.414848 21
-56.161812 -725.768311 18.926262 21
-36.780449 -730.798889 4.837464 21
-47.478333 -724.069519 17.607372 21
-47.715366 -733.087952 19.464346 21
-55.309200 -729.831055 19.114830 21
-58.198875 -732.659607 21.938616 21
-47.463554 -729.725952 13.639756 21
-39.533062 -729.540344 9.060762 21
-60.388958 -725.088013 22.064047 21
-64.457954 -725.958984 31.292828 21
-62.672199 -726.948792 24.335218 21
-54.846401 -721.863464 19.511534 21
-40.351055 -731.732788 10.753836 21
-52.638493 -723.916565 18.192606 21
-49.747231 -730.902527 16.861996 21
-46.297180 -727.945557 16.046436 21
-57.168880 -726.957031 27.114925 21
-52.891502 -728.635925 22.334249 21
-49.624176 -725.616272 16.993811 21
-55.586903 -733.443909 21.625250 21
-49.354706 -729.017151 19.329201 21
-60.736248 -725.434021 28.854090 21
-62.160839 -729.062378 21.041906 21
-58.222691 -733.562866 23.126989 21
-57.434963 -722.424927 20.547806 21
-60.164425 -731.710449 21.935890 21
-36.117512 -731.077759 2.626027 21
-60.681068 -730.896545 24.139067 21
-52.355026 -727.316284 20.639914 21
-49.979656 -727.705872 17.690886 21
-55.726452 -731.730713 19.095547 21
-51.542259 -728.572937 21.489119 21
-40.293125 -730.770203 8.470009 21
-61.135201 -724.474731 23.705322 21
-55.404697 -727.469788 18.785185 21
-44.934361 -728.147156 11.971621 21
-60.864292 -726.023193 23.210747 21
-40.709614 -728.015747 9.977427 21
-41.994614 -727.987549 12.003269 21
-62.267376 -729.782776 22.332312 21
-47.117809 -728.526855 18.007303 21
-53.353523 -729.136841 22.780413 21
-53.754208 -729.141418 17.586218 21
-47.432686 -727.677734 16.787764 21
-43.860638 -730.495056 14.990041 21
-46.408897 -726.322388 15.324533 21
-38.326096 -730.134277 -1.537873 21
-62.696205 -729.121521 22.193722 21
-39.044491 -728.194641 4.875822 21
-46.591602 -732.220947 18.231232 21
-61.420998 -730.743774 22.206802 21
-53.515938 -727.643799 23.667667 21
-56.073452 -729.295227 24.321281 21
-49.909386 -723.391357 17.806087 21
-57.561905 -732.773438 20.496189 21
-48.456181 -728.184875 18.726620 21
-58.368141 -722.949768 21.448231 21
-58.546162 -728.233276 25.804874 21
-37.424900 -730.529419 1.622003 21
-51.363117 -731.003479 17.703243 21
-61.991562 -726.753357 22.623190 21
-36.221378 -731.244141 -1.873906 21
-54.847672 -729.421570 18.687851 21
-41.476307 -730.317017 10.984213 21
-38.682487 -729.591919 4.671027 21
-56.864052 -727.682373 19.911625 21
-50.790512 -729.220947 20.613428 21
-62.746521 -725.421448 28.025690 21
-35.390091 -728.708252 3.366416 21
-42.404320 -729.156067 9.079865 21
-55.705547 -728.130188 24.377113 21
-51.570263 -728.962036 15.968684 21
-61.416985 -726.595215 30.054445 21
-50.152149 -726.553528 16.544083 21
-37.599495 -727.927429 3.784234 21
-48.715805 -731.414124 16.745525 21
-38.281902 -730.591003 5.376974 21
-52.863476 -728.015442 17.263523 21
-36.957405 -728.537842 6.392417 21
-51.906799 -724.953125 17.865318 21
-62.874146 -727.606567 21.929163 21
-42.363464 -728.619080 12.425810 21
-60.599346 -723.973694 23.070986 21
-35.410030 -730.346252 0.465551 21
-59.721718 -725.639038 20.848864 21
-49.507069 -724.751282 17.519981 21
-49.827759 -728.301453 20.048336 21
-44.149849 -728.829773 14.401801 21
-44.095867 -726.985779 15.680193 21
-38.983536 -730.073425 7.592321 21
-63.911690 -725.003601 30.755161 21
-45.393299 -726.626343 16.011621 21
-51.531258 -727.117371 21.070656 21
-58.109970 -723.116455 20.636139 21
-55.238220 -723.395630 18.890779 21
-41.506371 -729.043457 8.122914 21
-46.786045 -728.741699 17.099127 21
-61.801212 -726.135559 29.030842 21
-37.528259 -728.957031 7.777046 21
-45.525932 -727.408936 14.326938 21
-36.134453 -728.209534 0.840205 21
-49.039986 -727.396851 18.637951 21
-35.532104 -728.949097 -0.100453 21
-61.519859 -726.225464 24.439997 21
-49.465023 -729.745544 15.163955 21
-57.381458 -724.957703 19.114746 21
-53.321835 -726.513184 17.909733 21
-61.841774 -727.108276 28.927383 21
-61.502640 -730.531311 23.507261 21
-49.526566 -729.925842 15.933586 21
-56.227219 -732.467651 19.765257 21
-47.860504 -726.895203 15.313746 21
-55.491890 -726.019897 18.710583 21
-36.903679 -728.315125 -1.459146 21
-43.522442 -727.686951 12.192657 21
-35.629906 -730.411377 -1.223722 21
-43.082527 -731.772949 10.391881 21
-46.672558 -728.017212 16.657888 21
-47.420567 -730.138367 14.728226 21
-39.989674 -728.491089 9.852217 21
-54.341595 -733.122498 20.652527 21
-62.064896 -725.296387 29.797071 21
-51.592728 -727.643982 19.458042 21
-54.742264 -724.019165 18.522745 21
-50.513962 -727.809082 16.058594 21
-42.581966 -732.405090 10.632501 21
-46.309994 -731.866394 17.606737 21
-62.564606 -729.171753 23.617252 21
-53.590172 -733.679016 21.663401 21
-40.697651 -728.255249 8.800123 21
-39.462769 -728.109802 7.907501 21
-49.174015 -727.612061 17.955330 21
-51.904545 -727.702881 22.120560 21
-50.721027 -732.197510 18.309858 21
-49.123341 -726.633911 16.044031 21
-57.029762 -733.016785 21.686119 21
-44.752773 -729.316589 11.273050 21
-38.750027 -729.611694 8.927725 21
-50.625561 -732.946106 19.306232 21
-37.730213 -730.872498 2.903090 21
-41.791401 -729.607239 11.869599 21
-38.784039 -728.219360 4.196304 21
-37.953960 -728.979248 -1.853062 21
-60.403305 -727.515076 28.652483 21
-59.062531 -731.781799 20.077143 21
-62.237686 -729.904175 24.262659 21
-42.717674 -728.284485 10.010531 21
-44.809078 -729.497253 14.131267 21
-56.424397 -727.047241 19.408201 21
-47.065109 -724.684265 17.497742 21
-49.911354 -727.876404 20.649378 21
-51.246578 -722.890198 18.176439 21
-50.425224 -729.766968 15.590302 21
-53.731609 -727.469177 21.168810 21
-55.965347 -724.595459 18.574062 21
-40.479076 -730.614807 10.086905 21
-51.125492 -727.519348 16.529320 21
-56.301929 -723.817810 18.913223 21
-45.092598 -728.167664 15.083386 21
-36.792362 -731.177917 0.827885 21
-55.972691 -726.502808 25.086416 21
-37.506004 -728.206665 -0.395715 21
-53.910580 -722.557617 19.010326 21
-40.691586 -729.893677 10.120098 21
-37.630638 -729.859497 1.253006 21
-63.248779 -726.784851 23.168688 21
-38.755192 -730.574707 7.141835 21
-62.530666 -727.235901 29.760983 21
-49.309063 -727.902100 19.804659 21
-62.115337 -726.073242 30.601727 21
-44.029427 -728.446411 10.550860 21
-35.594086 -728.864258 0.948546 21
-44.913254 -727.032654 15.382362 21
-60.601353 -731.434204 22.869446 21
-41.986889 -728.280518 9.270070 21
-51.980656 -732.665161 19.244087 21
-59.211155 -727.375610 27.677322 21
-49.100544 -732.045105 17.549208 21
-41.135479 -728.834412 10.943789 21
-49.783657 -728.610535 20.770420 21
-39.514732 -730.217957 8.886159 21
-36.026680 -730.086731 3.842270 21
-57.538052 -727.352722 20.344246 21
-44.950470 -727.011719 13.874471 21
-43.077038 -729.691040 14.589148 21
-40.139481 -730.082703 7.333519 21
-63.057472 -725.537048 30.752329 21
-45.532707 -726.629333 14.731174 21
-51.744583 -727.765198 16.794289 21
-52.709805 -728.773376 16.715807 21
-56.650631 -728.978699 24.526003 21
-43.758320 -729.605225 14.505690 21
-62.125996 -725.126282 29.028734 21
-50.542561 -733.680420 20.560844 21
-50.992096 -726.752136 16.832500 21
-36.030766 -730.970093 -1.258667 21
-51.067921 -724.145752 17.878744 21
-59.756279 -731.332336 23.337637 21
-53.591686 -731.415039 18.649590 21
-41.478718 -732.723328 10.365215 21
-56.413673 -722.733826 19.757025 21
-41.431168 -731.290527 9.162099 21
-65.345497 -725.942566 31.517128 21
-61.099110 -725.458252 24.137184 21
-44.425182 -726.629211 15.082806 21
-46.061367 -729.065491 16.069103 21
-37.890434 -729.282471 7.284824 21
-52.858070 -723.288147 18.448364 21
-45.758022 -729.345520 12.127655 21
-41.203735 -731.595825 11.087660 21
-53.936428 -727.392700 24.129213 21
-48.904709 -725.656982 16.627213 21
-58.992535 -723.391357 21.464281 21
-37.529423 -728.097534 6.851306 21
-39.836269 -729.898926 9.548360 21
-44.198856 -727.516418 12.662616 21
-47.366508 -732.462891 18.375046 21
-46.523975 -725.487061 16.867044 21
-39.095978 -730.561035 5.921623 21
-36.804539 -730.579285 3.658033 21
-48.798153 -729.003052 14.274197 21
-55.864811 -723.280334 19.129419 21
-54.901058 -734.094788 22.311964 21
-59.743309 -726.467957 21.494665 21
-48.651585 -732.674988 18.575066 21
-54.161362 -729.379028 18.225838 21
-54.471252 -733.485962 21.262016 21
-59.794624 -724.800537 21.079264 21
-62.142513 -726.002991 27.988588 21
-41.216248 -730.499268 10.334183 21
-63.574734 -723.967773 30.312210 21
-38.012939 -729.162903 0.472270 21
-46.448029 -729.685181 12.959599 21
-45.726864 -728.363464 16.012814 21
-58.046276 -723.932861 19.702631 21
-56.402050 -729.378540 19.365681 21
-52.054543 -726.707642 17.344971 21
-60.976254 -726.574280 28.135616 21
-48.321873 -725.033081 17.120565 21
-39.332832 -730.564087 8.329312 21
-62.838867 -728.686279 22.860857 21
-54.976379 -727.024414 24.936159 21
-45.532467 -725.740356 16.404392 21
-37.279633 -731.013794 4.410421 21
-39.536537 -727.578918 7.137466 21
-58.826775 -732.442139 22.200935 21
-36.209957 -730.967590 -0.002530 21
-53.986679 -729.213318 22.594603 21
-40.213463 -727.691284 6.914614 21
-56.008686 -733.684204 22.072144 21
-58.077969 -732.394653 20.755920 21
-59.626842 -727.272339 28.659075 21
-52.248150 -733.218506 20.110998 21
-55.309490 -722.274109 19.747021 21
-60.058613 -728.141724 26.823605 21
-35.728130 -728.345825 -0.322941 21
-49.316612 -728.844055 14.682865 21
-35.848743 -730.099060 3.206610 21
-40.067711 -729.372681 6.546439 21
-44.761211 -730.477844 16.074556 21
-55.888897 -733.071960 21.120863 21
-39.086529 -727.786865 6.177011 21
-35.899025 -730.871033 -2.562459 21
-53.844398 -723.306946 18.718588 21
-50.169292 -731.422180 17.384695 21
-58.418690 -727.052368 28.074898 21
-53.463764 -724.494629 18.209608 21
-56.478409 -727.684509 26.306995 21
-52.444183 -729.045105 21.882526 21
-48.660530 -727.606750 17.556360 21
-51.952293 -728.606506 16.412090 21
-42.259872 -728.251465 13.347787 21
-46.225903 -728.299744 12.575953 21
-37.089981 -728.559448 5.711343 21
-54.749947 -727.705322 24.862814 21
-37.683163 -728.859070 -2.527018 21
-35.693176 -728.588501 1.987903 21
-62.677082 -726.864685 30.569422 21
-37.074196 -729.298950 6.602010 21
-35.832508 -728.839233 2.908213 21
-35.561863 -730.071716 -1.847606 21
-60.641178 -727.688171 27.162498 21
-54.551857 -728.444458 23.893440 21
-36.205944 -728.514954 4.953765 21
-40.957996 -731.032959 9.955365 21
-53.184212 -729.427368 17.465315 21
-55.343826 -732.694885 20.067019 21
-44.410389 -728.233582 11.457020 21
-51.351486 -729.243835 21.240379 21
-49.924004 -727.046997 16.189253 21
-61.995289 -730.297363 22.055788 21
-42.559525 -729.623779 13.035064 21
-47.142509 -725.298828 17.287483 21
-57.966122 -733.205017 22.652330 21
-53.212132 -727.138000 17.775940 21
-42.445038 -729.897583 12.311375 21
-52.644630 -725.275208 17.873381 21
-39.952415 -728.301758 6.119406 21
-59.113556 -723.945801 20.482536 21
-59.882446 -725.863770 28.725237 21
-59.277004 -732.654602 23.722050 21
-57.132694 -732.073303 19.546156 21
-35.662884 -730.661682 1.044006 21
-64.532738 -726.969849 31.373127 21
-52.817078 -722.553650 18.621876 21
-38.051018 -728.653076 7.291709 21
-53.199249 -733.610718 21.015368 21
-56.588165 -731.255981 19.179047 21
-61.238106 -727.506042 21.629395 21
-50.605808 -727.324890 20.209755 21
-62.495087 -728.088806 24.345133 21
-42.368130 -731.570496 9.739302 21
-36.605743 -731.242004 -1.143319 21
-44.375484 -727.642151 14.129066 21
-37.613422 -730.383057 6.646635 21
-41.233898 -729.751831 10.777728 21
-39.093353 -728.729492 5.224249 21
-35.664230 -730.211853 1.959399 21
-37.832592 -728.805054 2.286976 21
-63.411182 -727.408081 23.956745 21
-38.919758 -729.237000 8.107912 21
-36.746712 -730.661926 2.715992 21
-36.410568 -730.291809 4.671051 21
-36.097286 -731.296814 0.925321 21
-52.722496 -732.453308 19.114641 21
-35.429329 -729.320190 2.885456 21
-53.512394 -733.226074 20.535585 21
-56.275848 -726.763916 26.117710 21
-63.045250 -727.595337 22.614422 21
-54.090862 -724.019043 18.458239 21
-48.332245 -728.497986 19.262066 21
-35.522820 -730.790527 -0.046171 21
-48.311874 -729.027466 18.300589 21
-35.204075 -728.470520 1.249205 21
-41.466423 -728.253418 11.798871 21
-59.685890 -731.979370 21.335135 21
-51.140057 -733.569031 20.401609 21
-51.941643 -728.982056 21.121984 21
-42.818188 -727.690369 13.057985 21
-50.420959 -729.117920 15.256212 21
-38.084602 -729.674500 -0.369692 21
-37.786114 -727.578064 5.813982 21
-41.333347 -728.074097 9.861627 21
-57.292450 -723.184326 19.556025 21
-47.711933 -725.384155 17.037352 21
-63.931126 -726.954529 31.877819 21
-39.225544 -729.920349 6.800805 21
-54.155956 -725.330505 18.152201 21
-45.569366 -731.362732 16.695217 21
-63.126324 -724.489014 29.827187 21
-58.937042 -732.448364 20.827513 21
-55.645607 -727.814087 25.621307 21
-38.359737 -729.986877 7.700258 21
-54.040836 -730.212097 18.508602 21
-59.095520 -732.797546 23.050697 21
-45.213196 -729.914490 12.273893 21
-36.193672 -728.595825 3.901343 21
-43.515606 -728.149048 13.631386 21
-52.070599 -721.981079 18.184189 21
-46.010963 -727.053101 14.168282 21
-43.408577 -728.252747 10.683256 21
-61.315701 -726.906372 27.487030 21
-45.265602 -729.125061 15.265985 21
-36.960548 -728.086426 4.873513 21
-59.417854 -723.645203 21.947748 21
-40.583794 -728.619629 7.671264 21
-42.044453 -732.305420 10.304810 21
-52.403675 -726.189575 17.607590 21
-55.201107 -726.858337 18.744677 21
-47.415325 -727.779297 14.496922 21
-40.963394 -731.747314 10.443055 21
-61.999187 -730.029663 21.322914 21
-54.356445 -726.606750 18.330460 21
-54.920742 -732.431702 19.546919 21
-37.748688 -730.815918 2.078903 21
-62.026306 -726.956360 29.566488 21
-53.973717 -727.383240 21.757776 21
-53.853783 -728.693665 22.895790 21
-41.853996 -727.927856 10.608261 21
-58.837360 -726.010071 20.291008 21
-44.450279 -728.220520 14.424326 21
-43.480000 -729.436768 13.921222 21
-38.112682 -728.224487 3.949306 21
-59.591431 -725.105469 20.557055 21
-58.191887 -726.312866 27.626024 21
-57.700951 -729.073730 25.571720 21
-43.268753 -727.923889 11.180401 21
-40.105358 -728.215942 8.700471 21
-64.265244 -725.449463 30.985380 21
-56.710968 -733.414185 22.027895 21
-39.399071 -729.909241 6.175475 21
-62.772125 -725.005798 30.122496 21
-60.329365 -724.473145 22.128941 21
-50.592045 -724.861511 17.664259 21
-48.317104 -730.226807 15.429943 21
-58.385853 -725.439331 19.702265 21
-40.659931 -728.025146 7.357888 21
-41.939018 -729.724304 11.293935 21
-35.418865 -729.530273 0.928364 21
-51.260906 -733.037048 19.619638 21
-36.454533 -728.000427 3.094342 21
-37.313053 -728.166382 0.664298 21
-41.649803 -731.841431 10.273553 21
-57.086090 -733.881287 22.819687 21
-43.881477 -727.764282 13.201867 21
-63.230011 -726.231018 23.539028 21
-59.805466 -732.188477 23.147011 21
-57.884007 -727.503784 27.449280 21
-40.490379 -728.974487 7.068928 21
-45.744713 -727.706177 14.809920 21
-59.933079 -731.541992 20.580896 21
-52.261642 -731.742004 18.379677 21
-59.580841 -728.435242 26.607267 21
-37.615562 -728.459045 1.617073 21
-45.635895 -727.699341 13.133745 21
-56.388218 -721.780151 19.933426 21
-41.339825 -728.059448 11.162679 21
-55.167057 -728.850220 23.075960 21
-52.558968 -729.411255 16.839827 21
-37.902416 -729.747742 2.634690 21
-43.784138 -727.713562 14.246984 21
-50.205147 -725.718384 17.068602 21
-47.574112 -725.909912 16.398220 21
-51.002350 -730.628784 17.327692 21
-52.762451 -730.228088 17.993654 21
-38.071312 -728.059509 6.515213 21
-37.390305 -727.683533 2.493722 21
-47.316597 -728.501038 13.290133 21
-48.399673 -728.532104 14.281966 21
-60.599953 -731.351257 21.589401 21
-50.039410 -732.292542 18.288429 21
-50.819092 -728.701965 20.910679 21
-47.542347 -727.783752 17.387339 21
-50.788059 -727.699646 21.413420 21
-61.041828 -730.881592 23.619278 21
-60.165993 -723.524170 22.567236 21
-62.140511 -729.763611 22.923021 21
-52.567760 -731.115295 18.234587 21
-63.444656 -726.935425 30.196375 21
-45.134796 -726.084778 16.084255 21
-53.040554 -733.005554 19.930700 21
-61.539017 -730.334412 20.925362 21
-54.328178 -727.825195 24.473846 21
-60.309177 -726.399414 29.443409 21
-37.693481 -730.779724 0.369063 21
-44.418808 -730.552856 15.193446 21
-54.916557 -726.797058 24.366310 21
-49.870693 -727.741211 15.732839 21
-50.218586 -728.933167 20.327240 21
-60.718784 -725.149902 22.917852 21
-38.599258 -730.781128 6.438927 21
-57.517445 -724.355774 19.220028 21
-56.964928 -729.173218 25.011898 21
-37.371979 -727.912537 1.240180 21
-38.163860 -729.248901 3.360369 21
-37.495197 -730.721985 6.118282 21
-45.047150 -726.537842 15.108694 21
-46.746418 -725.766846 16.324579 21
-56.940868 -726.602722 26.658871 21
-43.123386 -727.751038 14.246588 21
-52.813671 -727.269592 21.008476 21
-56.139881 -734.112183 22.532408 21
-58.382965 -723.480286 20.266527 21
-36.714211 -731.867615 -1.699178 21
-60.597080 -724.721680 23.304977 21
-46.841259 -731.967957 17.394964 21
-59.968830 -725.884827 21.334414 21
-40.760403 -728.383545 10.860723 21
-39.279877 -729.242188 8.595180 21
-46.863922 -726.869263 14.716520 21
-48.016495 -724.209534 17.392960 21
-47.406170 -727.184875 14.843628 21
-46.604668 -728.469055 17.595661 21
-62.404526 -729.341980 24.256367 21
-49.561451 -730.555969 16.419416 21
-42.605034 -729.845825 11.119716 21
-53.769245 -732.540466 19.478313 21
-54.510387 -730.676636 18.755262 21
-40.445061 -729.054260 10.214816 21
-53.491032 -730.409851 18.380636 21
-58.713078 -727.171509 20.756060 21
-39.833424 -728.019226 7.483200 21
-35.913883 -729.155029 3.894689 21
-38.471420 -729.336426 4.128035 21
-40.041664 -728.955811 9.474382 21
-49.126171 -730.391541 16.051678 21
-35.717888 -728.336731 0.386032 21
-51.702599 -728.057129 21.720608 21
-48.831608 -723.867554 17.623552 21
-58.081551 -728.452271 25.521997 21
-56.941479 -727.553894 26.742294 21
-49.719360 -728.657043 15.119438 21
-42.052361 -731.364258 11.029676 21
-50.296337 -727.356567 19.591101 21
-56.399117 -732.802429 20.763491 21
-54.178680 -732.702698 19.850573 21
-48.968826 -727.726440 19.127539 21
-41.229668 -730.568237 11.439958 21
-37.804859 -730.575989 4.490821 21
-36.263241 -729.205444 4.636960 21
-38.070210 -730.177734 3.980619 21
-47.280323 -728.802490 17.536144 21
-60.165588 -724.154907 22.738314 21
-51.830971 -727.284851 21.693207 21
-61.253262 -727.222595 22.456303 21
-42.958351 -729.942566 13.662267 21
-36.418621 -730.755066 1.714955 21
-51.544155 -731.670837 18.120224 21
-39.414509 -728.888672 5.658799 21
-58.690308 -727.142761 26.215851 21
-46.273659 -727.666504 15.385577 21
-63.596191 -724.518066 30.703867 21
-55.464985 -726.818848 25.149487 21
-42.472359 -733.150696 10.675494 21
-36.742165 -728.920593 5.402857 21
-45.888657 -728.562561 12.171884 21
-53.116245 -729.135437 22.146706 21
-55.214722 -728.206604 24.033411 21
-53.144337 -732.659363 19.505363 21
-58.991604 -724.514771 20.177999 21
-54.290695 -727.196228 22.312767 21
-53.846519 -728.354797 23.547401 21
-59.652546 -725.612366 28.019482 21
-44.337879 -727.065125 13.812022 21
-42.488853 -731.778564 10.450093 21
-50.132507 -722.864624 17.767689 21
-43.665615 -727.897522 11.691923 21
-60.494740 -727.107056 28.172628 21
-38.404930 -727.875122 6.938772 21
-60.243614 -731.779175 23.186974 21
-59.661747 -731.983521 22.214890 21
-42.414055 -727.850159 11.514396 21
-63.730244 -727.043823 30.897804 21
-44.828121 -727.337036 13.386405 21
-55.867760 -727.250610 19.036980 21
-53.768475 -721.657166 18.711977 21
-45.386139 -726.868103 14.236048 21
-49.113060 -733.205078 19.665020 21
-42.625610 -728.418213 12.898707 21
-43.805294 -727.163940 14.897985 21
-50.409157 -730.404907 16.816509 21
-53.000099 -727.910522 23.187389 21
-62.962658 -727.978088 23.636030 21
-50.711967 -731.205444 17.518259 21
-49.990040 -732.888550 19.128515 21
-61.216206 -731.015076 21.760462 21
-51.994068 -730.042786 17.520082 21
-53.435051 -728.273560 17.529697 21
-52.192627 -734.030762 21.419575 21
-44.787224 -727.794617 12.399123 21
-62.616516 -730.215210 23.975386 21
-36.298256 -730.921753 0.550444 21
-39.670597 -730.444275 9.427127 21
-48.504532 -731.043335 16.318735 21
-41.232384 -732.232483 10.188068 21
-61.566643 -725.416809 24.497963 21
-52.678135 -727.005920 22.032537 21
-35.134239 -728.910461 1.787703 21
-44.599113 -729.193054 14.599030 21
-48.321529 -733.320740 19.829765 21
-63.036129 -728.166992 23.112486 21
-37.448849 -730.601013 3.307494 21
-59.133816 -732.348694 21.393217 21
-52.573086 -733.623596 20.860931 21
-50.571728 -727.882568 20.799929 21
-53.162762 -729.763184 17.938219 21
-47.480671 -726.386841 15.522694 21
-40.651222 -730.964600 9.487622 21
-37.924332 -728.569702 2.924923 21
-53.126457 -734.042908 21.700018 21
-49.283684 -731.182495 16.800388 21
-50.842743 -727.585571 18.959044 21
-48.773945 -728.537537 19.731274 21
-39.225773 -729.831238 5.639299 21
-57.658306 -722.743347 20.938940 21
-37.688946 -727.846313 4.740479 21
-55.121933 -732.932434 20.529989 21
-47.791340 -732.495239 18.038727 21
-39.655682 -729.453552 5.904416 21
-54.243046 -733.656555 21.723309 21
-46.015186 -726.067322 16.628691 21
-60.291813 -727.122375 26.654350 21
-45.699940 -726.185120 15.935147 21
-51.783634 -722.911377 18.299307 21
-54.963375 -722.963074 19.101484 21
-52.601307 -727.472290 22.805973 21
-38.589249 -727.727051 7.582413 21
-36.442139 -729.508118 5.743341 21
-45.299397 -731.075500 15.865793 21
-48.843365 -727.597900 17.040180 21
-35.912468 -730.618225 -0.408920 21
-57.542885 -722.913452 20.304747 21
-36.867565 -727.865356 4.187754 21
-48.974453 -724.703430 17.319307 21
-61.802856 -730.215698 24.205645 21
-61.776779 -726.523315 28.646448 21
-48.949524 -732.438049 18.169239 21
-39.775158 -728.284363 9.344213 21
-57.964737 -731.885010 19.690834 21
-49.602322 -733.412109 19.999121 21
-51.964939 -732.993408 19.674307 21
-56.036053 -732.137268 19.332012 21
-51.662296 -732.407043 18.832026 21
-48.151222 -727.622864 17.764067 21
-55.047058 -729.254517 23.457869 21
-48.083710 -727.896973 18.364677 21
-39.459194 -728.686157 8.810481 21
-41.961540 -729.754944 9.092994 21
-53.480053 -727.112610 23.107714 21
-62.379654 -726.453430 22.391285 21
-49.641293 -731.926147 17.601280 21
-53.935146 -732.147827 19.032240 21
-58.972382 -726.523193 28.514875 21
-41.393532 -730.061218 8.971307 21
-57.030712 -731.578308 19.293974 21
-48.171501 -725.874451 16.213661 21
-41.503510 -728.407898 8.797494 21
-52.051456 -727.500244 20.136040 21
-49.149803 -727.600281 15.448074 21
-37.155884 -731.036743 3.887564 21
-48.250000 -726.388916 15.930852 21
-63.114223 -725.771912 23.027988 21
-54.162811 -726.849365 24.078041 21
-53.033562 -728.421265 22.838203 21
-50.320385 -723.729370 17.897186 21
-55.569653 -727.259766 25.668417 21
-50.910316 -728.466064 15.860324 21
-49.976830 -726.068481 16.742605 21
-35.554665 -729.285706 -1.583709 21
-59.447502 -728.243896 26.120104 21
-59.628792 -723.619873 22.585831 21
-40.810936 -729.124329 7.489106 21
-47.431385 -732.811218 19.041626 21
-61.926872 -725.860779 27.515347 21
-64.891861 -726.254700 31.616119 21
-51.656563 -725.359863 17.615213 21
-47.240582 -730.911377 15.483819 21
-56.870056 -723.753967 19.167881 21
-51.054417 -727.179199 20.507490 21
-37.594173 -730.229736 0.322958 21
-44.814705 -728.550964 11.617342 21
-53.710571 -727.143799 22.153011 21
-54.659271 -724.972290 18.289448 21
-48.975334 -727.107117 15.640366 21
-38.337433 -728.363159 7.698853 21
-35.820026 -729.699158 2.851240 21
-55.240852 -727.944946 24.907028 21
-46.836533 -727.838989 14.141038 21
-38.539822 -727.999329 4.881080 21
-64.391052 -724.701233 31.078644 21
-55.446857 -731.289612 19.002090 21
-35.468628 -729.363770 -0.943151 21
-40.177223 -730.623108 10.519407 21
-40.063770 -728.673584 6.518626 21
-60.609337 -731.347046 20.878494 21
-41.468021 -728.912903 11.485827 21
-44.732849 -730.884277 16.738850 21
-37.561855 -730.399902 2.708564 21
-62.666485 -728.483398 24.012604 21
-37.087490 -730.811035 1.312692 21
-62.853111 -728.621521 22.099680 21
-54.509350 -726.024292 18.369871 21
-35.472153 -729.975037 -0.058107 21
-36.696045 -731.032715 4.267010 21
-52.908035 -727.548584 17.513868 21
-42.331036 -732.790771 10.297597 21
-38.420959 -730.299255 6.751665 21
-38.588528 -728.930359 7.817499 21
-47.870350 -729.732971 13.970406 21
-58.227074 -726.471741 20.255747 21
-35.764683 -730.586426 2.323596 21
-48.887642 -728.778259 19.203138 21
-63.360859 -726.098389 31.106573 21
-35.722649 -729.161682 2.362518 21
-46.135811 -729.474487 12.528342 21
-38.985489 -730.235840 8.105484 21
-38.990047 -729.140747 9.040402 21
-63.319675 -726.712219 30.918495 21
-36.943043 -727.953491 2.087441 21
-40.598637 -731.014404 10.423147 21
-61.054642 -726.754883 29.589035 21
-43.138702 -729.290161 13.427246 21
-50.575516 -725.436890 17.340940 21
-35.219662 -729.153931 0.474118 21
-51.529629 -734.015015 21.096161 21
-48.556450 -729.860901 14.535331 21
-46.272274 -728.508667 17.185806 21
-47.987057 -731.085388 16.125116 21
-62.579212 -725.866699 30.749550 21
-38.012615 -729.098267 -0.902277 21
-36.070644 -731.364868 0.300402 21
-43.028545 -727.682861 12.438692 21
-59.150955 -723.170105 22.402367 21
-57.085239 -733.458740 22.427979 21
-49.404171 -728.422791 19.715313 21
-48.104401 -728.940979 13.833491 21
-39.669693 -728.318787 8.345137 21
-59.731266 -727.379944 27.607349 21
-58.768120 -726.043701 27.772429 21
-50.996674 -732.436340 18.762047 21
-50.190884 -733.112854 19.586349 21
-38.039478 -728.779663 1.104523 21
-60.519653 -725.584778 22.051996 21
-59.040173 -726.766663 20.927483 21
-63.828369 -724.748352 31.241970 21
-60.443645 -731.529724 22.342319 21
-61.060394 -730.953125 22.523424 21
-62.653427 -724.893921 29.004917 21
-54.703320 -731.508789 18.854874 21
-61.576115 -725.485535 29.788664 21
-38.044392 -729.704834 3.153228 21
-52.932602 -732.065063 18.827021 21
-50.116886 -733.410645 20.028854 21
-36.205719 -731.181946 1.989544 21
-38.326241 -727.841675 5.995516 21
-62.868923 -728.152161 21.887438 21
-63.162758 -726.403564 22.819481 21
-35.388916 -729.914062 -0.800266 21
-50.097664 -724.672852 17.626051 21
-36.782352 -730.453186 5.471840 21
-54.737934 -726.911743 18.520565 21
-53.423740 -731.887451 18.767542 21
-53.702526 -727.402527 17.894958 21
-35.943016 -728.857361 3.467012 21
-38.271854 -728.657288 2.503498 21
-59.085491 -723.893372 21.000034 21
-44.255474 -728.717224 10.927640 21
-61.005840 -726.087646 30.107950 21
-38.414001 -728.596924 3.118455 21
-52.723431 -727.550964 20.189095 21
-42.373016 -728.056641 10.373610 21
-53.187214 -729.520935 23.077242 21
-50.815842 -728.892883 15.566185 21
-41.687767 -732.438171 10.757394 21
-44.953945 -726.548706 16.281044 21
-37.637020 -729.721924 0.744921 21
-51.854668 -728.710388 21.894993 21
-38.394272 -729.834534 4.238623 21
-51.734303 -729.536133 16.300396 21
-51.045921 -727.277954 21.181459 21
-52.430141 -728.851440 22.367687 21
-54.253891 -727.324890 18.211271 21
-49.955406 -729.628723 15.247015 21
-59.273174 -725.936157 20.559397 21
-42.412827 -728.556824 8.999931 21
-56.019970 -728.033752 25.119623 21
-61.690060 -726.270569 30.350662 21
-50.985752 -722.367065 18.170418 21
-45.306904 -729.477539 11.917310 21
-54.486382 -732.074585 19.031790 21
-49.499454 -725.216614 17.295874 21
-59.534531 -728.780701 26.035324 21
-45.598389 -728.970337 15.782900 21
-40.164917 -729.709839 6.929004 21
-42.002811 -729.152954 12.135245 21
-36.088745 -728.292847 2.851661 21
-41.441994 -731.513916 10.632658 21
-37.656506 -729.951294 1.754631 21
-53.955395 -726.840332 23.248974 21
-63.296322 -727.168701 23.528009 21
-40.691841 -732.082703 10.878589 21
-46.058205 -731.516663 16.696289 21
-49.447887 -729.411072 14.761527 21
-62.616020 -726.869202 29.403812 21
-55.441360 -733.708374 22.042667 21
-37.512646 -728.477844 -1.508448 21
-37.187096 -728.087646 5.491774 21
-60.788082 -731.252197 23.338173 21
-40.205780 -729.949585 10.030027 21
-55.671158 -729.293213 23.994823 21
-49.766308 -732.668945 18.701693 21
-62.451626 -729.657837 23.759308 21
-56.160961 -726.579834 25.546801 21
-48.373493 -732.865234 18.980797 21
-39.853775 -730.878357 8.233294 21
-54.302792 -731.200562 18.758371 21
-47.779224 -730.820251 15.744921 21
-37.039982 -728.113770 6.115540 21
-55.331264 -730.747375 18.966148 21
-51.811607 -730.757385 17.766943 21
-52.271461 -727.744934 22.463903 21
-43.147976 -729.781128 13.206760 21
-47.370003 -728.233459 17.621582 21
-36.448784 -727.872681 2.223815 21
-52.319679 -724.561890 18.038937 21
-49.614155 -726.653503 16.245323 21
-64.845459 -725.674805 31.572329 21
-36.088326 -728.213440 1.847959 21
-45.736996 -731.733032 17.762764 21
-57.040192 -726.394775 19.604534 21
-55.094582 -722.367371 19.302656 21
-62.564159 -729.130493 21.693678 21
-58.413506 -724.386475 19.717787 21
-60.025356 -727.061401 29.088400 21
-37.059101 -730.937561 1.801826 21
-53.191864 -731.162170 18.469254 21
-37.500751 -731.311218 -1.133373 21
-63.443466 -725.180725 30.732246 21
-56.513565 -728.521851 24.352716 21
-53.838528 -726.460083 18.130999 21
-39.532257 -728.029175 6.062840 21
-36.546535 -729.516479 5.180874 21
-43.758991 -729.059204 14.069455 21
-48.341187 -728.681030 18.706200 21
-55.152554 -725.148071 18.426714 21
-60.556717 -725.990173 29.590990 21
-40.647900 -728.522766 6.890201 21
-57.512299 -732.909790 21.797981 21
-41.366093 -728.589905 7.850754 21
-46.368168 -729.037598 16.480938 21
-54.306717 -722.936279 18.999578 21
-35.582607 -729.720947 1.610054 21
-48.264854 -727.267578 15.176949 21
-47.413944 -728.038513 14.068267 21
-58.494629 -733.122131 23.056471 21
-42.432667 -727.956665 10.972488 21
-56.109352 -726.249329 19.025690 21
-58.967331 -727.422241 28.139362 21
-42.436447 -727.739014 12.013650 21
-59.613960 -724.235779 20.995573 21
-40.543728 -729.897644 7.616488 21
-62.813808 -726.322144 29.592258 21
-51.908268 -723.740051 18.119087 21
-38.006821 -729.972168 6.799652 21
-57.877483 -726.520691 25.677485 21
-36.357811 -730.333557 3.149091 21
-56.417629 -724.319397 18.804350 21
-39.393948 -730.202454 9.766352 21
-59.203152 -725.018982 20.170197 21
-35.128906 -729.239746 -0.052922 21
-40.286407 -728.080139 7.685505 21
-37.782722 -728.947693 1.695850 21
-37.814754 -728.608337 -0.384120 21
-40.768650 -728.822815 10.553574 21
-40.795834 -728.149475 9.352593 21
-56.647991 -732.295898 19.601961 21
-38.308426 -730.712036 5.992952 21
-46.541389 -729.284668 12.708227 21
-61.292530 -725.574524 28.712358 21
-46.456211 -727.239075 14.309643 21
-51.658203 -733.563538 20.482140 21
-58.544853 -728.943420 26.127874 21
-59.695141 -724.182922 21.742943 21
-46.937775 -729.760498 13.291162 21
-40.615845 -728.120117 10.456299 21
-38.297951 -730.717163 7.041355 21
-38.922142 -729.204956 4.887067 21
-38.371574 -729.929749 6.382699 21
-58.804214 -722.719238 21.402122 21
-43.151272 -728.742188 13.279910 21
-45.147545 -726.404602 15.586191 21
-36.045544 -730.979187 1.428308 21
-37.044510 -727.923279 3.005156 21
-49.476700 -723.204163 17.615768 21
-46.586552 -728.229492 13.171235 21
-39.039581 -727.743896 6.674306 21
-55.702076 -729.589600 24.467432 21
-58.253960 -725.002197 19.498875 21
-61.149780 -724.926880 24.001905 21
-44.262314 -729.667297 11.194169 21
-55.274189 -729.156799 18.624537 21
-59.380882 -722.948730 21.893257 21
-41.985680 -731.404175 10.250826 21
-47.827480 -728.437805 18.165297 21
-55.008175 -725.896057 18.508112 21
-51.493248 -724.495056 17.945707 21
-49.006989 -732.958008 19.200687 21
-56.561859 -733.917603 23.005678 21
-38.140762 -727.783630 5.083437 21
-56.150440 -731.495605 19.166508 21
-53.596802 -725.636169 18.024805 21
-54.171402 -729.349792 23.160835 21
-59.400040 -733.095032 23.321707 21
-52.031837 -727.182983 20.995953 21
-55.178173 -723.803406 18.631653 21
-57.557827 -726.720093 27.362675 21
-48.627293 -727.672119 18.679462 21
-50.274754 -727.656006 20.407579 21
-44.211617 -727.483337 14.586221 21
-51.267124 -729.984070 17.104630 21
-55.926014 -721.751770 19.665373 21
-52.502697 -722.903503 18.477741 21
-43.595665 -727.236450 14.134749 21
-36.490959 -728.142273 3.827466 21
-63.939121 -726.050415 31.201265 21
-43.536873 -730.039673 14.671773 21
-56.927280 -724.907410 18.889994 21
-38.660934 -729.992065 7.209197 21
-53.915951 -733.043396 20.346243 21
-62.076748 -729.530945 21.156952 21
-39.069233 -727.866760 5.670132 21
-38.930946 -729.689636 7.909451 21
-35.948277 -730.698303 2.918019 21
-63.085018 -727.161438 22.836544 21
-58.102978 -732.545532 21.448231 21
-51.133179 -726.318420 17.056337 21
-58.748833 -725.636780 19.985418 21
-43.768482 -727.267639 13.602560 21
-39.516541 -730.116638 8.181133 21
-56.424412 -722.297119 20.066719 21
-37.537407 -731.109375 -0.650937 21
-46.564499 -732.428650 18.678640 21
-56.838516 -722.470703 20.511883 21
-51.305851 -727.401550 19.867958 21
-47.147198 -729.172607 16.932199 21
-61.470116 -725.826904 24.784212 21
-39.914303 -730.513306 8.645641 21
-57.509052 -733.384888 22.656389 21
-57.466393 -725.697754 19.398344 21
-37.639626 -728.316406 2.074073 21
-55.092106 -733.449829 21.442499 21
-38.060688 -729.162781 -2.525698 21
-61.395885 -730.803406 21.257792 21
-40.599182 -728.243225 8.339427 21
-62.878578 -724.509155 29.404718 21
-65.847565 -726.504211 31.620853 21
-50.429512 -729.900574 16.540981 21
-54.237305 -728.806030 22.576880 21
-38.105816 -730.504822 4.947415 21
-42.446728 -728.322327 9.576171 21
-54.471352 -722.091003 19.260988 21
-55.808186 -732.634521 19.962589 21
-49.871319 -724.199890 17.747850 21
-37.945385 -728.679382 0.640166 21
-44.410969 -730.648071 15.685935 21
-46.844070 -726.396057 15.509877 21
-50.803997 -722.781616 17.997086 21
-39.787521 -729.133118 9.117182 21
-59.663406 -726.927002 21.473116 21
-52.229694 -733.498840 20.542318 21
-36.648407 -731.124023 -0.366537 21
-44.499779 -726.855286 15.921410 21
-35.638660 -728.745117 3.824171 21
-61.839054 -725.474182 28.849756 21
-36.473003 -731.046448 3.602497 21
-45.978603 -726.471680 15.030952 21
-53.697388 -728.688477 17.429232 21
-43.243050 -727.375793 13.293080 21
-62.365025 -726.362122 22.995964 21
-61.404003 -726.921082 28.629238 21
-38.442520 -728.431030 3.566476 21
-46.445312 -726.070129 15.773603 21
-62.504658 -726.353638 30.676468 21
-52.401119 -730.647949 18.230116 21
-36.075127 -731.276001 -2.759432 21
-51.280708 -729.601868 16.019171 21
-39.882607 -731.021057 9.216188 21
-57.936573 -726.045349 26.779295 21
-62.507587 -725.258362 28.524103 21
-46.043846 -727.545105 13.531002 21
-51.603115 -725.807800 17.478689 21
-42.957867 -727.705383 13.533895 21
-59.931881 -726.245239 29.179081 21
-43.142094 -728.328979 10.294926 21
-62.243484 -726.141357 24.670593 21
-50.192444 -727.584961 18.497023 21
-55.889324 -722.894104 19.413532 21
-56.588802 -725.914978 19.114126 21
-55.727081 -729.463623 19.142563 21
-38.858154 -728.244385 5.320148 21
-52.497021 -728.340637 22.386129 21
-39.707893 -729.444519 9.516028 21
-56.676479 -728.095215 26.070930 21
-41.278564 -728.672668 11.935877 21
-51.194054 -728.771606 21.240721 21
-35.621277 -730.788635 -0.929608 21
-37.802849 -729.478455 1.456514 21
-37.260880 -730.749756 2.789452 21
-53.299023 -723.447083 18.594999 21
-41.492123 -729.540649 8.260932 21
-39.205669 -727.817383 7.610549 21
-60.519352 -726.114929 22.472980 21
-48.656307 -730.416870 15.783897 21
-37.027603 -727.946106 1.567791 21
-57.508209 -727.186157 19.892853 21
-36.208431 -728.065796 1.276391 21
-35.631786 -730.073669 2.590304 21
-56.290882 -732.684692 20.311489 21
-60.187798 -724.949646 21.652794 21
-35.469776 -730.474060 -2.285161 21
-63.043739 -727.149841 24.125513 21
-38.191414 -729.057678 7.583899 21
-58.668262 -732.376221 21.750227 21
-61.797237 -730.224670 23.275455 21
-60.787712 -725.150940 24.623018 21
-50.923092 -723.681702 17.956045 21
-55.449707 -733.035889 20.881823 21
-61.384113 -730.588806 22.695419 21
-45.267494 -727.823425 14.797968 21
-63.275322 -724.402527 30.342579 21
-41.576603 -730.760132 10.853254 21
-61.067192 -725.509888 29.177168 21
-57.893478 -732.967102 22.145870 21
-35.815994 -728.572571 2.520108 21
-35.691990 -728.665344 1.421703 21
-58.140411 -727.069519 25.769428 21
-42.401974 -727.979126 12.956863 21
-49.570694 -727.916748 20.315786 21
-37.032799 -730.395752 4.802750 21
-53.278580 -727.393250 21.110634 21
-39.497746 -730.322449 5.757336 21
-36.654526 -728.022339 0.380205 21
-39.527130 -728.497620 5.912784 21
-57.125061 -732.599792 20.571224 21
-47.426952 -728.418823 13.767822 21
-59.464928 -731.785217 20.369280 21
-49.041374 -731.708679 17.128372 21
-53.376938 -727.188110 23.562841 21
-42.210365 -728.159790 12.392055 21
-45.355148 -731.511536 17.550379 21
-64.208755 -726.374451 31.432877 21
-51.085228 -733.272095 20.027426 21
-52.011715 -727.122314 17.131426 21
-57.343884 -726.432190 26.836531 21
-35.675518 -730.460876 1.574080 21
-36.588001 -728.866943 5.894754 21
-43.032791 -729.559937 14.098285 21
-56.807484 -733.166870 21.278591 21
-41.847431 -730.614868 11.214701 21
-48.445610 -729.827881 15.207912 21
-42.728359 -728.130920 13.323201 21
-59.980392 -726.404358 21.912481 21
-62.909927 -726.634583 24.042767 21
-36.413883 -730.330688 3.698871 21
-43.030972 -732.428528 10.560143 21
-41.723209 -728.106384 9.615736 21
-35.426216 -729.170593 3.362858 21
-45.448685 -729.469971 15.011454 21
-41.542904 -728.619568 8.378900 21
-36.619587 -728.087402 -0.107544 21
-55.573711 -724.833862 18.498365 21
-50.002132 -730.551270 16.642822 21
-35.525852 -729.920105 0.686876 21
-48.582527 -725.395752 16.840620 21
-48.299286 -731.693237 16.819189 21
-41.012680 -729.033691 7.073579 21
-62.465462 -726.887817 30.053823 21
-58.455891 -722.976379 20.991474 21
-50.495132 -731.624939 17.688131 21
-57.547142 -727.179749 27.393265 21
-38.899265 -729.637817 5.108922 21
-35.949425 -730.556763 0.682253 21
-52.283485 -727.244080 21.960440 21
-36.849773 -731.133972 2.738240 21
-47.381023 -729.289978 13.334183 21
-55.438679 -732.071350 19.166121 21
-41.047741 -729.996094 10.398407 21
-61.642483 -727.023254 22.874487 21
-48.579426 -732.216858 17.576509 21
-36.661488 -728.451904 4.867484 21
-36.290119 -731.130981 3.095949 21
-35.944561 -729.622681 3.908409 21
-59.425987 -732.472778 23.208944 21
-41.082424 -729.302734 10.930489 21
-51.347023 -733.657959 20.868698 21
-43.676014 -728.525085 13.865073 21
-51.500359 -724.007080 17.950338 21
-52.883270 -727.103455 21.623369 21
-39.217060 -728.269104 8.424034 21
-37.088043 -731.004272 0.490567 21
-47.930511 -730.221375 15.167956 21
-60.713486 -724.286804 23.444031 21
-64.632561 -725.164246 31.053034 21
-38.662136 -728.650269 8.197778 21
-56.056702 -725.241089 18.694983 21
-49.187099 -724.399841 17.579704 21
-51.431179 -726.674683 17.092026 21
-37.744556 -728.035706 2.938891 21
-37.228779 -728.305298 -1.135756 21
-61.234932 -725.943115 24.191343 21
-50.570290 -726.749756 16.613035 21
-43.106678 -728.513855 9.686836 21
-36.167713 -731.504578 -0.401237 21
-40.440041 -729.851746 10.505281 21
-63.082951 -725.274414 30.371790 21
-56.857162 -726.461487 26.199873 21
-41.699688 -729.784058 10.896261 21
-51.368214 -728.017883 21.405266 21
-43.707790 -729.621948 10.676313 21
-47.194523 -725.812744 16.146112 21
-57.802013 -724.951782 19.299356 21
-49.669632 -727.586975 19.671030 21
-57.772243 -732.377563 20.355486 21
-44.236351 -729.687927 14.259501 21
-44.905724 -729.103760 14.968582 21
-37.671955 -728.392090 7.203038 21
-54.968006 -730.313049 18.941151 21
-56.856941 -722.966370 19.514618 21
-52.301971 -729.017090 21.416451 21
-62.135063 -726.373657 27.670801 21
-52.774136 -728.410461 17.049952 21
-60.791843 -730.847290 20.520153 21
-40.714931 -729.445190 9.995097 21
-62.408226 -729.601562 23.289381 21
-63.877686 -726.897156 31.423063 21
-62.746067 -728.999634 23.233858 21
-49.669292 -728.760681 19.958746 21
-58.799057 -728.627197 25.840765 21
-44.086555 -726.822876 14.738454 21
-37.130470 -728.863098 6.710521 21
-38.457268 -728.551208 4.173805 21
-60.914558 -725.728638 23.701735 21
-38.493961 -730.231384 5.001367 21
-36.455284 -731.616028 -1.989526 21
-45.344788 -731.232788 17.068037 21
-44.226067 -730.519531 16.089622 21
-42.797859 -727.840881 11.243197 21
-52.861904 -728.981934 22.739464 21
-46.766510 -732.121033 17.822367 21
-46.716156 -726.550354 15.076611 21
-60.198421 -724.032898 23.297230 21
-39.663074 -727.614502 7.653933 21
-47.218197 -730.402893 15.045237 21
-53.356327 -728.628723 22.554695 21
-62.227852 -726.178162 28.858765 21
-36.001621 -730.419067 1.233333 21
-62.496906 -729.509277 22.047388 21
-40.181995 -728.132996 6.477704 21
-51.970379 -726.170776 17.451727 21
-44.484531 -726.890808 14.302704 21
-37.327602 -727.952148 4.143751 21
-53.021233 -723.710144 18.310320 21
-60.831631 -725.591736 23.082397 21
-56.364456 -732.975098 21.187250 21
-46.458164 -728.007751 13.553425 21
-63.723877 -727.218323 30.430210 21
-55.706902 -722.483276 19.558699 21
-37.611183 -728.761353 0.942712 21
-51.930466 -732.031860 18.488754 21
-37.204502 -730.929932 5.201111 21
-57.170612 -722.380127 20.172007 21
-39.928204 -727.951294 7.932681 21
-37.452229 -729.239563 6.881497 21
-62.796936 -724.483337 28.796139 21
-57.959728 -727.135437 20.246809 21
-52.811733 -727.069336 22.813313 21
-57.921013 -725.823242 19.695450 21
-54.700195 -724.496765 18.353010 21
-46.644051 -727.700989 15.887977 21
-52.612110 -725.729431 17.744059 21
-43.740841 -727.537109 12.570517 21
-56.258301 -726.636719 19.227898 21
-35.816620 -731.119019 -2.063282 21
-53.180710 -725.363037 17.990553 21
-43.723530 -728.785095 10.430679 21
-48.929981 -727.861267 15.003142 21
-61.829765 -727.037598 27.143095 21
-38.112076 -729.668335 7.520379 21
-39.441811 -730.060974 9.304832 21
-45.485710 -728.334534 12.149466 21
-54.459705 -728.554077 17.966438 21
-51.088463 -731.917236 18.142490 21
-59.876503 -725.197815 20.911562 21
-60.640659 -725.712036 29.206289 21
-54.642223 -728.110046 24.193577 21
-52.920368 -724.275757 18.224257 21
-54.579697 -733.799927 22.157118 21
-43.776730 -727.342224 13.058183 21
-37.896347 -729.357605 2.383919 21
-53.626945 -734.002563 21.971724 21
-55.926350 -728.970764 23.796404 21
-39.033855 -730.115173 5.932690 21
-58.960880 -732.058167 20.420685 21
-49.498772 -728.581299 20.444962 21
-59.762352 -731.910767 21.773375 21
-40.359394 -728.355774 10.052021 21
-35.702740 -728.418457 1.052346 21
-55.153790 -721.568604 19.222008 21
-47.829563 -729.392883 13.674801 21
-42.248844 -731.281250 10.606019 21
-62.883690 -725.888855 23.608416 21
-50.179741 -727.697815 20.951418 21
-46.038792 -726.178589 15.617733 21
-59.163456 -728.962585 25.860840 21
-59.216404 -732.178711 22.227064 21
-37.905666 -728.726135 -1.427174 21
-49.929050 -728.251221 15.459646 21
-43.811314 -727.199402 15.348064 21
-59.856022 -731.785645 23.389465 21
-41.468472 -731.976807 11.004393 21
-55.446575 -726.467041 18.786015 21
-43.856918 -730.107849 15.210876 21
-47.889194 -726.588562 15.627696 21
-38.127373 -728.790100 3.424845 21
-56.996315 -726.011536 19.377184 21
-37.892868 -730.820679 5.857241 21
-52.983990 -721.909668 18.816364 21
-57.861790 -726.319092 19.973866 21
-58.151791 -727.320007 27.760561 21
-38.201672 -729.426147 -1.749621 21
-63.853142 -724.109985 30.632647 21
-37.689041 -729.937744 7.115139 21
-48.252663 -732.580261 18.418037 21
-42.899422 -728.937622 9.584158 21
-38.125359 -729.862610 -1.191251 21
-58.069984 -722.607422 21.340469 21
-53.474136 -726.070251 18.001225 21
-45.232601 -727.897278 12.672742 21
-55.509941 -724.346436 18.536125 21
-37.929905 -727.772766 4.035863 21
-62.541996 -725.862183 27.859879 21
-41.757168 -728.072937 12.409174 21
-61.987675 -725.703613 30.386734 21
-52.920544 -726.265137 17.817543 21
-53.157772 -730.182495 18.215528 21
-49.926987 -727.430298 19.271847 21
-54.238209 -726.806763 23.593750 21
-58.700356 -723.786072 20.499447 21
-46.329140 -725.711426 16.533482 21
-58.627758 -731.925171 19.949692 21
-55.609402 -727.659485 19.238165 21
-51.207558 -728.813538 21.743435 21
-46.688614 -728.305786 17.066977 21
-38.013512 -730.027649 3.552306 21
-37.457432 -728.168335 0.227524 21
-64.789703 -726.714417 31.622025 21
-48.430267 -723.917542 17.433023 21
-48.688770 -726.555542 15.967856 21
-56.522945 -727.606506 19.632879 21
-50.146900 -728.150574 20.354053 21
-46.167095 -732.186340 18.419949 21
-39.120411 -727.799072 8.052288 21
-41.597004 -731.584839 9.469255 21
-57.118294 -732.389893 19.888321 21
-35.614246 -730.803040 -1.446811 21
-60.797768 -724.802917 23.702589 21
-49.230698 -725.440613 16.885046 21
-49.772781 -727.496765 18.844107 21
-40.191364 -728.480225 7.490047 21
-58.222008 -726.682007 27.957382 21
-60.228424 -725.540771 21.695995 21
-45.848705 -727.981689 12.884939 21
-46.319836 -728.185730 16.438654 21
-61.520180 -726.572388 27.248981 21
-35.501518 -729.479004 -0.112670 21
-49.486092 -732.957703 19.169920 21
-57.581459 -732.537903 20.862104 21
-36.722271 -730.620911 3.152054 21
-44.823505 -728.105591 14.725340 21
-57.673985 -723.654663 19.661079 21
-49.077435 -726.239502 16.333513 21
-55.626003 -729.960999 19.403101 21
-53.173878 -722.462952 18.847082 21
-61.760956 -726.940613 29.909649 21
-48.524849 -725.850525 16.559586 21
-46.222183 -725.367249 17.148685 21
-49.332127 -725.867920 16.702290 21
-35.810909 -731.141479 -0.039992 21
-60.574158 -725.169250 22.510572 21
-40.704708 -731.412231 10.254789 21
-52.305878 -722.110718 18.532784 21
-57.411648 -726.522583 19.799419 21
-50.086857 -731.067139 17.142052 21
-48.624584 -727.986023 19.084665 21
-44.844555 -730.926392 15.990936 21
-54.637852 -729.306458 23.267412 21
-48.102100 -732.965942 19.309620 21
-35.478168 -729.109802 -0.525183 21
-35.452358 -730.300171 0.903079 21
-35.759151 -730.468018 0.142053 21
-53.698296 -728.077759 17.834793 21
-53.907978 -724.841736 18.168024 21
-40.185371 -728.888062 9.897691 21
-45.249855 -727.419861 13.296330 21
-52.099316 -729.043457 22.131382 21
-51.186989 -727.605347 19.260574 21
-36.483738 -728.851257 4.860645 21
-38.602455 -728.371216 4.623091 21
-49.547733 -727.686584 17.683380 21
-50.931339 -725.133789 17.557079 21
-47.791046 -723.826782 17.414488 21
-51.785473 -722.455078 18.274845 21
-44.999928 -728.587708 15.277609 21
-58.671394 -733.484070 23.235210 21
-56.743240 -726.719055 19.524786 21
-55.296261 -721.886902 19.491695 21
-51.193764 -727.115723 16.697477 21
-51.061436 -723.272705 18.071341 21
-47.739010 -725.541016 16.617891 21
-35.216660 -728.988586 1.074059 21
-40.141262 -728.049438 7.152658 21
-39.263439 -730.438843 7.839725 21
-37.566162 -729.385376 7.707463 21
-52.416557 -727.051941 17.389231 21
-39.256504 -729.864258 8.945892 21
-42.515381 -729.046082 12.644440 21
-47.148647 -728.919678 13.131014 21
-41.777157 -729.082458 8.510882 21
-37.246601 -727.860962 3.390169 21
-51.371410 -728.587830 16.042782 21
-49.384262 -732.535278 18.436409 21
-38.579857 -728.114014 7.401105 21
-54.038383 -729.777710 18.470068 21
-40.460472 -730.219238 10.295227 21
-43.505577 -727.877380 12.983022 21
-62.230740 -725.102844 29.459791 21
-58.964935 -732.656433 22.669798 21
-44.476120 -727.483582 13.017299 21
-58.182899 -723.553833 19.882290 21
-47.053772 -727.870911 16.914030 21
-41.243347 -731.131470 9.651290 21
-35.598366 -729.198486 0.681141 21
-55.952538 -726.896606 25.871141 21
-54.162716 -723.585022 18.621567 21
-62.203419 -730.002563 21.806416 21
-45.422794 -728.209045 15.525934 21
-41.087990 -730.481934 10.925828 21
-36.036770 -728.541748 4.541934 21
-56.102097 -729.194519 19.123634 21
-50.660191 -732.658569 18.951694 21
-50.799221 -730.409607 17.021376 21
-50.625214 -731.911499 17.978037 21
-45.228931 -730.971924 16.745811 21
-46.930092 -732.351196 18.452623 21
-40.052311 -731.128845 8.534225 21
-58.405014 -726.946594 20.562450 21
-58.226799 -732.092163 19.951160 21
-37.368961 -730.503601 2.072049 21
-50.150040 -728.774292 15.304719 21
-41.706223 -729.200684 11.795011 21
-48.135056 -728.375305 18.479528 21
-38.498306 -730.355591 7.501946 21
-55.994720 -728.244385 25.495464 21
-46.467251 -728.741028 16.809374 21
-48.213566 -729.808655 14.285499 21
-54.636417 -721.707153 19.168394 21
-36.553677 -731.190491 1.202951 21
-54.508896 -729.701843 18.671637 21
-56.627884 -725.449219 18.973230 21
-60.577465 -726.733765 29.559019 21
-60.270454 -725.684326 28.666071 21
-54.888195 -729.556030 23.983555 21
-53.779015 -722.087646 18.993820 21
-45.519611 -726.157837 16.322817 21
-60.479824 -724.569092 24.078691 21
-48.531952 -723.376099 17.446388 21
-37.360367 -730.920105 0.816870 21
-38.033539 -727.816956 5.503213 21
-49.253693 -723.621765 17.638369 21
-59.745544 -724.402100 21.362131 21
-47.368504 -726.054077 15.810089 21
-57.154415 -724.062256 19.130665 21
-48.282475 -724.654419 17.399664 21
-51.732067 -727.532227 19.854469 21
-64.705757 -725.634094 31.159220 21
-36.033310 -728.887634 4.819090 21
-36.312824 -728.017578 2.616958 21
-40.469551 -731.116882 8.691616 21
-56.302979 -728.980957 24.192413 21
-37.673649 -727.967407 3.360615 21
-61.800419 -730.282593 23.725410 21
-37.963551 -730.613953 6.726143 21
-60.412556 -724.373474 23.153599 21
-61.320492 -726.480591 24.131052 21
-36.958431 -730.311646 5.902472 21
-54.046997 -733.610046 21.350126 21
-42.081097 -728.502380 12.121205 21
-55.466049 -727.809143 25.236324 21
-50.528248 -728.901123 20.666874 21
-59.449486 -726.311707 28.831230 21
-42.706173 -729.236023 13.379020 21
-53.498985 -728.104248 23.553852 21
-51.006283 -729.132690 21.002096 21
-36.048737 -729.814453 3.529270 21
-55.666092 -723.576477 18.898897 21
-44.013309 -730.156677 14.787670 21
-37.303387 -728.444580 6.765356 21
-52.571720 -731.922424 18.603296 21
-38.701717 -730.514404 6.084841 21
-49.111385 -729.921814 15.005471 21
-59.736294 -731.869995 20.930075 21
-55.782394 -725.669922 18.754801 21
-54.165737 -729.592285 23.597401 21
-54.270054 -728.257080 23.628588 21
-55.210602 -729.478943 18.916046 21
-58.987415 -726.265320 20.593956 21
-40.105923 -730.603882 9.883597 21
-45.590954 -726.018921 16.724470 21
-37.712345 -730.383850 3.556301 21
-63.332802 -724.148926 29.979002 21
-37.561188 -727.926514 5.755381 21
-54.973824 -729.896423 18.851454 21
-51.988644 -727.780945 19.433041 21
-47.436375 -724.472107 17.425411 21
-57.932076 -732.868774 21.657183 21
-60.023823 -731.727295 21.486147 21
-62.879757 -726.922058 30.187475 21
-59.054398 -728.080872 26.055679 21
-40.728008 -730.588806 10.511406 21
-35.721710 -731.192017 -1.012441 21
-62.087479 -726.374268 29.238684 21
-61.812820 -726.137878 24.749002 21
-47.462021 -725.049866 17.155560 21
-49.900772 -728.634827 20.318913 21
-60.028389 -727.354431 28.098774 21
-43.433342 -729.757385 14.281472 21
-43.296864 -727.931274 13.899587 21
-53.460281 -730.827881 18.471130 21
-55.967834 -727.705261 25.922302 21
-44.170891 -726.939697 15.170170 21
-63.033588 -723.975403 29.477669 21
-36.048412 -730.376099 3.458991 21
-42.843258 -729.518616 9.731517 21
-64.120544 -727.060059 31.079948 21
-46.299973 -732.024414 17.997488 21
-52.500122 -723.542114 18.381311 21
-42.392612 -730.988098 10.891957 21
-45.621803 -727.112122 13.991810 21
-58.533745 -732.275635 20.709967 21
-38.057148 -728.132690 6.923707 21
-56.815273 -727.233521 19.519630 21
-35.657814 -728.722717 0.519132 21
-36.515705 -730.708740 4.519621 21
-37.398594 -730.983154 0.138696 21
-51.623981 -732.850403 19.372747 21
-36.094521 -730.912659 -0.829776 21
-37.874725 -730.712585 5.236016 21
-55.308929 -731.687073 18.945938 21
-37.566738 -730.771545 2.504645 21
-46.523251 -725.025452 17.089502 21
-61.701447 -730.420654 22.320179 21
-41.557583 -731.258301 10.928346 21
-55.249687 -729.361816 23.813290 21
-47.013302 -728.497314 17.449797 21
-57.813534 -733.400208 22.999887 21
-46.100643 -731.720337 17.192339 21
-45.935459 -727.970825 15.741054 21
-62.491848 -729.411926 22.458794 21
-46.361347 -728.501465 12.919070 21
-57.253178 -732.760803 21.307314 21
-54.648323 -728.326294 23.400101 21
-40.427223 -728.165833 6.826479 21
-46.659054 -728.883728 12.809328 21
-38.048508 -729.100769 0.030048 21
-36.223198 -728.825439 4.280577 21
-52.334576 -725.015869 17.888033 21
-61.065407 -730.660706 24.039082 21
-50.720169 -728.291687 20.845694 21
-50.968552 -727.821960 16.310854 21
-56.313560 -727.289795 26.334249 21
-47.760216 -729.084595 17.604952 21
-59.089104 -733.367004 23.258541 21
-57.302513 -727.925720 26.759830 21
-38.732712 -728.910645 8.810489 21
-55.410301 -733.251770 21.284210 21
-37.739239 -730.908020 3.725971 21
-42.116032 -729.808228 12.063115 21
-48.081032 -729.181641 17.892982 21
-44.428307 -729.293640 14.244680 21
-56.158066 -729.529541 24.684803 21
-41.910492 -730.981323 11.009569 21
-57.110439 -733.270874 22.042757 21
-54.215343 -728.763855 23.172762 21
-40.511723 -730.997192 9.887486 21
-55.280914 -725.578979 18.520470 21
-41.105083 -728.266541 8.888370 21
-58.629963 -726.740234 28.211525 21
-41.282280 -728.560364 11.308707 21
-55.041451 -727.252441 18.615925 21
-41.639439 -728.007202 11.501650 21
-62.496277 -728.964111 24.007246 21
-37.011398 -728.100769 -0.377072 21
-47.945724 -730.500000 15.549686 21
-40.959805 -728.511414 7.825843 21
-59.239807 -732.234985 23.684046 21
-49.106216 -728.670471 19.533056 21
-35.350826 -729.112976 2.172705 21
-52.639309 -733.087708 20.003420 21
-53.816620 -727.731018 23.933348 21
-63.506207 -726.965027 31.224115 21
-49.351864 -728.514893 14.947749 21
-62.564430 -726.412659 23.395372 21
-41.485058 -730.889526 10.472486 21
-45.831013 -726.825806 14.476127 21
-57.908169 -722.756775 20.609989 21
-49.995724 -727.616272 18.099821 21
-37.052773 -731.355347 -1.120857 21
-52.739895 -727.205261 22.442965 21
-62.401054 -728.877991 21.304180 21
-57.212521 -727.355957 27.072836 21
-57.770508 -724.116577 19.456722 21
-36.915142 -729.871887 6.189967 21
-60.738739 -731.281799 22.517809 21
-58.841335 -725.848877 27.417927 21
-59.495754 -725.523132 20.530645 21
-52.087852 -727.698120 17.028315 21
-47.778095 -728.618286 13.807493 21
-51.152706 -728.850281 15.788321 21
-45.189564 -728.473999 11.768548 21
-54.742405 -733.035767 20.637560 21
-39.629158 -728.766968 5.293597 21
-50.647446 -727.415527 19.291487 21
-51.687855 -723.371033 18.297611 21
-47.191952 -727.628113 14.140828 21
-57.911713 -727.206665 25.452673 21
-61.044209 -727.185364 29.330305 21
-53.593796 -729.106079 22.405725 21
-51.019417 -725.962646 17.224421 21
-39.935768 -727.578003 7.214768 21
-49.907639 -723.804688 17.717152 21
-60.134991 -731.161865 20.139088 21
-50.179478 -733.872986 20.574419 21
-51.934502 -727.309509 20.614098 21
-58.052078 -722.830139 20.987179 21
-53.493530 -726.907898 22.733774 21
-55.183945 -727.076111 25.316586 21
-48.741581 -730.669861 16.084980 21
-50.446331 -726.375000 16.776247 21
-55.524841 -727.061401 18.908243 21
-59.689777 -726.032776 21.057011 21
-44.392113 -727.706970 12.355728 21
-53.725475 -724.197327 18.340639 21
-36.218258 -731.451233 -1.070046 21
-38.850906 -728.582581 4.905582 21
-55.466469 -723.140198 19.129902 21
-61.404377 -726.405945 28.493519 21
-58.311928 -732.863831 22.259731 21
-35.620434 -729.388550 2.020521 21
-42.430332 -731.592163 10.799869 21
-36.496307 -730.054138 4.334315 21
-59.645454 -732.204468 22.770407 21
-63.124817 -723.851318 30.275780 21
-55.995056 -724.180847 18.691668 21
-42.199543 -732.542419 10.600108 21
-57.478931 -722.327209 20.946758 21
-45.467976 -731.202576 16.284470 21
-40.239075 -728.974976 6.759552 21
-50.858315 -733.098022 19.658348 21
-49.378506 -726.937378 15.941308 21
-36.554108 -730.464355 5.009134 21
-57.408653 -723.160583 19.996445 21
-35.313835 -728.921082 2.922212 21
-38.701458 -727.843994 5.828029 21
-50.630802 -723.982849 17.936031 21
-54.567055 -732.631897 19.755642 21
-50.873695 -724.472656 17.721743 21
-42.395752 -732.762756 10.947275 21
-54.577286 -726.940674 24.211357 21
-49.662971 -730.196167 16.203386 21
-39.723785 -729.669861 6.263958 21
-46.679653 -727.844482 16.266253 21
-62.961605 -725.880920 30.957020 21
-49.728287 -731.253723 17.074587 21
-60.496754 -724.788330 22.339338 21
-35.523449 -730.718872 -0.544519 21
-44.627995 -730.793884 16.303848 21
-46.921597 -725.088257 17.551680 21
-62.442112 -725.237915 30.091707 21
-44.188190 -728.333984 11.027867 21
-54.587219 -733.267578 20.931883 21
-58.439713 -727.839172 25.782408 21
-57.170460 -727.392517 19.942635 21
-51.312870 -727.304260 20.778225 21
-59.201214 -723.313110 21.908049 21
-61.728539 -730.583435 21.925381 21
-44.709534 -727.612122 13.910799 21
-51.417866 -731.336975 17.930134 21
-59.480358 -726.916748 28.820309 21
-52.313179 -730.061951 17.818716 21
-56.323006 -733.438171 21.891548 21
-54.837742 -723.587341 18.717598 21
-58.858429 -726.145508 28.157927 21
-36.670574 -731.484863 -1.575145 21
-62.031902 -729.989563 22.600000 21
-35.605156 -729.685364 -1.600076 21
-42.026176 -731.897827 10.150208 21
-58.964916 -732.134888 21.084017 21
-51.634853 -727.845947 19.082548 21
-45.784176 -728.948486 12.068981 21
-37.519547 -727.552124 4.950678 21
-61.147091 -730.860107 20.930180 21
-39.544685 -730.574585 9.063697 21
-53.205002 -727.513428 23.426649 21
-40.956009 -730.870850 10.329978 21
-49.580688 -729.063599 19.664705 21
-41.982769 -729.918884 11.638702 21
-48.728489 -732.987000 18.837461 21
-55.648067 -722.073120 19.647833 21
-49.312660 -727.485474 18.362541 21
-43.813568 -727.905457 13.896821 21
-41.429844 -729.774353 8.586979 21
-47.519062 -728.533386 17.929153 21
-51.542988 -729.066528 21.547295 21
-54.992714 -733.712952 22.187469 21
-35.812775 -729.230774 3.005191 21
-49.911324 -725.433655 17.214336 21
-52.448280 -729.022583 16.545507 21
-37.159607 -731.197205 -0.169953 21
-53.782196 -723.667053 18.531275 21
-46.209637 -725.248535 16.770695 21
-42.783321 -732.051697 10.465528 21
-37.963520 -728.982727 7.901689 21
-56.764736 -722.557251 20.090637 21
-54.352085 -725.688049 18.258739 21
-47.733013 -727.534668 17.044134 21
-63.989529 -727.397522 30.839653 21
-57.342361 -725.372375 19.198275 21
-52.713093 -729.080322 22.246241 21
-39.149643 -730.236389 8.460604 21
-58.177528 -726.172302 27.256628 21
-56.273380 -727.389954 19.272850 21
-41.063091 -728.017700 10.169530 21
-38.839207 -730.456848 5.653086 21
-58.905247 -725.271973 20.091633 21
-58.700096 -723.227356 21.262924 21
-63.412334 -726.588257 23.532053 21
-53.080719 -729.239014 17.131353 21
-58.707260 -727.282349 27.848774 21
-47.645294 -729.808899 14.802035 21
-51.935562 -728.112061 16.668211 21
-60.038948 -731.752625 22.308659 21
-53.717125 -722.955261 18.858353 21
-60.599815 -731.159973 23.839312 21
-47.057903 -727.767578 16.519245 21
-49.207310 -727.723206 19.428062 21
-41.533726 -732.112915 10.582248 21
-45.126122 -726.802246 15.795217 21
-53.303711 -724.857788 18.104237 21
-40.504494 -728.454590 6.542414 21
-53.643814 -727.292114 23.845444 21
-36.073978 -729.352234 4.195172 21
-39.755436 -728.526794 9.029898 21
-35.764091 -729.824158 -2.560944 21
-42.032063 -732.293823 10.871747 21
-52.363338 -733.753113 21.162239 21
-37.726562 -728.737427 1.338690 21
-41.456604 -727.964355 10.206687 21
-37.465832 -728.000610 2.269802 21
-37.348801 -730.034790 6.544567 21
-44.570389 -726.817383 15.417173 21
-40.390892 -728.003113 9.729943 21
-48.789661 -733.358215 19.824446 21
-60.089092 -727.420044 26.485138 21
-46.908955 -725.360352 16.948463 21
-55.714840 -728.688293 23.638279 21
-63.501793 -724.334473 31.036041 21
-48.846294 -727.446472 18.299845 21
-53.219353 -733.671570 21.413956 21
-36.217667 -730.281067 4.147464 21
-41.255932 -730.945190 11.552930 21
-41.533993 -727.992859 10.822142 21
-52.365585 -732.601196 19.201437 21
-62.942421 -727.193054 22.111467 21
-54.363758 -732.894470 20.252823 21
-36.601578 -729.949280 4.713582 21
-61.103554 -726.430969 29.847378 21
-61.142441 -725.259033 24.466408 21
-61.857536 -725.409485 30.136364 21
-38.711788 -727.586853 6.807802 21
-63.122734 -727.108826 29.933990 21
-46.914307 -728.494934 13.281826 21
-57.898792 -732.506165 21.096195 21
-42.772545 -730.073303 12.674231 21
-52.913208 -729.366333 22.811228 21
-36.825752 -731.203491 1.966094 21
-41.091805 -731.107483 9.271630 21
-60.169136 -726.766785 29.320147 21
-62.733227 -728.911499 22.527174 21
-40.386658 -729.379272 6.927454 21
-35.767872 -731.063965 -2.921964 21
-50.485836 -728.708496 21.387455 21
-45.924622 -728.728760 16.260851 21
-43.994068 -727.179565 13.938964 21
-50.249489 -723.235107 17.874027 21
-37.379307 -730.744080 3.683450 21
-57.073490 -723.520569 19.407885 21
-44.428989 -728.557922 14.665211 21
-64.275131 -726.990356 31.695831 21
-37.483265 -730.295898 1.303266 21
-42.710217 -732.465210 10.100426 21
-40.004795 -730.091370 6.961703 21
-40.941875 -728.040588 10.904463 21
-56.747360 -732.679016 20.641748 21
-49.677013 -727.903442 19.952120 21
-58.397308 -733.263855 23.423807 21
-53.976566 -729.014709 22.238083 21
-50.792828 -733.496948 20.255798 21
-60.538681 -731.416992 21.976009 21
-35.573925 -729.188965 1.156876 21
-40.943939 -729.598938 10.278133 21
-63.836117 -725.371094 30.743210 21
-53.537086 -726.847778 17.989262 21
-40.766071 -729.536316 7.598744 21
-52.840210 -727.156616 17.592196 21
-46.685528 -727.515503 13.971011 21
-64.585510 -725.342590 31.398586 21
-55.357548 -728.127075 24.579329 21
-43.696621 -727.350281 14.503874 21
-50.246109 -726.903625 16.377310 21
-59.761856 -723.626404 22.207466 21
-41.903343 -728.770203 8.276249 21
-36.886665 -730.041016 5.202316 21
-47.311031 -732.508667 18.771160 21
-48.061413 -725.273743 16.920971 21
-60.240253 -728.257812 26.507584 21
-43.943172 -728.614258 14.149227 21
-51.539406 -727.579041 22.143345 21
-43.152824 -727.733398 12.068882 21
-63.210995 -727.675171 23.626266 21
-36.318878 -728.805176 5.268495 21
-63.313797 -726.398926 23.197414 21
-52.330276 -729.348083 22.109055 21
-44.477665 -726.801514 14.748060 21
-40.809544 -730.371582 10.187553 21
-54.161388 -722.297119 19.144474 21
-52.378387 -724.202515 18.149702 21
-61.512173 -730.506348 23.058573 21
-42.464355 -729.239807 13.041292 21
-46.070740 -729.847290 12.865727 21
-36.850647 -728.915527 6.402931 21
-58.021080 -723.347351 20.336559 21
-42.019165 -727.937439 11.624957 21
-42.730350 -729.673950 13.374032 21
-37.810242 -729.757629 2.238866 21
-37.245579 -727.821350 4.937235 21
-51.574932 -727.333313 21.401320 21
-36.655483 -730.407715 3.992213 21
-45.902817 -726.235229 16.305170 21
-59.994591 -726.172485 21.593952 21
-49.773949 -732.124023 17.914505 21
-47.160355 -727.740601 17.255114 21
-38.958527 -728.406860 8.029837 21
-61.575214 -726.572632 27.625740 21
-49.414406 -730.887451 16.611320 21
-61.829544 -725.322021 29.463095 21
-55.245079 -732.550171 19.725760 21
-42.811886 -729.780701 12.310268 21
-35.835804 -728.552917 4.083722 21
-51.858364 -733.864136 21.236010 21
-53.197899 -733.408752 20.668402 21
-51.537247 -725.016113 17.756714 21
-53.086597 -727.083191 21.943897 21
-51.011742 -727.334839 20.111341 21
-61.475822 -726.022583 28.807337 21
-52.080830 -730.913086 17.996557 21
-43.028824 -728.099976 13.589224 21
-59.950066 -723.872620 22.586933 21
-44.023689 -728.022217 11.651502 21
-58.439617 -722.579529 21.225599 21
-51.457993 -727.430664 16.772003 21
-54.769825 -732.246033 19.257841 21
-52.538113 -731.488220 18.428709 21
-57.931980 -728.092896 25.360151 21
-35.492096 -728.596191 0.194917 21
-60.050438 -724.227966 21.898905 21
-50.614315 -725.771118 17.138618 21
-62.628754 -728.804321 23.688826 21
-63.137592 -726.863831 30.617485 21
-61.823071 -726.587097 30.076418 21
-57.248981 -724.546509 19.018648 21
-36.806911 -728.542053 5.236851 21
-51.715469 -728.303772 16.406120 21
-51.895020 -727.316406 22.060753 21
-53.973034 -731.397827 18.718231 21
-49.050922 -727.599182 17.493006 21
-36.370346 -728.148315 3.435438 21
-36.554157 -729.136536 5.124021 21
-55.463264 -728.723877 23.300146 21
-50.797668 -728.079590 16.019606 21
-58.986088 -723.050354 21.622938 21
-62.807549 -728.105896 24.076284 21
-35.643139 -728.968506 1.975142 21
-43.337536 -729.788025 13.834924 21
-48.689808 -727.214050 15.412457 21
-49.080143 -729.211365 14.434173 21
-47.936611 -727.635498 17.368139 21
-59.857773 -728.105896 26.492731 21
-46.408546 -727.027588 14.621749 21
-47.741127 -732.657959 18.380508 21
-59.222858 -725.942810 28.150658 21
-51.926556 -731.635254 18.236841 21
-51.208168 -728.396118 21.338886 21
-44.014290 -727.708435 12.287633 21
-42.076096 -729.811584 9.555260 21
-63.034451 -726.533936 22.495829 21
-37.134350 -727.601685 4.081710 21
-58.148510 -727.782349 27.417828 21
-42.512730 -729.582886 12.526542 21
-39.949772 -729.603394 9.764306 21
-56.363541 -733.617981 22.236507 21
-46.595818 -728.042114 17.401146 21
-53.879639 -733.222107 20.671112 21
-43.339561 -728.454529 13.458737 21
-52.266289 -723.843079 18.269213 21
-63.321163 -725.744873 30.947037 21
-54.913738 -729.167603 18.393602 21
-53.566780 -733.651001 21.245159 21
-48.690590 -724.945923 17.189508 21
-54.160431 -726.247131 18.276566 21
-55.837887 -726.041687 18.853415 21
-42.146683 -728.302856 12.981578 21
-65.501694 -726.289185 31.625828 21
-52.978371 -722.902222 18.607800 21
-39.122196 -727.551636 7.210464 21
-39.494789 -729.068665 8.865577 21
-35.399765 -729.843628 -0.414852 21
-38.764946 -727.830322 6.425979 21
-53.011444 -728.968323 16.865675 21
-48.451618 -728.868408 14.120361 21
-39.871811 -727.621826 6.767090 21
-36.765759 -727.716187 3.195747 21
-53.591858 -728.438782 22.784126 21
-45.212524 -728.089905 12.279548 21
-37.717506 -729.302063 0.656329 21
-35.835049 -731.024170 0.880526 21
-53.018471 -726.769287 17.738972 21
-59.969978 -726.625122 26.750603 21
-54.169064 -733.372864 20.903118 21
-40.661846 -728.610291 7.271603 21
-35.981400 -730.457764 1.961821 21
-44.372261 -728.041199 14.114837 21
-37.773438 -730.087646 2.760725 21
-61.362171 -727.288086 22.071968 21
-39.634491 -730.333252 8.491119 21
-54.622047 -728.051819 24.563244 21
-38.044552 -728.905212 3.070852 21
-54.681732 -727.262878 24.847164 21
-41.158112 -731.329956 8.899554 21
-36.875828 -728.450134 6.042338 21
-60.993889 -730.819092 22.179670 21
-57.076420 -728.854126 24.824224 21
-43.758331 -729.270447 13.750840 21
-60.483006 -727.879761 26.882639 21
-37.353218 -728.275146 -0.783866 21
-56.057213 -726.952698 19.183134 21
-48.572483 -728.467224 18.955313 21
-49.208000 -723.008545 17.424414 21
-53.364525 -733.060425 20.175848 21
-36.030125 -730.882385 2.188195 21
-41.272671 -730.219971 10.623133 21
-49.907654 -731.691345 17.496851 21
-39.205498 -729.714783 9.296687 21
-64.058952 -727.297363 31.770105 21
-44.575756 -727.968079 12.126500 21
-61.225636 -725.256165 28.938292 21
-50.351315 -732.130981 18.121187 21
-43.095623 -729.231323 13.798835 21
-39.537151 -727.772766 8.031202 21
-49.952625 -727.850342 20.224384 21
-39.316780 -728.371094 5.056369 21
-52.040848 -728.050110 22.186247 21
-42.618279 -732.814209 10.562499 21
-41.115993 -731.345581 10.091837 21
-41.943348 -728.316772 11.824529 21
-60.732128 -727.380554 28.764343 21
-51.870899 -730.403931 17.626905 21
-39.184811 -729.447571 8.285791 21
-42.781116 -727.568481 12.688507 21
-53.551140 -722.460632 18.814068 21
-54.043919 -728.904663 17.618385 21
-53.194832 -727.141418 22.788372 21
-37.082256 -728.215271 6.529737 21
-45.089252 -728.803223 11.584587 21
-36.586353 -728.051880 1.185290 21
-37.951138 -728.753235 -0.047250 21
-53.825619 -731.634399 18.960159 21
-47.987957 -728.778564 18.276297 21
-51.085838 -731.264954 17.712147 21
-58.699226 -724.415894 19.946301 21
-56.853298 -729.541992 25.062063 21
-41.466969 -729.786987 11.215451 21
-58.389572 -723.363708 20.670807 21
-37.984062 -728.469666 2.095699 21
-55.949802 -733.237549 21.444807 21
-45.423111 -727.986267 15.196937 21
-50.778889 -727.448608 16.310070 21
-45.601242 -729.642700 12.277999 21
-36.323917 -731.215759 -1.394169 21
-50.712837 -733.960144 20.752348 21
-50.219803 -727.849426 15.746772 21
-50.580753 -727.368530 19.832779 21
-38.630192 -729.128357 4.400940 21
-38.075695 -728.433716 3.638215 21
-46.754360 -725.765442 16.700211 21
-49.118076 -732.262390 17.852470 21
-60.120525 -724.266296 22.350363 21
-40.982605 -727.928467 7.121501 21
-61.211437 -725.659180 29.977625 21
-62.985371 -727.807678 22.308990 21
-41.970322 -729.512817 12.245948 21
-63.024109 -727.951538 22.716667 21
-46.648983 -725.426880 17.219261 21
-56.868790 -733.590332 22.881708 21
-58.147861 -732.288696 20.399679 21
-58.485630 -723.707153 19.992908 21
-60.899574 -727.483032 27.339140 21
-41.909863 -728.391785 8.934069 21
-37.332554 -730.666443 0.350763 21
-37.066231 -730.621887 3.900804 21
-57.473526 -731.897827 19.529432 21
-37.750942 -728.767944 7.524608 21
-61.390438 -726.889526 29.815817 21
-58.512707 -726.178589 20.202055 21
-59.304558 -732.310974 21.015629 21
-36.179745 -730.619934 3.698903 21
-41.419411 -731.553101 10.247742 21
-48.337391 -727.629944 17.366152 21
-49.254303 -727.493896 18.961414 21
-35.892082 -729.215149 4.569288 21
-50.623329 -727.633789 18.653957 21
-62.319378 -729.221313 21.374363 21
-62.328640 -724.939148 28.768847 21
-64.251083 -725.021973 30.943350 21
-39.394768 -729.516296 5.613221 21
-37.675396 -729.549438 7.140624 21
-41.688374 -731.719910 10.829530 21
-54.143627 -728.596619 23.558884 21
-52.845421 -728.288574 22.532471 21
-58.888096 -723.600891 21.153753 21
-36.448322 -730.476624 2.824054 21
-63.084412 -726.800354 22.740206 21
-51.692360 -731.083191 17.924400 21
-56.017548 -732.889038 20.802679 21
-50.835388 -727.099121 16.598869 21