-51.584236 -727.306396 20.331631 21
-36.003574 -731.028320 -3.219854 21
-66.088181 -726.144470 31.414425 21
-41.203320 -732.229187 10.744230 21
-62.338310 -729.592773 21.592678 21
-37.226467 -727.625732 4.543927 21
-44.667931 -726.454163 15.721786 21
-58.515182 -726.337585 28.145477 21
-58.126438 -722.379639 20.965559 21
-55.553642 -734.071838 22.390305 21
-46.937565 -732.669495 18.877729 21
-49.866875 -729.183228 14.969299 21
-52.688221 -721.910706 18.438776 21
-57.028717 -729.436035 19.570980 21
-54.920151 -728.274719 24.521557 21
-61.655361 -724.998718 24.101839 21
-52.258221 -732.266235 18.719599 21
-44.776852 -728.622864 11.077376 21
-48.153568 -723.530457 17.567276 21
-41.088013 -728.632263 7.325465 21
-36.762314 -731.283264 1.569744 21
-62.858021 -724.887268 28.523289 21
-55.616634 -725.284485 18.577368 21
-59.785831 -732.786316 23.366236 21
-44.869370 -730.808899 15.522900 21
-47.744972 -728.439575 18.667280 21
-59.377514 -726.285278 20.928614 21
-53.308079 -728.774353 17.083332 21
-36.874676 -728.171082 -0.752773 21
-40.937386 -728.395569 11.463255 21
-38.017998 -730.871826 6.359200 21
-50.690647 -726.113953 16.979816 21
-58.286758 -728.961304 25.677517 21
-46.974751 -728.100525 13.604624 21
-59.684303 -731.427490 20.041756 21
-55.562298 -732.393921 19.515085 21
-49.849941 -733.708862 20.392612 21
-49.476524 -731.541077 17.215054 21
-63.086399 -727.896606 24.239508 21
-39.029816 -730.000061 9.479173 21
-52.613834 -729.326294 22.561626 21
-63.256191 -727.242615 30.672434 21
-47.806545 -726.102722 15.875569 21
-42.742249 -729.427856 13.757165 21
-55.573269 -721.589417 19.381231 21
-52.714737 -733.801758 21.410873 21
-61.131298 -727.281921 27.031908 21
-35.336807 -728.808289 2.494299 21
-38.055565 -728.006226 7.372403 21
-38.203976 -728.682068 1.785699 21
-56.659817 -726.326111 25.799566 21
-37.956123 -731.095642 -1.097087 21
-61.254902 -730.316772 24.156883 21
-64.035660 -724.295776 30.993923 21
-52.819458 -724.703552 18.078735 21
-54.568703 -727.464600 21.882675 21
-60.714794 -726.444031 29.880894 21
-59.960873 -723.952942 22.189939 21
-57.648907 -732.680237 21.355146 21
-38.012138 -729.130371 -2.995292 21
-42.434418 -729.712585 9.653388 21
-47.565868 -730.511108 15.334183 21
-36.343735 -730.660156 4.152288 21
-58.039349 -724.560852 19.408350 21
-39.865524 -728.937988 5.000437 21
-46.147644 -728.597107 16.552036 21
-61.674347 -727.072815 22.044624 21
-35.445129 -730.317932 -0.483935 21
-44.202465 -727.274536 13.290946 21
-54.572571 -730.110962 18.803020 21
-49.911995 -729.122437 19.855457 21
-50.641850 -723.299316 17.959063 21
-57.050545 -726.966431 19.739365 21
-51.514801 -730.329224 17.384327 21
-54.712547 -727.451294 18.421736 21
-46.503639 -725.146484 17.478699 21
-40.472359 -726.448792 7.343000 21
-60.828262 -731.202087 22.115957 21
-40.268047 -728.057556 9.344409 21
-46.484871 -731.721680 16.916784 21
-45.796219 -729.879456 12.594277 21
-63.541412 -726.097168 23.038355 21
-44.666370 -728.703796 14.939049 21
-49.730976 -727.498108 18.393877 21
-52.318436 -727.175171 22.427879 21
-57.575298 -731.557190 19.415405 21
-54.511086 -723.374634 18.790188 21
-38.272915 -729.697021 3.729878 21
-40.806389 -731.070129 8.950253 21
-52.668541 -726.749451 17.599174 21
-51.234241 -728.193420 16.204399 21
-42.942223 -727.825806 11.736843 21
-36.959583 -729.146973 5.963223 21
-57.433094 -733.542786 23.204468 21
-49.482212 -727.298950 15.771510 21
-56.520828 -729.545227 24.885473 21
-62.392353 -725.411560 30.482014 21
-50.260124 -732.594421 18.751425 21
-42.461246 -729.762878 11.680818 21
-57.471073 -727.685913 27.042881 21
-43.029037 -733.009888 10.548100 21
-50.800983 -728.793457 21.598898 21
-35.191452 -728.565674 0.422267 21
-40.764641 -730.238953 10.738881 21
-56.566032 -723.284790 19.342518 21
-53.743771 -726.899292 23.714430 21
-39.818897 -729.975037 6.637751 21
-53.625202 -732.887085 19.958990 21
-48.960674 -725.245605 17.204285 21
-37.727875 -729.710815 0.234062 21
-35.671806 -729.350159 -2.110610 21
-48.126415 -727.533752 17.069029 21
-46.223545 -726.685852 14.681668 21
-60.196018 -725.500488 28.289789 21
-62.357925 -726.608459 29.015158 21
-54.668400 -729.102783 22.885668 21
-48.299313 -729.394348 14.018175 21
-35.838257 -728.883362 4.392109 21
-60.711178 -725.627258 22.571436 21
-51.595596 -733.281067 20.067133 21
-60.064995 -728.500122 26.245392 21
-36.763805 -727.722961 2.647614 21
-36.317265 -731.792480 -1.284410 21
-41.996967 -728.011475 10.017552 21
-39.636070 -727.831848 6.537278 21
-59.388515 -724.520142 20.575911 21
-61.108063 -730.460327 20.533587 21
-59.719105 -727.646729 28.077509 21
-59.272255 -732.008301 21.809494 21
-64.397331 -726.550537 31.817318 21
-53.007477 -730.707336 18.291451 21
-35.479885 -730.100525 1.292085 21
-42.684132 -731.219604 10.732553 21
-62.879860 -729.672302 24.044918 21
-62.067669 -726.578186 24.780787 21
-56.223804 -728.021973 25.784777 21
-62.964256 -728.173645 22.404829 21
-55.416660 -726.580322 24.614237 21
-45.600563 -728.116577 12.529881 21
-48.577209 -733.074036 19.418623 21
-38.900276 -730.738892 7.852164 21
-55.017593 -733.193237 21.013008 21
-36.834381 -727.910461 0.940226 21
-50.063019 -730.152405 16.377163 21
-62.513470 -726.139221 27.374969 21
-37.258442 -729.675537 7.559444 21
-47.920013 -727.476440 14.872242 21
-58.373146 -726.729370 26.002186 21
-44.899891 -731.242737 17.191994 21
-47.561813 -729.196106 17.197947 21
-53.988625 -725.930115 18.162481 21
-43.415714 -727.528076 14.707749 21
-51.333359 -727.818298 18.820717 21
-54.185154 -731.684509 18.862003 21
-39.024387 -728.723206 8.447769 21
-38.176952 -729.431519 -1.282926 21
-43.514080 -728.584106 10.077372 21
-43.525475 -729.826233 15.116004 21
-49.958115 -727.524658 20.036774 21
-37.623951 -730.108887 2.249456 21
-46.170631 -725.916077 16.131395 21
-41.811249 -728.288269 12.800962 21
-48.038898 -731.517334 16.475050 21
-63.012081 -723.839355 29.878620 21
-51.200394 -724.786743 17.666609 21
-38.498409 -727.857239 5.436695 21
-53.111622 -727.638000 20.516994 21
-48.409000 -732.430786 17.988644 21
-38.106232 -728.196167 3.313256 21
-38.839985 -730.132507 5.275772 21
-52.529064 -729.199219 21.021679 21
-46.733147 -729.812012 14.225201 21
-54.083504 -721.828491 19.230345 21
-55.913326 -730.986694 19.056244 21
-36.160259 -730.304382 2.658769 21
-60.370117 -724.248230 23.738384 21
-52.146687 -723.339905 18.394358 21
-54.062992 -734.017883 22.111687 21
-58.264931 -725.995300 19.925949 21
-56.799541 -722.056702 20.258327 21
-60.372097 -731.425354 23.645149 21
-36.858112 -731.088379 0.072627 21
-42.043884 -728.618164 8.637617 21
-59.747742 -726.880859 26.603474 21
-55.740818 -729.034851 18.927467 21
-61.511070 -725.344116 29.238398 21
-53.467636 -728.228027 23.098064 21
-50.941555 -731.596497 17.854755 21
-57.000050 -725.590759 19.168619 21
-58.173122 -727.292175 20.638151 21
-41.094635 -729.802307 8.189122 21
-43.836685 -729.931885 11.232552 21
-37.577358 -730.816345 4.965826 21
-60.974438 -727.089233 28.545113 21
-61.743473 -730.254456 22.720083 21
-55.803493 -726.697083 18.999168 21
-56.820202 -732.535767 20.196053 21
-55.270504 -729.621826 24.175064 21
-58.494091 -732.182861 20.297941 21
-58.893578 -722.977173 21.985710 21
-56.334614 -733.190674 21.572136 21
-62.290833 -726.694885 23.340929 21
-45.847855 -732.049194 18.145140 21
-45.740051 -727.895874 15.378832 21
-48.867104 -730.027405 15.616338 21
-39.295246 -727.421814 7.843501 21
-63.706322 -725.704834 30.928907 21
-60.990406 -726.263733 23.931541 21
-52.123119 -729.233948 16.468369 21
-58.555927 -732.895813 22.616449 21
-49.447929 -724.000244 17.615891 21
-48.994392 -728.268311 19.285158 21
-57.767689 -723.344666 20.040100 21
-43.154518 -728.218384 13.124824 21
-35.648685 -730.711060 -1.877770 21
-40.347569 -729.418457 9.710367 21
-44.093857 -729.416321 13.913149 21
-45.544094 -727.273560 13.605719 21
-65.017258 -725.331116 31.247774 21
-47.014671 -727.621277 16.141123 21
-54.255032 -724.606384 18.275171 21
-59.691345 -726.638489 29.026588 21
-45.829086 -729.312073 15.468969 21
-60.191757 -725.293457 21.340984 21
-35.654125 -728.826050 -0.797188 21
-51.575844 -727.100403 16.943409 21
-59.940521 -726.868530 21.981771 21
-56.131298 -728.616333 23.996571 21
-37.367935 -728.556885 -2.004857 21
-51.356426 -727.576233 21.615255 21
-47.740383 -724.746765 17.261036 21
-57.724712 -726.321289 27.094175 21
-62.114655 -726.726013 30.312412 21
-51.477810 -722.237061 18.044044 21
-54.696152 -728.896362 18.143637 21
-44.203247 -727.874207 12.029041 21
-46.987526 -729.333374 13.060642 21
-49.492962 -726.207336 16.490868 21
-55.641869 -723.958801 18.684431 21
-48.830517 -728.407654 14.661228 21
-41.678581 -731.341309 9.856651 21
-41.619781 -730.989197 11.387296 21
-50.972477 -729.342163 15.748888 21
-51.029186 -733.983337 20.942213 21
-37.068108 -731.027832 3.138354 21
-46.965603 -728.074951 17.347622 21
-38.668221 -728.817627 4.612258 21
-53.375668 -727.158081 21.697300 21
-62.524426 -729.293762 22.914913 21
-58.653374 -723.548706 20.883154 21
-40.321678 -731.326111 10.068745 21
-36.504593 -730.046021 5.247378 21
-52.127007 -725.622314 17.644739 21
-44.865379 -726.755493 14.524053 21
-49.611084 -722.733337 17.596970 21
-37.776649 -728.482666 0.234743 21
-53.320011 -722.906616 18.790108 21
-40.176216 -728.337769 8.105719 21
-47.213406 -732.223755 17.774332 21
-53.822079 -733.480957 21.005512 21
-57.097168 -728.482605 24.772446 21
-60.206200 -731.599426 21.131062 21
-56.905491 -724.367432 18.925882 21
-38.555927 -729.412781 7.567310 21
-53.349335 -727.776184 17.773251 21
-39.616318 -730.915222 8.825544 21
-53.637154 -728.951538 22.043377 21
-49.353626 -727.635010 17.255665 21
-55.427078 -722.790100 19.351988 21
-37.579205 -728.111328 6.175883 21
-35.734638 -728.198853 1.447780 21
-52.213814 -728.335144 22.000124 21
-48.510506 -727.601501 18.198992 21
-35.737465 -731.007019 0.499558 21
-52.658691 -729.789001 17.614248 21
-58.493725 -727.593140 27.669956 21
-36.051582 -728.343628 3.352619 21
-44.031551 -728.233582 13.971785 21
-58.044186 -727.744812 25.493927 21
-55.193245 -727.490234 25.354139 21
-50.561333 -727.156738 16.356356 21
-48.602615 -729.035828 17.738796 21
-62.980331 -726.941101 22.418993 21
-50.126671 -725.156616 17.422876 21
-43.080288 -729.818726 12.702117 21
-45.804363 -731.305603 16.069561 21
-40.332264 -728.520142 10.477913 21
-35.789852 -729.467102 3.391940 21
-49.038807 -730.830017 16.410330 21
-51.999550 -731.275330 18.122519 21
-61.702728 -730.534363 21.523542 21
-44.804092 -729.765808 11.825521 21
-41.347782 -729.456543 11.338069 21
-39.775627 -728.909180 6.137652 21
-57.194069 -729.354980 25.800081 21
-47.171761 -725.539307 16.656130 21
-42.609581 -732.112305 9.977139 21
-36.615517 -728.249756 5.378705 21
-41.942192 -727.934082 11.214734 21
-58.945950 -727.680054 26.194298 21
-61.252316 -726.211975 27.371058 21
-60.023163 -731.884888 22.681814 21
-45.250122 -726.272278 16.670300 21
-50.464798 -730.842651 17.164862 21
-54.450836 -727.229431 24.557953 21
-53.605671 -729.750671 18.275389 21
-63.390751 -724.862305 30.253872 21
-56.603981 -727.112000 26.591860 21
-50.427189 -728.418945 20.559963 21
-63.299633 -726.799988 23.881746 21
-51.502815 -728.958374 20.677382 21
-62.316223 -728.766907 24.330666 21
-40.883133 -727.589966 6.993795 21
-61.215950 -727.168762 23.030554 21
-37.997955 -729.170288 2.787325 21
-56.522808 -731.884827 19.306953 21
-52.535686 -732.863525 19.590408 21
-37.150951 -730.189697 6.249470 21
-50.324764 -728.363342 15.619511 21
-53.746685 -729.489563 23.330799 21
-36.201244 -728.182617 0.099530 21
-39.168835 -729.806702 8.393778 21
-62.565762 -724.841980 29.567833 21
-52.291248 -728.220154 16.814682 21
-56.561901 -733.698059 22.553280 21
-53.862011 -727.048340 22.657961 21
-51.270214 -732.693848 19.133186 21
-49.484440 -732.313965 18.086754 21
-54.888367 -726.370972 18.536978 21
-44.271591 -730.720459 16.516232 21
-35.436813 -729.608826 0.323486 21
-47.150623 -726.697571 15.196365 21
-54.032566 -728.078552 24.018078 21
-48.506672 -726.844116 15.615714 21
-37.632881 -730.565247 3.929380 21
-62.816841 -725.428406 23.447908 21
-39.819931 -730.340393 10.085307 21
-53.346722 -732.292725 19.079294 21
-52.347389 -727.734009 19.746048 21
-44.900654 -727.809509 14.424582 21
-55.110050 -728.331543 23.445387 21
-59.189220 -725.507568 20.252495 21
-37.380924 -730.503357 0.864176 21
-50.665901 -727.342041 20.844744 21
-55.995209 -727.623718 19.454762 21
-38.811172 -730.195618 6.411688 21
-49.673946 -733.104797 19.565748 21
-42.834755 -728.027771 10.672932 21
-56.066196 -729.974670 19.328110 21
-37.412170 -727.956726 1.840264 21
-61.232204 -726.032166 28.499823 21
-54.702843 -732.766846 20.115189 21
-53.454643 -723.874756 18.409979 21
-40.573376 -729.538574 7.257320 21
-61.398808 -727.159668 29.532429 21
-46.940651 -727.386108 14.409906 21
-60.811779 -725.310730 23.535820 21
-55.828403 -732.792786 20.500334 21
-42.176903 -729.325195 12.590669 21
-38.445305 -727.561646 6.427503 21
-41.294022 -728.190796 9.260261 21
-46.217907 -728.941528 12.445624 21
-61.125732 -725.494629 24.836039 21
-63.019764 -726.730957 29.799273 21
-37.456226 -728.795105 7.071391 21
-60.515034 -724.625610 22.725754 21
-52.858311 -733.338379 20.481625 21
-38.123234 -730.261841 7.197037 21
-42.793339 -728.574402 9.347742 21
-61.461899 -725.829834 30.216890 21
-42.012955 -732.833496 10.839206 21
-47.838520 -728.329285 14.115108 21
-36.177494 -731.697449 -2.474360 21
-63.164948 -727.617676 23.258640 21
-38.197800 -727.900879 4.471212 21
-57.485916 -733.206665 22.200615 21
-52.368809 -727.184875 21.401716 21
-52.981968 -727.295837 23.174496 21
-51.838882 -729.246460 21.748407 21
-53.886745 -726.965271 18.116617 21
-50.892673 -727.398315 19.615629 21
-39.504246 -728.789734 9.340984 21
-45.394951 -728.818726 11.859097 21
-37.759697 -728.539734 -1.053942 21
-60.192089 -725.812256 29.304068 21
-48.182526 -725.520447 16.634140 21
-59.182648 -725.715576 27.742493 21
-59.409546 -731.887756 23.549688 21
-41.855606 -728.739624 11.828987 21
-62.917603 -726.317993 30.911560 21
-62.609657 -728.630188 21.592701 21
-39.835533 -730.348206 7.905112 21
-64.011978 -727.341431 31.377066 21
-61.101418 -730.971436 23.045574 21
-37.697788 -729.193237 1.093368 21
-43.314293 -730.141724 14.123767 21
-35.875900 -731.188171 -0.611257 21
-41.191277 -728.013611 10.589869 21
-36.833267 -727.837097 3.636304 21
-59.352654 -731.995300 20.786661 21
-42.170906 -730.094543 10.791681 21
-43.817478 -728.189331 11.178551 21
-35.585831 -729.164062 1.585063 21
-35.295902 -729.778320 -1.318538 21
-48.762707 -729.050415 18.735086 21
-62.798489 -728.498352 23.501709 21
-51.913223 -724.242554 18.068489 21
-58.586109 -724.056763 20.060141 21
-54.945572 -731.061401 18.891521 21
-62.153774 -725.559692 28.489950 21
-45.653618 -726.334534 15.390802 21
-59.057636 -728.676025 26.214909 21
-35.861725 -730.810730 1.854059 21
-50.622314 -733.272461 19.957399 21
-50.392498 -724.273499 17.806307 21
-40.150093 -728.478088 7.057986 21
-55.631638 -726.678528 25.693323 21
-61.743641 -729.755310 20.842184 21
-59.449944 -723.962830 21.374088 21
-39.396885 -728.208679 5.561011 21
-47.924835 -732.773071 18.765326 21
-43.374981 -727.499146 13.750476 21
-44.072388 -729.179382 10.681444 21
-53.030319 -725.841370 17.891176 21
-62.104797 -730.011780 23.566793 21
-44.328365 -727.329102 15.079694 21
-39.772057 -729.945740 5.681973 21
-58.531193 -732.335327 21.285788 21
-51.935589 -733.709351 20.849270 21
-53.910458 -730.798035 18.650682 21
-59.021870 -727.066162 28.500202 21
-41.119762 -728.369324 8.221066 21
-46.833347 -729.237488 16.560335 21
-38.170326 -728.682800 8.106926 21
-40.827740 -729.327881 10.535137 21
-48.490604 -731.977966 17.172474 21
-60.413433 -727.649841 26.563946 21
-65.295410 -726.601868 31.587351 21
-60.788315 -727.363159 22.048328 21
-52.910889 -731.615051 18.538301 21
-37.163204 -731.525574 -1.560827 21
-41.074596 -731.142212 10.592956 21
-48.562012 -724.359253 17.470118 21
-45.872662 -725.560059 16.945877 21
-44.103680 -730.271729 15.680717 21
-49.143322 -728.566284 20.150070 21
-58.785229 -733.107422 23.494556 21
-50.858276 -729.993713 16.828053 21
-54.848564 -733.639587 21.823973 21
-61.026749 -731.124390 21.217398 21
-36.555676 -728.312988 4.441445 21
-36.225723 -729.183594 5.361849 21
-55.959480 -722.237366 19.912090 21
-43.388420 -727.380859 12.825500 21
-48.055580 -729.826660 14.958385 21
-35.968277 -728.077026 2.383197 21
-57.785179 -726.848389 25.301773 21
-48.996532 -729.561768 14.605196 21
-43.340008 -729.785889 10.481406 21
-51.567280 -726.245056 17.274818 21
-44.984276 -729.553101 14.821688 21
-62.691494 -726.129700 22.717722 21
-36.222298 -729.731384 4.414952 21
-50.623127 -727.720886 18.256880 21
-59.316891 -727.175903 21.093920 21
-54.001072 -728.440002 17.787575 21
-60.257179 -726.011841 21.882818 21
-54.766716 -725.507996 18.345959 21
-54.324261 -732.421326 19.377226 21
-38.285667 -730.219177 4.567623 21
-38.341209 -729.478882 -2.166479 21
-52.631516 -728.013245 22.765448 21
-63.185925 -724.020508 30.852528 21
-42.019390 -731.870667 10.745138 21
-48.296970 -730.702820 15.929557 21
-49.275982 -732.789001 18.818558 21
-60.386551 -726.511108 22.677763 21
-59.878357 -723.776062 23.064596 21
-54.623314 -726.729370 23.817060 21
-38.918358 -727.884766 7.169893 21
-62.023579 -725.720947 24.557076 21
-40.191978 -727.546875 7.561186 21
-45.265694 -728.604797 15.620442 21
-35.585644 -729.673157 2.309806 21
-60.410088 -731.083984 20.418776 21
-37.628510 -727.894958 5.297682 21
-46.182587 -727.952148 13.193819 21
-49.455574 -728.127136 15.243261 21
-49.492363 -727.496887 19.255396 21
-44.998207 -727.572327 12.892787 21
-51.437874 -732.124634 18.439674 21
-42.529514 -727.834717 12.533038 21
-64.196289 -725.042114 31.439919 21
-47.745110 -727.952637 17.921581 21
-37.662064 -730.895142 -0.209403 21
-47.664085 -728.963318 13.513792 21
-55.594051 -728.308044 25.122023 21
-54.590080 -722.575989 19.204262 21
-53.560459 -725.145081 18.073168 21
-58.485775 -725.897522 27.214254 21
-57.039608 -728.030212 26.375744 21
-41.627998 -730.034668 9.463067 21
-57.880791 -726.944824 27.695427 21
-57.625538 -732.266968 19.920452 21
-38.062721 -729.041870 -0.383876 21
-57.372238 -723.777039 19.386528 21
-37.822830 -730.199646 3.161689 21
-41.783985 -729.506897 8.631186 21
-59.325645 -732.409851 22.633543 21
-62.960815 -724.163635 29.075817 21
-48.631924 -726.162964 16.261440 21
-43.460743 -728.882080 13.644542 21
-47.462875 -731.167603 15.919948 21
-50.558277 -722.473267 17.718515 21
-56.609936 -726.339844 19.342798 21
-49.053249 -733.574585 20.086842 21
-58.712410 -724.920715 19.827438 21
-55.160343 -724.584229 18.376408 21
-54.560623 -729.464844 23.717279 21
-52.372780 -727.447693 17.205435 21
-57.039589 -722.836731 20.014446 21
-60.500885 -727.084900 29.263706 21
-37.611580 -729.655823 6.784741 21
-37.106133 -731.295837 -0.710462 21
-60.730267 -724.853027 24.260014 21
-37.043171 -728.036987 0.098525 21
-59.324829 -726.088928 28.487419 21
-57.800865 -726.738525 20.105673 21
-57.865757 -725.395447 19.430164 21
-54.974785 -731.917236 19.046211 21
-58.641083 -726.558716 20.580751 21
-63.738712 -726.492249 31.237450 21
-48.961025 -723.282898 17.571226 21
-46.942780 -726.023376 15.793489 21
-40.563694 -728.915466 6.462739 21
-37.174351 -730.825562 2.281270 21
-35.232765 -729.483093 -0.479949 21
-45.732681 -731.538513 17.259560 21
-54.292618 -728.361572 23.173124 21
-37.907352 -728.191345 2.478034 21
-45.041183 -731.070068 16.351971 21
-55.542389 -729.052185 23.568123 21
-50.309502 -727.459595 19.014967 21
-36.527557 -727.999695 1.717635 21
-62.703411 -726.215637 23.880894 21
-39.479839 -728.104736 8.801025 21
-60.132702 -724.484558 21.562672 21
-38.317551 -728.875488 3.826963 21
-39.190491 -729.362549 5.327022 21
-59.653088 -723.164124 22.260914 21
-37.777790 -728.331177 1.055243 21
-36.329056 -730.724365 1.100541 21
-37.485630 -727.680359 3.078992 21
-52.214367 -730.452698 17.830399 21
-40.180202 -730.670593 9.401864 21
-51.024574 -728.141113 21.099781 21
-37.123669 -730.793213 5.665187 21
-44.037373 -727.104980 14.337707 21
-46.883072 -728.527039 12.896339 21
-47.796127 -728.883484 17.967493 21
-50.164501 -731.920471 17.800611 21
-58.456062 -731.619751 19.689934 21
-64.199722 -727.158936 30.596979 21
-57.491467 -726.109924 19.653584 21
-48.677761 -727.561707 15.200529 21
-61.911335 -726.695129 27.436922 21
-36.166981 -730.751038 3.355515 21
-56.901451 -732.778809 21.011637 21
-42.830437 -728.937012 12.942116 21
-35.780361 -730.215210 -2.523335 21
-53.403465 -722.076782 18.797255 21
-38.752243 -728.089172 8.021502 21
-51.377033 -723.612305 18.166805 21
-46.296394 -727.564209 13.935051 21
-42.703461 -728.031799 13.780264 21
-51.117775 -725.573792 17.408773 21
-56.471889 -725.033813 18.796602 21
-57.317123 -726.243652 26.408501 21
-55.972176 -727.307678 26.063255 21
-43.171425 -729.288513 9.863782 21
-37.822155 -729.394958 1.944541 21
-60.152939 -727.073364 27.714878 21
-41.877590 -731.027771 10.592123 21
-53.093922 -726.942200 22.419455 21
-60.882221 -725.623901 29.659758 21
-52.181889 -722.539734 18.415331 21
-56.160717 -725.754517 18.930107 21
-36.789375 -730.805603 4.832224 21
-47.489002 -724.072083 17.616306 21
-47.707146 -733.091858 19.464113 21
-55.309231 -729.833862 19.124006 21
-58.205750 -732.664978 21.933697 21
-47.456676 -729.725708 13.634284 21
-39.530930 -729.547791 9.057900 21
-60.387333 -725.077698 22.075878 21
-64.459068 -725.959595 31.294998 21
-62.682323 -726.946533 24.332611 21
-54.848454 -721.870300 19.511011 21
-40.354153 -731.720337 10.755544 21
-52.639431 -723.918945 18.200918 21
-49.755325 -730.890930 16.849470 21
-46.299450 -727.943665 16.047091 21
-57.172951 -726.946045 27.106007 21
-52.882664 -728.620544 22.342842 21
-49.626003 -725.611572 16.987368 21
-55.592548 -733.441772 21.630539 21
-49.355202 -729.015747 19.323622 21
-60.730450 -725.426086 28.868082 21
-62.154663 -729.060181 21.037565 21
-58.218048 -733.559082 23.123711 21
-57.434109 -722.429810 20.543808 21
-60.158836 -731.716797 21.925827 21
-36.108955 -731.085754 2.608570 21
-60.697224 -730.900085 24.132175 21
-52.354889 -727.329407 20.638857 21
-49.977055 -727.713989 17.706285 21
-55.725555 -731.732361 19.093870 21
-51.549114 -728.573547 21.481758 21
-40.292809 -730.771729 8.468150 21
-61.123425 -724.480530 23.695639 21
-55.398468 -727.466187 18.781982 21
-44.934696 -728.158020 11.976555 21
-60.862797 -726.025452 23.219408 21
-40.712749 -728.013306 9.971097 21
-41.991512 -727.993225 12.017760 21
-62.271748 -729.787659 22.335533 21
-47.128014 -728.529053 18.007477 21
-53.364281 -729.133301 22.772892 21
-53.758862 -729.143921 17.581013 21
-47.429108 -727.685059 16.789564 21
-43.866764 -730.497131 14.984122 21
-46.417244 -726.311035 15.320477 21
-38.327934 -730.130737 -1.535334 21
-62.687813 -729.121765 22.187649 21
-39.037788 -728.191650 4.874105 21
-46.594738 -732.214233 18.238543 21
-61.431553 -730.750854 22.196737 21
-53.518063 -727.646606 23.653128 21
-56.066391 -729.300415 24.318933 21
-49.900452 -723.389771 17.815479 21
-57.568707 -732.772156 20.486500 21
-48.447514 -728.177124 18.730619 21
-58.359921 -722.942932 21.448746 21
-58.537136 -728.229736 25.797104 21
-37.425873 -730.525208 1.620379 21
-51.356571 -731.005920 17.701241 21
-61.987991 -726.754883 22.627630 21
-36.217377 -731.237366 -1.867990 21
-54.850937 -729.409546 18.686749 21
-41.476154 -730.297852 10.993630 21
-38.689922 -729.590942 4.674881 21
-56.855236 -727.672974 19.907089 21
-50.795242 -729.213074 20.606462 21
-62.744766 -725.427673 28.023466 21
-35.381001 -728.701477 3.364435 21
-42.412289 -729.152832 9.095065 21
-55.702179 -728.145691 24.378017 21
-51.577766 -728.955017 15.963231 21
-61.423027 -726.596558 30.056704 21
-50.149929 -726.544128 16.537783 21
-37.598381 -727.917969 3.769532 21
-48.713654 -731.408081 16.750193 21
-38.283058 -730.587524 5.384035 21
-52.874432 -728.018677 17.264486 21
-36.954144 -728.538208 6.388685 21
-51.902580 -724.948181 17.870893 21
-62.874790 -727.618347 21.921461 21
-42.370735 -728.617188 12.428192 21
-60.610920 -723.976257 23.076908 21
-35.425457 -730.338745 0.457679 21
-59.723011 -725.651306 20.840157 21
-49.520298 -724.744690 17.522228 21
-49.834953 -728.304443 20.042379 21
-44.153992 -728.825378 14.400978 21
-44.104462 -726.976990 15.681635 21
-38.976559 -730.077881 7.579886 21
-63.918121 -725.000366 30.762424 21
-45.385792 -726.633728 16.003008 21
-51.537861 -727.114990 21.071468 21
-58.098667 -723.109863 20.641327 21
-55.232040 -723.394714 18.904684 21
-41.515152 -729.054565 8.135416 21
-46.784134 -728.732361 17.093878 21
-61.814301 -726.131042 29.021633 21
-37.528473 -728.957886 7.785279 21
-45.524014 -727.402283 14.329407 21
-36.132156 -728.224976 0.837465 21
-49.047203 -727.389648 18.646711 21
-35.529549 -728.956665 -0.089172 21
-61.514343 -726.216431 24.452591 21
-49.469677 -729.760071 15.158151 21
-57.381607 -724.951111 19.108099 21
-53.316620 -726.508240 17.906872 21
-61.848911 -727.114746 28.920732 21
-61.498142 -730.508728 23.512213 21
-49.528080 -729.923950 15.935412 21
-56.227524 -732.473694 19.763777 21
-47.855812 -726.889160 15.307575 21
-55.496887 -726.027039 18.704517 21
-36.897434 -728.312927 -1.470629 21
-43.525475 -727.689697 12.187273 21
-35.624676 -730.414185 -1.225231 21
-43.077663 -731.774536 10.403619 21
-46.669289 -728.008301 16.659985 21
-47.422329 -730.149719 14.730346 21
-39.991402 -728.495483 9.849294 21
-54.342804 -733.125488 20.651201 21
-62.057594 -725.300903 29.804844 21
-51.593212 -727.642334 19.472336 21
-54.739273 -724.022034 18.518248 21
-50.510303 -727.817444 16.070292 21
-42.587330 -732.403748 10.632552 21
-46.294476 -731.870972 17.601721 21
-62.561031 -729.163269 23.625284 21
-53.588848 -733.681091 21.666185 21
-40.700668 -728.257690 8.798086 21
-39.463146 -728.112671 7.909242 21
-49.178341 -727.618652 17.959732 21
-51.911976 -727.704529 22.114330 21
-50.714878 -732.197937 18.314075 21
-49.112915 -726.629700 16.041611 21
-57.017746 -733.028564 21.690922 21
-44.747772 -729.317139 11.267762 21
-38.757988 -729.604065 8.931639 21
-50.629059 -732.955383 19.306446 21
-37.725513 -730.862732 2.907486 21
-41.792412 -729.615723 11.880500 21
-38.783588 -728.218628 4.194485 21
-37.948456 -728.968445 -1.850119 21
-60.412823 -727.514160 28.645107 21
-59.063950 -731.772522 20.083416 21
-62.236576 -729.898132 24.263256 21
-42.715664 -728.280029 10.017373 21
-44.804333 -729.513306 14.128256 21
-56.421703 -727.053223 19.409353 21
-47.062763 -724.686035 17.505461 21
-49.909393 -727.878845 20.648071 21
-51.247875 -722.890320 18.177799 21
-50.418091 -729.768921 15.589025 21
-53.743622 -727.463257 21.164186 21
-55.961723 -724.582275 18.587345 21
-40.481792 -730.610718 10.088237 21
-51.126411 -727.525330 16.526632 21
-56.309841 -723.825439 18.917173 21
-45.093121 -728.168640 15.075578 21
-36.797920 -731.186096 0.812783 21
-55.973690 -726.503235 25.082626 21
-37.504639 -728.208130 -0.399531 21
-53.909279 -722.564087 19.005842 21
-40.697853 -729.898865 10.123758 21
-37.623108 -729.857056 1.242529 21
-63.250290 -726.788147 23.176718 21
-38.756496 -730.569946 7.132817 21
-62.534908 -727.246216 29.754055 21
-49.308338 -727.901245 19.800125 21
-62.111134 -726.073303 30.604166 21
-44.025631 -728.445740 10.555991 21
-35.594917 -728.858826 0.941516 21
-44.904865 -727.026062 15.389603 21
-60.611984 -731.445374 22.876902 21
-41.993771 -728.276978 9.284142 21
-51.978050 -732.672424 19.248344 21
-59.209000 -727.368225 27.684669 21
-49.113464 -732.041321 17.541456 21
-41.130730 -728.827942 10.942051 21
-49.795258 -728.608765 20.780123 21
-39.519630 -730.226929 8.883134 21
-36.017387 -730.083801 3.854272 21
-57.537907 -727.339600 20.341440 21
-44.942055 -727.006104 13.872591 21
-43.080219 -729.696533 14.586228 21
-40.157970 -730.075195 7.324431 21
-63.053692 -725.540405 30.755802 21
-45.521748 -726.627380 14.723778 21
-51.745129 -727.764160 16.789967 21
-52.716686 -728.758667 16.711342 21
-56.646824 -728.972046 24.520115 21
-43.761253 -729.597473 14.512241 21
-62.134029 -725.126648 29.027727 21
-50.549240 -733.669617 20.569902 21
-50.993404 -726.758484 16.825024 21
-36.035336 -730.979065 -1.247788 21
-51.064575 -724.153137 17.880760 21
-59.754345 -731.321594 23.331322 21
-53.582371 -731.407837 18.654877 21
-41.478577 -732.720520 10.361903 21
-56.406387 -722.738098 19.760756 21
-41.424015 -731.298889 9.165013 21
-65.346138 -725.931396 31.510778 21
-61.100880 -725.462219 24.142553 21
-44.428894 -726.619629 15.094665 21
-46.066875 -729.067139 16.061182 21
-37.893456 -729.272766 7.285281 21
-52.862164 -723.293091 18.447989 21
-45.765129 -729.345154 12.132721 21
-41.210709 -731.578552 11.090684 21
-53.935150 -727.396118 24.144604 21
-48.904377 -725.650757 16.629877 21
-58.990227 -723.391846 21.453749 21
-37.536091 -728.097412 6.863542 21
-39.845844 -729.903625 9.540593 21
-44.193077 -727.527893 12.666461 21
-47.365993 -732.448853 18.381983 21
-46.533848 -725.486633 16.859394 21
-39.102161 -730.572815 5.931467 21
-36.800991 -730.585632 3.651573 21
-48.796280 -729.004517 14.274138 21
-55.866714 -723.278442 19.130789 21
-54.892075 -734.080811 22.316589 21
-59.742310 -726.460754 21.490156 21
-48.656971 -732.687927 18.575071 21
-54.166050 -729.390808 18.209009 21
-54.462860 -733.494324 21.262575 21
-59.787800 -724.801575 21.075796 21
-62.138424 -726.004639 27.995670 21
-41.224506 -730.500366 10.340633 21
-63.581486 -723.966125 30.314781 21
-38.019394 -729.168579 0.474271 21
-46.441143 -729.682861 12.960049 21
-45.731396 -728.352783 16.015375 21
-58.040798 -723.926331 19.706736 21
-56.386932 -729.384644 19.368752 21
-52.053593 -726.711243 17.347874 21
-60.972107 -726.564026 28.135763 21
-48.321827 -725.038086 17.130163 21
-39.335190 -730.559814 8.331631 21
-62.844997 -728.682190 22.853289 21
-54.968807 -727.027771 24.942257 21
-45.531384 -725.738281 16.398109 21
-37.286755 -731.016418 4.418197 21
-39.526985 -727.588440 7.132967 21
-58.829063 -732.442566 22.199095 21
-36.218800 -730.967712 0.003611 21
-53.985786 -729.209351 22.594164 21
-40.215698 -727.693420 6.915989 21
-55.997551 -733.686279 22.080227 21
-58.070744 -732.395325 20.748236 21
-59.630672 -727.275635 28.654167 21
-52.251846 -733.215393 20.104391 21
-55.314247 -722.281677 19.754177 21
-60.050121 -728.134705 26.817463 21
-35.720760 -728.355774 -0.325471 21
-49.330627 -728.854431 14.682670 21
-35.847027 -730.097107 3.205520 21
-40.070473 -729.383362 6.553710 21
-44.762463 -730.481567 16.085608 21
-55.879574 -733.058960 21.126970 21
-39.081833 -727.790283 6.184322 21
-35.887547 -730.863403 -2.570896 21
-53.840881 -723.315063 18.726309 21
-50.177158 -731.424011 17.379993 21
-58.421429 -727.063843 28.069962 21
-53.476765 -724.503967 18.200533 21
-56.470215 -727.681824 26.312449 21
-52.433937 -729.053589 21.872997 21
-48.652088 -727.610474 17.553862 21
-51.957542 -728.599426 16.398155 21
-42.251949 -728.246216 13.349386 21
-46.224510 -728.301758 12.566503 21
-37.079102 -728.559814 5.705974 21
-54.756725 -727.713440 24.871359 21
-37.687695 -728.851318 -2.509558 21
-35.690083 -728.584045 1.993108 21
-62.688499 -726.869873 30.569878 21
-37.068134 -729.305847 6.590191 21
-35.843975 -728.838135 2.900392 21
-35.554447 -730.069397 -1.843898 21
-60.639015 -727.685974 27.166517 21
-54.551922 -728.433899 23.882414 21
-36.204994 -728.521790 4.957744 21
-40.956810 -731.035889 9.953478 21
-53.187038 -729.427063 17.469837 21
-55.340881 -732.701233 20.075489 21
-44.400864 -728.250732 11.458429 21
-51.349197 -729.246216 21.238411 21
-49.937901 -727.047058 16.194839 21
-62.012974 -730.286682 22.051094 21
-42.554600 -729.625244 13.030915 21
-47.133121 -725.285034 17.269730 21
-57.961296 -733.204651 22.654018 21
-53.200794 -727.140686 17.773117 21
-42.443893 -729.893860 12.301644 21
-52.662014 -725.280334 17.881546 21
-39.949524 -728.297607 6.119699 21
-59.118252 -723.955811 20.479624 21
-59.885056 -725.850220 28.725079 21
-59.264191 -732.658508 23.719110 21
-57.131359 -732.066956 19.549141 21
-35.663486 -730.665710 1.045479 21
-64.541489 -726.968506 31.368547 21
-52.809544 -722.560730 18.619595 21
-38.047642 -728.657959 7.294755 21
-53.202530 -733.618835 21.013239 21
-56.599613 -731.256165 19.177282 21
-61.239807 -727.518921 21.619530 21
-50.599300 -727.329712 20.213923 21
-62.494030 -728.094421 24.341503 21
-42.377926 -731.572571 9.735531 21
-36.594784 -731.242065 -1.143705 21
-44.367722 -727.627014 14.132922 21
-37.611492 -730.394409 6.641541 21
-41.231953 -729.758301 10.771782 21
-39.094971 -728.730652 5.218494 21
-35.668415 -730.212463 1.955227 21
-37.830158 -728.813965 2.280427 21
-63.427032 -727.425293 23.968050 21
-38.926846 -729.233154 8.104001 21
-36.753082 -730.673645 2.717836 21
-36.415916 -730.286926 4.660962 21
-36.093170 -731.302734 0.933532 21
-52.719372 -732.439514 19.107029 21
-35.426456 -729.317871 2.886955 21
-53.507050 -733.218201 20.535807 21
-56.277153 -726.757690 26.126060 21
-63.043301 -727.596863 22.619608 21
-54.087479 -724.018799 18.450434 21
-48.340767 -728.500183 19.256556 21
-35.526215 -730.786621 -0.048739 21
-48.306339 -729.028870 18.309639 21
-35.198845 -728.459839 1.240133 21
-41.467396 -728.251526 11.793094 21
-59.690033 -731.979797 21.337145 21
-51.149231 -733.574036 20.400505 21
-51.927895 -729.000244 21.118391 21
-42.804672 -727.678589 13.066878 21
-50.418655 -729.121826 15.263265 21
-38.074780 -729.670349 -0.365054 21
-37.786251 -727.578003 5.804840 21
-41.319889 -728.070312 9.861292 21
-57.301601 -723.185974 19.538568 21
-47.710552 -725.393921 17.034016 21
-63.923836 -726.957275 31.880550 21
-39.232677 -729.921021 6.811448 21
-54.156269 -725.324036 18.155468 21
-45.563866 -731.357300 16.676031 21
-63.124531 -724.487671 29.830908 21
-58.936493 -732.455444 20.826033 21
-55.656540 -727.819519 25.625582 21
-38.370716 -729.989990 7.694918 21
-54.038963 -730.220337 18.524294 21
-59.094341 -732.787354 23.064476 21
-45.215981 -729.906067 12.258698 21
-36.194439 -728.590393 3.889864 21
-43.513123 -728.161194 13.621499 21
-52.068302 -721.976196 18.188776 21
-46.014477 -727.056030 14.179196 21
-43.400158 -728.249878 10.678514 21
-61.316147 -726.914246 27.488626 21
-45.269928 -729.130493 15.270377 21
-36.970867 -728.089111 4.878954 21
-59.425655 -723.648132 21.950237 21
-40.569588 -728.625366 7.677496 21
-42.039303 -732.301758 10.312440 21
-52.405563 -726.187561 17.616678 21
-55.209091 -726.847839 18.741247 21
-47.403667 -727.765137 14.482987 21
-40.968014 -731.742676 10.453475 21
-61.990738 -730.040771 21.331081 21
-54.351807 -726.602417 18.339361 21
-54.901516 -732.428467 19.546656 21
-37.750912 -730.812256 2.066122 21
-62.027111 -726.945435 29.566820 21
-53.977795 -727.390076 21.759222 21
-53.853336 -728.691528 22.905495 21
-41.861210 -727.913086 10.607050 21
-58.830410 -726.015930 20.293716 21
-44.458828 -728.234314 14.420059 21
-43.470963 -729.426636 13.933649 21
-38.113293 -728.231506 3.962600 21
-59.580227 -725.099243 20.554695 21
-58.197403 -726.316711 27.623995 21
-57.702282 -729.078308 25.566935 21
-43.268970 -727.920349 11.181196 21
-40.100246 -728.215149 8.699591 21
-64.264229 -725.446228 30.987581 21
-56.703556 -733.427612 22.016994 21
-39.407543 -729.901428 6.168730 21
-62.774841 -724.992615 30.112232 21
-60.325958 -724.463440 22.132261 21
-50.601864 -724.858093 17.662619 21
-48.315979 -730.224548 15.428517 21
-58.389259 -725.433472 19.703772 21
-40.654499 -728.032715 7.349259 21
-41.932774 -729.725037 11.301541 21
-35.430313 -729.531738 0.927012 21
-51.255405 -733.041077 19.614931 21
-36.462337 -727.990112 3.091230 21
-37.318336 -728.176514 0.660044 21
-41.652939 -731.831604 10.273199 21
-57.084301 -733.882385 22.813581 21
-43.864265 -727.764038 13.192752 21
-63.218967 -726.238708 23.534302 21
-59.806507 -732.177917 23.150518 21
-57.884060 -727.500000 27.455109 21
-40.505039 -728.976257 7.070796 21
-45.749619 -727.705811 14.812443 21
-59.941303 -731.544800 20.578304 21
-52.264103 -731.745117 18.378698 21
-59.581661 -728.441589 26.606623 21
-37.617928 -728.461975 1.617237 21
-45.632236 -727.679871 13.134262 21
-56.384117 -721.771423 19.935022 21
-41.348637 -728.046936 11.155169 21
-55.167854 -728.844299 23.088642 21
-52.561806 -729.407349 16.845720 21
-37.909245 -729.747803 2.626548 21
-43.777775 -727.718567 14.243670 21
-50.212219 -725.720642 17.065311 21
-47.559559 -725.917114 16.398382 21
-50.998356 -730.640564 17.329031 21
-52.775715 -730.232544 17.995190 21
-38.077660 -728.061340 6.511852 21
-37.398872 -727.673096 2.481504 21
-47.318054 -728.491150 13.291362 21
-48.398994 -728.540100 14.268153 21
-60.587074 -731.343689 21.583696 21
-50.042210 -732.294861 18.287130 21
-50.821194 -728.696960 20.908661 21
-47.545956 -727.766541 17.387812 21
-50.785751 -727.704834 21.407909 21
-61.034885 -730.880188 23.634127 21
-60.160404 -723.528381 22.559729 21
-62.142471 -729.759644 22.919577 21
-52.567566 -731.121643 18.236795 21
-63.453190 -726.942139 30.203581 21
-45.134083 -726.091003 16.071592 21
-53.038475 -733.005676 19.939259 21
-61.527786 -730.335754 20.921398 21
-54.330639 -727.829529 24.462646 21
-60.304626 -726.414246 29.449802 21
-37.681828 -730.780579 0.363538 21
-44.419468 -730.555786 15.201651 21
-54.920662 -726.808899 24.361586 21
-49.867725 -727.735413 15.731291 21
-50.216480 -728.942627 20.333183 21
-60.706604 -725.152710 22.917038 21
-38.588196 -730.786865 6.433914 21
-57.519310 -724.357056 19.221277 21
-56.975033 -729.178040 25.002819 21
-37.357273 -727.902771 1.234424 21
-38.160324 -729.251648 3.363135 21
-37.505920 -730.719849 6.125326 21
-45.065620 -726.533142 15.113367 21
-46.746357 -725.763733 16.323215 21
-56.937691 -726.612793 26.663727 21
-43.122280 -727.750305 14.254285 21
-52.809757 -727.276367 21.009310 21
-56.153118 -734.102966 22.547029 21
-58.389080 -723.479431 20.278145 21
-36.703434 -731.866577 -1.697578 21
-60.589890 -724.722717 23.310715 21
-46.839687 -731.976624 17.398836 21
-59.956047 -725.882507 21.329498 21
-40.755543 -728.394104 10.866201 21
-39.275993 -729.239136 8.588793 21
-46.861443 -726.872375 14.722017 21
-48.007580 -724.216614 17.388750 21
-47.411961 -727.197876 14.830003 21
-46.612602 -728.464539 17.593622 21
-62.405094 -729.325378 24.242687 21
-49.565636 -730.559753 16.426413 21
-42.617302 -729.850708 11.114821 21
-53.764965 -732.542175 19.473436 21
-54.508705 -730.687805 18.769753 21
-40.450939 -729.047241 10.218998 21
-53.486942 -730.418762 18.377317 21
-58.722828 -727.169922 20.752314 21
-39.830284 -728.011108 7.481351 21
-35.917980 -729.157715 3.890787 21
-38.472481 -729.334412 4.130615 21
-40.046730 -728.954468 9.475651 21
-49.141132 -730.391663 16.041355 21
-35.719265 -728.335266 0.378396 21
-51.700287 -728.062439 21.716988 21
-48.841412 -723.850403 17.621286 21
-58.086544 -728.444275 25.515276 21
-56.933998 -727.557190 26.747953 21
-49.720875 -728.651001 15.114318 21
-42.038261 -731.367615 11.029652 21
-50.288975 -727.369141 19.598269 21
-56.395737 -732.797852 20.748194 21
-54.173485 -732.708496 19.848928 21
-48.965286 -727.726013 19.123203 21
-41.236546 -730.572144 11.435890 21
-37.788258 -730.573975 4.481071 21
-36.269394 -729.195374 4.633345 21
-38.071018 -730.169434 3.991415 21
-47.283154 -728.818115 17.541470 21
-60.170471 -724.150818 22.737240 21
-51.830700 -727.276978 21.688437 21
-61.259480 -727.224426 22.461218 21
-42.977154 -729.941956 13.651897 21
-36.421436 -730.756897 1.716987 21
-51.557690 -731.665344 18.109829 21
-39.416756 -728.892822 5.656812 21
-58.698700 -727.140015 26.217066 21
-46.262455 -727.666138 15.379089 21
-63.604023 -724.522278 30.700914 21
-55.461536 -726.817627 25.160778 21
-42.474979 -733.150574 10.680601 21
-36.749546 -728.916870 5.409865 21
-45.893131 -728.565063 12.161036 21
-53.101936 -729.131287 22.154739 21
-55.205154 -728.201721 24.030624 21
-53.144299 -732.658142 19.501078 21
-58.989811 -724.516846 20.175142 21
-54.282871 -727.192444 22.310965 21
-53.842129 -728.346741 23.536402 21
-59.656212 -725.615173 28.018900 21
-44.341866 -727.075684 13.813080 21
-42.487785 -731.778748 10.446224 21
-50.131203 -722.863098 17.755934 21
-43.668575 -727.880188 11.687518 21
-60.498554 -727.108887 28.170578 21
-38.394207 -727.871094 6.929256 21
-60.254211 -731.774841 23.194828 21
-59.662128 -731.992126 22.215637 21
-42.415108 -727.844849 11.506085 21
-63.739189 -727.041870 30.895845 21
-44.842030 -727.336609 13.388317 21
-55.861828 -727.253967 19.045343 21
-53.759052 -721.665405 18.726177 21
-45.386814 -726.862061 14.236273 21
-49.111118 -733.197510 19.673424 21
-42.631325 -728.413025 12.897440 21
-43.803528 -727.158020 14.901511 21
-50.424412 -730.401184 16.821224 21
-53.000504 -727.910706 23.187632 21
-62.964439 -727.988647 23.631918 21
-50.717514 -731.201721 17.519127 21
-49.980446 -732.890930 19.131695 21
-61.224373 -731.005432 21.746578 21
-51.992981 -730.038147 17.522820 21
-53.429806 -728.270630 17.531372 21
-52.198990 -734.020935 21.409332 21
-44.785633 -727.812012 12.394849 21
-62.603329 -730.203064 23.968592 21
-36.312824 -730.924255 0.548976 21
-39.667702 -730.451721 9.425830 21
-48.498611 -731.053589 16.327026 21
-41.229267 -732.228638 10.196875 21
-61.568081 -725.410889 24.493776 21
-52.687092 -727.002075 22.029993 21
-35.130951 -728.905579 1.794399 21
-44.615170 -729.202271 14.592502 21
-48.318832 -733.307739 19.840528 21
-63.034580 -728.169067 23.115736 21
-37.457100 -730.609497 3.311349 21
-59.119904 -732.353027 21.398617 21
-52.573383 -733.630005 20.851416 21
-50.569641 -727.886780 20.790491 21
-53.166878 -729.755249 17.928837 21
-47.472111 -726.380005 15.522161 21
-40.652905 -730.968811 9.491831 21
-37.925255 -728.569702 2.930963 21
-53.120914 -734.045776 21.697828 21
-49.286636 -731.196045 16.802027 21
-50.840538 -727.587708 18.969297 21
-48.772881 -728.532898 19.741001 21
-39.216316 -729.855103 5.641433 21
-57.657124 -722.741699 20.945953 21
-37.692860 -727.835571 4.734816 21
-55.118725 -732.932983 20.535999 21
-47.802044 -732.499878 18.044708 21
-39.642670 -729.446411 5.906580 21
-54.245682 -733.663452 21.729616 21
-46.017250 -726.058411 16.636246 21
-60.293335 -727.115540 26.656347 21
-45.704029 -726.176392 15.923598 21
-51.779633 -722.904724 18.294466 21
-54.957012 -722.962524 19.111397 21
-52.604130 -727.472778 22.807440 21
-38.590229 -727.722778 7.583988 21
-36.442696 -729.489624 5.754721 21
-45.294968 -731.083679 15.859295 21
-48.845642 -727.588928 17.041304 21
-35.911469 -730.613159 -0.405645 21
-57.537434 -722.909363 20.315628 21
-36.857780 -727.856934 4.201722 21
-48.959938 -724.703491 17.306633 21
-61.808708 -730.221130 24.209461 21
-61.780792 -726.543213 28.645269 21
-48.955296 -732.435974 18.173643 21
-39.769409 -728.285828 9.335099 21
-57.962021 -731.880432 19.691408 21
-49.598015 -733.411804 20.008774 21
-51.969254 -733.000366 19.678804 21
-56.037045 -732.137939 19.316135 21
-51.666958 -732.408875 18.833330 21
-48.152649 -727.623779 17.774393 21
-55.047710 -729.259583 23.459141 21
-48.069069 -727.905029 18.357796 21
-39.466087 -728.686340 8.817546 21
-41.963005 -729.747986 9.086997 21
-53.485138 -727.115662 23.105715 21
-62.384087 -726.461548 22.394627 21
-49.634369 -731.926453 17.604105 21
-53.945568 -732.154297 19.023909 21
-58.970440 -726.518433 28.523037 21
-41.399776 -730.073486 8.964818 21
-57.033165 -731.568115 19.295500 21
-48.166306 -725.879639 16.214926 21
-41.502693 -728.408142 8.800454 21
-52.063305 -727.503784 20.138206 21
-49.154594 -727.605896 15.454285 21
-37.154606 -731.043762 3.883397 21
-48.255634 -726.402527 15.925982 21
-63.107117 -725.768982 23.020317 21
-54.161018 -726.838440 24.091742 21
-53.044331 -728.421021 22.824314 21
-50.317257 -723.734375 17.893826 21
-55.577988 -727.267822 25.672274 21
-50.927612 -728.469299 15.863686 21
-49.971569 -726.083801 16.730633 21
-35.552288 -729.280090 -1.583722 21
-59.447197 -728.247864 26.112909 21
-59.631950 -723.624573 22.593527 21
-40.820835 -729.122864 7.491238 21
-47.436737 -732.807983 19.033503 21
-61.933048 -725.858826 27.519459 21
-64.888680 -726.253052 31.617004 21
-51.648460 -725.334045 17.613569 21
-47.235252 -730.913513 15.490114 21
-56.867996 -723.746460 19.167608 21
-51.045040 -727.172607 20.507278 21
-37.592854 -730.233643 0.331463 21
-44.817211 -728.542969 11.610995 21
-53.710712 -727.136414 22.148302 21
-54.657257 -724.970459 18.277132 21
-48.978134 -727.093384 15.636617 21
-38.336681 -728.361816 7.688661 21
-35.799938 -729.705200 2.846205 21
-55.252701 -727.952942 24.900290 21
-46.833580 -727.830261 14.152600 21
-38.537766 -727.999756 4.878024 21
-64.406265 -724.717163 31.080124 21
-55.458000 -731.285339 18.984749 21
-35.476593 -729.364807 -0.933861 21
-40.182076 -730.619080 10.524506 21
-40.050667 -728.672485 6.516473 21
-60.612473 -731.347168 20.885632 21
-41.476372 -728.916992 11.482571 21
-44.729450 -730.882568 16.747696 21
-37.553463 -730.394409 2.705296 21
-62.676258 -728.495483 24.011150 21
-37.094921 -730.812439 1.312196 21
-62.847992 -728.624573 22.109156 21
-54.513199 -726.032227 18.371576 21
-35.456554 -729.967712 -0.059653 21
-36.698925 -731.037415 4.277899 21
-52.908981 -727.544861 17.509295 21
-42.314560 -732.796326 10.302295 21
-38.418388 -730.298401 6.758160 21
-38.586052 -728.926086 7.833007 21
-47.871765 -729.728638 13.966874 21
-58.240376 -726.463501 20.255098 21
-35.766533 -730.574524 2.335936 21
-48.895683 -728.782776 19.211220 21
-63.367649 -726.096130 31.109388 21
-35.716698 -729.166016 2.350517 21
-46.123974 -729.477173 12.515610 21
-38.979198 -730.227661 8.111114 21
-38.983875 -729.142883 9.040950 21
-63.313374 -726.717712 30.922926 21
-36.931545 -727.949463 2.079421 21
-40.588760 -731.006348 10.417659 21
-61.041607 -726.754211 29.589279 21
-43.136982 -729.297974 13.422878 21
-50.572140 -725.441711 17.364702 21
-35.210629 -729.155029 0.478693 21
-51.531784 -734.023621 21.097746 21
-48.549335 -729.848083 14.548061 21
-46.272602 -728.504333 17.184761 21
-48.006538 -731.092346 16.134289 21
-62.569172 -725.874023 30.748943 21
-38.003124 -729.094727 -0.906126 21
-36.070293 -731.372620 0.291794 21
-43.035690 -727.678528 12.437861 21
-59.153664 -723.169067 22.400358 21
-57.090527 -733.463562 22.421455 21
-49.405113 -728.421204 19.720913 21
-48.104198 -728.935120 13.827812 21
-39.675228 -728.310425 8.347602 21
-59.722584 -727.375305 27.596096 21
-58.766674 -726.052185 27.777922 21
-50.987209 -732.444214 18.753180 21
-50.187508 -733.110535 19.585808 21
-38.029297 -728.773010 1.095524 21
-60.529163 -725.589905 22.052002 21
-59.050350 -726.764587 20.930822 21
-63.823784 -724.746155 31.244036 21
-60.440231 -731.535889 22.328098 21
-61.063766 -730.948486 22.516773 21
-62.656597 -724.891907 29.003181 21
-54.694229 -731.516785 18.840645 21
-61.570702 -725.486938 29.782017 21
-38.037693 -729.712769 3.146486 21
-52.935646 -732.075378 18.815466 21
-50.119587 -733.415161 20.030855 21
-36.204411 -731.187256 1.988411 21
-38.329876 -727.834717 6.001301 21
-62.872555 -728.141357 21.887028 21
-63.166927 -726.396790 22.830936 21
-35.384476 -729.911987 -0.802967 21
-50.107105 -724.682495 17.625525 21
-36.778648 -730.452881 5.462954 21
-54.742329 -726.911194 18.529049 21
-53.424740 -731.898499 18.768177 21
-53.704281 -727.393555 17.899864 21
-35.936001 -728.847107 3.464284 21
-38.268341 -728.668396 2.511973 21
-59.081528 -723.899841 21.001841 21
-44.264538 -728.723572 10.919850 21
-61.013786 -726.089722 30.109663 21
-38.418812 -728.588745 3.116479 21
-52.726334 -727.549133 20.184151 21
-42.376720 -728.061462 10.385695 21
-53.193310 -729.522888 23.069326 21
-50.813313 -728.884521 15.566971 21
-41.681282 -732.453186 10.754833 21
-44.956024 -726.544556 16.277563 21
-37.638565 -729.724854 0.747062 21
-51.854378 -728.699829 21.887461 21
-38.392357 -729.833984 4.230361 21
-51.746571 -729.540466 16.308355 21
-51.053291 -727.272644 21.183701 21
-52.423237 -728.856567 22.376160 21
-54.254658 -727.323303 18.212639 21
-49.962738 -729.639709 15.251253 21
-59.269070 -725.944031 20.554651 21
-42.414612 -728.560242 9.006711 21
-56.014431 -728.014954 25.119640 21
-61.692623 -726.275391 30.352470 21
-50.983242 -722.365784 18.177969 21
-45.297192 -729.482361 11.922758 21
-54.494831 -732.070374 19.028748 21
-49.500610 -725.220642 17.279423 21
-59.536377 -728.778992 26.041973 21
-45.604389 -728.971680 15.785634 21
-40.167511 -729.705750 6.914527 21
-42.008907 -729.155090 12.131087 21
-36.092529 -728.301636 2.844527 21
-41.446224 -731.518921 10.627540 21
-37.663822 -729.959778 1.748463 21
-53.956615 -726.831238 23.254827 21
-63.286850 -727.158325 23.523561 21
-40.696354 -732.073181 10.883738 21
-46.073570 -731.507202 16.695244 21
-49.450676 -729.408508 14.758663 21
-62.619137 -726.890076 29.397558 21
-55.433838 -733.710876 22.049116 21
-37.518555 -728.471802 -1.502955 21
-37.185471 -728.096619 5.496345 21
-60.791973 -731.250671 23.340033 21
-40.191483 -729.945984 10.033099 21
-55.667702 -729.295898 23.994022 21
-49.774315 -732.667603 18.705410 21
-62.448765 -729.656921 23.752705 21
-56.159157 -726.584839 25.548889 21
-48.383896 -732.843567 18.981520 21
-39.848621 -730.869812 8.218911 21
-54.298225 -731.201660 18.752302 21
-47.773735 -730.811890 15.739823 21
-37.041759 -728.124207 6.110963 21
-55.338295 -730.743835 18.969982 21
-51.809574 -730.755310 17.762362 21
-52.281075 -727.735840 22.467800 21
-43.153522 -729.778992 13.204734 21
-47.368717 -728.239746 17.612448 21
-36.453136 -727.876953 2.220729 21
-52.330467 -724.566528 18.040842 21
-49.614117 -726.653503 16.246595 21
-64.846199 -725.689697 31.566236 21
-36.086269 -728.222290 1.840796 21
-45.737015 -731.731750 17.769110 21
-57.030849 -726.395752 19.603771 21
-55.087532 -722.374573 19.309309 21
-62.562889 -729.115906 21.702408 21
-58.406124 -724.388611 19.704294 21
-60.031826 -727.067078 29.089884 21
-37.063770 -730.937561 1.791381 21
-53.192291 -731.169739 18.477242 21
-37.495823 -731.301453 -1.141150 21
-63.437477 -725.192566 30.729168 21
-56.507591 -728.522888 24.348713 21
-53.835091 -726.455688 18.131313 21
-39.523430 -728.031494 6.057677 21
-36.550949 -729.517029 5.168797 21
-43.762127 -729.049194 14.066978 21
-48.354153 -728.681335 18.713009 21
-55.157341 -725.160339 18.423990 21
-60.547153 -725.995056 29.590679 21
-40.670589 -728.516174 6.903639 21
-57.515987 -732.907715 21.791082 21
-41.370731 -728.596008 7.851284 21
-46.378487 -729.037659 16.475946 21
-54.308926 -722.941345 19.013981 21
-35.563599 -729.716614 1.604181 21
-48.267765 -727.256714 15.173621 21
-47.408741 -728.044617 14.065149 21
-58.498383 -733.125671 23.063471 21
-42.450073 -727.943054 10.966788 21
-56.117573 -726.254395 19.032490 21
-58.955360 -727.416809 28.141867 21
-42.435898 -727.748962 12.009784 21
-59.611378 -724.236816 20.975769 21
-40.543819 -729.884033 7.616489 21
-62.800117 -726.328796 29.595320 21
-51.908371 -723.744202 18.117447 21
-38.008030 -729.974976 6.789569 21
-57.875313 -726.530334 25.684093 21
-36.363266 -730.333130 3.146250 21
-56.426247 -724.326111 18.814438 21
-39.393906 -730.210388 9.777383 21
-59.213966 -725.013184 20.163403 21
-35.133785 -729.237732 -0.050772 21
-40.295307 -728.086365 7.684775 21
-37.788311 -728.933472 1.694364 21
-37.815311 -728.606812 -0.379796 21
-40.765678 -728.823425 10.551714 21
-40.800777 -728.145325 9.355247 21
-56.658855 -732.288391 19.604549 21
-38.309467 -730.715637 5.990233 21
-46.557182 -729.271423 12.706734 21
-61.297710 -725.588074 28.715509 21
-46.445168 -727.246399 14.318873 21
-51.643032 -733.566406 20.480682 21
-58.531590 -728.939392 26.126148 21
-59.707973 -724.175354 21.754694 21
-46.940258 -729.760681 13.297853 21
-40.613091 -728.105469 10.455001 21
-38.285847 -730.721558 7.053635 21
-38.928097 -729.209351 4.887551 21
-38.390091 -729.920105 6.383278 21
-58.808041 -722.721130 21.398542 21
-43.157261 -728.736877 13.283068 21
-45.141296 -726.409424 15.583134 21
-36.047722 -730.984863 1.417926 21
-37.044266 -727.921875 3.015930 21
-49.467781 -723.195557 17.616383 21
-46.582405 -728.225586 13.173038 21
-39.052013 -727.732361 6.673412 21
-55.701096 -729.602783 24.479462 21
-58.256439 -725.011108 19.505491 21
-61.149456 -724.925232 24.010191 21
-44.263195 -729.663086 11.189789 21
-55.264343 -729.154114 18.615412 21
-59.367069 -722.943848 21.882540 21
-41.980076 -731.403015 10.246991 21
-47.822716 -728.430603 18.174595 21
-55.015930 -725.889893 18.507591 21
-51.495205 -724.495117 17.946390 21
-49.005322 -732.958191 19.205967 21
-56.555607 -733.911438 23.000681 21
-38.150440 -727.783264 5.087558 21
-56.148548 -731.487305 19.164492 21
-53.603569 -725.641968 18.026230 21
-54.186432 -729.345276 23.168951 21
-59.405251 -733.101685 23.329672 21
-52.040054 -727.182617 20.984112 21
-55.180401 -723.799072 18.629671 21
-57.554188 -726.712585 27.362644 21
-48.635464 -727.665405 18.673395 21
-50.263855 -727.640381 20.396635 21
-44.201115 -727.478638 14.581116 21
-51.264996 -729.987061 17.108227 21
-55.941578 -721.755981 19.681177 21
-52.507595 -722.914795 18.476641 21
-43.616180 -727.240234 14.147540 21
-36.484962 -728.131409 3.815025 21
-63.936268 -726.050171 31.203302 21
-43.540417 -730.047119 14.676820 21
-56.928242 -724.904297 18.889948 21
-38.670742 -729.981750 7.216391 21
-53.927738 -733.046326 20.342495 21
-62.071171 -729.528564 21.161369 21
-39.081924 -727.868530 5.667576 21
-38.931698 -729.678284 7.903429 21
-35.936543 -730.705139 2.922288 21
-63.083088 -727.153137 22.850857 21
-58.104042 -732.536682 21.444611 21
-51.131668 -726.317383 17.050209 21
-58.741367 -725.627808 19.983849 21
-43.765362 -727.270691 13.601337 21
-39.522194 -730.118530 8.179736 21
-56.426060 -722.295532 20.066761 21
-37.543137 -731.104126 -0.648975 21
-46.555641 -732.428772 18.672960 21
-56.835800 -722.483582 20.496048 21
-51.302410 -727.397705 19.867395 21
-47.154469 -729.160706 16.923149 21
-61.471214 -725.828552 24.782608 21
-39.907452 -730.529175 8.654051 21
-57.524876 -733.386414 22.662800 21
-57.461029 -725.694702 19.401020 21
-37.630394 -728.309082 2.081963 21
-55.092293 -733.452942 21.436653 21
-38.071987 -729.159363 -2.530829 21
-61.388454 -730.813049 21.248369 21
-40.599751 -728.236084 8.328470 21
-62.876518 -724.513916 29.393715 21
-65.843666 -726.510803 31.619131 21
-50.429001 -729.907959 16.544529 21
-54.243069 -728.805664 22.581121 21
-38.097404 -730.495544 4.928871 21
-42.454109 -728.328125 9.578253 21
-54.472301 -722.098938 19.276011 21
-55.793415 -732.641235 19.964628 21
-49.871208 -724.210205 17.755466 21
-37.945572 -728.683044 0.633272 21
-44.403503 -730.649414 15.691343 21
-46.840832 -726.403992 15.520593 21
-50.811680 -722.779114 18.000412 21
-39.772800 -729.123352 9.110103 21
-59.652420 -726.940369 21.472939 21
-52.231979 -733.498291 20.552561 21
-36.662663 -731.126709 -0.363535 21
-44.511753 -726.856628 15.924117 21
-35.625031 -728.741333 3.822901 21
-61.836670 -725.476868 28.841719 21
-36.465755 -731.047607 3.603712 21
-45.978508 -726.464661 15.034561 21
-53.695847 -728.692932 17.430864 21
-43.240356 -727.373413 13.298500 21
-62.353100 -726.360596 22.999290 21
-61.415424 -726.911621 28.623882 21
-38.435177 -728.421814 3.570935 21
-46.442284 -726.058350 15.756351 21
-62.503979 -726.351440 30.669378 21
-52.398174 -730.644958 18.231619 21
-36.070362 -731.270691 -2.772142 21
-51.283184 -729.604675 16.031231 21
-39.874969 -731.013550 9.212317 21
-57.942150 -726.040833 26.784340 21
-62.515263 -725.248779 28.520054 21
-46.048512 -727.547424 13.521706 21
-51.608162 -725.802612 17.473242 21
-42.962849 -727.707336 13.546036 21
-59.921951 -726.250916 29.177345 21
-43.145313 -728.332947 10.292839 21
-62.237320 -726.136230 24.672621 21
-50.181320 -727.591858 18.499651 21
-55.895451 -722.881592 19.404806 21
-56.594902 -725.905151 19.110029 21
-55.732254 -729.473999 19.141291 21
-38.852985 -728.254822 5.318057 21
-52.504303 -728.334839 22.392857 21
-39.702713 -729.435242 9.510990 21
-56.673836 -728.085510 26.072878 21
-41.291679 -728.666870 11.942488 21
-51.190075 -728.763245 21.233263 21
-35.611881 -730.790710 -0.938129 21
-37.799671 -729.466553 1.466954 21
-37.262573 -730.742249 2.782874 21
-53.308815 -723.442810 18.584127 21
-41.493347 -729.538635 8.264572 21
-39.198769 -727.816956 7.604290 21
-60.518181 -726.121460 22.471094 21
-48.650604 -730.426880 15.796588 21
-37.015984 -727.948242 1.569825 21
-57.507111 -727.186523 19.904131 21
-36.225098 -728.054565 1.276059 21
-35.641178 -730.069702 2.593083 21
-56.289040 -732.684326 20.302908 21
-60.181362 -724.954590 21.644373 21
-35.470268 -730.477722 -2.286939 21
-63.042629 -727.168823 24.125200 21
-38.190445 -729.057007 7.590977 21
-58.655201 -732.370239 21.752829 21
-61.806877 -730.238159 23.268036 21
-60.790665 -725.148376 24.619719 21
-50.917328 -723.684753 17.965519 21
-55.454868 -733.037292 20.880354 21
-61.388493 -730.590271 22.693455 21
-45.270733 -727.817566 14.793361 21
-63.286446 -724.414062 30.348972 21
-41.577621 -730.756348 10.850620 21
-61.064117 -725.513550 29.184145 21
-57.894470 -732.969727 22.145235 21
-35.818943 -728.568787 2.506158 21
-35.686951 -728.675964 1.430035 21
-58.138786 -727.060974 25.769691 21
-42.406658 -727.978027 12.958154 21
-49.564537 -727.899780 20.329350 21
-37.022015 -730.385986 4.798887 21
-53.277149 -727.386597 21.107500 21
-39.502975 -730.323364 5.768796 21
-36.655922 -728.011292 0.372202 21
-39.519508 -728.497559 5.914691 21
-57.131931 -732.598450 20.585161 21
-47.428440 -728.405212 13.777652 21
-59.471275 -731.792480 20.367565 21
-49.042301 -731.703491 17.135454 21
-53.389946 -727.168396 23.562351 21
-42.207745 -728.169312 12.377193 21
-45.359863 -731.514099 17.544727 21
-64.218292 -726.378113 31.418928 21
-51.079536 -733.267212 20.021278 21
-52.009632 -727.127319 17.127621 21
-57.341866 -726.428101 26.833998 21
-35.671635 -730.457886 1.569977 21
-36.591187 -728.888367 5.889650 21
-43.030975 -729.559998 14.101563 21
-56.819901 -733.168579 21.287752 21
-41.841118 -730.621704 11.212394 21
-48.450089 -729.827942 15.211602 21
-42.727917 -728.124878 13.319444 21
-59.985283 -726.404724 21.917892 21
-62.909573 -726.636475 24.066210 21
-36.417210 -730.328369 3.699137 21
-43.028774 -732.442017 10.550827 21
-41.722900 -728.090454 9.630701 21
-35.437527 -729.164429 3.365337 21
-45.447567 -729.463806 15.011209 21
-41.557671 -728.613525 8.372833 21
-36.613049 -728.086182 -0.099705 21
-55.568012 -724.824951 18.480940 21
-50.000111 -730.546143 16.639982 21
-35.519802 -729.924927 0.691586 21
-48.566967 -725.387085 16.840694 21
-48.291126 -731.700623 16.811838 21
-41.015980 -729.037292 7.076375 21
-62.467056 -726.885376 30.045843 21
-58.464344 -722.962463 20.985176 21
-50.499676 -731.616577 17.686409 21
-57.557148 -727.167786 27.398767 21
-38.886951 -729.635254 5.102767 21
-35.946507 -730.554932 0.685177 21
-52.278488 -727.238953 21.954762 21
-36.849182 -731.128357 2.750786 21
-47.390938 -729.285767 13.334471 21
-55.434860 -732.084534 19.165430 21
-41.056053 -730.003967 10.398740 21
-61.640835 -727.025269 22.876970 21
-48.576473 -732.216919 17.569008 21
-36.658333 -728.450195 4.873591 21
-36.285107 -731.135437 3.080964 21
-35.935719 -729.623901 3.910095 21
-59.434635 -732.468872 23.210838 21
-41.086330 -729.295105 10.930851 21
-51.359634 -733.653442 20.867468 21
-43.677071 -728.526611 13.867036 21
-51.500259 -724.008301 17.957544 21
-52.870682 -727.104919 21.623940 21
-39.218582 -728.273254 8.427118 21
-37.074036 -731.000549 0.492900 21
-47.917828 -730.218872 15.187811 21
-60.726910 -724.284119 23.437040 21
-64.630470 -725.165222 31.040127 21
-38.663181 -728.652954 8.203122 21
-56.064697 -725.244324 18.705055 21
-49.189610 -724.398071 17.587467 21
-51.423038 -726.667053 17.082998 21
-37.749302 -728.034302 2.950646 21
-37.230381 -728.299622 -1.141633 21
-61.242550 -725.942871 24.185652 21
-50.567394 -726.751892 16.596434 21
-43.102711 -728.522827 9.685929 21
-36.159416 -731.496216 -0.408835 21
-40.447624 -729.835205 10.510618 21
-63.091293 -725.266113 30.378454 21
-56.862347 -726.467468 26.188269 21
-41.698673 -729.789917 10.908601 21
-51.365070 -728.010925 21.414103 21
-43.717850 -729.610229 10.677824 21
-47.191647 -725.819763 16.147306 21
-57.823994 -724.957275 19.296896 21
-49.683434 -727.600708 19.669956 21
-57.789589 -732.370300 20.348219 21
-44.244064 -729.695618 14.264534 21
-44.910461 -729.095215 14.979353 21
-37.680779 -728.405579 7.198052 21
-54.967972 -730.305115 18.945032 21
-56.858143 -722.967834 19.512445 21
-52.305763 -729.019409 21.413057 21
-62.131283 -726.361511 27.668142 21
-52.774517 -728.409180 17.038656 21
-60.804188 -730.842651 20.525839 21
-40.705593 -729.447754 10.001662 21
-62.402142 -729.598694 23.295614 21
-63.884518 -726.893860 31.411600 21
-62.735294 -728.993408 23.242207 21
-49.661087 -728.749634 19.955421 21
-58.797096 -728.633606 25.836563 21
-44.083206 -726.820923 14.751970 21
-37.126980 -728.867981 6.708498 21
-38.459686 -728.556824 4.175453 21
-60.920872 -725.721191 23.690706 21
-38.493008 -730.229492 5.007014 21
-36.451046 -731.616028 -2.001613 21
-45.334881 -731.222351 17.068165 21
-44.226929 -730.518066 16.082371 21
-42.803432 -727.839783 11.253425 21
-52.870518 -728.976807 22.724867 21
-46.769123 -732.122375 17.825958 21
-46.713276 -726.563171 15.075503 21
-60.201920 -724.025391 23.286667 21
-39.663551 -727.600769 7.649684 21
-47.221340 -730.403381 15.038336 21
-53.353886 -728.620972 22.556263 21
-62.246288 -726.184021 28.854227 21
-35.999081 -730.420044 1.241322 21
-62.492874 -729.509644 22.054987 21
-40.181660 -728.135681 6.489794 21
-51.963943 -726.172119 17.466133 21
-44.490658 -726.899048 14.298298 21
-37.323547 -727.949341 4.138986 21
-53.021126 -723.701660 18.319286 21
-60.831718 -725.589294 23.091799 21
-56.372402 -732.972961 21.176720 21
-46.471245 -728.004456 13.544271 21
-63.729774 -727.211304 30.434120 21
-55.702671 -722.497803 19.549067 21
-37.600296 -728.759583 0.941927 21
-51.929928 -732.037292 18.484818 21
-37.205074 -730.935364 5.211982 21
-57.174137 -722.381836 20.177317 21
-39.944080 -727.954346 7.934411 21
-37.458229 -729.241821 6.887433 21
-62.804665 -724.497620 28.790709 21
-57.960907 -727.133118 20.245304 21
-52.806602 -727.065247 22.819580 21
-57.915863 -725.827148 19.686567 21
-54.700111 -724.507080 18.364450 21
-46.649883 -727.687378 15.887619 21
-52.622887 -725.733704 17.745811 21
-43.747704 -727.535706 12.567969 21
-56.259289 -726.631226 19.232737 21
-35.819141 -731.116394 -2.065102 21
-53.180264 -725.366943 17.986862 21
-43.702793 -728.781433 10.434077 21
-48.928261 -727.867004 14.992329 21
-61.832741 -727.026978 27.150053 21
-38.115772 -729.662659 7.510919 21
-39.449379 -730.068054 9.297547 21
-45.488781 -728.322632 12.156308 21
-54.464397 -728.558899 17.970539 21
-51.096836 -731.902588 18.139648 21
-59.868076 -725.204163 20.889841 21
-60.643742 -725.704529 29.215618 21
-54.636837 -728.103210 24.193865 21
-52.928284 -724.285034 18.224047 21
-54.575451 -733.800049 22.166567 21
-43.771549 -727.351685 13.059293 21
-37.899807 -729.359436 2.387713 21
-53.621529 -734.007446 21.976835 21
-55.936844 -728.983643 23.798620 21
-39.026527 -730.121033 5.940713 21
-58.959061 -732.056885 20.420067 21
-49.503029 -728.579285 20.445021 21
-59.755997 -731.918335 21.777416 21
-40.362530 -728.346802 10.061460 21
-35.706604 -728.420410 1.043914 21
-55.158241 -721.549377 19.219078 21
-47.824139 -729.389404 13.677060 21
-42.237720 -731.284058 10.604206 21
-62.898560 -725.892517 23.610392 21
-50.178612 -727.697083 20.951761 21
-46.033764 -726.180359 15.621724 21
-59.162960 -728.965759 25.855133 21
-59.217999 -732.174377 22.228699 21
-37.921368 -728.738037 -1.418616 21
-49.938267 -728.250122 15.446860 21
-43.815178 -727.189514 15.339091 21
-59.844799 -731.786682 23.395176 21
-41.468430 -731.980225 11.000888 21
-55.459801 -726.468689 18.786499 21
-43.857079 -730.112976 15.218616 21
-47.893467 -726.578674 15.626538 21
-38.145092 -728.789429 3.429472 21
-56.999634 -726.016724 19.369280 21
-37.886120 -730.821228 5.868433 21
-52.995358 -721.903320 18.829350 21
-57.863789 -726.326355 19.962671 21
-58.150375 -727.312866 27.762436 21
-38.207157 -729.427551 -1.744041 21
-63.849113 -724.110107 30.624689 21
-37.696754 -729.940857 7.103440 21
-48.250038 -732.581787 18.413212 21
-42.890152 -728.938416 9.583992 21
-38.116852 -729.857849 -1.196288 21
-58.074989 -722.600647 21.334455 21
-53.465816 -726.070801 17.998631 21
-45.234318 -727.908142 12.672891 21
-55.517040 -724.348206 18.529976 21
-37.929874 -727.766724 4.038409 21
-62.541084 -725.869751 27.863649 21
-41.757740 -728.084412 12.417835 21
-61.982338 -725.699280 30.384985 21
-52.924019 -726.265137 17.808992 21
-53.152443 -730.185974 18.219587 21
-49.941021 -727.425110 19.278082 21
-54.238625 -726.801086 23.595043 21
-58.711029 -723.789917 20.496845 21
-46.340492 -725.720886 16.527332 21
-58.636505 -731.923523 19.944935 21
-55.613121 -727.654785 19.246109 21
-51.210148 -728.824402 21.742029 21
-46.694767 -728.301880 17.058008 21
-38.013618 -730.016479 3.556406 21
-37.450310 -728.163574 0.252484 21
-64.796196 -726.719116 31.624434 21
-48.438980 -723.913818 17.431925 21
-48.693626 -726.563049 15.963322 21
-56.526432 -727.608276 19.630646 21
-50.151047 -728.149292 20.341934 21
-46.178932 -732.180298 18.415092 21
-39.121353 -727.798096 8.043884 21
-41.589638 -731.576050 9.455545 21
-57.119766 -732.388733 19.898415 21
-35.616688 -730.795227 -1.446526 21
-60.791595 -724.812195 23.697247 21
-49.235363 -725.448975 16.876162 21
-49.780941 -727.491516 18.836975 21
-40.193424 -728.479675 7.492072 21
-58.222710 -726.684570 27.948620 21
-60.219112 -725.547913 21.697048 21
-45.846111 -727.992188 12.884568 21
-46.315495 -728.190613 16.440819 21
-61.523670 -726.563293 27.241833 21
-35.497501 -729.472534 -0.112692 21
-49.486725 -732.946045 19.165148 21
-57.574795 -732.548950 20.859472 21
-36.720829 -730.616089 3.154537 21
-44.817513 -728.108643 14.731067 21
-57.674305 -723.664612 19.665995 21
-49.080593 -726.236511 16.324139 21
-55.637196 -729.959900 19.391014 21
-53.167229 -722.462097 18.845142 21
-61.754776 -726.933899 29.913900 21
-48.510296 -725.839417 16.562447 21
-46.226372 -725.373657 17.146711 21
-49.327908 -725.864990 16.711752 21
-35.814545 -731.140442 -0.031274 21
-60.560638 -725.175293 22.506941 21
-40.706543 -731.420837 10.256249 21
-52.313072 -722.117065 18.530161 21
-57.401005 -726.525024 19.804245 21
-50.089035 -731.068359 17.150330 21
-48.607723 -727.987000 19.078838 21
-44.846367 -730.926453 15.993621 21
-54.633076 -729.309570 23.261021 21
-48.090973 -732.968079 19.298437 21
-35.463657 -729.120972 -0.543508 21
-35.454189 -730.304810 0.904812 21
-35.766243 -730.462952 0.136267 21
-53.698246 -728.081909 17.830137 21
-53.905228 -724.844421 18.169029 21
-40.185852 -728.886902 9.902723 21
-45.261967 -727.414795 13.291464 21
-52.079605 -729.044739 22.132032 21
-51.201839 -727.602417 19.266926 21
-36.493542 -728.854675 4.866259 21
-38.597179 -728.369934 4.630959 21
-49.548252 -727.677673 17.684950 21
-50.939991 -725.133667 17.556252 21
-47.793488 -723.818665 17.404787 21
-51.771584 -722.448853 18.273264 21
-45.004864 -728.596069 15.281363 21
-58.665791 -733.482788 23.230301 21
-56.738892 -726.700623 19.529261 21
-55.286648 -721.896545 19.490850 21
-51.199974 -727.121826 16.710121 21
-51.061371 -723.279053 18.078375 21
-47.731674 -725.542358 16.612335 21
-35.210640 -728.995483 1.081799 21
-40.144627 -728.060791 7.159090 21
-39.257931 -730.432861 7.834778 21
-37.567009 -729.384644 7.707605 21
-52.414349 -727.051758 17.382402 21
-39.263027 -729.863770 8.935673 21
-42.534470 -729.047485 12.639236 21
-47.134132 -728.929443 13.138515 21
-41.789726 -729.094971 8.500539 21
-37.241581 -727.872192 3.393451 21
-51.367905 -728.591919 16.047131 21
-49.375221 -732.535156 18.430334 21
-38.579563 -728.113586 7.399111 21
-54.029514 -729.777283 18.483248 21
-40.461494 -730.226135 10.301735 21
-43.513744 -727.882568 12.982980 21
-62.233280 -725.109436 29.460049 21
-58.956867 -732.661011 22.670734 21
-44.483067 -727.475464 13.028551 21
-58.176785 -723.556519 19.878820 21
-47.049831 -727.885803 16.908037 21
-41.246830 -731.114868 9.644605 21
-35.602303 -729.199219 0.674365 21
-55.945992 -726.888428 25.861605 21
-54.163315 -723.598267 18.620590 21
-62.199932 -729.994873 21.806637 21
-45.412067 -728.214905 15.526957 21
-41.090069 -730.483948 10.918794 21
-36.031376 -728.533875 4.552500 21
-56.087006 -729.194458 19.119318 21
-50.664558 -732.654663 18.945852 21
-50.806709 -730.394958 17.028845 21
-50.628094 -731.918579 17.975405 21
-45.232563 -730.972351 16.737898 21
-46.942493 -732.343689 18.450352 21
-40.065010 -731.132812 8.529213 21
-58.403019 -726.955750 20.550241 21
-58.223156 -732.106567 19.960373 21
-37.365723 -730.506470 2.074361 21
-50.156883 -728.779114 15.308867 21
-41.704979 -729.210205 11.792093 21
-48.140720 -728.379517 18.472071 21
-38.504265 -730.353821 7.502542 21
-55.991383 -728.242249 25.498281 21
-46.468319 -728.726196 16.813597 21
-48.206902 -729.810486 14.279070 21
-54.634499 -721.704956 19.171799 21
-36.556591 -731.194214 1.203813 21
-54.503094 -729.704529 18.668787 21
-56.635700 -725.446350 18.985956 21
-60.576279 -726.728516 29.561235 21
-60.277596 -725.690125 28.666481 21
-54.889069 -729.567810 23.989857 21
-53.780640 -722.086731 18.988150 21
-45.521191 -726.161011 16.328012 21
-60.470566 -724.567993 24.066151 21
-48.537331 -723.370117 17.446983 21
-37.360516 -730.918762 0.820506 21
-38.008820 -727.810181 5.507930 21
-49.241772 -723.623352 17.645470 21
-59.749126 -724.395874 21.355854 21
-47.377495 -726.059570 15.806210 21
-57.164772 -724.068481 19.122372 21
-48.279430 -724.645752 17.394039 21
-51.737488 -727.531860 19.859068 21
-64.698456 -725.633728 31.160534 21
-36.035027 -728.884583 4.824429 21
-36.317532 -728.011536 2.606420 21
-40.479267 -731.112305 8.689045 21
-56.308659 -728.959839 24.207798 21
-37.670975 -727.970154 3.356562 21
-61.803665 -730.301392 23.712545 21
-37.953964 -730.618652 6.727145 21
-60.410725 -724.378418 23.145792 21
-61.305454 -726.482727 24.116306 21
-36.948719 -730.323120 5.890913 21
-54.043606 -733.613159 21.356550 21
-42.095039 -728.510742 12.123254 21
-55.466923 -727.807190 25.235859 21
-50.522121 -728.896912 20.667480 21
-59.449753 -726.314575 28.817402 21
-42.697060 -729.231567 13.375871 21
-53.494438 -728.102417 23.550638 21
-51.007504 -729.137268 21.001081 21
-36.046379 -729.810425 3.525851 21
-55.670399 -723.580811 18.899134 21
-44.020664 -730.159363 14.791352 21
-37.300957 -728.446533 6.760912 21
-52.570362 -731.929626 18.597284 21
-38.706261 -730.518433 6.077156 21
-49.109791 -729.922791 15.003226 21
-59.740154 -731.877747 20.932734 21
-55.789158 -725.674683 18.754099 21
-54.175774 -729.571289 23.597366 21
-54.277443 -728.249268 23.631392 21
-55.209637 -729.480164 18.919125 21
-58.983677 -726.275696 20.589031 21
-40.100731 -730.599243 9.883657 21
-45.591164 -726.019165 16.729631 21
-37.721165 -730.386902 3.547987 21
-63.328430 -724.160706 29.976377 21
-37.564484 -727.929260 5.772702 21
-54.979603 -729.896606 18.845245 21
-51.985283 -727.781006 19.428452 21
-47.422352 -724.469543 17.427038 21
-57.942394 -732.868103 21.656630 21
-60.016556 -731.716614 21.497234 21
-62.874969 -726.925110 30.199402 21
-59.062115 -728.083557 26.050304 21
-40.724560 -730.586304 10.516671 21
-35.720455 -731.198425 -1.010864 21
-62.089905 -726.365051 29.236504 21
-61.809273 -726.134766 24.725149 21
-47.468159 -725.052490 17.144430 21
-49.897671 -728.632202 20.311934 21
-60.029137 -727.362610 28.089657 21
-43.442425 -729.756287 14.277266 21
-43.299591 -727.915222 13.896315 21
-53.466640 -730.840515 18.476372 21
-55.963493 -727.707153 25.928623 21
-44.165524 -726.953369 15.182258 21
-63.032619 -723.978638 29.481060 21
-36.049957 -730.370178 3.467529 21
-42.840919 -729.524353 9.738623 21
-64.128616 -727.059631 31.084248 21
-46.301224 -732.024841 18.005304 21
-52.511166 -723.541504 18.387974 21
-42.391594 -730.970337 10.890514 21
-45.635593 -727.104370 14.011429 21
-58.532795 -732.265808 20.700134 21
-38.063145 -728.130615 6.926958 21
-56.807480 -727.235657 19.514702 21
-35.660934 -728.736206 0.522455 21
-36.508434 -730.709778 4.518951 21
-37.392647 -730.976929 0.128031 21
-51.616245 -732.848816 19.367123 21
-36.086250 -730.906372 -0.841179 21
-37.881893 -730.709290 5.234168 21
-55.316143 -731.690613 18.928493 21
-37.559639 -730.756470 2.502644 21
-46.520561 -725.030518 17.073406 21
-61.707123 -730.421326 22.325800 21
-41.560818 -731.265076 10.933151 21
-55.254719 -729.350769 23.814877 21
-47.033241 -728.493774 17.455099 21
-57.809086 -733.400696 22.990988 21
-46.099159 -731.728149 17.181660 21
-45.930340 -727.975098 15.735984 21
-62.495243 -729.402649 22.454538 21
-46.361534 -728.497253 12.918419 21
-57.249241 -732.763855 21.305420 21
-54.640209 -728.330811 23.391220 21
-40.423172 -728.152832 6.819571 21
-46.658573 -728.879700 12.814294 21
-38.046761 -729.097107 0.033873 21
-36.222050 -728.821106 4.280142 21
-52.335094 -725.023193 17.889292 21
-61.074619 -730.649963 24.031134 21
-50.705727 -728.298279 20.852757 21
-50.958454 -727.821777 16.302052 21
-56.325012 -727.296814 26.319748 21
-47.764202 -729.083069 17.604712 21
-59.089237 -733.356750 23.261066 21
-57.309280 -727.932007 26.760809 21
-38.738041 -728.912415 8.809211 21
-55.399021 -733.239929 21.280434 21
-37.739960 -730.906677 3.721461 21
-42.121113 -729.816772 12.064651 21
-48.078800 -729.183228 17.892363 21
-44.419827 -729.292419 14.249954 21
-56.160126 -729.533813 24.687174 21
-41.896664 -730.981445 11.017957 21
-57.107903 -733.272400 22.058447 21
-54.223694 -728.769348 23.170839 21
-40.510609 -730.984131 9.890541 21
-55.278847 -725.578613 18.528305 21
-41.106705 -728.277954 8.895182 21
-58.611633 -726.727295 28.225082 21
-41.277950 -728.551392 11.299302 21
-55.034164 -727.248718 18.606075 21
-41.641113 -728.008667 11.514120 21
-62.505680 -728.962830 24.020897 21
-37.004860 -728.097717 -0.369446 21
-47.943707 -730.491882 15.549131 21
-40.965641 -728.525818 7.824182 21
-59.233273 -732.227417 23.692009 21
-49.102551 -728.657776 19.536812 21
-35.354580 -729.110535 2.184335 21
-52.627270 -733.096191 20.008142 21
-53.825695 -727.725586 23.931093 21
-63.509884 -726.947815 31.225735 21
-49.354561 -728.511902 14.951861 21
-62.574432 -726.395874 23.396976 21
-41.496971 -730.890381 10.477131 21
-45.820110 -726.831177 14.468917 21
-57.911247 -722.752563 20.607010 21
-49.995335 -727.616516 18.091175 21
-37.054108 -731.348633 -1.120941 21
-52.748009 -727.201233 22.434902 21
-62.405575 -728.864136 21.313627 21
-57.216942 -727.363770 27.081978 21
-57.764111 -724.111206 19.440994 21
-36.911392 -729.869019 6.190911 21
-60.726871 -731.275696 22.514168 21
-58.843357 -725.850830 27.411463 21
-59.488605 -725.526306 20.533216 21
-52.090221 -727.692444 17.030340 21
-47.784416 -728.622620 13.807264 21
-51.162903 -728.849976 15.776279 21
-45.192955 -728.479675 11.769368 21
-54.732883 -733.037842 20.636555 21
-39.622562 -728.769714 5.307453 21
-50.639225 -727.408203 19.300861 21
-51.693638 -723.378113 18.304537 21
-47.188610 -727.638367 14.143270 21
-57.912891 -727.211365 25.452436 21
-61.047958 -727.185913 29.328615 21
-53.592644 -729.103394 22.421377 21
-51.010433 -725.961670 17.218208 21
-39.935158 -727.577942 7.218929 21
-49.899967 -723.792419 17.713610 21
-60.135765 -731.170776 20.132765 21
-50.185207 -733.867615 20.574148 21
-51.933094 -727.309631 20.612080 21
-58.060539 -722.834778 20.984465 21
-53.481277 -726.903748 22.741501 21
-55.187283 -727.083191 25.322355 21
-48.745804 -730.674927 16.091515 21
-50.446419 -726.378601 16.772322 21
-55.529072 -727.056885 18.905151 21
-59.682491 -726.032715 21.062880 21
-44.402817 -727.714111 12.362096 21
-53.725094 -724.201294 18.353760 21
-36.221539 -731.458374 -1.070652 21
-38.851784 -728.577026 4.893112 21
-55.473141 -723.145569 19.128550 21
-61.393421 -726.404053 28.487471 21
-58.312233 -732.864868 22.267094 21
-35.613209 -729.382324 2.036813 21
-42.425636 -731.594971 10.802135 21
-36.497261 -730.061401 4.322104 21
-59.658852 -732.205261 22.768852 21
-63.123035 -723.842896 30.269226 21
-55.991550 -724.169800 18.690117 21
-42.198643 -732.546936 10.606972 21
-57.480644 -722.327881 20.935678 21
-45.474617 -731.189331 16.289103 21
-40.238991 -728.963440 6.764514 21
-50.855999 -733.109802 19.651375 21
-49.376629 -726.932495 15.936084 21
-36.558044 -730.460632 4.995640 21
-57.407795 -723.155457 19.993427 21
-35.310883 -728.928589 2.921128 21
-38.702526 -727.849976 5.835021 21
-50.640568 -723.988403 17.935627 21
-54.567955 -732.638184 19.762302 21
-50.882107 -724.472595 17.727886 21
-42.407440 -732.767395 10.955465 21
-54.564339 -726.940613 24.210474 21
-49.673061 -730.190308 16.197807 21
-39.723454 -729.676636 6.265331 21
-46.680370 -727.846008 16.263582 21
-62.970272 -725.877258 30.958445 21
-49.740562 -731.253845 17.081615 21
-60.510185 -724.794495 22.339468 21
-35.523537 -730.722595 -0.541505 21
-44.619884 -730.789490 16.306112 21
-46.921032 -725.087280 17.552267 21
-62.448978 -725.234863 30.080015 21
-44.188141 -728.324463 11.031595 21
-54.594826 -733.271973 20.922720 21
-58.439537 -727.831055 25.786354 21
-57.158478 -727.397522 19.942295 21
-51.311150 -727.287964 20.785637 21
-59.190380 -723.309570 21.901018 21
-61.733398 -730.590637 21.916153 21
-44.693863 -727.617371 13.888608 21
-51.426983 -731.338928 17.922623 21
-59.487095 -726.917419 28.820288 21
-52.313995 -730.065674 17.840422 21
-56.310341 -733.444519 21.888212 21
-54.840805 -723.578979 18.715534 21
-58.871353 -726.138855 28.160597 21
-36.668816 -731.487244 -1.576225 21
-62.028118 -729.990601 22.590521 21
-35.597370 -729.695312 -1.596988 21
-42.033546 -731.900940 10.153504 21
-58.966496 -732.141846 21.091208 21
-51.636486 -727.851562 19.086143 21
-45.779522 -728.946350 12.071813 21
-37.518787 -727.538330 4.955592 21
-61.145767 -730.866577 20.926102 21
-39.546093 -730.577271 9.072466 21
-53.198513 -727.507202 23.417557 21
-40.959820 -730.864868 10.328155 21
-49.576355 -729.060608 19.664953 21
-41.984680 -729.928406 11.644950 21
-48.732132 -732.990295 18.840866 21
-55.642498 -722.072083 19.654125 21
-49.312996 -727.493286 18.358156 21
-43.816174 -727.904419 13.893003 21
-41.427837 -729.779663 8.581543 21
-47.514015 -728.539978 17.933788 21
-51.545658 -729.059143 21.541910 21
-55.000492 -733.726440 22.173885 21
-35.806938 -729.224976 3.002239 21
-49.924309 -725.429871 17.212803 21
-52.462879 -729.015320 16.554066 21
-37.160912 -731.187134 -0.164796 21
-53.773857 -723.666382 18.525972 21
-46.197102 -725.244934 16.763248 21
-42.788864 -732.044312 10.458568 21
-37.961861 -728.973633 7.905139 21
-56.770737 -722.557983 20.092390 21
-54.348877 -725.675293 18.261765 21
-47.723145 -727.533142 17.052298 21
-63.988701 -727.405457 30.840227 21
-57.337158 -725.367798 19.203377 21
-52.719837 -729.086914 22.246576 21
-39.141930 -730.223206 8.460924 21
-58.176762 -726.158875 27.250340 21
-56.276905 -727.393250 19.266396 21
-41.057568 -728.021912 10.168901 21
-38.838009 -730.454956 5.652800 21
-58.893192 -725.278442 20.096428 21
-58.693932 -723.221802 21.254726 21
-63.414982 -726.587769 23.545094 21
-53.088177 -729.241211 17.131048 21
-58.714657 -727.269226 27.865805 21
-47.648094 -729.819763 14.796354 21
-51.932228 -728.104980 16.665752 21
-60.046177 -731.766357 22.309879 21
-53.718346 -722.959900 18.853689 21
-60.603256 -731.161072 23.837473 21
-47.056171 -727.760376 16.517588 21
-49.221344 -727.724731 19.423481 21
-41.534931 -732.119324 10.587963 21
-45.110050 -726.816345 15.789635 21
-53.299904 -724.863159 18.104580 21
-40.507450 -728.443298 6.541246 21
-53.659061 -727.290405 23.837219 21
-36.071983 -729.365112 4.197143 21
-39.748505 -728.528748 9.028469 21
-35.771061 -729.826477 -2.561366 21
-42.033691 -732.290039 10.884723 21
-52.355587 -733.743896 21.161263 21
-37.708748 -728.737122 1.337513 21
-41.449024 -727.964417 10.209920 21
-37.455853 -727.999390 2.262685 21
-37.352070 -730.034424 6.559545 21
-44.570827 -726.826416 15.417125 21
-40.397499 -728.009033 9.723234 21
-48.789890 -733.355103 19.819016 21
-60.086864 -727.408997 26.496143 21
-46.914749 -725.352844 16.950792 21
-55.724632 -728.681580 23.644669 21
-63.510025 -724.331055 31.032173 21
-48.857685 -727.445129 18.298885 21
-53.230431 -733.673828 21.404417 21
-36.203236 -730.269897 4.143454 21
-41.263165 -730.954712 11.553940 21
-41.538727 -727.991211 10.829769 21
-52.370190 -732.597900 19.222149 21
-62.934448 -727.204407 22.113626 21
-54.351444 -732.903015 20.267288 21
-36.604012 -729.944946 4.709753 21
-61.107876 -726.429932 29.835199 21
-61.132275 -725.254883 24.476614 21
-61.860291 -725.393311 30.130911 21
-38.706951 -727.593201 6.818371 21
-63.114681 -727.102417 29.937231 21
-46.910473 -728.485535 13.278857 21
-57.900097 -732.502258 21.106392 21
-42.773838 -730.069763 12.676262 21
-52.912609 -729.371582 22.820601 21
-36.826809 -731.218750 1.960083 21
-41.093296 -731.123230 9.262525 21
-60.168179 -726.766541 29.320671 21
-62.737614 -728.920593 22.524870 21
-40.379894 -729.393250 6.930496 21
-35.759918 -731.065918 -2.916260 21
-50.490391 -728.697449 21.370869 21
-45.910809 -728.725952 16.271786 21
-43.981842 -727.175476 13.943380 21
-50.252491 -723.235596 17.875719 21
-37.390472 -730.741028 3.679196 21
-57.078274 -723.517334 19.406584 21
-44.432011 -728.551453 14.670694 21
-64.277878 -726.977051 31.688852 21
-37.469963 -730.296570 1.308508 21
-42.721233 -732.472961 10.106554 21
-40.015076 -730.089539 6.959123 21
-40.940365 -728.047424 10.901719 21
-56.748703 -732.691284 20.642824 21
-49.683540 -727.897095 19.941847 21
-58.385166 -733.258850 23.413563 21
-53.978645 -729.003235 22.230776 21
-50.785870 -733.488464 20.253119 21
-60.519260 -731.422729 21.956081 21
-35.559086 -729.191284 1.154432 21
-40.940216 -729.599731 10.276701 21
-63.826115 -725.383545 30.743654 21
-53.533112 -726.867554 17.990396 21
-40.761307 -729.543213 7.599146 21
-52.823971 -727.167358 17.595356 21
-46.690659 -727.517578 13.971253 21
-64.583168 -725.357178 31.401907 21
-55.352524 -728.121582 24.577839 21
-43.704292 -727.348022 14.493213 21
-50.256390 -726.897461 16.381132 21
-59.763584 -723.615662 22.202362 21
-41.895588 -728.766296 8.286408 21
-36.882881 -730.050476 5.203879 21
-47.317719 -732.501221 18.764730 21
-48.065365 -725.274292 16.917675 21
-60.246712 -728.265381 26.504185 21
-43.946850 -728.616028 14.149122 21
-51.531258 -727.578796 22.147852 21
-43.152897 -727.737915 12.070868 21
-63.217262 -727.668152 23.640713 21
-36.318283 -728.807922 5.273121 21
-63.311619 -726.397217 23.198223 21
-52.315746 -729.351135 22.103458 21
-44.486813 -726.783203 14.744858 21
-40.801559 -730.367310 10.191303 21
-54.164097 -722.292664 19.143620 21
-52.379559 -724.202026 18.155102 21
-61.507046 -730.513000 23.048937 21
-42.459488 -729.246399 13.031773 21
-46.057541 -729.850891 12.870396 21
-36.847542 -728.913330 6.398662 21
-58.023190 -723.350037 20.347517 21
-42.029152 -727.936340 11.629536 21
-42.739464 -729.669434 13.378524 21
-37.798908 -729.763855 2.235455 21
-37.241776 -727.825134 4.941342 21
-51.580265 -727.323120 21.392305 21
-36.660004 -730.403748 3.994636 21
-45.891571 -726.225098 16.303486 21
-60.004086 -726.162537 21.602316 21
-49.772068 -732.129761 17.901947 21
-47.163898 -727.742310 17.257931 21
-38.965389 -728.417664 8.034480 21
-61.567299 -726.582581 27.639071 21
-49.409187 -730.888062 16.611877 21
-61.829010 -725.323853 29.466673 21
-55.250740 -732.548584 19.728127 21
-42.816925 -729.790833 12.311201 21
-35.845154 -728.552673 4.089204 21
-51.861404 -733.862793 21.238340 21
-53.198872 -733.404053 20.663309 21
-51.543911 -725.010193 17.748304 21
-53.097496 -727.087280 21.949362 21
-51.014118 -727.333618 20.112076 21
-61.472485 -726.010132 28.807371 21
-52.098125 -730.912903 17.999674 21
-43.024406 -728.100525 13.588411 21
-59.947502 -723.876282 22.590532 21
-44.029869 -728.026489 11.647362 21
-58.447227 -722.578308 21.235325 21
-51.458206 -727.430115 16.765856 21
-54.764294 -732.245605 19.252550 21
-52.530338 -731.473999 18.417690 21
-57.942310 -728.103455 25.364515 21
-35.499496 -728.592896 0.195071 21
-60.063087 -724.234131 21.902273 21
-50.622688 -725.766357 17.142120 21
-62.635586 -728.804077 23.692343 21
-63.142174 -726.878784 30.617565 21
-61.819454 -726.599121 30.071634 21
-57.241379 -724.553589 19.020847 21
-36.801323 -728.549194 5.250385 21
-51.717129 -728.297424 16.400675 21
-51.882286 -727.322510 22.063627 21
-53.971687 -731.395691 18.706427 21
-49.037609 -727.598999 17.499880 21
-36.363247 -728.147339 3.441324 21
-36.544353 -729.143066 5.134865 21
-55.466625 -728.721924 23.305706 21
-50.776730 -728.074524 16.015118 21
-58.982708 -723.046204 21.610167 21
-62.797295 -728.098328 24.063171 21
-35.644844 -728.980408 1.977829 21
-43.344551 -729.785828 13.852217 21
-48.680237 -727.214294 15.421628 21
-49.076015 -729.214600 14.434923 21
-47.928699 -727.630249 17.375587 21
-59.849224 -728.097900 26.500765 21
-46.414402 -727.028137 14.629005 21
-47.733509 -732.659485 18.382971 21
-59.222736 -725.936279 28.136568 21
-51.918751 -731.643982 18.229351 21
-51.211258 -728.408752 21.348051 21
-44.011993 -727.707703 12.290688 21
-42.065594 -729.825867 9.539207 21
-63.036297 -726.527649 22.493118 21
-37.129383 -727.607422 4.093413 21
-58.146358 -727.777222 27.421799 21
-42.519722 -729.589172 12.525589 21
-39.942547 -729.604675 9.771749 21
-56.373394 -733.634644 22.233444 21
-46.604977 -728.042847 17.407804 21
-53.882748 -733.218018 20.676592 21
-43.346035 -728.458374 13.464258 21
-52.265724 -723.837891 18.261177 21
-63.330746 -725.756042 30.949629 21
-54.919880 -729.177002 18.385077 21
-53.568012 -733.650513 21.246119 21
-48.693382 -724.941101 17.204252 21
-54.143555 -726.248840 18.266218 21
-55.845680 -726.039307 18.849129 21
-42.153004 -728.298706 12.987756 21
-65.502586 -726.294006 31.619465 21
-52.979317 -722.898682 18.616467 21
-39.122288 -727.558594 7.214057 21
-39.496876 -729.067078 8.861781 21
-35.414326 -729.845886 -0.418312 21
-38.768517 -727.825623 6.428198 21
-53.017536 -728.961670 16.880068 21
-48.453850 -728.873901 14.112402 21
-39.863064 -727.625183 6.776653 21
-36.773998 -727.705078 3.189445 21
-53.595245 -728.420227 22.794214 21
-45.221119 -728.081543 12.269382 21
-37.716919 -729.296326 0.670296 21
-35.840839 -731.016174 0.880863 21
-53.020580 -726.772766 17.727278 21
-59.973225 -726.625793 26.754614 21
-54.186256 -733.363403 20.909014 21
-40.668983 -728.605469 7.263149 21
-35.986240 -730.477417 1.977183 21
-44.370747 -728.035156 14.112691 21
-37.784210 -730.074951 2.755252 21
-61.363190 -727.280579 22.085154 21
-39.635571 -730.328796 8.486097 21
-54.617069 -728.054321 24.571789 21
-38.051270 -728.895630 3.073100 21
-54.689583 -727.265503 24.855953 21
-41.149075 -731.345276 8.895592 21
-36.862076 -728.451294 6.033113 21
-60.978733 -730.824219 22.156757 21
-57.071228 -728.850464 24.824303 21
-43.758831 -729.281799 13.742030 21
-60.490238 -727.887085 26.894407 21
-37.355148 -728.278809 -0.777947 21
-56.042446 -726.946472 19.192966 21
-48.558365 -728.475586 18.947046 21
-49.214649 -722.998840 17.427628 21
-53.370621 -733.059326 20.173737 21
-36.030766 -730.886658 2.173273 21
-41.279282 -730.214050 10.624620 21
-49.911221 -731.695557 17.497772 21
-39.197445 -729.715149 9.297719 21
-64.051910 -727.293335 31.777422 21
-44.573284 -727.963013 12.126166 21
-61.228397 -725.257080 28.950855 21
-50.349506 -732.119629 18.123720 21
-43.088329 -729.228333 13.788020 21
-39.527988 -727.775146 8.038894 21
-49.960583 -727.850952 20.226124 21
-39.312653 -728.377197 5.061399 21
-52.036297 -728.052551 22.167507 21
-42.617313 -732.805725 10.566549 21
-41.118370 -731.341919 10.091702 21
-41.940880 -728.320312 11.820640 21
-60.726456 -727.367432 28.782547 21
-51.863064 -730.414978 17.628376 21
-39.201618 -729.449280 8.281801 21
-42.783550 -727.571411 12.690847 21
-53.545532 -722.459778 18.831711 21
-54.031002 -728.892456 17.615438 21
-53.194328 -727.148865 22.784643 21
-37.081821 -728.212097 6.527348 21
-45.084255 -728.803406 11.583732 21
-36.580238 -728.046570 1.191361 21
-37.946907 -728.741760 -0.035200 21
-53.817387 -731.638550 18.962055 21
-47.988811 -728.780457 18.267193 21
-51.084946 -731.251770 17.703722 21
-58.699951 -724.424072 19.947874 21
-56.865837 -729.537476 25.057547 21
-41.464340 -729.781250 11.215094 21
-58.390709 -723.355164 20.664318 21
-37.976852 -728.471863 2.095453 21
-55.949776 -733.246521 21.440571 21
-45.414852 -727.979614 15.187289 21
-50.783127 -727.450500 16.318123 21
-45.606472 -729.659119 12.284902 21
-36.309830 -731.207642 -1.399256 21
-50.708790 -733.961914 20.749218 21
-50.223221 -727.848755 15.755972 21
-50.582912 -727.360779 19.838116 21
-38.632221 -729.130615 4.398862 21
-38.074001 -728.421448 3.643281 21
-46.749496 -725.749878 16.706076 21
-49.107307 -732.256897 17.856089 21
-60.115467 -724.271240 22.350000 21
-41.000267 -727.922852 7.124196 21
-61.207676 -725.677002 29.981644 21
-62.977364 -727.817810 22.305603 21
-41.965958 -729.502869 12.229346 21
-63.031700 -727.950867 22.711771 21
-46.638206 -725.443970 17.223682 21
-56.865292 -733.592407 22.882742 21
-58.161613 -732.302429 20.398022 21
-58.505470 -723.704590 19.991270 21
-60.904408 -727.480286 27.328909 21
-41.929260 -728.408875 8.929137 21
-37.328548 -730.669739 0.342804 21
-37.076519 -730.623657 3.908801 21
-57.477959 -731.891968 19.541943 21
-37.747967 -728.764648 7.531734 21
-61.395576 -726.889771 29.823725 21
-58.520863 -726.182983 20.213436 21
-59.300728 -732.306335 21.023849 21
-36.197384 -730.631653 3.684757 21
-41.420170 -731.543701 10.249202 21
-48.328514 -727.642151 17.358955 21
-49.260494 -727.503967 18.960009 21
-35.891899 -729.208679 4.578426 21
-50.631088 -727.619446 18.656433 21
-62.315372 -729.220093 21.371283 21
-62.321682 -724.937622 28.774515 21
-64.250526 -725.030457 30.940481 21
-39.397564 -729.506348 5.610788 21
-37.672676 -729.534668 7.149131 21
-41.692924 -731.724182 10.831066 21
-54.141632 -728.590881 23.558052 21
-52.846775 -728.292053 22.531981 21
-58.908150 -723.598633 21.149847 21
-36.448502 -730.467468 2.813701 21
-63.091465 -726.793884 22.744396 21
-51.702248 -731.082764 17.922684 21
-56.020966 -732.893311 20.811840 21
-50.844952 -727.098389 16.606449 21