-51.593063 -727.307251 20.342218 21
-36.011673 -731.017578 -3.217343 21
-66.091911 -726.139709 31.427324 21
-41.199158 -732.225220 10.748059 21
-62.339809 -729.592957 21.595932 21
-37.227051 -727.625732 4.547845 21
-44.657551 -726.454041 15.709848 21
-58.507294 -726.337646 28.152918 21
-58.118561 -722.379272 20.949881 21
-55.555767 -734.062988 22.382292 21
-46.944309 -732.674133 18.881115 21
-49.876633 -729.187988 14.969147 21
-52.688770 -721.917236 18.435616 21
-57.031586 -729.423523 19.571892 21
-54.935509 -728.275452 24.525225 21
-61.648048 -725.002197 24.086044 21
-52.255135 -732.261292 18.710749 21
-44.777187 -728.615295 11.071948 21
-48.144386 -723.535889 17.577566 21
-41.077801 -728.642334 7.327513 21
-36.761593 -731.289551 1.569435 21
-62.850498 -724.878479 28.526451 21
-55.610485 -725.283142 18.569872 21
-59.778019 -732.795227 23.365126 21
-44.875256 -730.822449 15.526963 21
-47.737942 -728.447754 18.670193 21
-59.379841 -726.291382 20.926981 21
-53.309593 -728.774414 17.091698 21
-36.882530 -728.155518 -0.760091 21
-40.937294 -728.390869 11.460758 21
-38.014393 -730.870239 6.360754 21
-50.681339 -726.112976 16.989922 21
-58.284767 -728.968994 25.695089 21
-46.969303 -728.097412 13.601196 21
-59.685257 -731.425415 20.033575 21
-55.551033 -732.390198 19.511465 21
-49.840317 -733.716064 20.401077 21
-49.464035 -731.538330 17.224125 21
-63.090157 -727.892456 24.241846 21
-39.025135 -729.990051 9.490299 21
-52.619106 -729.334167 22.557886 21
-63.254665 -727.237366 30.671576 21
-47.803261 -726.107361 15.879780 21
-42.744419 -729.426453 13.746792 21
-55.573299 -721.577209 19.388807 21
-52.707241 -733.807556 21.412725 21
-61.125256 -727.286865 27.032211 21
-35.345592 -728.820496 2.484817 21
-38.053307 -728.013916 7.379367 21
-38.196526 -728.680176 1.792227 21
-56.660053 -726.324890 25.788219 21
-37.958439 -731.093262 -1.096726 21
-61.262432 -730.304382 24.164026 21
-64.037872 -724.308472 30.991756 21
-52.820450 -724.691772 18.064796 21
-54.567978 -727.476440 21.895555 21
-60.712925 -726.450439 29.877699 21
-59.971779 -723.958740 22.202696 21
-57.650410 -732.680786 21.350828 21
-38.021774 -729.125916 -2.997942 21
-42.428196 -729.707886 9.652152 21
-47.563618 -730.509399 15.337716 21
-36.340458 -730.655457 4.151985 21
-58.034447 -724.567627 19.410805 21
-39.849407 -728.938843 4.991687 21
-46.146606 -728.581360 16.553499 21
-61.670422 -727.067078 22.024151 21
-35.447983 -730.318542 -0.476448 21
-44.203239 -727.274292 13.289811 21
-54.566120 -730.102234 18.811522 21
-49.923023 -729.121338 19.852571 21
-50.642944 -723.307190 17.953083 21
-57.048355 -726.972717 19.731953 21
-51.518883 -730.330444 17.386261 21
-54.707150 -727.438660 18.434755 21
-46.503803 -725.136536 17.480339 21
-40.462437 -726.447937 7.340793 21
-60.823036 -731.197388 22.120956 21
-40.267811 -728.048462 9.333664 21
-46.468307 -731.712219 16.910053 21
-45.797726 -729.876709 12.598339 21
-63.548164 -726.092163 23.056049 21
-44.662659 -728.706909 14.948215 21
-49.735119 -727.503052 18.395777 21
-52.309448 -727.166321 22.418667 21
-57.561539 -731.550781 19.408041 21
-54.490162 -723.380127 18.781982 21
-38.261692 -729.709229 3.728050 21
-40.798904 -731.067566 8.956845 21
-52.665150 -726.748840 17.607664 21
-51.226662 -728.186340 16.203159 21
-42.936871 -727.810425 11.749643 21
-36.956879 -729.149536 5.965037 21
-57.426327 -733.540894 23.195831 21
-49.469807 -727.289978 15.766299 21
-56.527916 -729.562744 24.894125 21
-62.389999 -725.424438 30.479958 21
-50.262161 -732.590942 18.739918 21
-42.464325 -729.765503 11.673903 21
-57.474957 -727.683105 27.047773 21
-43.020958 -733.006287 10.557539 21
-50.801727 -728.786621 21.599478 21
-35.182831 -728.574402 0.426909 21
-40.760780 -730.234497 10.738682 21
-56.560844 -723.276794 19.349234 21
-53.750870 -726.899841 23.712738 21
-39.823944 -729.972046 6.640781 21
-53.623684 -732.896362 19.948311 21
-48.967495 -725.256775 17.201084 21
-37.719318 -729.723633 0.239080 21
-35.678768 -729.355591 -2.114100 21
-48.135792 -727.531128 17.058517 21
-46.224895 -726.684631 14.675505 21
-60.182449 -725.496826 28.289404 21
-62.360741 -726.608459 29.005144 21
-54.654736 -729.092407 22.877020 21
-48.299191 -729.392456 14.015693 21
-35.825191 -728.888794 4.392557 21
-60.701813 -725.621765 22.561020 21
-51.596420 -733.272644 20.068445 21
-60.067120 -728.512329 26.246973 21
-36.777496 -727.718750 2.640904 21
-36.317745 -731.796997 -1.271164 21
-42.005730 -727.994324 10.020995 21
-39.630398 -727.828613 6.530859 21
-59.396355 -724.526978 20.578428 21
-61.120438 -730.462708 20.522261 21
-59.708565 -727.637390 28.070078 21
-59.279472 -732.008240 21.806442 21
-64.391655 -726.544556 31.832361 21
-53.004028 -730.705200 18.284229 21
-35.484978 -730.102905 1.298078 21
-42.676968 -731.233459 10.728593 21
-62.883636 -729.670532 24.040985 21
-62.067326 -726.591492 24.777023 21
-56.232689 -728.016663 25.773466 21
-62.975758 -728.171997 22.397057 21
-55.414330 -726.575134 24.608793 21
-45.603600 -728.120056 12.537129 21
-48.574100 -733.067261 19.415562 21
-38.884003 -730.750793 7.863427 21
-55.021427 -733.194397 21.017534 21
-36.848289 -727.912659 0.946750 21
-50.048851 -730.162170 16.363459 21
-62.514194 -726.136963 27.372053 21
-37.260475 -729.674988 7.567217 21
-47.911213 -727.468079 14.875023 21
-58.367210 -726.726868 25.999725 21
-44.902294 -731.239136 17.205833 21
-47.566883 -729.198914 17.204672 21
-53.985428 -725.920349 18.165907 21
-43.418186 -727.523315 14.711822 21
-51.333763 -727.812927 18.815475 21
-54.190128 -731.684753 18.852776 21
-39.041214 -728.729309 8.466875 21
-38.180676 -729.435913 -1.286155 21
-43.505989 -728.585632 10.090131 21
-43.513554 -729.829956 15.094995 21
-49.951950 -727.523682 20.034491 21
-37.627441 -730.105103 2.237220 21
-46.171074 -725.924194 16.128626 21
-41.820145 -728.303040 12.798999 21
-48.029671 -731.523193 16.483223 21
-63.019905 -723.843262 29.870686 21
-51.209896 -724.783447 17.663588 21
-38.515541 -727.864624 5.437141 21
-53.116367 -727.647766 20.520994 21
-48.402309 -732.425049 17.993565 21
-38.100666 -728.197998 3.305542 21
-38.845959 -730.122314 5.276178 21
-52.529999 -729.186157 21.009470 21
-46.738674 -729.819214 14.229426 21
-54.072670 -721.837219 19.235233 21
-55.904938 -730.973206 19.049532 21
-36.147163 -730.293274 2.656371 21
-60.377186 -724.241821 23.742868 21
-52.129089 -723.349365 18.402645 21
-54.054615 -734.013977 22.122131 21
-58.253834 -725.983032 19.930832 21
-56.802727 -722.059570 20.276779 21
-60.373417 -731.427979 23.645355 21
-36.864494 -731.078369 0.070501 21
-42.042435 -728.611267 8.632573 21
-59.746571 -726.883972 26.601940 21
-55.720982 -729.032959 18.935707 21
-61.522449 -725.354614 29.239674 21
-53.464352 -728.226807 23.093258 21
-50.938137 -731.602478 17.848404 21
-56.995174 -725.576599 19.166687 21
-58.168877 -727.297607 20.639790 21
-41.109318 -729.816284 8.193008 21
-43.844494 -729.931030 11.230802 21
-37.572567 -730.812256 4.963958 21
-60.967876 -727.097961 28.538593 21
-61.736614 -730.267212 22.725403 21
-55.808727 -726.699890 18.992287 21
-56.820518 -732.519470 20.189983 21
-55.281200 -729.614380 24.164761 21
-58.496204 -732.183777 20.286924 21
-58.875938 -722.977722 21.998117 21
-56.329987 -733.181824 21.580757 21
-62.291122 -726.700439 23.335220 21
-45.852535 -732.042847 18.152615 21
-45.744690 -727.889343 15.384093 21
-48.851589 -730.034119 15.617561 21
-39.290981 -727.410217 7.838880 21
-63.710789 -725.711975 30.934156 21
-60.986027 -726.264832 23.939369 21
-52.132252 -729.238159 16.458429 21
-58.549870 -732.888611 22.624401 21
-49.453369 -723.998840 17.620277 21
-48.998753 -728.276733 19.281199 21
-57.764385 -723.362488 20.035749 21
-43.146530 -728.212463 13.138499 21
-35.651535 -730.706482 -1.862794 21
-40.349895 -729.421082 9.720125 21
-44.102390 -729.420288 13.912930 21
-45.533241 -727.274536 13.616364 21
-65.012321 -725.327087 31.245258 21
-47.016354 -727.629333 16.145725 21
-54.258316 -724.608765 18.268833 21
-59.697449 -726.641296 29.031733 21
-45.845623 -729.306702 15.468760 21
-60.182930 -725.295959 21.335991 21
-35.653141 -728.826416 -0.796983 21
-51.573299 -727.113403 16.944901 21
-59.939404 -726.858948 21.970510 21
-56.113255 -728.616882 23.993017 21
-37.368755 -728.565186 -2.010235 21
-51.355221 -727.574219 21.601614 21
-47.738369 -724.746948 17.251432 21
-57.728897 -726.331848 27.095182 21
-62.106991 -726.710266 30.307331 21
-51.465515 -722.233337 18.055759 21
-54.691753 -728.902344 18.146120 21
-44.209465 -727.881042 12.027029 21
-46.999519 -729.341370 13.050518 21
-49.492840 -726.213257 16.492275 21
-55.645599 -723.953857 18.684988 21
-48.838264 -728.406372 14.664483 21
-41.684143 -731.331482 9.861086 21
-41.621708 -730.998779 11.392633 21
-50.969727 -729.357910 15.754948 21
-51.031151 -733.973694 20.944712 21
-37.068542 -731.035156 3.139837 21
-46.970604 -728.076416 17.345716 21
-38.657661 -728.802979 4.606610 21
-53.374771 -727.156677 21.699186 21
-62.517311 -729.292297 22.913046 21
-58.643826 -723.536682 20.892172 21
-40.326675 -731.325012 10.075761 21
-36.497520 -730.038513 5.238174 21
-52.135433 -725.639160 17.637325 21
-44.856899 -726.759583 14.521117 21
-49.607964 -722.724182 17.594322 21
-37.774837 -728.492920 0.233443 21
-53.333958 -722.904907 18.774260 21
-40.178230 -728.345276 8.089800 21
-47.221951 -732.217285 17.758471 21
-53.824890 -733.477478 21.007765 21
-57.110771 -728.479004 24.777697 21
-60.211502 -731.584473 21.131985 21
-56.903175 -724.362488 18.922213 21
-38.562572 -729.418579 7.571527 21
-53.344616 -727.762390 17.767828 21
-39.608234 -730.902832 8.827095 21
-53.637508 -728.945679 22.037308 21
-49.348957 -727.623413 17.261950 21
-55.432449 -722.792664 19.347115 21
-37.580471 -728.109680 6.172442 21
-35.732807 -728.203003 1.446621 21
-52.211536 -728.328064 22.005955 21
-48.512077 -727.601929 18.201939 21
-35.743801 -731.008545 0.494563 21
-52.664444 -729.781860 17.596495 21
-58.485435 -727.592285 27.671263 21
-36.053261 -728.358826 3.358356 21
-44.024837 -728.233398 13.978965 21
-58.048553 -727.744141 25.509502 21
-55.195782 -727.481018 25.359770 21
-50.555386 -727.154114 16.354216 21
-48.600636 -729.039124 17.740719 21
-62.975506 -726.951904 22.418653 21
-50.123425 -725.164429 17.416389 21
-43.074409 -729.819153 12.697754 21
-45.796284 -731.313843 16.071344 21
-40.335262 -728.526062 10.486494 21
-35.775753 -729.478149 3.387238 21
-49.040585 -730.826660 16.416708 21
-51.991295 -731.264282 18.101450 21
-61.705894 -730.540405 21.529848 21
-44.805595 -729.763184 11.822099 21
-41.349987 -729.444336 11.334892 21
-39.759022 -728.907654 6.129591 21
-57.174622 -729.352417 25.804201 21
-47.181938 -725.535828 16.661470 21
-42.601685 -732.127991 9.977045 21
-36.611500 -728.240479 5.389064 21
-41.937256 -727.931641 11.214972 21
-58.938042 -727.671875 26.191547 21
-61.236309 -726.211304 27.382324 21
-60.026951 -731.896179 22.681755 21
-45.241337 -726.271790 16.671171 21
-50.466198 -730.841797 17.157705 21
-54.441944 -727.225586 24.565983 21
-53.595947 -729.765625 18.286320 21
-63.403332 -724.853271 30.249395 21
-56.600246 -727.110779 26.606201 21
-50.424839 -728.421509 20.556421 21
-63.310276 -726.803284 23.879787 21
-51.497040 -728.959534 20.683384 21
-62.309208 -728.763428 24.333700 21
-40.876736 -727.593933 6.991085 21
-61.217350 -727.167175 23.028845 21
-37.995224 -729.163940 2.789021 21
-56.519051 -731.889343 19.303509 21
-52.542717 -732.866455 19.593575 21
-37.159122 -730.192505 6.251232 21
-50.325779 -728.367554 15.616487 21
-53.741329 -729.487061 23.335028 21
-36.202419 -728.187195 0.093709 21
-39.161900 -729.816223 8.382809 21
-62.556606 -724.837769 29.573898 21
-52.284454 -728.226562 16.820004 21
-56.562042 -733.701965 22.550571 21
-53.859154 -727.048218 22.655045 21
-51.277580 -732.681458 19.123312 21
-49.485485 -732.302490 18.075743 21
-54.879345 -726.366455 18.545092 21
-44.268925 -730.719849 16.502827 21
-35.431347 -729.603271 0.327569 21
-47.151337 -726.690918 15.202978 21
-54.027332 -728.078491 24.008720 21
-48.518471 -726.842407 15.629648 21
-37.634995 -730.570312 3.936521 21
-62.828930 -725.432068 23.452219 21
-39.824089 -730.338745 10.086062 21
-53.337521 -732.295227 19.065823 21
-52.343170 -727.721985 19.743269 21
-44.899967 -727.803711 14.426787 21
-55.102886 -728.326355 23.455814 21
-59.185459 -725.508606 20.240244 21
-37.377964 -730.496948 0.863883 21
-50.650894 -727.339355 20.836023 21
-56.000057 -727.625549 19.450815 21
-38.811897 -730.188843 6.400299 21
-49.653141 -733.102478 19.554832 21
-42.838776 -728.027344 10.674852 21
-56.056137 -729.974609 19.326466 21
-37.411045 -727.950928 1.840866 21
-61.244473 -726.039673 28.509716 21
-54.696419 -732.769714 20.130707 21
-53.450825 -723.874146 18.408760 21
-40.575092 -729.545776 7.245308 21
-61.405079 -727.144287 29.533459 21
-46.941219 -727.379822 14.418496 21
-60.810760 -725.306091 23.544298 21
-55.824368 -732.795593 20.498032 21
-42.180859 -729.328552 12.576051 21
-38.450993 -727.569763 6.432681 21
-41.282913 -728.189209 9.245602 21
-46.212570 -728.940186 12.447142 21
-61.126221 -725.493103 24.836523 21
-63.019867 -726.749512 29.797810 21
-37.452564 -728.793945 7.071889 21
-60.517384 -724.623840 22.735937 21
-52.863995 -733.333618 20.471373 21
-38.121693 -730.261597 7.196506 21
-42.800385 -728.577637 9.342092 21
-61.465454 -725.836548 30.197962 21
-42.019920 -732.835144 10.836824 21
-47.841354 -728.326599 14.107504 21
-36.188168 -731.685608 -2.476590 21
-63.152225 -727.614929 23.253250 21
-38.196167 -727.903748 4.461628 21
-57.489780 -733.214355 22.197231 21
-52.361221 -727.190552 21.410406 21
-52.980213 -727.288086 23.174749 21
-51.837944 -729.246948 21.749622 21
-53.890251 -726.961853 18.110432 21
-50.904724 -727.403442 19.621325 21
-39.504974 -728.792725 9.343367 21
-45.391193 -728.819031 11.853525 21
-37.758709 -728.539124 -1.050422 21
-60.192490 -725.809082 29.286430 21
-48.179798 -725.518738 16.630827 21
-59.179298 -725.726013 27.730354 21
-59.412384 -731.890564 23.548370 21
-41.858448 -728.749146 11.822665 21
-62.915955 -726.318787 30.910707 21
-62.610676 -728.637024 21.587164 21
-39.844864 -730.350708 7.903295 21
-64.005211 -727.340088 31.364002 21
-61.086861 -730.971802 23.042662 21
-37.703236 -729.179565 1.090389 21
-43.325275 -730.142273 14.117409 21
-35.875744 -731.196716 -0.613474 21
-41.190594 -728.007141 10.584126 21
-36.823708 -727.835144 3.640815 21
-59.354015 -731.997192 20.779070 21
-42.174549 -730.087891 10.791029 21
-43.817196 -728.185425 11.177819 21
-35.584377 -729.154175 1.574049 21
-35.287998 -729.785095 -1.311088 21
-48.769215 -729.060120 18.734673 21
-62.802334 -728.505005 23.495485 21
-51.923515 -724.245667 18.071108 21
-58.589764 -724.057495 20.074186 21
-54.941250 -731.073242 18.891539 21
-62.142479 -725.561646 28.489250 21
-45.650898 -726.336487 15.400148 21
-59.058578 -728.671509 26.224709 21
-35.857025 -730.805054 1.853099 21
-50.619663 -733.282837 19.960390 21
-50.389381 -724.280823 17.807379 21
-40.143288 -728.479980 7.045750 21
-55.630707 -726.664124 25.689079 21
-61.743900 -729.737366 20.837234 21
-59.452435 -723.963745 21.375519 21
-39.401623 -728.206787 5.559402 21
-47.911160 -732.773315 18.768339 21
-43.369007 -727.497009 13.744669 21
-44.082794 -729.171448 10.681088 21
-53.037262 -725.844299 17.886116 21
-62.103519 -730.027039 23.569965 21
-44.326645 -727.320984 15.074221 21
-39.780632 -729.939575 5.683460 21
-58.533978 -732.335022 21.303444 21
-51.935307 -733.716187 20.852697 21
-53.913712 -730.800659 18.663319 21
-59.030052 -727.057312 28.489672 21
-41.124901 -728.372742 8.222397 21
-46.845085 -729.235352 16.569433 21
-38.171455 -728.676208 8.101483 21
-40.830372 -729.316772 10.542114 21
-48.487411 -731.975952 17.178709 21
-60.406044 -727.646851 26.563808 21
-65.300003 -726.604126 31.586870 21
-60.778915 -727.363342 22.058304 21
-52.893230 -731.615173 18.531704 21
-37.160725 -731.505432 -1.557379 21
-41.080936 -731.145813 10.594819 21
-48.584560 -724.347473 17.457336 21
-45.870693 -725.560852 16.950817 21
-44.109104 -730.276367 15.684211 21
-49.148643 -728.573914 20.143732 21
-58.764191 -733.115540 23.500725 21
-50.854649 -730.004456 16.820650 21
-54.858139 -733.638550 21.814112 21
-61.030514 -731.130005 21.216024 21
-36.547852 -728.309448 4.440654 21
-36.222050 -729.177307 5.368887 21
-55.957523 -722.226685 19.920139 21
-43.390362 -727.368652 12.827335 21
-48.044510 -729.824585 14.952914 21
-35.962631 -728.080200 2.378982 21
-57.785870 -726.853088 25.301300 21
-48.977047 -729.558899 14.606640 21
-43.342381 -729.790222 10.473054 21
-51.570251 -726.261719 17.262300 21
-44.981834 -729.555664 14.827622 21
-62.684654 -726.125549 22.711874 21
-36.217674 -729.746765 4.426828 21
-50.621105 -727.730652 18.263760 21
-59.315228 -727.177429 21.088110 21
-53.999416 -728.447266 17.768120 21
-60.262897 -726.018677 21.878473 21
-54.768581 -725.496399 18.350863 21
-54.317966 -732.417786 19.386257 21
-38.288284 -730.216492 4.573799 21
-38.342903 -729.474060 -2.167344 21
-52.637486 -728.019958 22.771553 21
-63.194492 -724.024536 30.855350 21
-42.033104 -731.879395 10.760880 21
-48.308464 -730.702209 15.921262 21
-49.267033 -732.788940 18.820429 21
-60.387695 -726.513489 22.686935 21
-59.888016 -723.780090 23.060221 21
-54.621586 -726.728943 23.825169 21
-38.918938 -727.885742 7.175139 21
-62.026978 -725.723328 24.559582 21
-40.194607 -727.564880 7.559506 21
-45.262081 -728.616089 15.613270 21
-35.584087 -729.678650 2.315281 21
-60.417065 -731.085876 20.420076 21
-37.625645 -727.891907 5.290575 21
-46.188229 -727.947327 13.193969 21
-49.447693 -728.121948 15.251082 21
-49.492729 -727.488831 19.244610 21
-44.995106 -727.581848 12.885792 21
-51.432224 -732.120667 18.438965 21
-42.532875 -727.844666 12.536857 21
-64.194672 -725.048889 31.443186 21
-47.749119 -727.962280 17.908598 21
-37.676712 -730.903748 -0.201837 21
-47.663601 -728.963989 13.514070 21
-55.597527 -728.299500 25.112864 21
-54.584072 -722.574341 19.202141 21
-53.579536 -725.143066 18.076672 21
-58.485901 -725.899597 27.208454 21
-57.033615 -728.034424 26.374638 21
-41.626507 -730.031372 9.452620 21
-57.893105 -726.945679 27.690382 21
-57.614269 -732.263000 19.929197 21
-38.063786 -729.051758 -0.383574 21
-57.373280 -723.773743 19.382956 21
-37.821327 -730.209961 3.158447 21
-41.788311 -729.501221 8.632048 21
-59.320488 -732.400085 22.633768 21
-62.951717 -724.162598 29.063040 21
-48.632629 -726.170166 16.278139 21
-43.450089 -728.878784 13.641561 21
-47.446182 -731.164673 15.916924 21
-50.557438 -722.475281 17.724525 21
-56.609016 -726.335632 19.339300 21
-49.060112 -733.572876 20.084249 21
-58.716644 -724.920227 19.819405 21
-55.149441 -724.582397 18.381826 21
-54.557453 -729.462341 23.717844 21
-52.367332 -727.440247 17.207314 21
-57.044224 -722.844910 20.007994 21
-60.507908 -727.092224 29.271233 21
-37.616032 -729.651306 6.788808 21
-37.094707 -731.302063 -0.712036 21
-60.744148 -724.855469 24.261013 21
-37.045826 -728.025208 0.095224 21
-59.323082 -726.094727 28.490364 21
-57.791405 -726.751343 20.110605 21
-57.857704 -725.402832 19.435953 21
-54.977417 -731.924500 19.047609 21
-58.654896 -726.557617 20.585938 21
-63.752827 -726.497986 31.228678 21
-48.971275 -723.293640 17.561958 21
-46.944412 -726.010803 15.791048 21
-40.561165 -728.918762 6.463054 21
-37.167126 -730.828186 2.283331 21
-35.230816 -729.483032 -0.486185 21
-45.735470 -731.545837 17.268621 21
-54.292648 -728.344482 23.178886 21
-37.905437 -728.198486 2.489850 21
-45.039436 -731.074219 16.347273 21
-55.539085 -729.044373 23.564272 21
-50.304092 -727.457214 19.006506 21
-36.528152 -727.994507 1.717941 21
-62.708313 -726.205261 23.877563 21
-39.483448 -728.106567 8.798880 21
-60.132137 -724.481812 21.554993 21
-38.320778 -728.869751 3.823279 21
-39.198963 -729.361938 5.329888 21
-59.663418 -723.164551 22.252316 21
-37.783237 -728.317200 1.050700 21
-36.325115 -730.726562 1.113884 21
-37.486935 -727.677368 3.081039 21
-52.209610 -730.446899 17.829845 21
-40.188263 -730.676086 9.392951 21
-51.022091 -728.148743 21.082720 21
-37.112625 -730.793945 5.656091 21
-44.037807 -727.091125 14.336495 21
-46.866383 -728.519348 12.894233 21
-47.802040 -728.876709 17.970142 21
-50.162956 -731.925415 17.805405 21
-58.434135 -731.612000 19.701914 21
-64.193199 -727.164185 30.591331 21
-57.486771 -726.113647 19.654501 21
-48.668419 -727.552124 15.194286 21
-61.908337 -726.690857 27.446259 21
-36.177311 -730.754700 3.360484 21
-56.904167 -732.781433 21.018883 21
-42.826321 -728.944214 12.949200 21
-35.783119 -730.226013 -2.523999 21
-53.401833 -722.085449 18.792625 21
-38.749554 -728.095886 8.017076 21
-51.366600 -723.605103 18.167278 21
-46.290455 -727.554077 13.933454 21
-42.700439 -728.041138 13.785136 21
-51.119411 -725.580078 17.406902 21
-56.460064 -725.035645 18.794428 21
-57.317215 -726.234924 26.393206 21
-55.972363 -727.314880 26.070099 21
-43.173523 -729.285156 9.861378 21
-37.827660 -729.391235 1.947046 21
-60.159027 -727.077271 27.717335 21
-41.865993 -731.030884 10.591050 21
-53.089603 -726.941895 22.433342 21
-60.870892 -725.610291 29.659336 21
-52.177681 -722.539612 18.418604 21
-56.163731 -725.761902 18.921534 21
-36.784733 -730.799805 4.831670 21
-47.482922 -724.060486 17.609346 21
-47.708736 -733.096680 19.465820 21
-55.303284 -729.824463 19.121218 21
-58.197124 -732.658020 21.942488 21
-47.459457 -729.727234 13.633262 21
-39.534672 -729.544617 9.061549 21
-60.397015 -725.082825 22.073313 21
-64.456207 -725.963623 31.299669 21
-62.688511 -726.935730 24.340464 21
-54.848392 -721.855957 19.505608 21
-40.352333 -731.712952 10.757302 21
-52.639320 -723.924438 18.197826 21
-49.738258 -730.891785 16.843893 21
-46.295292 -727.935364 16.047832 21
-57.175175 -726.948608 27.106262 21
-52.891819 -728.628235 22.341215 21
-49.624168 -725.622925 16.993294 21
-55.596050 -733.444214 21.620491 21
-49.354733 -729.015442 19.327246 21
-60.728878 -725.433472 28.868036 21
-62.161907 -729.068909 21.030052 21
-58.228100 -733.561768 23.129513 21
-57.426353 -722.416321 20.543022 21
-60.160919 -731.721741 21.937380 21
-36.109554 -731.082458 2.617774 21
-60.693676 -730.898499 24.132298 21
-52.359905 -727.320068 20.639162 21
-49.984459 -727.704102 17.698563 21
-55.728035 -731.742737 19.092373 21
-51.553539 -728.576233 21.493492 21
-40.287716 -730.777100 8.470531 21
-61.125175 -724.483154 23.701939 21
-55.406147 -727.463806 18.782850 21
-44.928310 -728.147034 11.969161 21
-60.864456 -726.039062 23.208389 21
-40.708477 -728.028076 9.969192 21
-41.994930 -727.983704 11.996740 21
-62.277390 -729.787537 22.335423 21
-47.119862 -728.533386 18.010073 21
-53.351246 -729.123840 22.766819 21
-53.759666 -729.146729 17.587828 21
-47.429184 -727.675964 16.793312 21
-43.867001 -730.502075 14.990559 21
-46.413330 -726.327820 15.319802 21
-38.330826 -730.125854 -1.539736 21
-62.683624 -729.110413 22.198753 21
-39.035797 -728.203552 4.877836 21
-46.583088 -732.220520 18.239330 21
-61.429478 -730.752441 22.201466 21
-53.503372 -727.640686 23.662622 21
-56.076889 -729.303772 24.321026 21
-49.904213 -723.390808 17.799864 21
-57.563904 -732.773682 20.477280 21
-48.436554 -728.189453 18.725838 21
-58.364826 -722.939575 21.443249 21
-58.543743 -728.227600 25.799557 21
-37.435589 -730.535767 1.609043 21
-51.362568 -731.001282 17.702091 21
-61.991184 -726.754272 22.632011 21
-36.220093 -731.249084 -1.872661 21
-54.852623 -729.404114 18.684513 21
-41.474632 -730.310913 10.977077 21
-38.689808 -729.594849 4.682517 21
-56.857422 -727.677917 19.910181 21
-50.802410 -729.224915 20.605618 21
-62.747017 -725.425354 28.016472 21
-35.381821 -728.703613 3.363317 21
-42.418171 -729.154724 9.084086 21
-55.685902 -728.138489 24.377697 21
-51.570850 -728.956848 15.960465 21
-61.425510 -726.600708 30.053432 21
-50.164585 -726.549194 16.530552 21
-37.600941 -727.928284 3.787803 21
-48.722122 -731.414001 16.737576 21
-38.284122 -730.591919 5.375679 21
-52.869236 -728.012207 17.265669 21
-36.964012 -728.545654 6.388321 21
-51.904671 -724.949646 17.861750 21
-62.872952 -727.618469 21.911318 21
-42.368904 -728.621948 12.425519 21
-60.617474 -723.974243 23.081619 21
-35.415997 -730.346252 0.447357 21
-59.721146 -725.643433 20.842209 21
-49.518925 -724.737183 17.523859 21
-49.839565 -728.313660 20.038290 21
-44.154190 -728.817139 14.402546 21
-44.105785 -726.981567 15.686956 21
-38.975105 -730.072144 7.589036 21
-63.909542 -725.000671 30.764212 21
-45.387100 -726.622070 16.008818 21
-51.528011 -727.120483 21.076794 21
-58.102360 -723.120117 20.637022 21
-55.239758 -723.396118 18.894218 21
-41.499619 -729.059937 8.136971 21
-46.789139 -728.739075 17.103493 21
-61.810307 -726.135742 29.022236 21
-37.536259 -728.947571 7.779819 21
-45.527252 -727.404846 14.336822 21
-36.137974 -728.212341 0.829611 21
-49.043964 -727.400391 18.647657 21
-35.533043 -728.961243 -0.090457 21
-61.508755 -726.213318 24.443459 21
-49.465248 -729.748718 15.156011 21
-57.381508 -724.945679 19.109093 21
-53.317551 -726.511536 17.906336 21
-61.851219 -727.114685 28.925964 21
-61.500507 -730.515442 23.500298 21
-49.514095 -729.921082 15.929782 21
-56.232677 -732.474487 19.770388 21
-47.862499 -726.899292 15.311135 21
-55.487549 -726.035156 18.696529 21
-36.897930 -728.311401 -1.461649 21
-43.519222 -727.687805 12.195364 21
-35.634258 -730.411804 -1.231632 21
-43.075390 -731.775635 10.387458 21
-46.676254 -728.007629 16.661198 21
-47.417992 -730.140808 14.733113 21
-39.994637 -728.493042 9.845423 21
-54.331539 -733.126831 20.648832 21
-62.065723 -725.308960 29.811359 21
-51.591400 -727.651733 19.456118 21
-54.743896 -724.023987 18.518167 21
-50.513405 -727.817200 16.075859 21
-42.582581 -732.410339 10.633320 21
-46.301678 -731.873657 17.602016 21
-62.567608 -729.174011 23.621592 21
-53.599918 -733.675781 21.654165 21
-40.700832 -728.260010 8.806418 21
-39.459614 -728.130432 7.902621 21
-49.179798 -727.616333 17.957870 21
-51.899975 -727.710266 22.116590 21
-50.719120 -732.200867 18.314734 21
-49.124504 -726.638916 16.040358 21
-57.037636 -733.016602 21.695644 21
-44.743519 -729.309570 11.276771 21
-38.750164 -729.604980 8.922526 21
-50.635590 -732.953918 19.308290 21
-37.717457 -730.867615 2.903216 21
-41.786087 -729.616760 11.878518 21
-38.783047 -728.221924 4.193775 21
-37.960747 -728.975708 -1.852688 21
-60.408539 -727.511963 28.653378 21
-59.057285 -731.781677 20.081200 21
-62.240326 -729.904358 24.260386 21
-42.715725 -728.286865 10.010437 21
-44.808899 -729.506470 14.146909 21
-56.417187 -727.048218 19.398415 21
-47.066128 -724.684631 17.495684 21
-49.915180 -727.880066 20.651636 21
-51.252171 -722.890076 18.183884 21
-50.422012 -729.767517 15.591581 21
-53.722641 -727.471619 21.168009 21
-55.959278 -724.589600 18.586742 21
-40.477535 -730.613770 10.086575 21
-51.132763 -727.515625 16.536238 21
-56.301579 -723.827332 18.915567 21
-45.101467 -728.163086 15.078123 21
-36.803528 -731.169312 0.821196 21
-55.964489 -726.503723 25.081846 21
-37.513561 -728.201294 -0.405144 21
-53.900009 -722.559082 19.012583 21
-40.694859 -729.895447 10.126352 21
-37.615395 -729.864685 1.245701 21
-63.247425 -726.792480 23.163097 21
-38.758949 -730.576660 7.140231 21
-62.539207 -727.242737 29.760134 21
-49.304329 -727.903870 19.798592 21
-62.104275 -726.079407 30.595158 21
-44.022762 -728.432800 10.561942 21
-35.595272 -728.871338 0.939450 21
-44.906563 -727.034668 15.391150 21
-60.605007 -731.446594 22.876831 21
-41.977882 -728.281982 9.279675 21
-51.966087 -732.663025 19.238523 21
-59.212109 -727.366211 27.676769 21
-49.114883 -732.045715 17.559521 21
-41.138828 -728.824158 10.944625 21
-49.788742 -728.617065 20.772375 21
-39.513000 -730.219360 8.895177 21
-36.024586 -730.079163 3.855380 21
-57.535957 -727.354919 20.348938 21
-44.946838 -727.012207 13.875486 21
-43.087276 -729.692566 14.592207 21
-40.150345 -730.085266 7.322119 21
-63.060730 -725.539612 30.756182 21
-45.524483 -726.629395 14.711407 21
-51.732582 -727.757996 16.781021 21
-52.717064 -728.759827 16.718864 21
-56.641983 -728.968445 24.530022 21
-43.754463 -729.585693 14.517473 21
-62.132568 -725.115112 29.037634 21
-50.543415 -733.666504 20.570196 21
-50.992237 -726.753418 16.832914 21
-36.029118 -730.980225 -1.254347 21
-51.067799 -724.148560 17.877813 21
-59.756863 -731.323975 23.329245 21
-53.590984 -731.409851 18.659405 21
-41.470150 -732.722717 10.366992 21
-56.408104 -722.723755 19.765911 21
-41.425213 -731.294128 9.163687 21
-65.344559 -725.927612 31.520832 21
-61.084618 -725.471130 24.147644 21
-44.433857 -726.623962 15.094958 21
-46.062714 -729.076721 16.061361 21
-37.897320 -729.280334 7.288386 21
-52.868374 -723.286316 18.452009 21
-45.762852 -729.347290 12.126840 21
-41.201599 -731.588501 11.102210 21
-53.938797 -727.392273 24.148363 21
-48.905407 -725.659790 16.632195 21
-58.994076 -723.392517 21.461370 21
-37.546299 -728.090881 6.850303 21
-39.834316 -729.901245 9.538253 21
-44.201210 -727.514160 12.653192 21
-47.371315 -732.453064 18.387829 21
-46.533478 -725.487732 16.857124 21
-39.103897 -730.563416 5.933814 21
-36.799023 -730.590210 3.657325 21
-48.805065 -728.999268 14.271225 21
-55.857834 -723.284363 19.129837 21
-54.892075 -734.077332 22.317034 21
-59.739624 -726.460388 21.478785 21
-48.658119 -732.671021 18.580446 21
-54.163319 -729.389221 18.209991 21
-54.469742 -733.488281 21.257074 21
-59.791103 -724.804199 21.077330 21
-62.140450 -726.008179 27.989889 21
-41.231659 -730.504272 10.329563 21
-63.576611 -723.962036 30.305098 21
-38.022362 -729.162842 0.464068 21
-46.450260 -729.687500 12.958405 21
-45.724957 -728.368042 16.018665 21
-58.054588 -723.926636 19.698418 21
-56.395821 -729.385437 19.364817 21
-52.049587 -726.707520 17.346434 21
-60.986797 -726.569214 28.133980 21
-48.321274 -725.033020 17.117443 21
-39.338844 -730.566101 8.318294 21
-62.848774 -728.682312 22.853916 21
-54.973343 -727.018860 24.944487 21
-45.534454 -725.743225 16.404024 21
-37.277454 -731.026978 4.409387 21
-39.525043 -727.578979 7.147408 21
-58.834240 -732.437439 22.203838 21
-36.202415 -730.961304 -0.003224 21
-53.991135 -729.216309 22.588722 21
-40.215618 -727.691162 6.917015 21
-55.997704 -733.684082 22.077801 21
-58.067879 -732.405640 20.749737 21
-59.627213 -727.274353 28.656105 21
-52.256943 -733.220093 20.100760 21
-55.310135 -722.278320 19.753775 21
-60.046936 -728.141113 26.816227 21
-35.722160 -728.346863 -0.330519 21
-49.327007 -728.843262 14.693763 21
-35.845329 -730.104492 3.214081 21
-40.069309 -729.372498 6.560992 21
-44.769943 -730.479614 16.075163 21
-55.879906 -733.065674 21.122007 21
-39.076408 -727.781006 6.186026 21
-35.889366 -730.855103 -2.569200 21
-53.848789 -723.309937 18.720804 21
-50.172165 -731.433716 17.370945 21
-58.417946 -727.062927 28.062611 21
-53.463623 -724.493896 18.191740 21
-56.473057 -727.681763 26.299356 21
-52.449055 -729.050659 21.881933 21
-48.660183 -727.604126 17.569693 21
-51.950619 -728.611938 16.398726 21
-42.267189 -728.241882 13.343991 21
-46.222374 -728.300110 12.573842 21
-37.095104 -728.543274 5.698809 21
-54.753422 -727.708557 24.879601 21
-37.684891 -728.854858 -2.514544 21
-35.702202 -728.593018 1.989220 21
-62.696556 -726.867004 30.562355 21
-37.069977 -729.301392 6.592224 21
-35.847748 -728.837646 2.902956 21
-35.564701 -730.067078 -1.856199 21
-60.643227 -727.693237 27.167990 21
-54.551949 -728.439575 23.889866 21
-36.209316 -728.528076 4.957999 21
-40.966053 -731.024109 9.951433 21
-53.194603 -729.424805 17.467571 21
-55.331150 -732.703308 20.074001 21
-44.400715 -728.231628 11.452786 21
-51.349102 -729.252258 21.236753 21
-49.923046 -727.045776 16.191296 21
-62.004658 -730.302795 22.052122 21
-42.572361 -729.629089 13.027782 21
-47.128628 -725.286499 17.265779 21
-57.973572 -733.209412 22.654087 21
-53.207703 -727.138611 17.768682 21
-42.441101 -729.892334 12.311699 21
-52.653057 -725.273621 17.883308 21
-39.958080 -728.298828 6.116403 21
-59.104416 -723.958801 20.479548 21
-59.891281 -725.861267 28.726379 21
-59.266563 -732.666870 23.719702 21
-57.130978 -732.076477 19.547182 21
-35.660374 -730.667114 1.045400 21
-64.528366 -726.977905 31.369122 21
-52.797512 -722.559143 18.620596 21
-38.038280 -728.660767 7.290744 21
-53.196754 -733.620911 21.016287 21
-56.598351 -731.267212 19.182144 21
-61.235840 -727.518677 21.632130 21
-50.604927 -727.316589 20.217852 21
-62.488708 -728.099609 24.323183 21
-42.379719 -731.570801 9.744813 21
-36.597683 -731.238831 -1.136515 21
-44.371525 -727.633545 14.126427 21
-37.611393 -730.399231 6.646461 21
-41.234028 -729.760559 10.776871 21
-39.100613 -728.734863 5.216851 21
-35.675957 -730.212219 1.957207 21
-37.831463 -728.811401 2.285038 21
-63.423882 -727.430908 23.956511 21
-38.921497 -729.235718 8.115149 21
-36.745846 -730.669067 2.712440 21
-36.418358 -730.289429 4.662796 21
-36.089455 -731.300110 0.927200 21
-52.714447 -732.452576 19.112295 21
-35.423706 -729.316040 2.884223 21
-53.513519 -733.220276 20.535524 21
-56.276207 -726.762878 26.130224 21
-63.053623 -727.587158 22.611088 21
-54.082077 -724.032837 18.455727 21
-48.339344 -728.505005 19.268431 21
-35.530491 -730.782959 -0.055903 21
-48.308712 -729.019409 18.303400 21
-35.206730 -728.459778 1.241760 21
-41.460945 -728.260498 11.790168 21
-59.683880 -731.989685 21.333908 21
-51.147404 -733.560852 20.402042 21
-51.936710 -728.978821 21.125973 21
-42.821285 -727.682739 13.069878 21
-50.417122 -729.112488 15.267463 21
-38.077415 -729.670532 -0.376945 21
-37.782520 -727.565613 5.806428 21
-41.329296 -728.066101 9.865564 21
-57.302776 -723.191223 19.540110 21
-47.716206 -725.383606 17.028294 21
-63.930260 -726.954529 31.881174 21
-39.231747 -729.908691 6.810507 21
-54.160374 -725.319702 18.161749 21
-45.567917 -731.370483 16.689644 21
-63.130222 -724.497314 29.830894 21
-58.925461 -732.452881 20.835669 21
-55.653774 -727.822998 25.632109 21
-38.358810 -729.992004 7.690660 21
-54.028481 -730.213562 18.511814 21
-59.088814 -732.790894 23.062822 21
-45.213737 -729.909546 12.267668 21
-36.203213 -728.591797 3.901768 21
-43.516384 -728.153259 13.634443 21
-52.070820 -721.976501 18.183722 21
-46.012375 -727.058777 14.177212 21
-43.402653 -728.259033 10.686723 21
-61.317581 -726.903809 27.492832 21
-45.264248 -729.129089 15.266328 21
-36.968929 -728.094116 4.870675 21
-59.419147 -723.638489 21.947489 21
-40.574753 -728.625977 7.674805 21
-42.042534 -732.294678 10.303175 21
-52.408939 -726.196411 17.602541 21
-55.209099 -726.849243 18.743597 21
-47.405891 -727.781494 14.493279 21
-40.951103 -731.745300 10.447782 21
-61.984528 -730.031738 21.333010 21
-54.353325 -726.598877 18.349049 21
-54.908897 -732.431641 19.558134 21
-37.744534 -730.817505 2.065121 21
-62.024952 -726.959412 29.560995 21
-53.974033 -727.384216 21.742744 21
-53.848839 -728.681946 22.903852 21
-41.857208 -727.923401 10.613247 21
-58.835636 -726.005981 20.277300 21
-44.468067 -728.230469 14.431694 21
-43.472595 -729.430664 13.922583 21
-38.109093 -728.227417 3.942070 21
-59.583000 -725.102539 20.551500 21
-58.198597 -726.315002 27.620251 21
-57.694069 -729.084045 25.564692 21
-43.281528 -727.924133 11.172481 21
-40.101105 -728.215881 8.687819 21
-64.262337 -725.445923 30.979555 21
-56.702011 -733.424683 22.029894 21
-39.395905 -729.910950 6.163839 21
-62.766991 -724.993530 30.119905 21
-60.334126 -724.470154 22.130753 21
-50.606941 -724.865723 17.666224 21
-48.310631 -730.226074 15.435861 21
-58.389465 -725.446472 19.700523 21
-40.652046 -728.026184 7.352606 21
-41.928535 -729.727173 11.289415 21
-35.411709 -729.528137 0.930744 21
-51.255489 -733.037231 19.618082 21
-36.447922 -727.990479 3.097808 21
-37.307774 -728.174866 0.661744 21
-41.645592 -731.838867 10.277369 21
-57.083000 -733.869690 22.818487 21
-43.874046 -727.773132 13.209067 21
-63.226017 -726.232666 23.535734 21
-59.794788 -732.194580 23.166512 21
-57.878948 -727.504822 27.453627 21
-40.504780 -728.981567 7.071411 21
-45.740425 -727.711487 14.813370 21
-59.953770 -731.549438 20.574200 21
-52.257084 -731.733154 18.383707 21
-59.579460 -728.433533 26.608921 21
-37.618996 -728.459900 1.607538 21
-45.641132 -727.679871 13.144146 21
-56.391430 -721.773193 19.935266 21
-41.340206 -728.055176 11.162586 21
-55.156723 -728.856689 23.092030 21
-52.578629 -729.415588 16.844109 21
-37.915131 -729.744324 2.647038 21
-43.788315 -727.723694 14.249007 21
-50.202965 -725.716797 17.071005 21
-47.567593 -725.916809 16.401854 21
-50.983528 -730.640442 17.339514 21
-52.755478 -730.235352 17.995979 21
-38.064293 -728.063599 6.508716 21
-37.388023 -727.686157 2.483235 21
-47.315559 -728.493225 13.283564 21
-48.407230 -728.530273 14.269403 21
-60.597607 -731.353760 21.584536 21
-50.048340 -732.283386 18.284239 21
-50.824657 -728.689148 20.918184 21
-47.531498 -727.785339 17.385441 21
-50.785660 -727.696777 21.399355 21
-61.038223 -730.878052 23.620861 21
-60.158398 -723.522644 22.559692 21
-62.152237 -729.761597 22.925720 21
-52.579720 -731.110779 18.233192 21
-63.447693 -726.934937 30.193096 21
-45.138905 -726.089050 16.082682 21
-53.044811 -733.012024 19.934826 21
-61.542984 -730.341675 20.927919 21
-54.334831 -727.822693 24.468100 21
-60.304199 -726.411255 29.458454 21
-37.689949 -730.773865 0.361971 21
-44.418552 -730.559143 15.193193 21
-54.911537 -726.797485 24.355083 21
-49.871223 -727.739136 15.733354 21
-50.219002 -728.931091 20.321383 21
-60.716961 -725.154419 22.924572 21
-38.592617 -730.787109 6.428699 21
-57.519741 -724.345581 19.221046 21
-56.966618 -729.176697 25.003437 21
-37.358379 -727.900696 1.234679 21
-38.166798 -729.247681 3.369740 21
-37.493305 -730.727173 6.123493 21
-45.048588 -726.520996 15.111047 21
-46.744526 -725.760681 16.324530 21
-56.946045 -726.612183 26.657446 21
-43.131580 -727.747131 14.252892 21
-52.809807 -727.280640 21.006346 21
-56.147972 -734.105103 22.541624 21
-58.389061 -723.471375 20.268747 21
-36.712719 -731.866577 -1.703575 21
-60.585926 -724.734741 23.318220 21
-46.834129 -731.971802 17.383308 21
-59.960323 -725.887451 21.330002 21
-40.747833 -728.380249 10.863942 21
-39.264275 -729.238159 8.601404 21
-46.857265 -726.870178 14.717819 21
-48.014141 -724.213501 17.384207 21
-47.409084 -727.189941 14.836545 21
-46.612034 -728.473022 17.595774 21
-62.410545 -729.340515 24.253407 21
-49.564972 -730.557007 16.416464 21
-42.608253 -729.841492 11.117878 21
-53.769737 -732.548645 19.481653 21
-54.512486 -730.675415 18.763121 21
-40.450966 -729.046875 10.205448 21
-53.493999 -730.420044 18.381645 21
-58.722942 -727.164978 20.757954 21
-39.831928 -728.011169 7.482327 21
-35.908825 -729.159424 3.887587 21
-38.478710 -729.328003 4.135782 21
-40.031921 -728.959045 9.471968 21
-49.129639 -730.384766 16.048538 21
-35.719009 -728.336914 0.374204 21
-51.690529 -728.057739 21.718040 21
-48.838238 -723.871094 17.626884 21
-58.086029 -728.447632 25.514175 21
-56.933964 -727.556335 26.753996 21
-49.712864 -728.647034 15.113173 21
-42.050327 -731.381775 11.027390 21
-50.296482 -727.358704 19.590586 21
-56.389862 -732.794128 20.760820 21
-54.186192 -732.699829 19.855247 21
-48.965714 -727.712830 19.121275 21
-41.237633 -730.576294 11.432402 21
-37.790512 -730.571289 4.485962 21
-36.264244 -729.206970 4.631497 21
-38.067955 -730.170410 3.988184 21
-47.292278 -728.820496 17.532408 21
-60.167461 -724.151123 22.744646 21
-51.838417 -727.265930 21.689157 21
-61.255398 -727.223572 22.458300 21
-42.964500 -729.936951 13.646558 21
-36.411945 -730.753235 1.707870 21
-51.554592 -731.664795 18.111654 21
-39.416641 -728.888489 5.658082 21
-58.686214 -727.138245 26.214945 21
-46.260601 -727.663940 15.383375 21
-63.600800 -724.512756 30.693918 21
-55.471931 -726.822083 25.157043 21
-42.466930 -733.141479 10.669557 21
-36.745781 -728.921326 5.407677 21
-45.889793 -728.551025 12.160723 21
-53.115482 -729.139099 22.155243 21
-55.215378 -728.218262 24.038029 21
-53.155663 -732.661133 19.504877 21
-58.992138 -724.517761 20.177467 21
-54.294018 -727.201477 22.312721 21
-53.835888 -728.351746 23.536358 21
-59.659962 -725.611938 28.017246 21
-44.345558 -727.062134 13.810945 21
-42.493996 -731.779175 10.452222 21
-50.126343 -722.856812 17.760164 21
-43.661167 -727.888672 11.680153 21
-60.492649 -727.101379 28.167046 21
-38.389595 -727.877014 6.936870 21
-60.254791 -731.779907 23.184135 21
-59.673840 -731.978882 22.214989 21
-42.403625 -727.841980 11.517438 21
-63.731960 -727.038452 30.893122 21
-44.840206 -727.334106 13.372224 21
-55.865894 -727.253967 19.050974 21
-53.763504 -721.668457 18.718868 21
-45.384731 -726.859131 14.232092 21
-49.125820 -733.200012 19.671886 21
-42.623306 -728.415100 12.899633 21
-43.801323 -727.155090 14.897869 21
-50.414730 -730.403381 16.813656 21
-52.994270 -727.913879 23.188082 21
-62.968613 -727.986450 23.627773 21
-50.718357 -731.196411 17.535311 21
-49.986355 -732.894104 19.121273 21
-61.224682 -731.003723 21.746376 21
-51.992699 -730.030212 17.523964 21
-53.442940 -728.273865 17.528112 21
-52.202080 -734.024292 21.409809 21
-44.791351 -727.803406 12.398524 21
-62.606873 -730.204895 23.960785 21
-36.307785 -730.908020 0.544620 21
-39.676525 -730.451172 9.417711 21
-48.506706 -731.049622 16.319122 21
-41.232605 -732.228821 10.186270 21
-61.569363 -725.412170 24.485327 21
-52.689102 -727.011902 22.026903 21
-35.129890 -728.899841 1.786949 21
-44.610554 -729.199524 14.607793 21
-48.312298 -733.316101 19.839117 21
-63.032520 -728.176270 23.113773 21
-37.460861 -730.607605 3.309591 21
-59.130650 -732.353821 21.399620 21
-52.577431 -733.629883 20.854582 21
-50.570850 -727.883423 20.796469 21
-53.173321 -729.765015 17.931400 21
-47.465969 -726.378540 15.516994 21
-40.638416 -730.963806 9.499013 21
-37.916767 -728.561462 2.939152 21
-53.109390 -734.036621 21.708656 21
-49.282265 -731.189636 16.797253 21
-50.833344 -727.579651 18.967901 21
-48.773853 -728.535095 19.735746 21
-39.229908 -729.846008 5.636877 21
-57.667522 -722.736755 20.944139 21
-37.693012 -727.845032 4.740823 21
-55.126694 -732.933411 20.540760 21
-47.792423 -732.486755 18.042313 21
-39.637173 -729.454285 5.901911 21
-54.236858 -733.660278 21.741844 21
-46.024643 -726.054626 16.620993 21
-60.294441 -727.120544 26.653557 21
-45.704147 -726.183044 15.931219 21
-51.780746 -722.905701 18.301216 21
-54.957745 -722.960571 19.119055 21
-52.606243 -727.466797 22.798817 21
-38.585747 -727.730042 7.579139 21
-36.441189 -729.499939 5.749940 21
-45.300480 -731.081116 15.870188 21
-48.841228 -727.589661 17.035183 21
-35.908081 -730.618103 -0.402097 21
-57.530460 -722.916931 20.313482 21
-36.861046 -727.864197 4.195268 21
-48.970234 -724.701538 17.308039 21
-61.808342 -730.228638 24.208853 21
-61.772682 -726.524109 28.635077 21
-48.957890 -732.435913 18.165251 21
-39.770542 -728.294861 9.341557 21
-57.974659 -731.862915 19.689444 21
-49.600445 -733.408630 20.006910 21
-51.967594 -732.996887 19.685701 21
-56.036812 -732.130981 19.331869 21
-51.668964 -732.404175 18.834196 21
-48.157970 -727.623535 17.772144 21
-55.044193 -729.262939 23.459806 21
-48.086571 -727.906311 18.354111 21
-39.456501 -728.696594 8.817779 21
-41.973564 -729.746521 9.096506 21
-53.483940 -727.121765 23.104006 21
-62.381916 -726.474731 22.387192 21
-49.635544 -731.927917 17.596300 21
-53.944035 -732.154480 19.025009 21
-58.968357 -726.529175 28.517042 21
-41.398243 -730.080322 8.965361 21
-57.033501 -731.570007 19.302338 21
-48.165123 -725.871460 16.213505 21
-41.494011 -728.404297 8.792438 21
-52.055389 -727.504822 20.133284 21
-49.149303 -727.603210 15.452212 21
-37.166729 -731.030090 3.891845 21
-48.259865 -726.401062 15.930367 21
-63.100090 -725.770752 23.026087 21
-54.157288 -726.843750 24.084576 21
-53.031578 -728.419128 22.827553 21
-50.324455 -723.734985 17.893610 21
-55.569080 -727.265869 25.679226 21
-50.920918 -728.467285 15.864978 21
-49.979488 -726.070740 16.744131 21
-35.540379 -729.286011 -1.593490 21
-59.447029 -728.247192 26.112494 21
-59.636425 -723.617676 22.600788 21
-40.810467 -729.119446 7.487187 21
-47.435055 -732.809875 19.043312 21
-61.932812 -725.862305 27.516230 21
-64.883583 -726.251587 31.606920 21
-51.642498 -725.351074 17.615105 21
-47.234249 -730.915283 15.488281 21
-56.876732 -723.748901 19.171448 21
-51.047733 -727.185364 20.500570 21
-37.586742 -730.233643 0.324346 21
-44.818428 -728.550903 11.617555 21
-53.697941 -727.138123 22.148420 21
-54.654121 -724.973633 18.280426 21
-48.987186 -727.102478 15.628394 21
-38.328335 -728.359314 7.686393 21
-35.803387 -729.708374 2.838812 21
-55.248589 -727.949402 24.899773 21
-46.838589 -727.837891 14.137738 21
-38.545040 -728.013062 4.876591 21
-64.405136 -724.710693 31.077093 21
-55.448330 -731.285645 18.992893 21
-35.473190 -729.355652 -0.940293 21
-40.170036 -730.609314 10.521636 21
-40.055462 -728.665894 6.499720 21
-60.607254 -731.349487 20.880135 21
-41.472260 -728.914978 11.488496 21
-44.727524 -730.891113 16.740610 21
-37.567554 -730.397400 2.700917 21
-62.671677 -728.484131 24.023190 21
-37.090832 -730.810486 1.313040 21
-62.853306 -728.610596 22.114464 21
-54.509884 -726.031799 18.360315 21
-35.465061 -729.967407 -0.065587 21
-36.685772 -731.028931 4.266919 21
-52.910797 -727.548035 17.511812 21
-42.331192 -732.794739 10.294081 21
-38.411610 -730.296570 6.752434 21
-38.580551 -728.930847 7.825400 21
-47.869526 -729.741211 13.959560 21
-58.234680 -726.463928 20.258074 21
-35.768803 -730.587585 2.333069 21
-48.891392 -728.791565 19.207485 21
-63.366489 -726.096130 31.106691 21
-35.717979 -729.155212 2.358360 21
-46.122749 -729.478455 12.527134 21
-38.996010 -730.227844 8.094590 21
-38.991108 -729.144653 9.049680 21
-63.329441 -726.712646 30.931707 21
-36.932972 -727.953735 2.080634 21
-40.591320 -731.008240 10.420386 21
-61.050762 -726.761353 29.591040 21
-43.134815 -729.302612 13.433907 21
-50.566597 -725.439941 17.343695 21
-35.210747 -729.142944 0.473781 21
-51.534191 -734.014099 21.089964 21
-48.556023 -729.854797 14.534415 21
-46.279686 -728.511414 17.178160 21
-47.993961 -731.085022 16.133574 21
-62.576462 -725.872498 30.748947 21
-38.015270 -729.107483 -0.897929 21
-36.064919 -731.371155 0.296070 21
-43.038528 -727.681396 12.439277 21
-59.149384 -723.171143 22.399088 21
-57.087284 -733.457764 22.434704 21
-49.405571 -728.420654 19.711025 21
-48.095894 -728.942810 13.819936 21
-39.671604 -728.306458 8.348760 21
-59.728497 -727.371582 27.604332 21
-58.771679 -726.046387 27.780371 21
-50.993862 -732.441406 18.757463 21
-50.184704 -733.114319 19.584824 21
-38.041187 -728.770081 1.104550 21
-60.526985 -725.589294 22.054436 21
-59.043434 -726.771851 20.933374 21
-63.815445 -724.744873 31.248928 21
-60.460808 -731.526428 22.333691 21
-61.049519 -730.953430 22.521879 21
-62.648022 -724.885803 29.011583 21
-54.692345 -731.515869 18.851070 21
-61.580128 -725.480896 29.792835 21
-38.043312 -729.715271 3.142890 21
-52.928196 -732.070374 18.813816 21
-50.121464 -733.419373 20.031271 21
-36.204632 -731.181458 1.983655 21
-38.335773 -727.838806 6.002198 21
-62.878159 -728.142090 21.888031 21
-63.162010 -726.407043 22.824921 21
-35.389103 -729.915527 -0.790363 21
-50.099998 -724.683228 17.631832 21
-36.779747 -730.455872 5.457718 21
-54.741158 -726.909668 18.526436 21
-53.430702 -731.887146 18.768877 21
-53.708637 -727.410889 17.895761 21
-35.943733 -728.851562 3.462683 21
-38.275867 -728.666504 2.512278 21
-59.074741 -723.891541 21.004557 21
-44.257374 -728.706787 10.923000 21
-61.012409 -726.079895 30.107277 21
-38.416512 -728.598145 3.119495 21
-52.727322 -727.550598 20.180630 21
-42.372913 -728.067505 10.381213 21
-53.184631 -729.518188 23.071632 21
-50.814400 -728.886841 15.565181 21
-41.680874 -732.445557 10.754165 21
-44.961315 -726.543030 16.274162 21
-37.639515 -729.732788 0.747573 21
-51.851353 -728.705200 21.890614 21
-38.386749 -729.838440 4.242451 21
-51.744183 -729.541565 16.301739 21
-51.053631 -727.262207 21.172215 21
-52.431751 -728.851013 22.371801 21
-54.264317 -727.324829 18.215900 21
-49.955887 -729.636169 15.243055 21
-59.264431 -725.934204 20.560602 21
-42.417805 -728.566406 8.999312 21
-56.011459 -728.017151 25.113871 21
-61.691513 -726.254944 30.350693 21
-50.990116 -722.369080 18.183838 21
-45.308914 -729.484497 11.925875 21
-54.479073 -732.052490 19.031847 21
-49.485264 -725.210449 17.296263 21
-59.540089 -728.767883 26.037567 21
-45.607170 -728.962341 15.790016 21
-40.181599 -729.708008 6.910757 21
-41.999836 -729.156128 12.131681 21
-36.088230 -728.290344 2.847866 21
-41.439854 -731.515869 10.618234 21
-37.658447 -729.957397 1.745628 21
-53.955944 -726.838440 23.253578 21
-63.300110 -727.165466 23.520081 21
-40.681030 -732.084717 10.884574 21
-46.063564 -731.525696 16.692343 21
-49.442947 -729.416138 14.767190 21
-62.618759 -726.887024 29.401777 21
-55.428257 -733.718994 22.045355 21
-37.521896 -728.476501 -1.495927 21
-37.200970 -728.105164 5.492146 21
-60.795502 -731.257690 23.333944 21
-40.188950 -729.957031 10.027344 21
-55.678692 -729.296814 23.994757 21
-49.767307 -732.669800 18.704813 21
-62.442814 -729.657471 23.765579 21
-56.166443 -726.573669 25.551826 21
-48.389774 -732.848450 18.980898 21
-39.849155 -730.872559 8.228320 21
-54.294647 -731.198547 18.767677 21
-47.782402 -730.822388 15.748294 21
-37.038708 -728.122009 6.105608 21
-55.325863 -730.745056 18.959457 21
-51.813465 -730.758911 17.763027 21
-52.281258 -727.740173 22.462976 21
-43.153389 -729.775391 13.201389 21
-47.378265 -728.231384 17.617165 21
-36.448521 -727.881958 2.223083 21
-52.323845 -724.572510 18.029037 21
-49.610538 -726.641235 16.255054 21
-64.861038 -725.688232 31.580532 21
-36.079632 -728.214600 1.846390 21
-45.732998 -731.736450 17.765509 21
-57.038303 -726.392944 19.606153 21
-55.098446 -722.370605 19.304312 21
-62.567554 -729.113770 21.706347 21
-58.405209 -724.391296 19.706175 21
-60.026333 -727.059570 29.084246 21
-37.062073 -730.946472 1.805007 21
-53.180794 -731.160583 18.472576 21
-37.504883 -731.307312 -1.132818 21
-63.450428 -725.185303 30.726362 21
-56.507378 -728.518616 24.357817 21
-53.845028 -726.463379 18.132793 21
-39.531654 -728.032532 6.066633 21
-36.543961 -729.514587 5.184786 21
-43.767101 -729.039978 14.073369 21
-48.350086 -728.672363 18.719986 21
-55.147217 -725.151733 18.441406 21
-60.543102 -725.999512 29.593466 21
-40.650547 -728.527954 6.890399 21
-57.522968 -732.904297 21.801384 21
-41.363781 -728.589294 7.850749 21
-46.380486 -729.034973 16.471180 21
-54.304543 -722.940063 18.999903 21
-35.572670 -729.709717 1.608404 21
-48.261238 -727.250183 15.176496 21
-47.409115 -728.052856 14.069664 21
-58.496029 -733.127686 23.064146 21
-42.437332 -727.947449 10.970448 21
-56.109890 -726.252197 19.041838 21
-58.962509 -727.402283 28.136623 21
-42.439049 -727.747498 12.007327 21
-59.610867 -724.244324 20.980234 21
-40.556713 -729.893982 7.617586 21
-62.792732 -726.336975 29.576242 21
-51.906960 -723.736755 18.122581 21
-38.004402 -729.973816 6.790874 21
-57.877308 -726.535522 25.683916 21
-36.355316 -730.335083 3.149772 21
-56.418232 -724.323242 18.801435 21
-39.398075 -730.199097 9.767235 21
-59.213493 -725.008179 20.173351 21
-35.128181 -729.235840 -0.057721 21
-40.283115 -728.070007 7.674254 21
-37.787601 -728.951355 1.696111 21
-37.810280 -728.599487 -0.385237 21
-40.759380 -728.819702 10.540959 21
-40.810425 -728.156433 9.354588 21
-56.654419 -732.285278 19.600185 21
-38.307354 -730.712097 6.001617 21
-46.551506 -729.269287 12.705102 21
-61.302181 -725.588989 28.708431 21
-46.450565 -727.236267 14.318112 21
-51.633904 -733.568420 20.483671 21
-58.543087 -728.934265 26.110638 21
-59.696892 -724.175476 21.751593 21
-46.932381 -729.763123 13.297385 21
-40.610722 -728.103516 10.462749 21
-38.294479 -730.729614 7.045522 21
-38.931118 -729.213928 4.888936 21
-38.377354 -729.919739 6.390459 21
-58.808289 -722.728577 21.398277 21
-43.164268 -728.741699 13.292135 21
-45.136959 -726.407898 15.589872 21
-36.042976 -730.978821 1.419161 21
-37.040470 -727.914307 3.002700 21
-49.468529 -723.197083 17.616516 21
-46.576000 -728.226562 13.170487 21
-39.044239 -727.733826 6.669004 21
-55.704113 -729.587952 24.462646 21
-58.254173 -725.009216 19.508951 21
-61.152546 -724.927246 24.001375 21
-44.260952 -729.670410 11.192636 21
-55.273846 -729.155579 18.612440 21
-59.374832 -722.943787 21.889704 21
-41.970592 -731.407104 10.237303 21
-47.830936 -728.435669 18.175085 21
-55.009403 -725.895874 18.510525 21
-51.493916 -724.487366 17.951744 21
-49.004257 -732.962402 19.195351 21
-56.558941 -733.898804 22.997738 21
-38.143932 -727.783020 5.085091 21
-56.141415 -731.483459 19.172684 21
-53.598270 -725.647461 18.025888 21
-54.168427 -729.345154 23.160112 21
-59.398335 -733.094055 23.313295 21
-52.034939 -727.174133 20.987671 21
-55.183598 -723.797791 18.630713 21
-57.553577 -726.707825 27.357763 21
-48.636162 -727.666138 18.679674 21
-50.270767 -727.644287 20.418207 21
-44.203243 -727.486877 14.593988 21
-51.260101 -729.988525 17.103733 21
-55.937771 -721.767883 19.671267 21
-52.505463 -722.925598 18.463755 21
-43.610252 -727.239380 14.141768 21
-36.480465 -728.133728 3.820836 21
-63.932976 -726.048096 31.202656 21
-43.532818 -730.048889 14.685843 21
-56.930241 -724.908813 18.892576 21
-38.665916 -729.990356 7.221375 21
-53.913597 -733.045166 20.340250 21
-62.072147 -729.534607 21.165495 21
-39.074707 -727.863464 5.677276 21
-38.930676 -729.680725 7.901137 21
-35.944714 -730.696777 2.916667 21
-63.080063 -727.157043 22.840788 21
-58.107876 -732.537109 21.448549 21
-51.124908 -726.317688 17.061239 21
-58.748444 -725.632507 19.979296 21
-43.771351 -727.259888 13.594498 21
-39.528828 -730.119690 8.185478 21
-56.422794 -722.290588 20.068159 21
-37.544403 -731.110779 -0.652730 21
-46.569969 -732.437927 18.673054 21
-56.835381 -722.472900 20.516201 21
-51.305580 -727.395081 19.865456 21
-47.152859 -729.171997 16.927551 21
-61.477634 -725.830505 24.770809 21
-39.915634 -730.514587 8.643427 21
-57.521923 -733.377747 22.670593 21
-57.463066 -725.696289 19.394455 21
-37.646374 -728.304993 2.075455 21
-55.093849 -733.449158 21.428207 21
-38.069912 -729.162231 -2.527955 21
-61.385323 -730.812500 21.255810 21
-40.590694 -728.244263 8.337525 21
-62.868134 -724.507507 29.399170 21
-65.839493 -726.500732 31.620001 21
-50.423393 -729.900574 16.530727 21
-54.242645 -728.798706 22.572237 21
-38.105103 -730.502625 4.929321 21
-42.448742 -728.326477 9.577004 21
-54.479870 -722.088379 19.268673 21
-55.808968 -732.645325 19.961065 21
-49.867516 -724.202576 17.751398 21
-37.928558 -728.686035 0.636535 21
-44.411610 -730.637512 15.675876 21
-46.845524 -726.396667 15.516502 21
-50.812187 -722.777954 17.996601 21
-39.767128 -729.132690 9.111210 21
-59.659813 -726.939575 21.469837 21
-52.236500 -733.491943 20.538864 21
-36.671104 -731.124878 -0.363240 21
-44.505882 -726.854004 15.931852 21
-35.628292 -728.747498 3.826563 21
-61.833931 -725.473206 28.849751 21
-36.466732 -731.042786 3.610582 21
-45.979782 -726.474792 15.036039 21
-53.694847 -728.704651 17.429832 21
-43.250015 -727.379089 13.294904 21
-62.366104 -726.358765 22.997683 21
-61.405830 -726.912842 28.641434 21
-38.439529 -728.435730 3.558856 21
-46.458221 -726.070190 15.767601 21
-62.513317 -726.353882 30.674660 21
-52.392193 -730.637695 18.236055 21
-36.069687 -731.275269 -2.761480 21
-51.287502 -729.605774 16.024933 21
-39.877110 -731.022034 9.215637 21
-57.945442 -726.045776 26.771639 21
-62.513969 -725.263672 28.524670 21
-46.052803 -727.537354 13.527382 21
-51.614063 -725.810120 17.474335 21
-42.962582 -727.711243 13.543113 21
-59.919209 -726.246216 29.164804 21
-43.145828 -728.327515 10.293386 21
-62.245293 -726.136292 24.660830 21
-50.186520 -727.590576 18.498394 21
-55.894993 -722.878418 19.419130 21
-56.586407 -725.914001 19.106365 21
-55.738106 -729.458008 19.150269 21
-38.854397 -728.266418 5.320564 21
-52.507034 -728.341736 22.391052 21
-39.704945 -729.440552 9.512865 21
-56.670189 -728.092346 26.070505 21
-41.282528 -728.678101 11.939538 21
-51.196995 -728.769287 21.242102 21
-35.606030 -730.795715 -0.937943 21
-37.805279 -729.473450 1.461796 21
-37.262894 -730.754639 2.780147 21
-53.300331 -723.447998 18.591236 21
-41.491600 -729.553711 8.258842 21
-39.199863 -727.822266 7.612606 21
-60.515408 -726.110901 22.466091 21
-48.654884 -730.408081 15.773914 21
-37.018452 -727.949219 1.563884 21
-57.516403 -727.185059 19.897226 21
-36.216534 -728.067566 1.279224 21
-35.636250 -730.070190 2.601025 21
-56.287437 -732.671875 20.307823 21
-60.187183 -724.949646 21.652706 21
-35.467907 -730.485229 -2.286669 21
-63.040852 -727.153198 24.126860 21
-38.187592 -729.065002 7.587688 21
-58.664722 -732.375977 21.746853 21
-61.796936 -730.230042 23.286140 21
-60.796734 -725.152832 24.632240 21
-50.928925 -723.676758 17.973515 21
-55.449051 -733.032715 20.897383 21
-61.391041 -730.580627 22.686934 21
-45.272274 -727.816223 14.810460 21
-63.275227 -724.401917 30.338928 21
-41.575096 -730.756287 10.851555 21
-61.071663 -725.507263 29.185169 21
-57.884560 -732.967896 22.146643 21
-35.822163 -728.575562 2.512658 21
-35.687603 -728.676331 1.432010 21
-58.142754 -727.068604 25.769432 21
-42.401901 -727.978882 12.956963 21
-49.573166 -727.903931 20.319950 21
-37.023949 -730.391907 4.799197 21
-53.275337 -727.382812 21.108444 21
-39.496761 -730.323792 5.749262 21
-36.664642 -728.018616 0.378036 21
-39.505928 -728.500427 5.920627 21
-57.129063 -732.598022 20.576181 21
-47.426655 -728.412903 13.776870 21
-59.473320 -731.790588 20.371696 21
-49.036682 -731.711914 17.130772 21
-53.387482 -727.184021 23.562717 21
-42.209793 -728.174133 12.375446 21
-45.358555 -731.502075 17.542183 21
-64.200409 -726.372559 31.425257 21
-51.088509 -733.271301 20.018759 21
-52.010288 -727.125366 17.135324 21
-57.343647 -726.431580 26.830597 21
-35.675114 -730.465515 1.572138 21
-36.588394 -728.870056 5.883785 21
-43.030376 -729.560913 14.109767 21
-56.819973 -733.165771 21.284653 21
-41.852470 -730.623169 11.211548 21
-48.443192 -729.837402 15.210899 21
-42.740337 -728.132996 13.311992 21
-59.988632 -726.394653 21.909252 21
-62.902481 -726.626831 24.056702 21
-36.409389 -730.319336 3.694542 21
-43.040195 -732.437439 10.559525 21
-41.726288 -728.102539 9.627756 21
-35.430599 -729.171387 3.361395 21
-45.446110 -729.467834 15.007486 21
-41.559742 -728.609314 8.376331 21
-36.623299 -728.090393 -0.097450 21
-55.574081 -724.826965 18.501595 21
-49.998840 -730.545105 16.643269 21
-35.520885 -729.916931 0.693314 21
-48.574497 -725.400879 16.839851 21
-48.296078 -731.704590 16.814411 21
-41.017555 -729.035767 7.075175 21
-62.472092 -726.876282 30.047066 21
-58.460560 -722.977722 20.984724 21
-50.501766 -731.625427 17.688108 21
-57.546223 -727.164307 27.387844 21
-38.892437 -729.644226 5.106942 21
-35.940907 -730.550537 0.690365 21
-52.279789 -727.246521 21.945742 21
-36.843628 -731.127808 2.747764 21
-47.390194 -729.289856 13.336207 21
-55.430202 -732.090942 19.177296 21
-41.046947 -730.000244 10.392262 21
-61.643181 -727.027100 22.884209 21
-48.574852 -732.212524 17.571016 21
-36.661430 -728.446045 4.872830 21
-36.287018 -731.141357 3.089699 21
-35.938545 -729.617065 3.898038 21
-59.435295 -732.479431 23.207947 21
-41.088566 -729.296570 10.935501 21
-51.360569 -733.655579 20.869740 21
-43.669151 -728.531982 13.857892 21
-51.510601 -724.002197 17.949305 21
-52.879143 -727.118591 21.630980 21
-39.232834 -728.258240 8.436301 21
-37.067181 -730.992554 0.486731 21
-47.922764 -730.220154 15.176398 21
-60.716251 -724.283569 23.430159 21
-64.621101 -725.162598 31.052502 21
-38.664391 -728.660889 8.187542 21
-56.060459 -725.244568 18.699104 21
-49.187565 -724.389893 17.589315 21
-51.438107 -726.672852 17.087288 21
-37.747925 -728.038208 2.940494 21
-37.228687 -728.309082 -1.143578 21
-61.237453 -725.942810 24.192778 21
-50.566380 -726.744019 16.605919 21
-43.107773 -728.519897 9.686163 21
-36.168636 -731.486755 -0.405847 21
-40.442295 -729.838623 10.505749 21
-63.083626 -725.272278 30.374454 21
-56.853775 -726.471924 26.188446 21
-41.697041 -729.785522 10.907053 21
-51.365124 -728.009033 21.398682 21
-43.712685 -729.616394 10.682586 21
-47.187862 -725.819336 16.153280 21
-57.816956 -724.956726 19.291792 21
-49.680908 -727.586792 19.673422 21
-57.777992 -732.370850 20.351114 21
-44.242214 -729.684998 14.261031 21
-44.903522 -729.082153 14.970772 21
-37.672691 -728.394409 7.205829 21
-54.970715 -730.313171 18.939877 21
-56.861004 -722.954102 19.519686 21
-52.310032 -729.028015 21.406229 21
-62.139652 -726.380676 27.673456 21
-52.774799 -728.409363 17.042240 21
-60.803371 -730.850098 20.521851 21
-40.714325 -729.451660 9.997616 21
-62.409363 -729.594421 23.298191 21
-63.882565 -726.906738 31.418945 21
-62.740585 -728.984009 23.241362 21
-49.667274 -728.763855 19.957176 21
-58.804394 -728.633179 25.836218 21
-44.082165 -726.817749 14.751411 21
-37.132961 -728.865723 6.702198 21
-38.459564 -728.540955 4.176388 21
-60.933418 -725.730652 23.697725 21
-38.494099 -730.235718 5.007227 21
-36.453308 -731.610718 -1.982657 21
-45.337048 -731.216919 17.064251 21
-44.217175 -730.525696 16.091898 21
-42.789944 -727.851074 11.248700 21
-52.874485 -728.992432 22.731148 21
-46.760685 -732.132629 17.826345 21
-46.718979 -726.561584 15.066863 21
-60.202560 -724.021423 23.290703 21
-39.670143 -727.600037 7.659011 21
-47.211746 -730.407593 15.048537 21
-53.345161 -728.625793 22.550631 21
-62.231556 -726.180176 28.857744 21
-35.998131 -730.426208 1.236858 21
-62.484600 -729.504761 22.052656 21
-40.174137 -728.134338 6.485318 21
-51.971119 -726.164734 17.463230 21
-44.483700 -726.894104 14.301457 21
-37.323502 -727.950439 4.149701 21
-53.034664 -723.703918 18.320023 21
-60.831543 -725.592651 23.087013 21
-56.358562 -732.971252 21.184137 21
-46.458790 -728.005493 13.553424 21
-63.723495 -727.223145 30.434534 21
-55.704159 -722.496277 19.557432 21
-37.606232 -728.759766 0.947537 21
-51.938339 -732.031860 18.494726 21
-37.200161 -730.922668 5.203244 21
-57.182144 -722.387268 20.167894 21
-39.925072 -727.952026 7.936510 21
-37.454609 -729.238708 6.889826 21
-62.808636 -724.485352 28.785128 21
-57.957108 -727.129883 20.251596 21
-52.809677 -727.072632 22.815111 21
-57.913170 -725.830261 19.686239 21
-54.688419 -724.500610 18.362423 21
-46.638874 -727.685242 15.890297 21
-52.617214 -725.733154 17.733923 21
-43.744167 -727.528198 12.568676 21
-56.244888 -726.638916 19.239986 21
-35.820934 -731.126526 -2.056344 21
-53.184616 -725.365173 17.989210 21
-43.709064 -728.781799 10.435862 21
-48.918186 -727.864563 14.988832 21
-61.833092 -727.028809 27.146832 21
-38.100380 -729.670837 7.514099 21
-39.445339 -730.066345 9.306094 21
-45.479836 -728.333496 12.155718 21
-54.467407 -728.553223 17.970068 21
-51.101177 -731.903809 18.142975 21
-59.869946 -725.201233 20.894503 21
-60.642170 -725.701904 29.207596 21
-54.642883 -728.099304 24.187168 21
-52.933353 -724.275085 18.214607 21
-54.582081 -733.795166 22.163559 21
-43.774849 -727.340881 13.056405 21
-37.899544 -729.358826 2.377995 21
-53.621109 -734.007019 21.977924 21
-55.924152 -728.986938 23.793655 21
-39.026905 -730.125061 5.925191 21
-58.964397 -732.069824 20.420519 21
-49.498249 -728.581726 20.441736 21
-59.761395 -731.912170 21.772242 21
-40.365063 -728.348022 10.063793 21
-35.700352 -728.418823 1.039383 21
-55.164898 -721.556702 19.216812 21
-47.834972 -729.395020 13.671927 21
-42.242390 -731.284729 10.597700 21
-62.895908 -725.900330 23.613964 21
-50.182091 -727.695862 20.958111 21
-46.034641 -726.179260 15.603008 21
-59.169449 -728.966003 25.856462 21
-59.221500 -732.174988 22.229074 21
-37.918396 -728.740112 -1.415646 21
-49.932533 -728.243042 15.461778 21
-43.806293 -727.192627 15.346689 21
-59.852589 -731.784668 23.398563 21
-41.464016 -731.981079 10.991929 21
-55.460072 -726.465759 18.789114 21
-43.859081 -730.107910 15.218113 21
-47.884731 -726.588135 15.613756 21
-38.132324 -728.782654 3.423337 21
-56.995144 -726.015625 19.372639 21
-37.894791 -730.825439 5.872041 21
-52.983116 -721.905518 18.817924 21
-57.865242 -726.315430 19.962830 21
-58.137154 -727.311401 27.774853 21
-38.208698 -729.441406 -1.757354 21
-63.849964 -724.104797 30.631453 21
-37.698467 -729.947510 7.111712 21
-48.249352 -732.588684 18.401081 21
-42.897686 -728.943726 9.580807 21
-38.121670 -729.858643 -1.181626 21
-58.059166 -722.600647 21.331007 21
-53.468880 -726.069885 18.000242 21
-45.235996 -727.904968 12.670558 21
-55.511200 -724.342651 18.540497 21
-37.935200 -727.765930 4.034465 21
-62.539188 -725.863953 27.865370 21
-41.761848 -728.080139 12.414105 21
-61.987160 -725.702942 30.386484 21
-52.927193 -726.265259 17.818457 21
-53.145088 -730.189331 18.218019 21
-49.934860 -727.434082 19.269686 21
-54.257710 -726.804199 23.585789 21
-58.698315 -723.792725 20.501339 21
-46.340828 -725.712463 16.534046 21
-58.624172 -731.926331 19.944437 21
-55.613163 -727.654846 19.242388 21
-51.206852 -728.817078 21.744980 21
-46.698460 -728.295044 17.070417 21
-38.014572 -730.020264 3.558639 21
-37.453484 -728.175354 0.236789 21
-64.796875 -726.714844 31.635353 21
-48.432083 -723.912964 17.431139 21
-48.703823 -726.560730 15.966862 21
-56.521690 -727.595093 19.624496 21
-50.141911 -728.152161 20.343752 21
-46.176460 -732.192871 18.414776 21
-39.123989 -727.796997 8.048294 21
-41.591785 -731.580933 9.446692 21
-57.112545 -732.387329 19.892620 21
-35.616222 -730.802246 -1.451972 21
-60.788227 -724.803955 23.701853 21
-49.246571 -725.459290 16.882227 21
-49.777470 -727.489014 18.835817 21
-40.196838 -728.478149 7.485528 21
-58.225204 -726.682800 27.956623 21
-60.233932 -725.539001 21.697285 21
-45.835239 -727.985107 12.890972 21
-46.327335 -728.175537 16.430305 21
-61.528049 -726.570984 27.243481 21
-35.491146 -729.478271 -0.116601 21
-49.481121 -732.958069 19.175556 21
-57.576775 -732.545654 20.862720 21
-36.716557 -730.622437 3.161218 21
-44.829651 -728.111694 14.719942 21
-57.684368 -723.658630 19.655930 21
-49.073048 -726.231506 16.332291 21
-55.628864 -729.962708 19.400919 21
-53.173828 -722.457153 18.850985 21
-61.752422 -726.932678 29.918552 21
-48.508377 -725.843384 16.565813 21
-46.214111 -725.373474 17.143864 21
-49.327995 -725.880615 16.710260 21
-35.818336 -731.136292 -0.029543 21
-60.557247 -725.168091 22.515484 21
-40.711239 -731.419495 10.264465 21
-52.304771 -722.120667 18.527594 21
-57.413494 -726.530396 19.803150 21
-50.088390 -731.062317 17.139538 21
-48.611511 -727.993042 19.088833 21
-44.852226 -730.915588 15.980414 21
-54.627987 -729.313965 23.270763 21
-48.102005 -732.970398 19.295780 21
-35.469704 -729.114746 -0.526288 21
-35.454613 -730.303284 0.911850 21
-35.758598 -730.471191 0.142791 21
-53.693676 -728.093872 17.830996 21
-53.911053 -724.836853 18.171320 21
-40.190445 -728.892090 9.899319 21
-45.261677 -727.411499 13.287584 21
-52.080452 -729.039124 22.130445 21
-51.195709 -727.605286 19.268471 21
-36.497253 -728.862671 4.871510 21
-38.597420 -728.375183 4.623895 21
-49.546875 -727.670227 17.685184 21
-50.932323 -725.127991 17.550806 21
-47.793545 -723.823669 17.412546 21
-51.772186 -722.440796 18.275837 21
-45.003120 -728.591370 15.271900 21
-58.670345 -733.493408 23.235489 21
-56.745525 -726.705627 19.521776 21
-55.285248 -721.894653 19.495487 21
-51.190090 -727.127197 16.698046 21
-51.058048 -723.273315 18.072416 21
-47.733295 -725.545654 16.616896 21
-35.203697 -728.995544 1.085456 21
-40.134369 -728.070740 7.153575 21
-39.258171 -730.440430 7.834608 21
-37.561813 -729.383179 7.713788 21
-52.417007 -727.059204 17.378996 21
-39.266277 -729.863708 8.940963 21
-42.516888 -729.043030 12.644776 21
-47.136822 -728.928223 13.137926 21
-41.788925 -729.084778 8.508858 21
-37.255604 -727.861267 3.389197 21
-51.364296 -728.591492 16.047012 21
-49.381130 -732.537537 18.436335 21
-38.567684 -728.116089 7.404006 21
-54.037128 -729.778503 18.481567 21
-40.449005 -730.217346 10.302914 21
-43.517792 -727.872620 12.973646 21
-62.239361 -725.109253 29.463228 21
-58.960804 -732.657227 22.667669 21
-44.470833 -727.470032 13.027961 21
-58.167877 -723.544189 19.870863 21
-47.061306 -727.878662 16.906080 21
-41.240864 -731.119263 9.629085 21
-35.597305 -729.197205 0.679270 21
-55.955036 -726.885559 25.867783 21
-54.155201 -723.588379 18.621002 21
-62.198486 -729.995972 21.814962 21
-45.416924 -728.219482 15.532682 21
-41.089111 -730.470215 10.920279 21
-36.035618 -728.535706 4.544694 21
-56.097740 -729.199707 19.121239 21
-50.669357 -732.652893 18.949644 21
-50.802116 -730.397888 17.019728 21
-50.640297 -731.914307 17.965374 21
-45.227833 -730.967712 16.739637 21
-46.920753 -732.332764 18.458103 21
-40.048317 -731.126526 8.529170 21
-58.408337 -726.941101 20.550032 21
-58.227940 -732.093506 19.956059 21
-37.376747 -730.495422 2.068540 21
-50.168800 -728.772705 15.306779 21
-41.702496 -729.192932 11.789619 21
-48.130543 -728.381592 18.469538 21
-38.490551 -730.343079 7.502498 21
-55.997269 -728.248169 25.495300 21
-46.465111 -728.724121 16.806749 21
-48.218395 -729.809753 14.280838 21
-54.634953 -721.702209 19.171177 21
-36.544315 -731.193970 1.197188 21
-54.510971 -729.707336 18.667582 21
-56.635490 -725.447876 18.979122 21
-60.582970 -726.723572 29.551121 21
-60.270763 -725.680847 28.667515 21
-54.891186 -729.559814 23.989943 21
-53.778400 -722.088440 18.991203 21
-45.519642 -726.153625 16.321659 21
-60.476810 -724.564209 24.059252 21
-48.533989 -723.368408 17.446693 21
-37.358414 -730.926453 0.813619 21
-38.034142 -727.813232 5.504786 21
-49.250698 -723.631531 17.631472 21
-59.751568 -724.384644 21.357487 21
-47.377605 -726.049622 15.811707 21
-57.144577 -724.066162 19.140055 21
-48.282719 -724.665100 17.398588 21
-51.726078 -727.533142 19.863121 21
-64.711510 -725.637939 31.158113 21
-36.037704 -728.895081 4.821935 21
-36.324696 -728.013123 2.613981 21
-40.474468 -731.117554 8.687897 21
-56.305035 -728.965088 24.197269 21
-37.673988 -727.971191 3.361139 21
-61.803890 -730.296814 23.716974 21
-37.971771 -730.624878 6.735726 21
-60.416027 -724.381409 23.151764 21
-61.311954 -726.482849 24.132954 21
-36.957100 -730.309082 5.900256 21
-54.043400 -733.607361 21.364014 21
-42.085205 -728.510010 12.126359 21
-55.467262 -727.810059 25.232338 21
-50.522984 -728.906616 20.660364 21
-59.446083 -726.303650 28.810858 21
-42.699402 -729.228455 13.378539 21
-53.494057 -728.100281 23.558405 21
-51.001614 -729.132263 21.007090 21
-36.041801 -729.819519 3.515329 21
-55.665859 -723.578247 18.901270 21
-44.024815 -730.167297 14.793530 21
-37.301544 -728.444031 6.763273 21
-52.577950 -731.921875 18.616228 21
-38.702297 -730.512268 6.075734 21
-49.113846 -729.924072 15.003558 21
-59.734455 -731.874756 20.924019 21
-55.789200 -725.673096 18.751276 21
-54.170097 -729.578247 23.600672 21
-54.273659 -728.261353 23.641539 21
-55.205532 -729.475281 18.906626 21
-58.981682 -726.272522 20.587257 21
-40.095039 -730.588013 9.880818 21
-45.590015 -726.029053 16.729633 21
-37.719154 -730.382996 3.554005 21
-63.336468 -724.157349 29.986904 21
-37.559425 -727.922180 5.756378 21
-54.976383 -729.893188 18.837318 21
-51.988014 -727.788269 19.436327 21
-47.422390 -724.467896 17.425325 21
-57.939518 -732.856689 21.653397 21
-60.028812 -731.718933 21.505484 21
-62.881763 -726.918457 30.196686 21
-59.065258 -728.083862 26.057831 21
-40.727966 -730.582642 10.501157 21
-35.719135 -731.187073 -1.020988 21
-62.076153 -726.361816 29.229237 21
-61.813938 -726.139648 24.731028 21
-47.459923 -725.056152 17.139082 21
-49.902199 -728.636353 20.313452 21
-60.025494 -727.352783 28.104490 21
-43.437271 -729.759216 14.282092 21
-43.296761 -727.924133 13.903939 21
-53.460556 -730.840027 18.473074 21
-55.957348 -727.701965 25.929668 21
-44.172832 -726.944580 15.186075 21
-63.034031 -723.970215 29.469801 21
-36.049953 -730.367493 3.463512 21
-42.837986 -729.520691 9.737207 21
-64.131706 -727.057068 31.076036 21
-46.298962 -732.021545 17.991499 21
-52.511745 -723.546021 18.395222 21
-42.388374 -730.970154 10.895301 21
-45.630993 -727.115051 13.999320 21
-58.526917 -732.262451 20.712137 21
-38.058235 -728.129028 6.924312 21
-56.818108 -727.232971 19.515310 21
-35.667019 -728.727478 0.523825 21
-36.518925 -730.702698 4.532873 21
-37.410809 -730.979370 0.131281 21
-51.613419 -732.842285 19.376696 21
-36.093822 -730.906006 -0.841310 21
-37.879585 -730.710144 5.241961 21
-55.309563 -731.681702 18.941532 21
-37.568447 -730.761719 2.506262 21
-46.518440 -725.031982 17.080351 21
-61.697517 -730.418213 22.326149 21
-41.566071 -731.251770 10.931354 21
-55.241394 -729.364136 23.823854 21
-47.021027 -728.496643 17.447853 21
-57.810333 -733.412231 22.989115 21
-46.102695 -731.724426 17.193579 21
-45.929893 -727.969421 15.744264 21
-62.498379 -729.421204 22.455482 21
-46.365772 -728.496582 12.914235 21
-57.248447 -732.766663 21.304447 21
-54.649467 -728.320129 23.390636 21
-40.420265 -728.158081 6.824828 21
-46.664146 -728.886963 12.809081 21
-38.049675 -729.103516 0.033290 21
-36.219906 -728.825989 4.279138 21
-52.333069 -725.017029 17.883745 21
-61.072926 -730.673035 24.037689 21
-50.713036 -728.298035 20.853598 21
-50.959068 -727.826172 16.305605 21
-56.321583 -727.292542 26.335846 21
-47.768139 -729.084167 17.607859 21
-59.075935 -733.364624 23.263700 21
-57.302395 -727.933472 26.763981 21
-38.727497 -728.916809 8.799120 21
-55.404823 -733.238586 21.274197 21
-37.738888 -730.914124 3.717319 21
-42.118195 -729.818176 12.062540 21
-48.078339 -729.188721 17.890190 21
-44.421722 -729.278564 14.247014 21
-56.159275 -729.538025 24.691944 21
-41.898663 -730.985657 11.008889 21
-57.104561 -733.270325 22.048143 21
-54.217247 -728.763428 23.181187 21
-40.502964 -730.990295 9.889713 21
-55.287388 -725.563965 18.524933 21
-41.101368 -728.267456 8.888322 21
-58.627102 -726.728638 28.213463 21
-41.280853 -728.557983 11.308095 21
-55.030579 -727.245300 18.602993 21
-41.638145 -728.021667 11.512229 21
-62.497974 -728.963257 24.026112 21
-37.016876 -728.099304 -0.373589 21
-47.933605 -730.486328 15.536517 21
-40.963974 -728.513489 7.828832 21
-59.244896 -732.234741 23.689058 21
-49.126202 -728.658203 19.532551 21
-35.349697 -729.098633 2.176364 21
-52.634491 -733.091370 20.009542 21
-53.816624 -727.731018 23.932619 21
-63.513992 -726.956848 31.232307 21
-49.365990 -728.514038 14.954153 21
-62.577908 -726.401001 23.403440 21
-41.480053 -730.896973 10.478744 21
-45.824417 -726.830322 14.467975 21
-57.908039 -722.743103 20.601311 21
-49.986515 -727.621216 18.102705 21
-37.061310 -731.339844 -1.129967 21
-52.744598 -727.203369 22.430880 21
-62.417137 -728.862549 21.305077 21
-57.218857 -727.353027 27.079161 21
-57.768974 -724.117004 19.438604 21
-36.912827 -729.862366 6.191193 21
-60.724365 -731.282349 22.509693 21
-58.833553 -725.842957 27.416428 21
-59.499016 -725.530884 20.522577 21
-52.091705 -727.693726 17.024557 21
-47.776268 -728.615356 13.807366 21
-51.166576 -728.843018 15.786930 21
-45.193958 -728.470276 11.761818 21
-54.726440 -733.032715 20.637863 21
-39.624763 -728.768799 5.308542 21
-50.637028 -727.413635 19.288570 21
-51.690674 -723.379822 18.297230 21
-47.195194 -727.644348 14.144856 21
-57.909454 -727.211121 25.444523 21
-61.034996 -727.181458 29.330545 21
-53.594200 -729.095947 22.417570 21
-51.006180 -725.966064 17.221090 21
-39.926331 -727.580872 7.215660 21
-49.906216 -723.801575 17.714607 21
-60.134415 -731.163635 20.132891 21
-50.186375 -733.868347 20.583513 21
-51.938438 -727.311035 20.608597 21
-58.052383 -722.825012 20.982058 21
-53.477654 -726.905151 22.733702 21
-55.184563 -727.089783 25.320246 21
-48.736675 -730.669861 16.087456 21
-50.449799 -726.378235 16.765745 21
-55.529762 -727.056152 18.903032 21
-59.692177 -726.030334 21.061863 21
-44.402046 -727.711487 12.355484 21
-53.722855 -724.193420 18.357353 21
-36.221169 -731.447327 -1.073562 21
-38.852657 -728.583313 4.906846 21
-55.465984 -723.142090 19.133547 21
-61.406998 -726.405701 28.504627 21
-58.313244 -732.867737 22.274366 21
-35.618008 -729.372925 2.026789 21
-42.425266 -731.602844 10.810476 21
-36.486923 -730.048950 4.326469 21
-59.658310 -732.214539 22.773350 21
-63.124779 -723.847595 30.271627 21
-55.992657 -724.177795 18.683216 21
-42.201038 -732.546875 10.611280 21
-57.481041 -722.341064 20.937262 21
-45.475163 -731.191895 16.295603 21
-40.236755 -728.964966 6.763429 21
-50.846569 -733.110474 19.657280 21
-49.384998 -726.919495 15.929893 21
-36.557896 -730.466614 5.001652 21
-57.408123 -723.152893 19.992609 21
-35.316143 -728.928467 2.922508 21
-38.694145 -727.843994 5.831064 21
-50.644455 -723.978577 17.942148 21
-54.563595 -732.632568 19.763750 21
-50.891052 -724.481445 17.728130 21
-42.397568 -732.761169 10.955812 21
-54.563190 -726.939697 24.216370 21
-49.664036 -730.199463 16.197474 21
-39.718025 -729.666992 6.256537 21
-46.677307 -727.846619 16.259619 21
-62.961861 -725.888611 30.958405 21
-49.731052 -731.255493 17.071344 21
-60.489986 -724.793030 22.325640 21
-35.518757 -730.720764 -0.544622 21
-44.617832 -730.789246 16.298935 21
-46.927227 -725.079834 17.563318 21
-62.443279 -725.240540 30.088261 21
-44.181656 -728.334656 11.023874 21
-54.587811 -733.268494 20.925741 21
-58.433090 -727.830811 25.786493 21
-57.174091 -727.405273 19.943756 21
-51.313736 -727.308838 20.772272 21
-59.190773 -723.309265 21.903959 21
-61.718071 -730.575928 21.920958 21
-44.705116 -727.605042 13.895876 21
-51.427002 -731.336731 17.924376 21
-59.484196 -726.913818 28.820688 21
-52.308441 -730.067078 17.822302 21
-56.319969 -733.454712 21.897320 21
-54.840233 -723.583923 18.709929 21
-58.864914 -726.128601 28.158247 21
-36.680210 -731.479431 -1.578587 21
-62.034981 -729.991516 22.599909 21
-35.600010 -729.676758 -1.608007 21
-42.011021 -731.898621 10.144701 21
-58.975433 -732.137878 21.088257 21
-51.627708 -727.850891 19.093433 21
-45.776394 -728.940186 12.070585 21
-37.514828 -727.544189 4.953603 21
-61.149971 -730.856628 20.926495 21
-39.547916 -730.577942 9.061148 21
-53.214935 -727.510254 23.417925 21
-40.954544 -730.864136 10.322990 21
-49.560978 -729.058838 19.665680 21
-41.976131 -729.929199 11.644457 21
-48.736679 -732.987488 18.832888 21
-55.642578 -722.072815 19.653757 21
-49.315323 -727.489136 18.373938 21
-43.809353 -727.911377 13.886123 21
-41.438953 -729.776306 8.575583 21
-47.513863 -728.533081 17.934490 21
-51.542694 -729.049438 21.545483 21
-54.993763 -733.712891 22.177847 21
-35.812500 -729.213867 3.014997 21
-49.910656 -725.425659 17.209303 21
-52.451069 -729.022705 16.550900 21
-37.161095 -731.193115 -0.169409 21
-53.776955 -723.660645 18.522921 21
-46.203781 -725.248047 16.772509 21
-42.786705 -732.048523 10.464888 21
-37.961025 -728.992310 7.897232 21
-56.775841 -722.556763 20.091022 21
-54.349304 -725.677307 18.263990 21
-47.725262 -727.524414 17.041090 21
-63.990520 -727.398499 30.829542 21
-57.343685 -725.367004 19.195372 21
-52.716328 -729.082092 22.255022 21
-39.142307 -730.234436 8.466761 21
-58.180779 -726.165649 27.246443 21
-56.268806 -727.406860 19.263439 21
-41.069614 -728.018799 10.165960 21
-38.841480 -730.447021 5.649661 21
-58.892719 -725.274719 20.093946 21
-58.703083 -723.224976 21.246801 21
-63.410622 -726.589966 23.536167 21
-53.088718 -729.237732 17.142706 21
-58.715420 -727.262024 27.848076 21
-47.639542 -729.814087 14.796429 21
-51.944923 -728.118591 16.655569 21
-60.045399 -731.747009 22.310297 21
-53.715775 -722.942993 18.865030 21
-60.610703 -731.162170 23.833414 21
-47.055225 -727.757996 16.509258 21
-49.211281 -727.720398 19.438257 21
-41.540668 -732.111816 10.579007 21
-45.105423 -726.812256 15.787197 21
-53.305660 -724.853333 18.104370 21
-40.505749 -728.446960 6.535460 21
-53.654037 -727.300293 23.844770 21
-36.069794 -729.358337 4.187964 21
-39.759140 -728.529541 9.030386 21
-35.772163 -729.827026 -2.563238 21
-42.029060 -732.294434 10.874627 21
-52.356918 -733.756775 21.173658 21
-37.726063 -728.735352 1.336974 21
-41.472248 -727.953247 10.214986 21
-37.460125 -728.005859 2.264452 21
-37.365055 -730.033997 6.563187 21
-44.568638 -726.824829 15.421591 21
-40.396622 -727.999939 9.720095 21
-48.789047 -733.354370 19.821327 21
-60.090290 -727.418884 26.482883 21
-46.918854 -725.359070 16.960493 21
-55.714233 -728.681641 23.637894 21
-63.502350 -724.326904 31.038204 21
-48.847443 -727.441711 18.298912 21
-53.219402 -733.676941 21.416071 21
-36.207504 -730.280579 4.144183 21
-41.266644 -730.958313 11.561142 21
-41.529537 -727.985291 10.828330 21
-52.358936 -732.598328 19.219124 21
-62.940144 -727.201111 22.112768 21
-54.347656 -732.899109 20.265253 21
-36.594601 -729.931458 4.711515 21
-61.094219 -726.429077 29.833519 21
-61.136951 -725.249268 24.476297 21
-61.850979 -725.396973 30.126194 21
-38.711842 -727.583679 6.813949 21
-63.112820 -727.100403 29.940708 21
-46.909195 -728.487427 13.287126 21
-57.895340 -732.506409 21.084003 21
-42.766327 -730.059692 12.680008 21
-52.913891 -729.373352 22.828438 21
-36.820232 -731.204468 1.967242 21
-41.094677 -731.114868 9.269413 21
-60.163074 -726.755066 29.321726 21
-62.751110 -728.917358 22.529345 21
-40.388309 -729.382141 6.936167 21
-35.761482 -731.062622 -2.916726 21
-50.484982 -728.708862 21.372419 21
-45.914661 -728.725647 16.264231 21
-43.986706 -727.177612 13.930677 21
-50.250038 -723.226868 17.875763 21
-37.393215 -730.758179 3.675477 21
-57.084042 -723.519470 19.412939 21
-44.424335 -728.552917 14.681127 21
-64.275925 -726.982788 31.682100 21
-37.490856 -730.290649 1.305953 21
-42.707375 -732.478149 10.109977 21
-40.009586 -730.094116 6.969048 21
-40.945641 -728.054810 10.903165 21
-56.746731 -732.687805 20.647142 21
-49.678471 -727.901123 19.943415 21
-58.395996 -733.269409 23.421772 21
-53.976158 -729.000549 22.223949 21
-50.773438 -733.506714 20.258989 21
-60.536831 -731.413269 21.966784 21
-35.559414 -729.202454 1.155772 21
-40.944271 -729.599854 10.275869 21
-63.831989 -725.390564 30.756155 21
-53.536533 -726.854187 17.984892 21
-40.770424 -729.545105 7.602495 21
-52.828201 -727.168579 17.599451 21
-46.691853 -727.525269 13.975775 21
-64.581963 -725.356018 31.401918 21
-55.362476 -728.136169 24.579323 21
-43.700462 -727.349060 14.503427 21
-50.247986 -726.901489 16.373436 21
-59.762253 -723.619507 22.203823 21
-41.892464 -728.761108 8.283110 21
-36.884293 -730.040710 5.201622 21
-47.315479 -732.495789 18.765436 21
-48.059883 -725.277771 16.919241 21
-60.240673 -728.257263 26.502953 21
-43.934021 -728.614807 14.149029 21
-51.537655 -727.578613 22.146984 21
-43.162075 -727.741028 12.067297 21
-63.214008 -727.670410 23.636671 21
-36.319832 -728.799438 5.272466 21
-63.309811 -726.395386 23.184780 21
-52.314934 -729.361267 22.102564 21
-44.490257 -726.795166 14.750076 21
-40.807491 -730.380249 10.193598 21
-54.167011 -722.309021 19.149244 21
-52.378193 -724.208740 18.155781 21
-61.506664 -730.512268 23.054316 21
-42.461685 -729.249817 13.040088 21
-46.074741 -729.848145 12.867894 21
-36.849083 -728.922363 6.408497 21
-58.017307 -723.354980 20.340630 21
-42.036579 -727.938110 11.620820 21
-42.731876 -729.651062 13.367582 21
-37.797588 -729.771362 2.245910 21
-37.255054 -727.814392 4.949677 21
-51.574863 -727.331177 21.388451 21
-36.663437 -730.399292 3.989375 21
-45.899807 -726.235535 16.306898 21
-59.998386 -726.169312 21.598957 21
-49.772434 -732.121948 17.911800 21
-47.173271 -727.741211 17.248592 21
-38.968548 -728.422302 8.030251 21
-61.572746 -726.578430 27.638359 21
-49.421997 -730.884644 16.615444 21
-61.832401 -725.319275 29.481699 21
-55.249027 -732.550110 19.725349 21
-42.817673 -729.784302 12.323311 21
-35.839985 -728.561096 4.078866 21
-51.864979 -733.866577 21.236481 21
-53.196747 -733.403625 20.675282 21
-51.543484 -725.007935 17.747959 21
-53.083641 -727.083740 21.963058 21
-51.018349 -727.332275 20.107231 21
-61.467518 -726.019958 28.817457 21
-52.092461 -730.906372 17.999706 21
-43.029354 -728.096497 13.595539 21
-59.942886 -723.873962 22.584797 21
-44.020996 -728.017944 11.643891 21
-58.430687 -722.583618 21.228039 21
-51.451176 -727.427734 16.777838 21
-54.766811 -732.251770 19.258064 21
-52.547455 -731.483765 18.417383 21
-57.943798 -728.089172 25.372604 21
-35.502998 -728.600586 0.193425 21
-60.049603 -724.231628 21.904428 21
-50.619503 -725.781006 17.140455 21
-62.632977 -728.804321 23.683735 21
-63.135838 -726.875732 30.616520 21
-61.830265 -726.579102 30.076925 21
-57.241016 -724.542114 19.025652 21
-36.818092 -728.543945 5.245095 21
-51.712990 -728.303894 16.402174 21
-51.891701 -727.316284 22.061939 21
-53.976242 -731.394470 18.711864 21
-49.048180 -727.588684 17.485292 21
-36.369915 -728.154297 3.442645 21
-36.550533 -729.133179 5.133044 21
-55.451881 -728.734070 23.292717 21
-50.795395 -728.063538 16.013994 21
-58.993755 -723.041931 21.622877 21
-62.809235 -728.097168 24.074184 21
-35.656063 -728.967468 1.968247 21
-43.347725 -729.774475 13.843076 21
-48.691349 -727.214783 15.414504 21
-49.064335 -729.212708 14.427058 21
-47.930077 -727.618347 17.373674 21
-59.849327 -728.106384 26.503386 21
-46.421707 -727.019287 14.632286 21
-47.736012 -732.659058 18.388639 21
-59.217583 -725.947021 28.153482 21
-51.906071 -731.634216 18.234177 21
-51.210342 -728.394592 21.339970 21
-43.999882 -727.700012 12.290577 21
-42.072857 -729.809509 9.555531 21
-63.033863 -726.537964 22.489649 21
-37.124737 -727.609558 4.083528 21
-58.136497 -727.780212 27.419338 21
-42.521614 -729.597168 12.530381 21
-39.949539 -729.602112 9.759442 21
-56.371780 -733.633728 22.235268 21
-46.598930 -728.050903 17.418715 21
-53.879112 -733.225952 20.666296 21
-43.349586 -728.446533 13.448360 21
-52.272953 -723.835876 18.266150 21
-63.325836 -725.758118 30.953043 21
-54.908802 -729.169373 18.385462 21
-53.573971 -733.646362 21.248056 21
-48.687351 -724.951965 17.203102 21
-54.144024 -726.260559 18.265245 21
-55.838905 -726.044434 18.863400 21
-42.161423 -728.305176 12.992294 21
-65.503937 -726.299255 31.620333 21
-52.979233 -722.904053 18.606682 21
-39.122997 -727.568176 7.216381 21
-39.486225 -729.070068 8.861991 21
-35.403694 -729.849609 -0.408771 21
-38.769695 -727.828125 6.429847 21
-53.023293 -728.966125 16.871586 21
-48.459827 -728.872437 14.105988 21
-39.868526 -727.630920 6.780041 21
-36.772285 -727.717468 3.200056 21
-53.583832 -728.438599 22.789995 21
-45.214886 -728.087158 12.268844 21
-37.723564 -729.289856 0.661390 21
-35.830513 -731.020386 0.875331 21
-53.018753 -726.775024 17.738144 21
-59.968174 -726.631714 26.741938 21
-54.172779 -733.365662 20.901152 21
-40.668064 -728.621033 7.267762 21
-35.985443 -730.461792 1.976798 21
-44.375931 -728.036255 14.110720 21
-37.772896 -730.082764 2.770878 21
-61.374237 -727.290344 22.074362 21
-39.627506 -730.323975 8.490268 21
-54.618496 -728.065369 24.566002 21
-38.046978 -728.894958 3.062097 21
-54.678341 -727.267822 24.853878 21
-41.151318 -731.341248 8.893126 21
-36.865578 -728.449158 6.032142 21
-60.985004 -730.823181 22.166700 21
-57.071144 -728.848206 24.826887 21
-43.771187 -729.261108 13.744537 21
-60.486771 -727.886169 26.893936 21
-37.353542 -728.282104 -0.774656 21
-56.037575 -726.948425 19.183628 21
-48.557980 -728.467712 18.955524 21
-49.208920 -722.998108 17.418255 21
-53.362148 -733.058960 20.172825 21
-36.024021 -730.884216 2.184186 21
-41.273853 -730.214966 10.626092 21
-49.908363 -731.693970 17.498888 21
-39.211655 -729.711548 9.299525 21
-64.058746 -727.296448 31.763327 21
-44.571342 -727.968262 12.129427 21
-61.220600 -725.252197 28.960560 21
-50.355038 -732.130310 18.114063 21
-43.096050 -729.224487 13.800128 21
-39.539246 -727.777954 8.038189 21
-49.957916 -727.851379 20.232201 21
-39.313557 -728.376099 5.068170 21
-52.037918 -728.049500 22.182850 21
-42.623222 -732.812256 10.566566 21
-41.122982 -731.342224 10.099360 21
-41.941448 -728.309814 11.838986 21
-60.734470 -727.379333 28.775419 21
-51.870609 -730.405090 17.620214 21
-39.199848 -729.442322 8.289216 21
-42.768326 -727.565369 12.694022 21
-53.542889 -722.464661 18.824705 21
-54.045368 -728.896484 17.618282 21
-53.198872 -727.143372 22.771278 21
-37.083794 -728.212341 6.529864 21
-45.089382 -728.807983 11.578433 21
-36.579288 -728.058899 1.180244 21
-37.941700 -728.739746 -0.039965 21
-53.818375 -731.637512 18.953856 21
-47.987019 -728.771667 18.277842 21
-51.083992 -731.259521 17.711073 21
-58.696232 -724.423218 19.936611 21
-56.854626 -729.542542 25.053482 21
-41.473080 -729.780762 11.216965 21
-58.400082 -723.360168 20.657545 21
-37.987785 -728.463379 2.102366 21
-55.955433 -733.241394 21.449989 21
-45.424450 -727.976868 15.197346 21
-50.787525 -727.456604 16.309666 21
-45.593601 -729.657593 12.276915 21
-36.311497 -731.214294 -1.395812 21
-50.699108 -733.960754 20.757954 21
-50.219204 -727.848328 15.752191 21
-50.570938 -727.357300 19.841795 21
-38.624920 -729.128723 4.394389 21
-38.083832 -728.428467 3.637573 21
-46.754436 -725.753662 16.708536 21
-49.105282 -732.255798 17.850210 21
-60.106392 -724.266174 22.355200 21
-40.993057 -727.920715 7.122377 21
-61.207169 -725.680542 29.980711 21
-62.978771 -727.812012 22.303699 21
-41.982155 -729.514709 12.227769 21
-63.036575 -727.955566 22.711725 21
-46.649914 -725.444885 17.217884 21
-56.857815 -733.588318 22.880428 21
-58.152184 -732.302917 20.398876 21
-58.505852 -723.709167 19.986542 21
-60.912460 -727.487427 27.324976 21
-41.922718 -728.395386 8.926396 21
-37.344681 -730.671875 0.345281 21
-37.086777 -730.608093 3.893008 21
-57.481197 -731.892212 19.529034 21
-37.742798 -728.766113 7.525143 21
-61.402351 -726.885620 29.822966 21
-58.513424 -726.183411 20.205395 21
-59.295506 -732.302795 21.022902 21
-36.177299 -730.619507 3.691493 21
-41.421204 -731.544434 10.250941 21
-48.335644 -727.624329 17.358112 21
-49.253147 -727.499329 18.958740 21
-35.900623 -729.225098 4.571251 21
-50.622883 -727.633301 18.667950 21
-62.313457 -729.221619 21.378674 21
-62.320847 -724.939270 28.767883 21
-64.252853 -725.007324 30.945707 21
-39.400421 -729.499695 5.601538 21
-37.682041 -729.537537 7.137593 21
-41.693783 -731.726074 10.820355 21
-54.127651 -728.598694 23.556618 21
-52.848995 -728.285461 22.533085 21
-58.904789 -723.590881 21.147589 21
-36.450275 -730.467957 2.806766 21
-63.084698 -726.802734 22.738287 21
-51.689156 -731.080627 17.913082 21
-56.019321 -732.881470 20.801430 21
-50.838028 -727.090881 16.597712 21