-51.590126 -727.295227 20.349993 21
-36.014290 -731.014343 -3.216471 21
-66.092621 -726.141724 31.417330 21
-41.190323 -732.221863 10.739590 21
-62.333664 -729.590515 21.600931 21
-37.221176 -727.647339 4.541109 21
-44.657928 -726.454468 15.708375 21
-58.511471 -726.338806 28.147667 21
-58.122173 -722.373596 20.953669 21
-55.564072 -734.061707 22.388958 21
-46.938755 -732.664795 18.885548 21
-49.866520 -729.184875 14.977943 21
-52.682812 -721.908630 18.434597 21
-57.024902 -729.431274 19.579927 21
-54.934189 -728.277466 24.535316 21
-61.651878 -724.999084 24.083387 21
-52.251156 -732.254333 18.720594 21
-44.780415 -728.614990 11.080298 21
-48.150486 -723.525940 17.574894 21
-41.088802 -728.631714 7.329714 21
-36.753181 -731.278320 1.571655 21
-62.838303 -724.870483 28.524048 21
-55.616562 -725.296082 18.576447 21
-59.792858 -732.791931 23.363590 21
-44.866909 -730.815552 15.534272 21
-47.738495 -728.439087 18.664469 21
-59.388718 -726.287415 20.921207 21
-53.301468 -728.772095 17.076622 21
-36.878323 -728.159058 -0.760520 21
-40.935398 -728.404175 11.468335 21
-38.007164 -730.868286 6.360562 21
-50.687592 -726.112915 16.979393 21
-58.293793 -728.946045 25.685295 21
-46.972942 -728.099548 13.623113 21
-59.687023 -731.431274 20.048584 21
-55.560772 -732.388611 19.506666 21
-49.837891 -733.710632 20.391060 21
-49.470745 -731.545105 17.221134 21
-63.098156 -727.895203 24.229109 21
-39.029427 -729.999878 9.480130 21
-52.612766 -729.334045 22.560938 21
-63.258698 -727.236694 30.670725 21
-47.785740 -726.096130 15.882895 21
-42.748638 -729.431396 13.746501 21
-55.577805 -721.594666 19.382582 21
-52.704544 -733.798401 21.406208 21
-61.127590 -727.293152 27.047348 21
-35.342628 -728.813782 2.481149 21
-38.055069 -728.020386 7.377816 21
-38.193172 -728.678955 1.791790 21
-56.656292 -726.328186 25.794546 21
-37.952141 -731.100830 -1.107937 21
-61.265591 -730.301392 24.154716 21
-64.032753 -724.300781 30.991924 21
-52.825832 -724.690979 18.076502 21
-54.566460 -727.477966 21.893206 21
-60.719048 -726.446472 29.885809 21
-59.961281 -723.965637 22.187534 21
-57.647232 -732.679504 21.346199 21
-38.017376 -729.136230 -2.995857 21
-42.429600 -729.711975 9.645777 21
-47.559032 -730.511108 15.328863 21
-36.343811 -730.657532 4.149483 21
-58.032925 -724.559937 19.414196 21
-39.855335 -728.936218 4.987713 21
-46.141502 -728.595581 16.545799 21
-61.669617 -727.077515 22.013594 21
-35.449982 -730.313354 -0.478447 21
-44.204163 -727.266235 13.294869 21
-54.572971 -730.112610 18.808197 21
-49.927143 -729.126465 19.848677 21
-50.639374 -723.308960 17.956533 21
-57.043945 -726.971924 19.739580 21
-51.516827 -730.326721 17.386452 21
-54.723358 -727.453064 18.422676 21
-46.497211 -725.140198 17.491465 21
-40.466957 -726.455078 7.341830 21
-60.823074 -731.196472 22.099951 21
-40.273830 -728.053650 9.337414 21
-46.478550 -731.719788 16.916035 21
-45.797531 -729.887146 12.600300 21
-63.551285 -726.087463 23.040344 21
-44.662952 -728.705261 14.949265 21
-49.735989 -727.494446 18.396610 21
-52.324696 -727.172546 22.424564 21
-57.572308 -731.557373 19.413269 21
-54.499077 -723.374939 18.785164 21
-38.258316 -729.689941 3.733636 21
-40.810535 -731.071655 8.960174 21
-52.669285 -726.758423 17.599182 21
-51.241264 -728.190552 16.201765 21
-42.936890 -727.818298 11.747256 21
-36.972450 -729.154175 5.963984 21
-57.437187 -733.539185 23.193190 21
-49.475128 -727.289001 15.768558 21
-56.509598 -729.545959 24.899715 21
-62.386158 -725.431152 30.481388 21
-50.272095 -732.592529 18.754889 21
-42.455917 -729.760986 11.667700 21
-57.477055 -727.683777 27.041956 21
-43.023117 -733.010376 10.546293 21
-50.800571 -728.798523 21.595970 21
-35.189140 -728.568420 0.427287 21
-40.762894 -730.231995 10.739894 21
-56.564152 -723.279358 19.347549 21
-53.748924 -726.898010 23.714779 21
-39.833027 -729.972351 6.637070 21
-53.626923 -732.895020 19.948660 21
-48.963676 -725.249878 17.198317 21
-37.727024 -729.720764 0.237621 21
-35.680813 -729.358154 -2.107858 21
-48.128143 -727.526917 17.059036 21
-46.219013 -726.680969 14.676465 21
-60.199512 -725.494141 28.289429 21
-62.359211 -726.606628 29.017879 21
-54.661358 -729.102356 22.884663 21
-48.292587 -729.397095 14.027174 21
-35.838989 -728.884155 4.398025 21
-60.705395 -725.637878 22.561844 21
-51.594593 -733.281799 20.063440 21
-60.063042 -728.504517 26.245813 21
-36.777805 -727.726379 2.639477 21
-36.318512 -731.798584 -1.269669 21
-42.005768 -728.004211 10.018037 21
-39.644337 -727.836914 6.537838 21
-59.405159 -724.532715 20.577969 21
-61.112362 -730.462830 20.518915 21
-59.720112 -727.641602 28.082777 21
-59.268063 -732.005127 21.813616 21
-64.394852 -726.547058 31.829695 21
-52.999138 -730.703552 18.287565 21
-35.490715 -730.104492 1.285469 21
-42.685993 -731.220276 10.725065 21
-62.890034 -729.666443 24.052109 21
-62.065994 -726.581909 24.775492 21
-56.241760 -728.013367 25.783758 21
-62.968147 -728.178101 22.390951 21
-55.416939 -726.576660 24.615025 21
-45.602432 -728.121277 12.536603 21
-48.575157 -733.071899 19.404463 21
-38.894188 -730.738831 7.858263 21
-55.023903 -733.187195 21.022532 21
-36.847313 -727.909729 0.944114 21
-50.053116 -730.155579 16.369226 21
-62.512650 -726.124939 27.377724 21
-37.270149 -729.671875 7.566697 21
-47.923275 -727.475769 14.873441 21
-58.368591 -726.723511 26.005465 21
-44.904064 -731.241577 17.192116 21
-47.564770 -729.187927 17.202950 21
-53.980278 -725.913147 18.162668 21
-43.420422 -727.531616 14.709007 21
-51.338036 -727.811035 18.810373 21
-54.185921 -731.689941 18.865158 21
-39.033192 -728.723877 8.461737 21
-38.177372 -729.421875 -1.286564 21
-43.513119 -728.591309 10.081052 21
-43.528252 -729.828369 15.110162 21
-49.956825 -727.526794 20.040030 21
-37.628971 -730.109497 2.248935 21
-46.184635 -725.920593 16.114105 21
-41.815525 -728.301208 12.798779 21
-48.031765 -731.509827 16.476059 21
-63.011425 -723.847351 29.882147 21
-51.212757 -724.788330 17.668339 21
-38.505630 -727.859070 5.431540 21
-53.117542 -727.641907 20.517628 21
-48.407959 -732.431458 17.992725 21
-38.103344 -728.203552 3.305631 21
-38.845337 -730.123169 5.277173 21
-52.535587 -729.190857 21.012796 21
-46.737835 -729.819397 14.231614 21
-54.069092 -721.835510 19.230383 21
-55.913994 -730.979309 19.057096 21
-36.145889 -730.308472 2.662980 21
-60.370735 -724.247070 23.746008 21
-52.140114 -723.339966 18.391237 21
-54.058582 -734.022461 22.113962 21
-58.258911 -725.995667 19.933916 21
-56.799252 -722.067444 20.264540 21
-60.370499 -731.413391 23.642876 21
-36.856121 -731.086487 0.074693 21
-42.045589 -728.612671 8.641215 21
-59.747536 -726.886902 26.603128 21
-55.727657 -729.037292 18.932236 21
-61.517914 -725.354980 29.248951 21
-53.466068 -728.227295 23.087006 21
-50.933605 -731.595703 17.856262 21
-57.005901 -725.577271 19.156258 21
-58.166862 -727.295532 20.639887 21
-41.106644 -729.811096 8.189764 21
-43.839622 -729.925720 11.237164 21
-37.581825 -730.818054 4.961746 21
-60.978405 -727.093323 28.539976 21
-61.730518 -730.262451 22.718801 21
-55.807732 -726.699707 18.988064 21
-56.816162 -732.530701 20.187912 21
-55.269539 -729.612610 24.177223 21
-58.494591 -732.193237 20.296572 21
-58.887634 -722.975342 21.978621 21
-56.333588 -733.184509 21.579584 21
-62.282280 -726.699646 23.327000 21
-45.855984 -732.039124 18.137434 21
-45.736774 -727.902161 15.386846 21
-48.854080 -730.025635 15.620322 21
-39.298347 -727.416443 7.840689 21
-63.705738 -725.700623 30.935606 21
-60.992275 -726.261963 23.935286 21
-52.132030 -729.240601 16.471325 21
-58.564217 -732.901489 22.616152 21
-49.449596 -724.001160 17.623177 21
-48.986710 -728.277161 19.279461 21
-57.773453 -723.355408 20.038206 21
-43.152111 -728.216431 13.120338 21
-35.649265 -730.711182 -1.870381 21
-40.345016 -729.414734 9.709049 21
-44.099331 -729.413757 13.919248 21
-45.537750 -727.284851 13.611993 21
-65.006287 -725.341248 31.250345 21
-47.015167 -727.631653 16.141085 21
-54.256027 -724.599609 18.281223 21
-59.692833 -726.643433 29.027475 21
-45.826225 -729.313904 15.467800 21
-60.185791 -725.304016 21.328497 21
-35.662945 -728.826965 -0.803823 21
-51.573662 -727.112000 16.944092 21
-59.934811 -726.868835 21.974039 21
-56.118908 -728.633667 23.997711 21
-37.363350 -728.541870 -2.005736 21
-51.351368 -727.577942 21.609245 21
-47.738083 -724.748230 17.269102 21
-57.716961 -726.319275 27.104193 21
-62.109833 -726.719666 30.309349 21
-51.464752 -722.236389 18.055223 21
-54.701218 -728.903992 18.153076 21
-44.209877 -727.874634 12.023974 21
-47.007946 -729.329590 13.058401 21
-49.496128 -726.220093 16.485600 21
-55.656796 -723.956421 18.691519 21
-48.832008 -728.414612 14.666435 21
-41.673698 -731.346802 9.866030 21
-41.616905 -730.984192 11.385310 21
-50.975487 -729.348328 15.753750 21
-51.039787 -733.985535 20.941408 21
-37.065479 -731.022217 3.139304 21
-46.967751 -728.078247 17.357101 21
-38.679291 -728.802368 4.613186 21
-53.371529 -727.156677 21.698309 21
-62.522053 -729.297852 22.915972 21
-58.648350 -723.534241 20.896961 21
-40.323673 -731.318787 10.065708 21
-36.489159 -730.049683 5.240027 21
-52.133575 -725.631836 17.632118 21
-44.853458 -726.755371 14.515526 21
-49.620567 -722.719116 17.589252 21
-37.768620 -728.488464 0.223774 21
-53.329445 -722.900330 18.776209 21
-40.173531 -728.336121 8.097861 21
-47.211002 -732.225830 17.766003 21
-53.824932 -733.476135 21.015554 21
-57.089428 -728.470215 24.762903 21
-60.200726 -731.588684 21.129250 21
-56.903854 -724.367065 18.921375 21
-38.566360 -729.413940 7.571074 21
-53.355186 -727.766846 17.771343 21
-39.612179 -730.908997 8.830187 21
-53.635342 -728.942444 22.035717 21
-49.352482 -727.632080 17.266830 21
-55.434364 -722.795532 19.351345 21
-37.593849 -728.111877 6.169168 21
-35.721062 -728.201355 1.442340 21
-52.215633 -728.342041 22.015848 21
-48.508369 -727.614380 18.203457 21
-35.731354 -731.010498 0.491224 21
-52.666702 -729.783875 17.600962 21
-58.487427 -727.580872 27.663967 21
-36.051819 -728.361084 3.357158 21
-44.033066 -728.236877 13.968663 21
-58.044739 -727.747375 25.504616 21
-55.203438 -727.483643 25.357988 21
-50.544636 -727.148987 16.349382 21
-48.594170 -729.035217 17.742382 21
-62.975639 -726.952637 22.415020 21
-50.124126 -725.151245 17.423775 21
-43.076832 -729.820068 12.704881 21
-45.808495 -731.297668 16.069897 21
-40.340332 -728.525940 10.488695 21
-35.779282 -729.478638 3.386256 21
-49.037975 -730.828247 16.421869 21
-51.999844 -731.265808 18.116404 21
-61.697090 -730.538208 21.514406 21
-44.805969 -729.765503 11.822490 21
-41.342281 -729.447327 11.335593 21
-39.766144 -728.914124 6.137671 21
-57.182350 -729.352112 25.790329 21
-47.176975 -725.530029 16.659290 21
-42.607510 -732.120911 9.969358 21
-36.603016 -728.238403 5.386889 21
-41.935032 -727.926880 11.219823 21
-58.936886 -727.670715 26.188213 21
-61.238682 -726.213013 27.370596 21
-60.024361 -731.896057 22.681643 21
-45.238411 -726.259949 16.674438 21
-50.470642 -730.845093 17.155710 21
-54.451756 -727.226685 24.563057 21
-53.599087 -729.767395 18.272802 21
-63.388493 -724.854797 30.258410 21
-56.606556 -727.098877 26.595465 21
-50.429634 -728.426331 20.559286 21
-63.296932 -726.794067 23.871475 21
-51.501774 -728.948486 20.682775 21
-62.317696 -728.759766 24.329422 21
-40.882950 -727.598877 7.003638 21
-61.218609 -727.169128 23.029673 21
-37.987625 -729.168884 2.790058 21
-56.524918 -731.888855 19.309549 21
-52.549099 -732.878235 19.597069 21
-37.156452 -730.194153 6.242142 21
-50.331448 -728.367981 15.622571 21
-53.743805 -729.489075 23.332481 21
-36.193356 -728.188110 0.095811 21
-39.153469 -729.801086 8.383950 21
-62.564720 -724.844421 29.569082 21
-52.282230 -728.226624 16.824112 21
-56.559303 -733.691040 22.563820 21
-53.857075 -727.039551 22.656069 21
-51.270508 -732.696899 19.123699 21
-49.481987 -732.309326 18.076488 21
-54.882267 -726.374084 18.539532 21
-44.271416 -730.726624 16.524670 21
-35.443775 -729.602783 0.324214 21
-47.145176 -726.704346 15.201521 21
-54.023926 -728.079102 24.018923 21
-48.512321 -726.844482 15.616687 21
-37.641064 -730.564026 3.926278 21
-62.826828 -725.430664 23.458439 21
-39.824192 -730.331787 10.082060 21
-53.335091 -732.298523 19.082577 21
-52.355896 -727.722473 19.742821 21
-44.902420 -727.803894 14.425316 21
-55.111645 -728.326416 23.447834 21
-59.188412 -725.503601 20.244354 21
-37.374580 -730.497498 0.860825 21
-50.662861 -727.340942 20.839529 21
-55.999805 -727.618958 19.446939 21
-38.809666 -730.181030 6.404641 21
-49.664543 -733.104919 19.545517 21
-42.832069 -728.033630 10.667933 21
-56.054291 -729.974915 19.327267 21
-37.416031 -727.954590 1.840136 21
-61.232803 -726.030640 28.499809 21
-54.693668 -732.772095 20.123526 21
-53.452709 -723.871887 18.418985 21
-40.573082 -729.540283 7.258595 21
-61.391529 -727.158142 29.526217 21
-46.942924 -727.379333 14.407002 21
-60.815434 -725.301941 23.544399 21
-55.829426 -732.791931 20.500072 21
-42.182751 -729.326172 12.578171 21
-38.440739 -727.555847 6.427805 21
-41.286724 -728.192200 9.245832 21
-46.206093 -728.941345 12.439678 21
-61.132938 -725.489136 24.826849 21
-63.006138 -726.735291 29.794495 21
-37.459354 -728.795410 7.077324 21
-60.528519 -724.640747 22.731121 21
-52.858841 -733.343079 20.472721 21
-38.112537 -730.266418 7.195403 21
-42.785179 -728.576355 9.339539 21
-61.470001 -725.838684 30.206512 21
-42.013947 -732.846558 10.840468 21
-47.838413 -728.318359 14.114658 21
-36.189674 -731.696594 -2.475449 21
-63.158089 -727.614685 23.247721 21
-38.207432 -727.905457 4.467716 21
-57.491745 -733.214722 22.204264 21
-52.366753 -727.178040 21.423410 21
-52.969341 -727.302917 23.176844 21
-51.834240 -729.245117 21.746326 21
-53.885895 -726.966003 18.109583 21
-50.884159 -727.400757 19.619383 21
-39.500019 -728.786804 9.348308 21
-45.384151 -728.814514 11.851995 21
-37.763237 -728.532227 -1.050915 21
-60.191757 -725.811462 29.287542 21
-48.175514 -725.524170 16.635838 21
-59.167042 -725.713562 27.724482 21
-59.419292 -731.877686 23.549429 21
-41.855381 -728.737122 11.821904 21
-62.919456 -726.317261 30.918867 21
-62.608856 -728.636963 21.582161 21
-39.856148 -730.356323 7.904084 21
-64.004280 -727.338379 31.377081 21
-61.098103 -730.975525 23.042946 21
-37.699142 -729.188599 1.095423 21
-43.318565 -730.139038 14.116189 21
-35.878071 -731.199158 -0.612276 21
-41.190338 -728.000122 10.572766 21
-36.839046 -727.827148 3.637185 21
-59.357876 -731.993713 20.776423 21
-42.169243 -730.083801 10.792828 21
-43.824356 -728.190979 11.178540 21
-35.575916 -729.164551 1.582385 21
-35.288288 -729.779358 -1.310891 21
-48.761604 -729.055359 18.736444 21
-62.805138 -728.505310 23.490841 21
-51.914249 -724.238892 18.079062 21
-58.590881 -724.056946 20.060606 21
-54.949406 -731.052063 18.894455 21
-62.154198 -725.566528 28.496525 21
-45.657135 -726.338257 15.376766 21
-59.065136 -728.678650 26.222143 21
-35.856983 -730.804443 1.857396 21
-50.629681 -733.282654 19.961464 21
-50.395306 -724.274048 17.800360 21
-40.140388 -728.477234 7.056581 21
-55.621666 -726.668945 25.684740 21
-61.745914 -729.748352 20.844501 21
-59.454605 -723.969543 21.380455 21
-39.394951 -728.220886 5.557899 21
-47.918793 -732.778137 18.766590 21
-43.366478 -727.479736 13.739486 21
-44.080482 -729.164246 10.687665 21
-53.038212 -725.844116 17.888502 21
-62.114574 -730.016541 23.578585 21
-44.331627 -727.326355 15.089956 21
-39.774937 -729.944702 5.682485 21
-58.540302 -732.323303 21.285192 21
-51.934097 -733.712891 20.868986 21
-53.912582 -730.798218 18.660679 21
-59.026752 -727.056580 28.487507 21
-41.108318 -728.372925 8.224846 21
-46.833847 -729.244873 16.570145 21
-38.180168 -728.681946 8.084731 21
-40.829586 -729.313293 10.545156 21
-48.487232 -731.976135 17.168016 21
-60.407372 -727.645630 26.570084 21
-65.291405 -726.611572 31.591389 21
-60.776917 -727.364441 22.054348 21
-52.896488 -731.617126 18.530994 21
-37.153389 -731.517883 -1.565201 21
-41.078918 -731.142883 10.588790 21
-48.570801 -724.349304 17.464878 21
-45.873428 -725.560059 16.948359 21
-44.103226 -730.271179 15.684379 21
-49.146378 -728.565247 20.147188 21
-58.763531 -733.106689 23.491734 21
-50.858776 -729.993469 16.824537 21
-54.844967 -733.636169 21.807022 21
-61.020733 -731.124207 21.220446 21
-36.548103 -728.304016 4.438899 21
-36.229473 -729.169495 5.359909 21
-55.950844 -722.232910 19.911621 21
-43.390034 -727.384338 12.829649 21
-48.042545 -729.830872 14.953006 21
-35.961628 -728.073547 2.379850 21
-57.786774 -726.849365 25.304371 21
-48.981915 -729.557861 14.610040 21
-43.342861 -729.797729 10.477662 21
-51.560455 -726.249939 17.272890 21
-44.995319 -729.540100 14.822196 21
-62.696678 -726.131409 22.722736 21
-36.223495 -729.746216 4.423572 21
-50.619572 -727.731079 18.247955 21
-59.313641 -727.176575 21.096992 21
-54.007587 -728.443237 17.782892 21
-60.250191 -726.007996 21.887394 21
-54.767300 -725.507324 18.356256 21
-54.323891 -732.417664 19.376211 21
-38.276794 -730.217468 4.576427 21
-38.342293 -729.476807 -2.175849 21
-52.627285 -728.017761 22.768822 21
-63.196674 -724.031616 30.854879 21
-42.027290 -731.884521 10.760293 21
-48.302082 -730.709717 15.930590 21
-49.274181 -732.788269 18.817509 21
-60.400982 -726.525635 22.666340 21
-59.883896 -723.777222 23.074398 21
-54.615448 -726.742188 23.827381 21
-38.920994 -727.870239 7.171645 21
-62.025501 -725.720154 24.558756 21
-40.194683 -727.554565 7.555689 21
-45.264133 -728.614258 15.615908 21
-35.575977 -729.678162 2.313388 21
-60.404884 -731.079102 20.427313 21
-37.627026 -727.902588 5.296142 21
-46.175095 -727.937256 13.196490 21
-49.453869 -728.122559 15.245228 21
-49.489655 -727.489563 19.252108 21
-44.992504 -727.565552 12.893529 21
-51.435925 -732.118958 18.436623 21
-42.530434 -727.839355 12.528089 21
-64.192009 -725.062805 31.432541 21
-47.742172 -727.962280 17.915716 21
-37.677452 -730.894409 -0.200312 21
-47.660309 -728.957214 13.515142 21
-55.589603 -728.310791 25.113649 21
-54.590343 -722.566345 19.204592 21
-53.571632 -725.153564 18.083178 21
-58.493587 -725.904541 27.203800 21
-57.040379 -728.037231 26.375513 21
-41.631023 -730.039124 9.457659 21
-57.888313 -726.948364 27.701611 21
-57.620163 -732.262817 19.918627 21
-38.060120 -729.052185 -0.378200 21
-57.366585 -723.782837 19.379276 21
-37.816151 -730.198364 3.169372 21
-41.789650 -729.507507 8.630886 21
-59.319176 -732.410828 22.644840 21
-62.959377 -724.165222 29.072676 21
-48.622589 -726.167419 16.273273 21
-43.464863 -728.881287 13.637442 21
-47.456562 -731.171570 15.926222 21
-50.553467 -722.475159 17.725847 21
-56.621735 -726.331604 19.341234 21
-49.046371 -733.567505 20.087425 21
-58.712219 -724.923828 19.827591 21
-55.149700 -724.583679 18.367323 21
-54.561241 -729.471497 23.714340 21
-52.373844 -727.462036 17.206656 21
-57.039700 -722.837585 20.003086 21
-60.499245 -727.080566 29.259029 21
-37.612068 -729.657654 6.783423 21
-37.108288 -731.303223 -0.709594 21
-60.743164 -724.851929 24.260592 21
-37.046108 -728.029541 0.098955 21
-59.317860 -726.085388 28.481403 21
-57.803726 -726.733948 20.097784 21
-57.860840 -725.397095 19.421616 21
-54.981346 -731.910645 19.046276 21
-58.651260 -726.556946 20.574642 21
-63.741348 -726.497192 31.232185 21
-48.960972 -723.287170 17.575039 21
-46.938084 -726.011597 15.794071 21
-40.568100 -728.930908 6.459120 21
-37.171257 -730.820740 2.282520 21
-35.225220 -729.487610 -0.491047 21
-45.724060 -731.542236 17.257132 21
-54.293407 -728.355286 23.171757 21
-37.901592 -728.203003 2.498840 21
-45.045124 -731.074463 16.347893 21
-55.531868 -729.062073 23.561905 21
-50.312778 -727.460815 19.025394 21
-36.529682 -728.008362 1.716675 21
-62.706646 -726.205444 23.873169 21
-39.484806 -728.104492 8.804607 21
-60.125774 -724.473511 21.558771 21
-38.317955 -728.873047 3.818005 21
-39.193249 -729.363647 5.330486 21
-59.657059 -723.181885 22.254669 21
-37.783417 -728.320435 1.051561 21
-36.330887 -730.727478 1.104870 21
-37.483047 -727.677185 3.079295 21
-52.215805 -730.466370 17.820751 21
-40.178818 -730.665527 9.396639 21
-51.023571 -728.144470 21.095617 21
-37.119240 -730.794861 5.668309 21
-44.029881 -727.089050 14.329442 21
-46.877060 -728.520630 12.899514 21
-47.805393 -728.878967 17.970844 21
-50.163406 -731.926392 17.807804 21
-58.438156 -731.617126 19.695234 21
-64.195435 -727.156982 30.592695 21
-57.494247 -726.109619 19.653383 21
-48.673580 -727.551025 15.195314 21
-61.903893 -726.700623 27.419008 21
-36.178967 -730.754456 3.340088 21
-56.903370 -732.787842 21.016769 21
-42.829399 -728.942139 12.932811 21
-35.790859 -730.219238 -2.521313 21
-53.398514 -722.079895 18.802383 21
-38.752731 -728.090576 8.016817 21
-51.375004 -723.614990 18.167336 21
-46.294773 -727.549927 13.942363 21
-42.697693 -728.034180 13.780621 21
-51.123589 -725.565979 17.406233 21
-56.463017 -725.035461 18.788969 21
-57.310326 -726.243530 26.411232 21
-55.962257 -727.311646 26.069302 21
-43.177650 -729.278809 9.857825 21
-37.814392 -729.389099 1.954370 21
-60.151260 -727.064758 27.721920 21
-41.867329 -731.018799 10.585155 21
-53.084705 -726.943176 22.423254 21
-60.876236 -725.618591 29.653854 21
-52.168060 -722.538696 18.416725 21
-56.151722 -725.765015 18.923609 21
-36.787876 -730.796082 4.836169 21
-47.485683 -724.068848 17.613684 21
-47.706425 -733.091064 19.472637 21
-55.300232 -729.836914 19.127422 21
-58.201782 -732.664795 21.934155 21
-47.461212 -729.721924 13.639030 21
-39.524853 -729.539307 9.056740 21
-60.400452 -725.086792 22.071609 21
-64.456749 -725.962036 31.290882 21
-62.675106 -726.941467 24.343164 21
-54.830738 -721.858521 19.503464 21
-40.349606 -731.714417 10.757824 21
-52.641544 -723.925964 18.198135 21
-49.748138 -730.895569 16.851860 21
-46.294407 -727.947266 16.050629 21
-57.171326 -726.944031 27.107021 21
-52.894016 -728.629639 22.333927 21
-49.626144 -725.623901 16.993824 21
-55.592739 -733.450623 21.630493 21
-49.346130 -729.009949 19.322908 21
-60.738274 -725.428101 28.869999 21
-62.162006 -729.061646 21.043720 21
-58.208439 -733.559082 23.128401 21
-57.433876 -722.437927 20.554195 21
-60.160511 -731.713867 21.937189 21
-36.114616 -731.090088 2.621010 21
-60.689606 -730.900146 24.137266 21
-52.359573 -727.319763 20.639477 21
-49.972191 -727.710205 17.692360 21
-55.731434 -731.739807 19.089361 21
-51.558640 -728.577271 21.488827 21
-40.284817 -730.772949 8.465220 21
-61.133682 -724.474365 23.704885 21
-55.409687 -727.466370 18.780352 21
-44.934341 -728.149353 11.978546 21
-60.862923 -726.032471 23.217957 21
-40.709160 -728.003906 9.968221 21
-41.994209 -727.990967 11.996624 21
-62.263893 -729.785339 22.334547 21
-47.119377 -728.541077 18.008781 21
-53.355820 -729.129028 22.770195 21
-53.754829 -729.145874 17.590393 21
-47.424706 -727.680908 16.789463 21
-43.866673 -730.497009 14.994603 21
-46.406422 -726.323120 15.313875 21
-38.318264 -730.130615 -1.539288 21
-62.691315 -729.113403 22.194502 21
-39.031399 -728.192566 4.883718 21
-46.595810 -732.219238 18.232737 21
-61.426338 -730.745117 22.197224 21
-53.506870 -727.642273 23.665237 21
-56.073452 -729.297546 24.326771 21
-49.902271 -723.389954 17.813511 21
-57.564896 -732.773254 20.487440 21
-48.463924 -728.183228 18.733530 21
-58.367565 -722.939636 21.436560 21
-58.549583 -728.228455 25.799149 21
-37.422363 -730.539368 1.613290 21
-51.351398 -730.994690 17.705673 21
-61.988064 -726.753662 22.633972 21
-36.209568 -731.250671 -1.868909 21
-54.859261 -729.412903 18.685986 21
-41.475857 -730.301086 10.983755 21
-38.687923 -729.595154 4.677223 21
-56.866203 -727.677246 19.911804 21
-50.806053 -729.226501 20.610264 21
-62.746483 -725.437012 28.025066 21
-35.391422 -728.696167 3.373134 21
-42.407097 -729.147461 9.076594 21
-55.709442 -728.137024 24.390148 21
-51.571857 -728.957092 15.961001 21
-61.418484 -726.596558 30.058878 21
-50.165096 -726.554077 16.533825 21
-37.600475 -727.922546 3.770573 21
-48.719929 -731.414612 16.738060 21
-38.273170 -730.585999 5.387827 21
-52.872654 -728.015320 17.261538 21
-36.956657 -728.538940 6.391653 21
-51.907211 -724.945679 17.860752 21
-62.867588 -727.612976 21.919365 21
-42.368271 -728.626526 12.429118 21
-60.611835 -723.974915 23.073086 21
-35.429077 -730.345154 0.449547 21
-59.731354 -725.642944 20.848284 21
-49.511780 -724.753113 17.518724 21
-49.835773 -728.315063 20.039522 21
-44.159962 -728.824768 14.403099 21
-44.097504 -726.980347 15.680563 21
-38.988949 -730.078796 7.581947 21
-63.912384 -724.995544 30.756403 21
-45.397285 -726.622986 16.010139 21
-51.535686 -727.117065 21.076189 21
-58.114361 -723.119751 20.642887 21
-55.241531 -723.392761 18.894917 21
-41.505604 -729.057861 8.126991 21
-46.789970 -728.740601 17.110176 21
-61.811512 -726.131104 29.023350 21
-37.533596 -728.945251 7.781092 21
-45.523251 -727.410828 14.332351 21
-36.142693 -728.215149 0.837104 21
-49.051609 -727.397156 18.648239 21
-35.539299 -728.956543 -0.101765 21
-61.513630 -726.222534 24.442894 21
-49.458473 -729.756409 15.158856 21
-57.381428 -724.947388 19.106802 21
-53.316116 -726.505432 17.901840 21
-61.847965 -727.115356 28.921167 21
-61.498520 -730.521057 23.509285 21
-49.522709 -729.918396 15.943304 21
-56.234467 -732.474121 19.770798 21
-47.858616 -726.891968 15.311240 21
-55.497585 -726.015564 18.705271 21
-36.899113 -728.315918 -1.480583 21
-43.531361 -727.698181 12.190021 21
-35.622562 -730.425354 -1.224385 21
-43.077099 -731.765930 10.383263 21
-46.665813 -728.017761 16.655527 21
-47.421299 -730.142273 14.732101 21
-39.988068 -728.498352 9.849996 21
-54.335003 -733.117065 20.661327 21
-62.064213 -725.305847 29.806942 21
-51.591808 -727.637085 19.474722 21
-54.739628 -724.022644 18.521772 21
-50.512131 -727.816406 16.079288 21
-42.570557 -732.397888 10.629049 21
-46.292522 -731.881042 17.607042 21
-62.559280 -729.183960 23.626101 21
-53.592354 -733.673096 21.656321 21
-40.704975 -728.248962 8.792826 21
-39.451283 -728.126221 7.907876 21
-49.189034 -727.619141 17.963390 21
-51.914734 -727.700378 22.121149 21
-50.723602 -732.196655 18.319363 21
-49.124481 -726.635254 16.052036 21
-57.024471 -733.018860 21.698128 21
-44.747894 -729.317261 11.271634 21
-38.749126 -729.603149 8.929694 21
-50.634884 -732.945007 19.311283 21
-37.719025 -730.866638 2.906134 21
-41.793823 -729.619141 11.863847 21
-38.776199 -728.211365 4.200072 21
-37.959415 -728.968567 -1.851609 21
-60.410404 -727.517456 28.646280 21
-59.055321 -731.788147 20.089617 21
-62.236519 -729.888794 24.269835 21
-42.716961 -728.280640 10.012220 21
-44.810116 -729.507324 14.132279 21
-56.419727 -727.045166 19.399378 21
-47.068363 -724.688110 17.497158 21
-49.917576 -727.883118 20.654457 21
-51.248440 -722.889832 18.181461 21
-50.417053 -729.756714 15.594500 21
-53.735088 -727.458618 21.169451 21
-55.957863 -724.589233 18.574608 21
-40.480473 -730.600708 10.094435 21
-51.129997 -727.511841 16.536671 21
-56.314266 -723.826660 18.913857 21
-45.096336 -728.162720 15.086443 21
-36.796242 -731.174072 0.827191 21
-55.959026 -726.500488 25.096876 21
-37.498844 -728.209290 -0.387300 21
-53.914429 -722.563049 18.997688 21
-40.697536 -729.902161 10.122125 21
-37.619022 -729.864624 1.243293 21
-63.251369 -726.785095 23.173668 21
-38.752766 -730.579773 7.138030 21
-62.532631 -727.244873 29.757893 21
-49.312851 -727.895691 19.810452 21
-62.123219 -726.072693 30.604465 21
-44.026592 -728.436279 10.546734 21
-35.601357 -728.863831 0.945723 21
-44.914265 -727.021729 15.377753 21
-60.610336 -731.442017 22.874289 21
-41.984051 -728.272644 9.276409 21
-51.969063 -732.669495 19.239868 21
-59.209332 -727.382874 27.671690 21
-49.100346 -732.048279 17.548891 21
-41.134552 -728.825623 10.944806 21
-49.791302 -728.616272 20.780973 21
-39.513779 -730.214111 8.898691 21
-36.026405 -730.088806 3.854168 21
-57.539684 -727.354736 20.354248 21
-44.947327 -727.003540 13.873697 21
-43.078972 -729.696289 14.595944 21
-40.146324 -730.077759 7.334230 21
-63.049503 -725.516968 30.754068 21
-45.537220 -726.623291 14.717452 21
-51.745739 -727.768127 16.795835 21
-52.713272 -728.772461 16.711681 21
-56.642418 -728.973999 24.522526 21
-43.762852 -729.597290 14.511392 21
-62.122787 -725.134277 29.026665 21
-50.552597 -733.665710 20.567741 21
-50.986073 -726.756104 16.824533 21
-36.031883 -730.968079 -1.265386 21
-51.069645 -724.148926 17.880678 21
-59.748180 -731.331055 23.329365 21
-53.591316 -731.417236 18.656712 21
-41.478943 -732.730591 10.371299 21
-56.412033 -722.727844 19.755499 21
-41.422737 -731.296265 9.157206 21
-65.351089 -725.924072 31.514402 21
-61.089359 -725.469360 24.147486 21
-44.437328 -726.620544 15.088572 21
-46.064110 -729.067566 16.068247 21
-37.900265 -729.280457 7.284364 21
-52.869713 -723.284424 18.453266 21
-45.753922 -729.344482 12.125333 21
-41.204636 -731.594360 11.088269 21
-53.934708 -727.401855 24.137552 21
-48.908691 -725.661255 16.633722 21
-58.990055 -723.394714 21.454779 21
-37.538540 -728.104980 6.855546 21
-39.845890 -729.906616 9.544271 21
-44.211735 -727.518494 12.660499 21
-47.359833 -732.455566 18.387169 21
-46.530045 -725.491577 16.861435 21
-39.104984 -730.576538 5.922355 21
-36.794537 -730.574402 3.658210 21
-48.798077 -728.999695 14.267193 21
-55.866756 -723.279541 19.132195 21
-54.900208 -734.084106 22.314026 21
-59.737881 -726.459717 21.488907 21
-48.662296 -732.676880 18.579649 21
-54.160004 -729.394775 18.212074 21
-54.477924 -733.483826 21.260895 21
-59.793434 -724.795349 21.081785 21
-62.137646 -726.009277 27.989264 21
-41.223343 -730.505432 10.338961 21
-63.580296 -723.961304 30.303936 21
-38.030293 -729.158813 0.466139 21
-46.441887 -729.686707 12.958119 21
-45.731419 -728.358643 16.013784 21
-58.057129 -723.924744 19.704330 21
-56.397583 -729.394592 19.364902 21
-52.052498 -726.699402 17.343023 21
-60.982185 -726.567627 28.126129 21
-48.321621 -725.032959 17.117422 21
-39.337563 -730.562744 8.324670 21
-62.833527 -728.690796 22.857714 21
-54.973270 -727.029175 24.941854 21
-45.528248 -725.731628 16.401207 21
-37.279728 -731.014893 4.416600 21
-39.527111 -727.590271 7.136930 21
-58.825596 -732.435974 22.202566 21
-36.217743 -730.963806 -0.007116 21
-53.995945 -729.213623 22.588482 21
-40.214676 -727.692017 6.915795 21
-56.003235 -733.681030 22.080662 21
-58.076603 -732.403687 20.746790 21
-59.627686 -727.274475 28.653572 21
-52.253357 -733.216003 20.114210 21
-55.305763 -722.286865 19.748627 21
-60.051003 -728.141602 26.815456 21
-35.722435 -728.352417 -0.322870 21
-49.322884 -728.845093 14.679663 21
-35.847263 -730.104553 3.204431 21
-40.074650 -729.372742 6.548803 21
-44.758991 -730.481567 16.075062 21
-55.890209 -733.056519 21.129839 21
-39.082764 -727.790405 6.181757 21
-35.894382 -730.867981 -2.573975 21
-53.843441 -723.314636 18.716116 21
-50.175552 -731.435486 17.385254 21
-58.421616 -727.062012 28.059071 21
-53.460155 -724.502747 18.201868 21
-56.472260 -727.690063 26.308794 21
-52.449413 -729.042480 21.881996 21
-48.664963 -727.617493 17.564058 21
-51.957474 -728.608948 16.400555 21
-42.259148 -728.249207 13.357813 21
-46.229740 -728.291321 12.566666 21
-37.083817 -728.549561 5.716996 21
-54.754055 -727.699463 24.870079 21
-37.686802 -728.852600 -2.516108 21
-35.701855 -728.587036 1.988541 21
-62.677303 -726.868713 30.561609 21
-37.067719 -729.302185 6.592241 21
-35.840202 -728.844055 2.905717 21
-35.558754 -730.072510 -1.848084 21
-60.641724 -727.682800 27.174416 21
-54.553181 -728.437805 23.879490 21
-36.206230 -728.521484 4.958225 21
-40.952148 -731.027527 9.954924 21
-53.189869 -729.432678 17.476851 21
-55.348949 -732.697876 20.067387 21
-44.407497 -728.239380 11.459337 21
-51.334934 -729.253418 21.241447 21
-49.928158 -727.033936 16.191048 21
-62.005489 -730.298035 22.054213 21
-42.552135 -729.623230 13.026062 21
-47.141277 -725.291382 17.278259 21
-57.973812 -733.205933 22.652496 21
-53.210491 -727.137451 17.766510 21
-42.443104 -729.899841 12.311822 21
-52.651112 -725.288513 17.882378 21
-39.951195 -728.296204 6.117196 21
-59.112991 -723.954895 20.480883 21
-59.879642 -725.861633 28.723978 21
-59.267673 -732.659546 23.720060 21
-57.128841 -732.075867 19.549269 21
-35.663239 -730.659058 1.037683 21
-64.535576 -726.967834 31.367270 21
-52.818642 -722.560852 18.616392 21
-38.051090 -728.656860 7.300607 21
-53.208755 -733.625732 21.020803 21
-56.603809 -731.265686 19.174709 21
-61.225018 -727.514343 21.637022 21
-50.595711 -727.323608 20.208097 21
-62.487686 -728.096252 24.335306 21
-42.365105 -731.578430 9.737321 21
-36.600529 -731.239441 -1.145135 21
-44.368195 -727.636475 14.116945 21
-37.617027 -730.392090 6.646065 21
-41.236683 -729.759399 10.766711 21
-39.093060 -728.730347 5.216441 21
-35.668457 -730.215393 1.972340 21
-37.826839 -728.814392 2.278581 21
-63.416164 -727.426147 23.962015 21
-38.924004 -729.237061 8.113267 21
-36.744194 -730.662109 2.713773 21
-36.417301 -730.294739 4.660938 21
-36.100460 -731.305054 0.936378 21
-52.727165 -732.450439 19.117563 21
-35.430809 -729.315979 2.880743 21
-53.514824 -733.226501 20.526321 21
-56.287788 -726.766846 26.114487 21
-63.058357 -727.594604 22.617722 21
-54.082062 -724.041199 18.452576 21
-48.341644 -728.508057 19.255630 21
-35.527222 -730.780640 -0.050725 21
-48.301800 -729.033569 18.309347 21
-35.203007 -728.462219 1.244376 21
-41.463020 -728.262939 11.795630 21
-59.678246 -731.995178 21.338873 21
-51.142292 -733.563293 20.390062 21
-51.932018 -728.990723 21.124878 21
-42.811188 -727.685852 13.070020 21
-50.413914 -729.118896 15.268567 21
-38.080849 -729.669495 -0.375229 21
-37.787731 -727.571960 5.800415 21
-41.320297 -728.068970 9.859088 21
-57.282181 -723.179932 19.552166 21
-47.712635 -725.389160 17.029747 21
-63.921833 -726.948059 31.881556 21
-39.233646 -729.924072 6.803866 21
-54.156776 -725.324402 18.155636 21
-45.570053 -731.364685 16.685549 21
-63.122849 -724.499146 29.835852 21
-58.928047 -732.456360 20.834408 21
-55.649441 -727.817078 25.619732 21
-38.365940 -729.980774 7.708568 21
-54.027687 -730.216614 18.520695 21
-59.090584 -732.794312 23.061647 21
-45.219299 -729.901978 12.265036 21
-36.202587 -728.593689 3.899854 21
-43.526981 -728.155090 13.623652 21
-52.071140 -721.984863 18.191401 21
-46.006126 -727.057739 14.189053 21
-43.405712 -728.259399 10.677548 21
-61.320343 -726.905701 27.488626 21
-45.266460 -729.122681 15.276799 21
-36.967628 -728.084534 4.876451 21
-59.423008 -723.648254 21.942707 21
-40.578541 -728.622620 7.666101 21
-42.047237 -732.302734 10.298107 21
-52.407951 -726.195557 17.618513 21
-55.198292 -726.850281 18.746347 21
-47.411964 -727.772888 14.496538 21
-40.968967 -731.746765 10.449640 21
-62.002392 -730.035400 21.331429 21
-54.352856 -726.602234 18.336330 21
-54.911602 -732.441895 19.549519 21
-37.756390 -730.810852 2.069576 21
-62.027843 -726.959778 29.562775 21
-53.969086 -727.392456 21.758377 21
-53.856991 -728.693665 22.899237 21
-41.871235 -727.920837 10.603841 21
-58.833839 -726.000854 20.279087 21
-44.458321 -728.228027 14.426134 21
-43.472267 -729.425293 13.917480 21
-38.100197 -728.231567 3.964287 21
-59.587242 -725.111816 20.558891 21
-58.201065 -726.320129 27.623339 21
-57.710339 -729.073608 25.561983 21
-43.270496 -727.928345 11.180067 21
-40.104973 -728.215332 8.699004 21
-64.261589 -725.444641 30.973423 21
-56.706627 -733.421082 22.021524 21
-39.403683 -729.910950 6.176478 21
-62.773472 -725.007751 30.122021 21
-60.335121 -724.472961 22.128551 21
-50.620136 -724.862732 17.654184 21
-48.319984 -730.210815 15.439199 21
-58.392750 -725.436340 19.703806 21
-40.670933 -728.029114 7.351246 21
-41.932175 -729.739624 11.290164 21
-35.422054 -729.534729 0.924179 21
-51.254128 -733.041748 19.611116 21
-36.457817 -727.994873 3.097518 21
-37.313423 -728.164734 0.657602 21
-41.652863 -731.832520 10.274433 21
-57.083706 -733.878418 22.807474 21
-43.872192 -727.773010 13.200773 21
-63.221272 -726.232727 23.537426 21
-59.800785 -732.196960 23.155039 21
-57.888275 -727.508240 27.450005 21
-40.499443 -728.981018 7.066428 21
-45.753601 -727.706299 14.808880 21
-59.944546 -731.550232 20.590153 21
-52.266918 -731.741089 18.379461 21
-59.571136 -728.436462 26.605738 21
-37.624973 -728.463562 1.609665 21
-45.629314 -727.678101 13.137136 21
-56.400917 -721.770691 19.933794 21
-41.340828 -728.055237 11.164545 21
-55.164093 -728.846436 23.082272 21
-52.561932 -729.413696 16.833794 21
-37.905132 -729.748962 2.634672 21
-43.787113 -727.716858 14.236519 21
-50.218086 -725.721436 17.065611 21
-47.568798 -725.905090 16.403461 21
-51.005253 -730.639954 17.329094 21
-52.770782 -730.237183 17.999983 21
-38.063087 -728.047607 6.512942 21
-37.401520 -727.686279 2.493530 21
-47.320549 -728.494446 13.283914 21
-48.400696 -728.532898 14.266891 21
-60.600826 -731.353577 21.590361 21
-50.032520 -732.287781 18.283100 21
-50.822472 -728.694153 20.916571 21
-47.559921 -727.777161 17.381029 21
-50.774086 -727.701233 21.415821 21
-61.036991 -730.878235 23.626833 21
-60.165108 -723.521790 22.562546 21
-62.155819 -729.761902 22.929722 21
-52.572048 -731.113953 18.231665 21
-63.451084 -726.936279 30.186140 21
-45.138664 -726.085083 16.080990 21
-53.049667 -733.010864 19.939472 21
-61.529362 -730.336548 20.928083 21
-54.334103 -727.827515 24.488428 21
-60.299995 -726.412598 29.451200 21
-37.681114 -730.772888 0.361984 21
-44.413170 -730.548523 15.198181 21
-54.926411 -726.800415 24.363684 21
-49.863281 -727.729736 15.738298 21
-50.223831 -728.922729 20.330027 21
-60.720829 -725.156982 22.924612 21
-38.597218 -730.774170 6.426137 21
-57.525806 -724.346130 19.221716 21
-56.969944 -729.173889 25.003736 21
-37.365166 -727.895386 1.235549 21
-38.161587 -729.243652 3.364353 21
-37.494652 -730.715271 6.124127 21
-45.056038 -726.535767 15.106148 21
-46.747532 -725.763367 16.326353 21
-56.937256 -726.614624 26.667366 21
-43.125854 -727.758667 14.251057 21
-52.793724 -727.261536 21.012245 21
-56.146679 -734.115417 22.531666 21
-58.387527 -723.473022 20.268660 21
-36.708229 -731.866577 -1.702300 21
-60.601505 -724.736023 23.308811 21
-46.830051 -731.976746 17.394251 21
-59.960327 -725.879700 21.329153 21
-40.754856 -728.391174 10.865849 21
-39.274540 -729.248291 8.602216 21
-46.857372 -726.880615 14.715622 21
-48.009960 -724.216309 17.386078 21
-47.415627 -727.195007 14.838557 21
-46.621513 -728.468872 17.597883 21
-62.404018 -729.330994 24.248528 21
-49.564201 -730.551208 16.425394 21
-42.611340 -729.845520 11.124019 21
-53.777065 -732.538940 19.482080 21
-54.508751 -730.683960 18.761683 21
-40.442104 -729.049622 10.201713 21
-53.495640 -730.413635 18.380373 21
-58.715527 -727.171265 20.771851 21
-39.831730 -728.006287 7.465546 21
-35.929707 -729.148376 3.892570 21
-38.477303 -729.335510 4.128968 21
-40.042900 -728.954285 9.476254 21
-49.130096 -730.392029 16.054174 21
-35.718395 -728.340149 0.377838 21
-51.695660 -728.068909 21.716648 21
-48.834625 -723.856995 17.615046 21
-58.088493 -728.455627 25.519224 21
-56.934021 -727.552917 26.736248 21
-49.714046 -728.647400 15.113771 21
-42.062481 -731.372192 11.024200 21
-50.280739 -727.364563 19.588968 21
-56.391499 -732.798401 20.764914 21
-54.170528 -732.704590 19.853474 21
-48.958176 -727.728210 19.125944 21
-41.231075 -730.561768 11.426605 21
-37.790028 -730.572327 4.488854 21
-36.263809 -729.200378 4.638204 21
-38.065975 -730.171875 3.991520 21
-47.292557 -728.797424 17.540785 21
-60.157421 -724.161926 22.739937 21
-51.833672 -727.268494 21.686499 21
-61.264183 -727.226379 22.455524 21
-42.970131 -729.937622 13.649658 21
-36.423080 -730.765137 1.716005 21
-51.548203 -731.677429 18.109482 21
-39.419746 -728.890198 5.662241 21
-58.686420 -727.144287 26.206543 21
-46.257366 -727.660095 15.379018 21
-63.606056 -724.509888 30.692303 21
-55.466812 -726.814636 25.157860 21
-42.462341 -733.144165 10.672160 21
-36.738235 -728.917603 5.400978 21
-45.894753 -728.554016 12.162116 21
-53.111820 -729.133728 22.154867 21
-55.215984 -728.210815 24.031712 21
-53.140583 -732.656067 19.515017 21
-58.982933 -724.515137 20.179155 21
-54.282864 -727.202148 22.309772 21
-53.841908 -728.353271 23.543964 21
-59.657413 -725.614075 28.009575 21
-44.341713 -727.076050 13.803455 21
-42.494583 -731.768005 10.443285 21
-50.139015 -722.860718 17.764435 21
-43.666172 -727.885864 11.679786 21
-60.496002 -727.108337 28.172319 21
-38.394909 -727.866699 6.935767 21
-60.248249 -731.773621 23.194422 21
-59.676193 -731.983032 22.221766 21
-42.412952 -727.839966 11.510906 21
-63.728470 -727.043335 30.892427 21
-44.828152 -727.330872 13.383531 21
-55.867332 -727.253662 19.043085 21
-53.759975 -721.666321 18.727818 21
-45.383911 -726.861877 14.238809 21
-49.115292 -733.207153 19.665180 21
-42.628685 -728.417908 12.904434 21
-43.803635 -727.157898 14.899306 21
-50.409233 -730.406189 16.820930 21
-52.990498 -727.923706 23.190155 21
-62.966385 -727.985107 23.638208 21
-50.708931 -731.207947 17.521887 21
-49.979126 -732.895935 19.130127 21
-61.220047 -731.010559 21.758022 21
-51.995808 -730.048584 17.526203 21
-53.434677 -728.278381 17.532196 21
-52.195644 -734.035645 21.413385 21
-44.790855 -727.804382 12.391891 21
-62.619579 -730.198364 23.979504 21
-36.321800 -730.917725 0.548147 21
-39.670376 -730.443054 9.428340 21
-48.496548 -731.055603 16.323980 21
-41.220882 -732.226929 10.193312 21
-61.568417 -725.409302 24.494133 21
-52.679649 -727.009705 22.022989 21
-35.131176 -728.902100 1.798534 21
-44.613483 -729.201294 14.593459 21
-48.309723 -733.320984 19.835203 21
-63.037628 -728.159668 23.104973 21
-37.463280 -730.592834 3.310142 21
-59.131542 -732.350403 21.397345 21
-52.583675 -733.629333 20.852081 21
-50.563358 -727.885681 20.794092 21
-53.161400 -729.756226 17.941559 21
-47.459465 -726.381897 15.527424 21
-40.641575 -730.952942 9.492970 21
-37.925602 -728.572754 2.928020 21
-53.118999 -734.035461 21.704895 21
-49.284615 -731.187744 16.803669 21
-50.838337 -727.577515 18.959280 21
-48.771732 -728.525818 19.734730 21
-39.237034 -729.841919 5.650025 21
-57.654251 -722.736816 20.943161 21
-37.689301 -727.838135 4.731279 21
-55.121941 -732.914612 20.549986 21
-47.787285 -732.489990 18.052065 21
-39.651733 -729.461304 5.894609 21
-54.231911 -733.658508 21.731720 21
-46.007481 -726.051758 16.629761 21
-60.293877 -727.119019 26.649851 21
-45.710098 -726.182861 15.933990 21
-51.774765 -722.914673 18.309881 21
-54.957405 -722.959045 19.109163 21
-52.608242 -727.474792 22.804234 21
-38.591354 -727.730042 7.586027 21
-36.449863 -729.507080 5.744700 21
-45.300552 -731.085754 15.865095 21
-48.839787 -727.596619 17.040270 21
-35.907242 -730.618774 -0.404727 21
-57.528786 -722.919128 20.309631 21
-36.856709 -727.852722 4.199774 21
-48.965069 -724.705627 17.315542 21
-61.812382 -730.221985 24.210354 21
-61.776787 -726.522217 28.642622 21
-48.960594 -732.436890 18.170687 21
-39.782932 -728.281494 9.339183 21
-57.966602 -731.869934 19.691170 21
-49.603703 -733.419556 20.003586 21
-51.979637 -732.993347 19.681128 21
-56.037830 -732.126892 19.322449 21
-51.667488 -732.404846 18.841429 21
-48.149261 -727.615417 17.768974 21
-55.037895 -729.265503 23.463621 21
-48.077068 -727.901428 18.357124 21
-39.463078 -728.690674 8.807966 21
-41.959877 -729.755188 9.082284 21
-53.483898 -727.116760 23.101994 21
-62.379700 -726.462585 22.391747 21
-49.639893 -731.923889 17.595352 21
-53.939705 -732.144531 19.026772 21
-58.961475 -726.522217 28.523726 21
-41.401997 -730.071777 8.962981 21
-57.041950 -731.573242 19.296331 21
-48.171005 -725.875854 16.206640 21
-41.507355 -728.403870 8.801682 21
-52.054592 -727.500549 20.136900 21
-49.153519 -727.596008 15.460244 21
-37.160961 -731.030945 3.884117 21
-48.255070 -726.401367 15.932682 21
-63.113132 -725.768555 23.032932 21
-54.161045 -726.845093 24.096367 21
-53.043468 -728.419189 22.822231 21
-50.317749 -723.727356 17.895844 21
-55.572803 -727.269409 25.680571 21
-50.920238 -728.470459 15.869802 21
-49.984913 -726.083618 16.738281 21
-35.558945 -729.288940 -1.584170 21
-59.446369 -728.248047 26.113955 21
-59.629242 -723.620605 22.593115 21
-40.819695 -729.125916 7.482554 21
-47.441853 -732.809631 19.045446 21
-61.928799 -725.849548 27.521908 21
-64.890709 -726.254333 31.622898 21
-51.647518 -725.346924 17.615446 21
-47.242039 -730.918884 15.474833 21
-56.870441 -723.747559 19.172342 21
-51.041199 -727.172180 20.510696 21
-37.593178 -730.230835 0.328043 21
-44.802803 -728.542542 11.611081 21
-53.701546 -727.130432 22.155771 21
-54.654129 -724.983398 18.282400 21
-48.985371 -727.097229 15.633602 21
-38.337952 -728.358093 7.691916 21
-35.808369 -729.710876 2.836782 21
-55.237427 -727.952820 24.900164 21
-46.836498 -727.847107 14.148618 21
-38.542278 -727.994812 4.873610 21
-64.395172 -724.713379 31.077560 21
-55.447983 -731.290894 18.989891 21
-35.466946 -729.370544 -0.944557 21
-40.185066 -730.623840 10.530302 21
-40.062790 -728.682617 6.509739 21
-60.614208 -731.338318 20.881329 21
-41.467495 -728.909058 11.479609 21
-44.726948 -730.884521 16.742168 21
-37.569530 -730.406860 2.709337 21
-62.666851 -728.488770 24.004681 21
-37.082016 -730.806091 1.310034 21
-62.857666 -728.613647 22.110540 21
-54.517403 -726.027039 18.363825 21
-35.462440 -729.971863 -0.071645 21
-36.688931 -731.034912 4.265141 21
-52.901409 -727.543518 17.497614 21
-42.330067 -732.795959 10.301527 21
-38.413403 -730.298279 6.756025 21
-38.590332 -728.922546 7.825691 21
-47.885212 -729.734985 13.975225 21
-58.244324 -726.465271 20.257801 21
-35.770245 -730.589111 2.330646 21
-48.890659 -728.783875 19.208088 21
-63.365456 -726.091064 31.110804 21
-35.715050 -729.164062 2.359614 21
-46.126316 -729.469727 12.518525 21
-38.977119 -730.233337 8.100348 21
-38.991188 -729.144653 9.036501 21
-63.319153 -726.709351 30.926926 21
-36.935017 -727.953308 2.071314 21
-40.592464 -731.019287 10.416542 21
-61.054405 -726.755981 29.579187 21
-43.142532 -729.286560 13.432656 21
-50.576077 -725.444824 17.357393 21
-35.199020 -729.149902 0.477501 21
-51.543583 -734.020508 21.095266 21
-48.559029 -729.851379 14.540013 21
-46.277596 -728.510742 17.183243 21
-47.987633 -731.081238 16.127802 21
-62.560879 -725.876343 30.745377 21
-38.007229 -729.098633 -0.901524 21
-36.067871 -731.370728 0.294392 21
-43.021332 -727.680054 12.436097 21
-59.146740 -723.177063 22.403618 21
-57.086216 -733.454285 22.439127 21
-49.399048 -728.420715 19.705814 21
-48.098644 -728.937622 13.825466 21
-39.677509 -728.312256 8.348766 21
-59.731506 -727.376343 27.603712 21
-58.765285 -726.052917 27.780550 21
-50.990349 -732.446899 18.753937 21
-50.178402 -733.119934 19.584734 21
-38.040485 -728.778809 1.102489 21
-60.522755 -725.591064 22.045921 21
-59.050381 -726.764099 20.934027 21
-63.823421 -724.741516 31.256876 21
-60.434483 -731.523621 22.342485 21
-61.058163 -730.944885 22.524569 21
-62.647907 -724.893127 29.003880 21
-54.689762 -731.516724 18.846943 21
-61.561398 -725.482239 29.783239 21
-38.048988 -729.705322 3.151579 21
-52.935715 -732.074646 18.811470 21
-50.124973 -733.424011 20.026089 21
-36.202255 -731.186401 1.978191 21
-38.323261 -727.839600 5.997233 21
-62.864479 -728.138489 21.882420 21
-63.167198 -726.411560 22.823326 21
-35.386158 -729.912415 -0.797718 21
-50.104969 -724.676941 17.623598 21
-36.775108 -730.465393 5.452036 21
-54.737038 -726.920654 18.511402 21
-53.421074 -731.895508 18.750433 21
-53.697674 -727.402710 17.906500 21
-35.942650 -728.854065 3.467010 21
-38.284309 -728.657349 2.510968 21
-59.081223 -723.901428 20.996685 21
-44.260029 -728.712708 10.927214 21
-61.014572 -726.093994 30.113417 21
-38.415684 -728.598511 3.116893 21
-52.728615 -727.544678 20.189318 21
-42.372231 -728.063110 10.366669 21
-53.186264 -729.527588 23.077110 21
-50.815605 -728.895447 15.573944 21
-41.691837 -732.449890 10.756828 21
-44.952503 -726.554626 16.268120 21
-37.640259 -729.718201 0.739982 21
-51.849846 -728.706360 21.892542 21
-38.393589 -729.835266 4.237392 21
-51.741959 -729.543579 16.304365 21
-51.054913 -727.285461 21.179173 21
-52.414215 -728.846313 22.365667 21
-54.267792 -727.325256 18.218891 21
-49.961514 -729.643433 15.247022 21
-59.266468 -725.930908 20.562353 21
-42.413048 -728.559021 9.006225 21
-56.018055 -728.012695 25.117552 21
-61.697277 -726.272766 30.356886 21
-50.988163 -722.366211 18.178690 21
-45.306297 -729.484497 11.924234 21
-54.495564 -732.072998 19.029282 21
-49.512146 -725.210205 17.286650 21
-59.529255 -728.767273 26.044733 21
-45.595245 -728.959106 15.783537 21
-40.168343 -729.716248 6.925667 21
-42.007931 -729.150391 12.131469 21
-36.098465 -728.294189 2.844945 21
-41.443783 -731.520996 10.626211 21
-37.657475 -729.959534 1.751471 21
-53.957520 -726.845459 23.245640 21
-63.296413 -727.156860 23.516098 21
-40.689972 -732.076721 10.880828 21
-46.064789 -731.524841 16.694704 21
-49.446842 -729.408508 14.764172 21
-62.629528 -726.889221 29.409475 21
-55.436516 -733.713440 22.054232 21
-37.520653 -728.468506 -1.496073 21
-37.187778 -728.095215 5.495584 21
-60.796532 -731.256042 23.344460 21
-40.197407 -729.963013 10.022244 21
-55.670322 -729.305969 23.994289 21
-49.767307 -732.669922 18.701773 21
-62.453686 -729.657227 23.751059 21
-56.170265 -726.576416 25.550859 21
-48.388195 -732.854370 18.970776 21
-39.851566 -730.873840 8.228990 21
-54.302296 -731.200378 18.763966 21
-47.793289 -730.827026 15.735271 21
-37.052086 -728.129456 6.108931 21
-55.325848 -730.744690 18.974680 21
-51.805244 -730.756165 17.760300 21
-52.272495 -727.744446 22.482967 21
-43.151268 -729.777710 13.211700 21
-47.373196 -728.231567 17.620010 21
-36.451500 -727.874512 2.219366 21
-52.328724 -724.575073 18.036997 21
-49.612507 -726.650574 16.248144 21
-64.849823 -725.688049 31.578995 21
-36.080910 -728.215393 1.848825 21
-45.728153 -731.723938 17.773130 21
-57.038330 -726.393250 19.609016 21
-55.080921 -722.376831 19.314472 21
-62.574356 -729.116638 21.700832 21
-58.407509 -724.389221 19.717703 21
-60.030571 -727.055786 29.086950 21
-37.055695 -730.943970 1.800962 21
-53.183563 -731.162109 18.479950 21
-37.508858 -731.313660 -1.143035 21
-63.448612 -725.187927 30.730589 21
-56.502346 -728.527283 24.346058 21
-53.842072 -726.455994 18.125694 21
-39.524788 -728.024597 6.066734 21
-36.553932 -729.514954 5.184472 21
-43.774002 -729.044678 14.063427 21
-48.353470 -728.679321 18.711870 21
-55.147949 -725.160400 18.440098 21
-60.550545 -725.990845 29.594063 21
-40.649479 -728.527100 6.898155 21
-57.519382 -732.903320 21.793890 21
-41.362095 -728.590881 7.844371 21
-46.371658 -729.032898 16.461781 21
-54.305744 -722.943298 19.005554 21
-35.561890 -729.720398 1.610452 21
-48.256870 -727.250610 15.175393 21
-47.417595 -728.048950 14.058497 21
-58.495438 -733.129028 23.061590 21
-42.438934 -727.942078 10.965783 21
-56.113140 -726.242676 19.021036 21
-58.950237 -727.416138 28.135983 21
-42.429512 -727.756897 12.004194 21
-59.614361 -724.243591 20.993029 21
-40.539169 -729.894592 7.612859 21
-62.808880 -726.329285 29.591679 21
-51.902431 -723.743958 18.123745 21
-38.005032 -729.967346 6.791822 21
-57.877953 -726.518494 25.672144 21
-36.364758 -730.340881 3.147089 21
-56.418552 -724.331848 18.804995 21
-39.393414 -730.210693 9.769984 21
-59.223785 -725.002563 20.170744 21
-35.130409 -729.239563 -0.053284 21
-40.285160 -728.064392 7.675373 21
-37.791691 -728.945740 1.688617 21
-37.816467 -728.602234 -0.381046 21
-40.770710 -728.826660 10.543673 21
-40.803837 -728.162231 9.340506 21
-56.658642 -732.291504 19.599564 21
-38.313728 -730.713867 5.993176 21
-46.543659 -729.270325 12.701820 21
-61.292225 -725.574646 28.711800 21
-46.452591 -727.239746 14.319336 21
-51.652325 -733.563965 20.475233 21
-58.543793 -728.942139 26.120907 21
-59.709114 -724.176758 21.742033 21
-46.945339 -729.748901 13.307972 21
-40.616280 -728.115723 10.456299 21
-38.289600 -730.721313 7.047213 21
-38.922916 -729.215515 4.883508 21
-38.379292 -729.928040 6.390051 21
-58.810101 -722.722473 21.399237 21
-43.150776 -728.745361 13.284480 21
-45.140530 -726.400269 15.589771 21
-36.037529 -730.983765 1.419280 21
-37.041351 -727.908325 3.011138 21
-49.465286 -723.210571 17.608608 21
-46.581066 -728.229370 13.170737 21
-39.051182 -727.732666 6.672955 21
-55.694622 -729.592529 24.471359 21
-58.256374 -725.011108 19.505451 21
-61.148560 -724.920410 24.003473 21
-44.262043 -729.668396 11.194223 21
-55.268963 -729.154907 18.621367 21
-59.381794 -722.945984 21.884306 21
-41.982849 -731.398865 10.240791 21
-47.828098 -728.435913 18.175463 21
-55.011242 -725.899048 18.512922 21
-51.497883 -724.492493 17.938942 21
-49.003067 -732.958130 19.211876 21
-56.567215 -733.906494 23.003790 21
-38.134556 -727.788696 5.071286 21
-56.154541 -731.479248 19.174105 21
-53.602726 -725.645447 18.022732 21
-54.181576 -729.349670 23.161915 21
-59.394245 -733.095459 23.330397 21
-52.027424 -727.182556 20.998013 21
-55.186169 -723.796387 18.630445 21
-57.563091 -726.717834 27.347637 21
-48.634155 -727.673767 18.673403 21
-50.266987 -727.644531 20.415648 21
-44.209446 -727.473206 14.574534 21
-51.265659 -729.982483 17.110287 21
-55.929741 -721.759644 19.674183 21
-52.505634 -722.916992 18.478880 21
-43.608303 -727.232422 14.141005 21
-36.466274 -728.140991 3.818873 21
-63.935486 -726.042358 31.209040 21
-43.542629 -730.043518 14.669465 21
-56.935081 -724.903687 18.906599 21
-38.664089 -729.983521 7.214701 21
-53.926441 -733.047729 20.331280 21
-62.077972 -729.527893 21.163363 21
-39.074535 -727.870605 5.677262 21
-38.936207 -729.688416 7.900085 21
-35.939529 -730.700256 2.916994 21
-63.084236 -727.158081 22.845186 21
-58.119034 -732.538940 21.443027 21
-51.124416 -726.324524 17.059370 21
-58.753799 -725.635437 19.979250 21
-43.772339 -727.263550 13.600116 21
-39.523643 -730.116394 8.186299 21
-56.436474 -722.297668 20.065849 21
-37.549267 -731.106201 -0.648748 21
-46.578667 -732.427795 18.675598 21
-56.830669 -722.479004 20.516712 21
-51.302887 -727.392944 19.861088 21
-47.161049 -729.164490 16.927366 21
-61.468975 -725.837524 24.780220 21
-39.916756 -730.518494 8.635083 21
-57.525761 -733.386902 22.658937 21
-57.456715 -725.700867 19.406420 21
-37.637192 -728.303589 2.073749 21
-55.086391 -733.454895 21.431780 21
-38.075031 -729.157288 -2.532925 21
-61.390289 -730.803894 21.248486 21
-40.594677 -728.237427 8.319711 21
-62.870541 -724.508850 29.405603 21
-65.840569 -726.502808 31.624123 21
-50.422832 -729.905762 16.541115 21
-54.243977 -728.805176 22.584518 21
-38.103451 -730.504944 4.930582 21
-42.445419 -728.329895 9.583882 21
-54.475079 -722.098022 19.279572 21
-55.802708 -732.639404 19.965546 21
-49.875198 -724.205994 17.754906 21
-37.933495 -728.686401 0.629787 21
-44.406464 -730.645203 15.684619 21
-46.846111 -726.404114 15.535045 21
-50.812256 -722.779175 17.993320 21
-39.774940 -729.130859 9.111575 21
-59.653530 -726.924561 21.472578 21
-52.229359 -733.497803 20.543022 21
-36.655170 -731.130188 -0.373168 21
-44.515678 -726.856995 15.928862 21
-35.635059 -728.742188 3.827072 21
-61.839462 -725.470276 28.846121 21
-36.460831 -731.044617 3.610734 21
-45.978230 -726.468140 15.039726 21
-53.685856 -728.699219 17.420397 21
-43.241325 -727.370544 13.299082 21
-62.356766 -726.357178 23.001858 21
-61.404072 -726.912354 28.631422 21
-38.447422 -728.425903 3.565321 21
-46.439655 -726.074341 15.765015 21
-62.510338 -726.362976 30.671349 21
-52.405109 -730.641663 18.226807 21
-36.067280 -731.260620 -2.769063 21
-51.279221 -729.601013 16.029392 21
-39.881824 -731.027344 9.217613 21
-57.952530 -726.044556 26.777197 21
-62.511566 -725.251648 28.527880 21
-46.045906 -727.540100 13.530812 21
-51.612053 -725.806824 17.479519 21
-42.969997 -727.714966 13.534457 21
-59.915470 -726.250244 29.176870 21
-43.133171 -728.333679 10.286633 21
-62.243950 -726.134216 24.661486 21
-50.199795 -727.591736 18.502533 21
-55.900410 -722.883728 19.402370 21
-56.598137 -725.915710 19.108074 21
-55.727566 -729.458923 19.142170 21
-38.849152 -728.259949 5.311308 21
-52.501484 -728.341003 22.387720 21
-39.708782 -729.442200 9.511282 21
-56.676315 -728.090088 26.076073 21
-41.287235 -728.673401 11.936841 21
-51.196877 -728.770752 21.248991 21
-35.628002 -730.792786 -0.932854 21
-37.798321 -729.474548 1.460975 21
-37.255898 -730.750732 2.786256 21
-53.291355 -723.440613 18.590378 21
-41.487743 -729.541870 8.257380 21
-39.205097 -727.818970 7.611274 21
-60.525940 -726.109497 22.461287 21
-48.650139 -730.421143 15.785240 21
-37.020710 -727.940918 1.569161 21
-57.517811 -727.194275 19.903383 21
-36.221912 -728.069885 1.272644 21
-35.631985 -730.071350 2.602759 21
-56.285522 -732.684509 20.308701 21
-60.189350 -724.945923 21.657326 21
-35.471439 -730.488281 -2.276059 21
-63.051426 -727.154419 24.124994 21
-38.186275 -729.060242 7.584661 21
-58.659657 -732.370728 21.750134 21
-61.802517 -730.235474 23.287935 21
-60.789955 -725.152161 24.627836 21
-50.930485 -723.682190 17.960802 21
-55.451523 -733.041016 20.884655 21
-61.391571 -730.583862 22.682209 21
-45.272034 -727.828186 14.797537 21
-63.279911 -724.413879 30.346659 21
-41.572823 -730.755066 10.850654 21
-61.061501 -725.505371 29.181459 21
-57.892017 -732.971497 22.143442 21
-35.823727 -728.573608 2.511105 21
-35.688465 -728.672852 1.430002 21
-58.147675 -727.069031 25.769320 21
-42.404911 -727.983276 12.964323 21
-49.570053 -727.903809 20.326057 21
-37.025475 -730.395996 4.797420 21
-53.267612 -727.388184 21.110321 21
-39.507393 -730.318848 5.758893 21
-36.661716 -728.016663 0.376336 21
-39.512466 -728.494995 5.920382 21
-57.134636 -732.591736 20.579262 21
-47.423988 -728.420105 13.776508 21
-59.464371 -731.803772 20.364233 21
-49.040730 -731.709351 17.127975 21
-53.385731 -727.183838 23.565844 21
-42.204136 -728.165894 12.377387 21
-45.362198 -731.509155 17.547203 21
-64.215721 -726.369080 31.419083 21
-51.086231 -733.281555 20.023481 21
-52.009689 -727.128357 17.136534 21
-57.344791 -726.417725 26.837385 21
-35.683487 -730.465027 1.569665 21
-36.589268 -728.874573 5.893801 21
-43.034496 -729.560608 14.107820 21
-56.814796 -733.160095 21.281765 21
-41.854340 -730.619934 11.209325 21
-48.446957 -729.831360 15.203680 21
-42.732422 -728.121826 13.320899 21
-59.979877 -726.395752 21.915911 21
-62.910862 -726.618164 24.047443 21
-36.405792 -730.324707 3.702881 21
-43.040508 -732.439880 10.554214 21
-41.726532 -728.103394 9.624284 21
-35.429428 -729.166748 3.366291 21
-45.447887 -729.480042 15.011752 21
-41.546597 -728.616333 8.388771 21
-36.619083 -728.088318 -0.093954 21
-55.573994 -724.836182 18.496174 21
-49.993092 -730.544556 16.639448 21
-35.513817 -729.924255 0.694682 21
-48.570763 -725.390503 16.844990 21
-48.302773 -731.695740 16.816349 21
-41.018269 -729.030457 7.072972 21
-62.456646 -726.891846 30.047745 21
-58.459175 -722.963318 20.992876 21
-50.496948 -731.621765 17.694805 21
-57.549992 -727.178040 27.392868 21
-38.898201 -729.638550 5.109664 21
-35.943951 -730.554504 0.686685 21
-52.283691 -727.255554 21.960848 21
-36.846943 -731.130737 2.754481 21
-47.391098 -729.291260 13.333432 21
-55.437054 -732.083679 19.171577 21
-41.055401 -729.997559 10.406845 21
-61.637592 -727.027466 22.882200 21
-48.570740 -732.209656 17.571350 21
-36.658985 -728.449219 4.864651 21
-36.287144 -731.122498 3.091575 21
-35.931168 -729.620544 3.906716 21
-59.435425 -732.480164 23.209070 21
-41.093395 -729.299683 10.921319 21
-51.348000 -733.653625 20.867924 21
-43.674397 -728.516724 13.858034 21
-51.501755 -724.012146 17.955311 21
-52.869415 -727.110657 21.627764 21
-39.212505 -728.267761 8.433486 21
-37.072323 -730.991577 0.488508 21
-47.919804 -730.214233 15.176943 21
-60.719532 -724.280151 23.445654 21
-64.625069 -725.163757 31.046593 21
-38.657036 -728.654297 8.201499 21
-56.060242 -725.246399 18.696129 21
-49.190498 -724.396851 17.575735 21
-51.435818 -726.666870 17.095675 21
-37.746181 -728.030457 2.933099 21
-37.229332 -728.304688 -1.142625 21
-61.237568 -725.940796 24.198959 21
-50.567867 -726.758545 16.602095 21
-43.113770 -728.519653 9.683802 21
-36.171196 -731.493286 -0.417794 21
-40.439163 -729.831665 10.508877 21
-63.086426 -725.271362 30.374290 21
-56.863297 -726.467590 26.186371 21
-41.692749 -729.785767 10.910254 21
-51.356911 -728.006348 21.412746 21
-43.718246 -729.603455 10.680847 21
-47.194397 -725.820068 16.145002 21
-57.809361 -724.961243 19.296419 21
-49.684143 -727.589661 19.675476 21
-57.777412 -732.373657 20.343674 21
-44.247612 -729.688232 14.259872 21
-44.907753 -729.095825 14.970600 21
-37.684425 -728.398315 7.198430 21
-54.977463 -730.308777 18.937084 21
-56.850498 -722.968445 19.513136 21
-52.302319 -729.019104 21.412771 21
-62.127529 -726.372192 27.663061 21
-52.784222 -728.420532 17.040138 21
-60.798611 -730.843384 20.505116 21
-40.716080 -729.461975 9.999147 21
-62.401562 -729.603699 23.292547 21
-63.880016 -726.888794 31.419725 21
-62.726795 -728.986694 23.236835 21
-49.672340 -728.755798 19.961735 21
-58.801094 -728.632446 25.845360 21
-44.082954 -726.824036 14.753184 21
-37.124069 -728.852478 6.711595 21
-38.456917 -728.557373 4.177891 21
-60.924675 -725.728333 23.695486 21
-38.488037 -730.237244 5.014126 21
-36.450172 -731.617737 -1.990783 21
-45.331089 -731.228882 17.065456 21
-44.221867 -730.527588 16.083616 21
-42.793262 -727.846924 11.253319 21
-52.861721 -728.983337 22.724859 21
-46.768101 -732.130981 17.822649 21
-46.720795 -726.557068 15.076804 21
-60.207684 -724.038086 23.298002 21
-39.652950 -727.607666 7.642694 21
-47.212784 -730.417664 15.046327 21
-53.346233 -728.625183 22.556734 21
-62.231071 -726.184326 28.860126 21
-36.002697 -730.431641 1.243769 21
-62.492489 -729.513000 22.060368 21
-40.170742 -728.132385 6.490108 21
-51.971645 -726.158936 17.466507 21
-44.490265 -726.900269 14.302787 21
-37.328442 -727.945007 4.152806 21
-53.025475 -723.703247 18.315784 21
-60.834003 -725.588196 23.088617 21
-56.365166 -732.962097 21.199755 21
-46.466690 -728.012695 13.542929 21
-63.716770 -727.221558 30.431269 21
-55.700623 -722.492371 19.556023 21
-37.610863 -728.752747 0.938596 21
-51.926826 -732.029663 18.491497 21
-37.205212 -730.920227 5.206118 21
-57.179195 -722.382141 20.166700 21
-39.926369 -727.949707 7.946106 21
-37.451626 -729.247314 6.874835 21
-62.800999 -724.495239 28.790600 21
-57.950325 -727.137939 20.251146 21
-52.806942 -727.069336 22.818607 21
-57.915421 -725.826843 19.696867 21
-54.691883 -724.511475 18.360357 21
-46.645290 -727.690979 15.891234 21
-52.617725 -725.731140 17.743042 21
-43.737804 -727.533936 12.560598 21
-56.256145 -726.638000 19.229980 21
-35.820847 -731.109131 -2.054580 21
-53.173550 -725.354797 17.994307 21
-43.717121 -728.784973 10.440685 21
-48.920437 -727.860413 14.985294 21
-61.837605 -727.029602 27.143164 21
-38.099327 -729.667603 7.523648 21
-39.448071 -730.063171 9.308016 21
-45.482925 -728.330872 12.156267 21
-54.468639 -728.556824 17.959732 21
-51.098198 -731.905945 18.152760 21
-59.872101 -725.204834 20.893129 21
-60.640316 -725.700500 29.205500 21
-54.635418 -728.100830 24.193596 21
-52.934006 -724.288391 18.220371 21
-54.577068 -733.790710 22.168161 21
-43.767231 -727.353027 13.060507 21
-37.908627 -729.362427 2.386582 21
-53.619217 -734.001892 21.971106 21
-55.927216 -728.971008 23.798460 21
-39.025391 -730.120422 5.933505 21
-58.965450 -732.062744 20.411484 21
-49.506260 -728.576599 20.433491 21
-59.754276 -731.919983 21.785713 21
-40.355938 -728.344482 10.054867 21
-35.705235 -728.409973 1.054022 21
-55.151199 -721.564636 19.212515 21
-47.837288 -729.389893 13.683761 21
-42.238098 -731.284180 10.602134 21
-62.890442 -725.894104 23.602123 21
-50.181576 -727.704834 20.956846 21
-46.034782 -726.184753 15.613560 21
-59.158085 -728.958801 25.860100 21
-59.221951 -732.171509 22.222214 21
-37.912457 -728.729919 -1.423942 21
-49.935429 -728.232910 15.444918 21
-43.809521 -727.196106 15.345204 21
-59.846329 -731.775635 23.395000 21
-41.472172 -731.982422 10.995937 21
-55.453072 -726.465149 18.787497 21
-43.862202 -730.101074 15.215082 21
-47.881641 -726.578491 15.626850 21
-38.127102 -728.795715 3.426172 21
-57.001015 -726.016052 19.375042 21
-37.889759 -730.817078 5.864500 21
-52.982594 -721.898254 18.818222 21
-57.882252 -726.324036 19.969608 21
-58.141705 -727.317932 27.768967 21
-38.203728 -729.429749 -1.751242 21
-63.854687 -724.117859 30.626471 21
-37.695839 -729.948547 7.105000 21
-48.260456 -732.577454 18.416052 21
-42.890625 -728.933228 9.582808 21
-38.116936 -729.861633 -1.192923 21
-58.068390 -722.608582 21.329948 21
-53.468575 -726.072571 18.004036 21
-45.233963 -727.913208 12.667311 21
-55.501057 -724.360779 18.533689 21
-37.938480 -727.774353 4.032566 21
-62.540676 -725.859680 27.872047 21
-41.761887 -728.081604 12.410653 21
-61.990395 -725.703613 30.384855 21
-52.923298 -726.273071 17.819016 21
-53.155090 -730.182922 18.211855 21
-49.927933 -727.429199 19.263405 21
-54.245903 -726.810730 23.584351 21
-58.705086 -723.788452 20.502689 21
-46.340687 -725.705261 16.529036 21
-58.633022 -731.935547 19.937563 21
-55.608109 -727.650085 19.234375 21
-51.212193 -728.819885 21.742720 21
-46.704987 -728.308472 17.076704 21
-38.016705 -730.022156 3.555851 21
-37.448475 -728.158142 0.243863 21
-64.803093 -726.730652 31.624655 21
-48.439434 -723.907837 17.435246 21
-48.697956 -726.558533 15.970677 21
-56.525677 -727.604187 19.616400 21
-50.147831 -728.154907 20.347132 21
-46.179634 -732.187378 18.417580 21
-39.119167 -727.799194 8.052481 21
-41.593956 -731.577026 9.453592 21
-57.115726 -732.389038 19.891676 21
-35.618370 -730.799805 -1.453929 21
-60.795216 -724.804321 23.703983 21
-49.237225 -725.435486 16.889072 21
-49.777153 -727.485962 18.834972 21
-40.188667 -728.480591 7.493227 21
-58.210133 -726.681030 27.961922 21
-60.229549 -725.551270 21.698000 21
-45.835503 -728.000977 12.886936 21
-46.325081 -728.190857 16.449806 21
-61.524776 -726.568726 27.247511 21
-35.506458 -729.484070 -0.107559 21
-49.483753 -732.948853 19.162457 21
-57.575645 -732.553894 20.861380 21
-36.722881 -730.615051 3.157354 21
-44.827339 -728.116089 14.735599 21
-57.683636 -723.656799 19.658377 21
-49.078571 -726.237427 16.336611 21
-55.621761 -729.964172 19.400703 21
-53.176880 -722.455750 18.853100 21
-61.762661 -726.932434 29.914759 21
-48.516449 -725.851990 16.562786 21
-46.216572 -725.379700 17.154190 21
-49.341019 -725.869751 16.705406 21
-35.818665 -731.129578 -0.031622 21
-60.561707 -725.171326 22.509798 21
-40.708385 -731.425476 10.268784 21
-52.302589 -722.124878 18.518925 21
-57.404205 -726.521790 19.810368 21
-50.094246 -731.060913 17.138994 21
-48.617085 -727.991943 19.085789 21
-44.844891 -730.921875 15.990705 21
-54.635250 -729.313843 23.269535 21
-48.100685 -732.977539 19.297541 21
-35.474503 -729.115234 -0.524414 21
-35.457428 -730.299194 0.911760 21
-35.758930 -730.471680 0.138961 21
-53.683308 -728.086060 17.821503 21
-53.900425 -724.852966 18.170153 21
-40.184116 -728.885315 9.899962 21
-45.250340 -727.413757 13.282789 21
-52.089542 -729.028992 22.129290 21
-51.204811 -727.598999 19.270555 21
-36.487255 -728.846313 4.861952 21
-38.602539 -728.374939 4.630379 21
-49.549671 -727.663147 17.682636 21
-50.935505 -725.124512 17.549173 21
-47.789474 -723.825684 17.412828 21
-51.773769 -722.446716 18.269938 21
-44.996807 -728.590576 15.273458 21
-58.674797 -733.483093 23.238417 21
-56.742992 -726.710388 19.520906 21
-55.281288 -721.892883 19.500978 21
-51.199043 -727.123413 16.693375 21
-51.063705 -723.281433 18.077127 21
-47.734097 -725.541870 16.612352 21
-35.206463 -728.993408 1.091282 21
-40.148575 -728.056152 7.148905 21
-39.254658 -730.429688 7.842394 21
-37.558086 -729.373352 7.707080 21
-52.407772 -727.054260 17.370306 21
-39.264839 -729.859070 8.939219 21
-42.517765 -729.043030 12.657074 21
-47.142834 -728.934265 13.145602 21
-41.787735 -729.086365 8.502708 21
-37.245163 -727.868286 3.390792 21
-51.375565 -728.590637 16.043007 21
-49.384007 -732.539612 18.430159 21
-38.571754 -728.119324 7.403519 21
-54.031197 -729.787231 18.472637 21
-40.467159 -730.226318 10.302160 21
-43.520855 -727.871948 12.992877 21
-62.231827 -725.101196 29.453184 21
-58.966900 -732.659302 22.671026 21
-44.476322 -727.481140 13.035129 21
-58.177547 -723.551697 19.876589 21
-47.049149 -727.881836 16.913273 21
-41.227631 -731.125244 9.639051 21
-35.587933 -729.211670 0.681992 21
-55.955681 -726.891724 25.869413 21
-54.155148 -723.590088 18.624834 21
-62.198601 -729.997925 21.818937 21
-45.420616 -728.224976 15.522210 21
-41.083809 -730.478210 10.919619 21
-36.033108 -728.531616 4.541172 21
-56.089214 -729.193726 19.123213 21
-50.665482 -732.649597 18.946184 21
-50.792542 -730.401978 17.030451 21
-50.623127 -731.923218 17.973269 21
-45.223228 -730.970886 16.742769 21
-46.931431 -732.331848 18.465897 21
-40.065990 -731.131104 8.529773 21
-58.408062 -726.947571 20.550190 21
-58.225426 -732.100403 19.951273 21
-37.355873 -730.497009 2.072102 21
-50.149269 -728.772827 15.312351 21
-41.701309 -729.200012 11.792347 21
-48.127422 -728.375122 18.470074 21
-38.501064 -730.349976 7.505623 21
-55.991760 -728.244385 25.501318 21
-46.474491 -728.734375 16.808313 21
-48.199314 -729.801025 14.288508 21
-54.636906 -721.716980 19.170675 21
-36.554794 -731.196167 1.202799 21
-54.509972 -729.699951 18.670017 21
-56.638103 -725.453369 18.984657 21
-60.569103 -726.723694 29.562063 21
-60.274521 -725.688416 28.682585 21
-54.894714 -729.560730 23.979954 21
-53.784809 -722.085327 18.992710 21
-45.518368 -726.155945 16.328766 21
-60.473083 -724.567139 24.057884 21
-48.521599 -723.368103 17.442919 21
-37.360512 -730.918030 0.824084 21
-38.032986 -727.813660 5.496721 21
-49.253635 -723.628113 17.641010 21
-59.759747 -724.403503 21.361753 21
-47.364395 -726.058411 15.803904 21
-57.149944 -724.072571 19.134563 21
-48.282539 -724.665466 17.393953 21
-51.729881 -727.542542 19.856869 21
-64.707016 -725.629272 31.172756 21
-36.048855 -728.882446 4.819395 21
-36.322990 -728.011047 2.596725 21
-40.480469 -731.107666 8.700328 21
-56.305664 -728.970642 24.192995 21
-37.657452 -727.974060 3.367654 21
-61.796810 -730.290100 23.710732 21
-37.966297 -730.619812 6.737289 21
-60.412338 -724.365723 23.148582 21
-61.311462 -726.481201 24.109236 21
-36.952225 -730.313232 5.892165 21
-54.035969 -733.608093 21.359991 21
-42.092133 -728.509338 12.119498 21
-55.471127 -727.802856 25.239475 21
-50.527420 -728.915710 20.658112 21
-59.449883 -726.310608 28.819559 21
-42.706955 -729.232910 13.379763 21
-53.494320 -728.099731 23.545446 21
-51.013138 -729.138611 20.996914 21
-36.053329 -729.812134 3.523704 21
-55.662281 -723.578247 18.889778 21
-44.019932 -730.157104 14.794553 21
-37.308983 -728.441711 6.762599 21
-52.566471 -731.921814 18.604469 21
-38.710037 -730.521179 6.086632 21
-49.110203 -729.925964 15.002771 21
-59.732182 -731.864258 20.939697 21
-55.779156 -725.670959 18.757442 21
-54.166367 -729.577515 23.601364 21
-54.267441 -728.249878 23.623821 21
-55.210617 -729.479797 18.907713 21
-58.984020 -726.270020 20.589914 21
-40.097847 -730.601562 9.872840 21
-45.580933 -726.015869 16.733150 21
-37.714783 -730.382812 3.542159 21
-63.336277 -724.149170 29.969223 21
-37.559433 -727.932617 5.765539 21
-54.967243 -729.897034 18.854292 21
-51.980503 -727.785889 19.438326 21
-47.430035 -724.474060 17.416750 21
-57.946476 -732.858215 21.651960 21
-60.028454 -731.712158 21.492758 21
-62.888531 -726.925171 30.189116 21
-59.054970 -728.087646 26.045872 21
-40.735317 -730.587646 10.506866 21
-35.714504 -731.193848 -1.022028 21
-62.090012 -726.368835 29.241066 21
-61.800724 -726.143677 24.740189 21
-47.464890 -725.049438 17.140852 21
-49.907047 -728.634705 20.312067 21
-60.030453 -727.360657 28.096933 21
-43.450535 -729.762573 14.285728 21
-43.297291 -727.924316 13.897350 21
-53.466686 -730.827515 18.476118 21
-55.960606 -727.711487 25.923256 21
-44.171535 -726.940186 15.179090 21
-63.035622 -723.984314 29.474850 21
-36.052155 -730.372498 3.460167 21
-42.836170 -729.514038 9.739036 21
-64.130554 -727.066956 31.089125 21
-46.294189 -732.015137 17.999136 21
-52.505836 -723.540405 18.378256 21
-42.388237 -730.981750 10.893564 21
-45.635788 -727.102783 13.999127 21
-58.532166 -732.262634 20.701273 21
-38.066750 -728.128723 6.926424 21
-56.812645 -727.231567 19.508259 21
-35.667206 -728.721558 0.504898 21
-36.514725 -730.701416 4.535112 21
-37.392735 -730.981812 0.134394 21
-51.627529 -732.848999 19.377060 21
-36.083660 -730.901917 -0.835833 21
-37.883369 -730.693604 5.239682 21
-55.316040 -731.684448 18.937351 21
-37.569744 -730.774353 2.502361 21
-46.514744 -725.026306 17.084522 21
-61.707878 -730.421875 22.319098 21
-41.558483 -731.257446 10.929192 21
-55.249454 -729.355530 23.815231 21
-47.022514 -728.496826 17.452030 21
-57.813869 -733.406799 22.985464 21
-46.097778 -731.724487 17.198277 21
-45.935036 -727.970642 15.745737 21
-62.497711 -729.412720 22.456686 21
-46.362072 -728.492981 12.917118 21
-57.250671 -732.772034 21.301304 21
-54.645317 -728.328247 23.396709 21
-40.434078 -728.163025 6.813374 21
-46.651958 -728.881897 12.808949 21
-38.048973 -729.098999 0.037507 21
-36.217323 -728.832153 4.270385 21
-52.338848 -725.013611 17.890226 21
-61.076729 -730.666870 24.045502 21
-50.716820 -728.295654 20.854464 21
-50.958271 -727.821350 16.308725 21
-56.318184 -727.292725 26.327581 21
-47.764687 -729.079346 17.610172 21
-59.081795 -733.356018 23.262043 21
-57.311771 -727.930054 26.757900 21
-38.733414 -728.920410 8.801197 21
-55.407742 -733.236877 21.279289 21
-37.727802 -730.902100 3.727786 21
-42.119133 -729.806091 12.069876 21
-48.083431 -729.179626 17.885345 21
-44.421566 -729.297974 14.244733 21
-56.155888 -729.534973 24.688480 21
-41.912041 -730.986633 11.022468 21
-57.104816 -733.268494 22.040140 21
-54.214508 -728.760864 23.175045 21
-40.510555 -730.987915 9.878575 21
-55.280216 -725.579285 18.524321 21
-41.111305 -728.272217 8.895897 21
-58.625210 -726.720703 28.225061 21
-41.275166 -728.558105 11.295804 21
-55.032867 -727.243225 18.619110 21
-41.644081 -728.016846 11.508618 21
-62.506477 -728.958801 24.022354 21
-37.011986 -728.092896 -0.368330 21
-47.932858 -730.499451 15.528915 21
-40.961063 -728.511963 7.822562 21
-59.237614 -732.230835 23.681688 21
-49.102959 -728.669861 19.535950 21
-35.355724 -729.124023 2.177142 21
-52.624409 -733.089905 20.003801 21
-53.816872 -727.731628 23.925381 21
-63.514530 -726.946350 31.232677 21
-49.362465 -728.508484 14.949841 21
-62.568863 -726.401184 23.406998 21
-41.484566 -730.891418 10.478828 21
-45.820168 -726.830139 14.462986 21
-57.907280 -722.756653 20.601629 21
-50.002781 -727.626892 18.104542 21
-37.056400 -731.344788 -1.114379 21
-52.742332 -727.198059 22.430529 21
-62.405636 -728.857483 21.312349 21
-57.220634 -727.353455 27.079937 21
-57.772110 -724.123047 19.440716 21
-36.926048 -729.869934 6.188771 21
-60.721043 -731.272949 22.521402 21
-58.842159 -725.847717 27.421789 21
-59.480076 -725.536743 20.531307 21
-52.086399 -727.692749 17.015110 21
-47.793121 -728.623840 13.801314 21
-51.170456 -728.835266 15.784204 21
-45.198784 -728.472656 11.772203 21
-54.740002 -733.032654 20.638597 21
-39.623802 -728.773987 5.299703 21
-50.636124 -727.415527 19.282757 21
-51.692787 -723.381958 18.300108 21
-47.189411 -727.620117 14.137321 21
-57.909451 -727.203796 25.445887 21
-61.033325 -727.189514 29.331944 21
-53.601238 -729.097778 22.419281 21
-51.010948 -725.969299 17.219225 21
-39.923515 -727.571472 7.220336 21
-49.915981 -723.799011 17.720865 21
-60.133732 -731.166504 20.136150 21
-50.186874 -733.862976 20.578869 21
-51.935947 -727.307556 20.616890 21
-58.053410 -722.832031 20.987700 21
-53.484715 -726.909912 22.728146 21
-55.180462 -727.078064 25.321728 21
-48.747322 -730.684387 16.089386 21
-50.458900 -726.377014 16.770601 21
-55.538731 -727.064331 18.910229 21
-59.683678 -726.021729 21.065891 21
-44.392487 -727.711731 12.345958 21
-53.727409 -724.194641 18.347454 21
-36.217670 -731.452881 -1.075807 21
-38.854591 -728.581543 4.903518 21
-55.470375 -723.146606 19.121998 21
-61.408592 -726.406189 28.494781 21
-58.309101 -732.869019 22.270699 21
-35.621998 -729.384094 2.023134 21
-42.430103 -731.604736 10.815178 21
-36.493660 -730.063232 4.334981 21
-59.657150 -732.198486 22.774414 21
-63.125420 -723.847290 30.269627 21
-55.996460 -724.169067 18.684200 21
-42.190136 -732.552063 10.608631 21
-57.482475 -722.329285 20.941988 21
-45.474808 -731.193420 16.296795 21
-40.237011 -728.970581 6.750661 21
-50.850643 -733.106567 19.659653 21
-49.370029 -726.927185 15.933352 21
-36.561920 -730.461182 5.003535 21
-57.415684 -723.145508 19.990295 21
-35.311546 -728.922668 2.925066 21
-38.703590 -727.835754 5.830643 21
-50.643394 -723.978271 17.937262 21
-54.566433 -732.642578 19.751976 21
-50.890163 -724.477356 17.724545 21
-42.392040 -732.763916 10.954276 21
-54.567085 -726.939087 24.204655 21
-49.654850 -730.183533 16.200603 21
-39.721233 -729.675171 6.262674 21
-46.690945 -727.844177 16.249529 21
-62.963535 -725.873230 30.961897 21
-49.731712 -731.255371 17.078100 21
-60.504452 -724.802856 22.332182 21
-35.519745 -730.720825 -0.537679 21
-44.619499 -730.782898 16.303703 21
-46.924751 -725.079346 17.551704 21
-62.443089 -725.229004 30.079514 21
-44.189907 -728.324646 11.023144 21
-54.594513 -733.259521 20.939287 21
-58.441143 -727.835144 25.783012 21
-57.167217 -727.398926 19.942593 21
-51.314541 -727.298645 20.775970 21
-59.190716 -723.318481 21.903732 21
-61.731098 -730.574585 21.925034 21
-44.693047 -727.613281 13.898352 21
-51.425838 -731.336243 17.931822 21
-59.483231 -726.917908 28.822014 21
-52.310654 -730.055176 17.824503 21
-56.311527 -733.452454 21.894203 21
-54.849773 -723.573120 18.710136 21
-58.867023 -726.136230 28.159597 21
-36.663700 -731.484131 -1.572040 21
-62.042931 -729.985107 22.585123 21
-35.610241 -729.687012 -1.603665 21
-42.027412 -731.903320 10.157264 21
-58.980579 -732.134460 21.082836 21
-51.633411 -727.847046 19.083584 21
-45.777908 -728.950134 12.067144 21
-37.519321 -727.547363 4.944969 21
-61.152405 -730.866943 20.930283 21
-39.547844 -730.588684 9.067693 21
-53.198647 -727.509399 23.418648 21
-40.970356 -730.871948 10.324501 21
-49.570473 -729.062134 19.661430 21
-41.979729 -729.920166 11.648917 21
-48.734970 -732.983093 18.839697 21
-55.655216 -722.074158 19.640953 21
-49.320114 -727.491699 18.362152 21
-43.812508 -727.907471 13.892634 21
-41.428894 -729.773438 8.575701 21
-47.517067 -728.534729 17.926853 21
-51.556091 -729.049072 21.550217 21
-55.004570 -733.720337 22.182579 21
-35.801155 -729.228699 3.004982 21
-49.914925 -725.421570 17.204849 21
-52.458672 -729.020020 16.552658 21
-37.163040 -731.193054 -0.165552 21
-53.774372 -723.658936 18.539255 21
-46.209446 -725.247986 16.766277 21
-42.782703 -732.037781 10.460488 21
-37.960236 -728.983765 7.903145 21
-56.761951 -722.559143 20.098724 21
-54.338638 -725.681152 18.252331 21
-47.722702 -727.538574 17.045565 21
-63.985748 -727.389771 30.837761 21
-57.339584 -725.360352 19.189192 21
-52.714775 -729.092407 22.239246 21
-39.139751 -730.230713 8.462335 21
-58.179379 -726.171265 27.245518 21
-56.260876 -727.387817 19.264484 21
-41.059052 -728.024963 10.161504 21
-38.839207 -730.456665 5.652090 21
-58.894791 -725.275940 20.093716 21
-58.698051 -723.216064 21.252655 21
-63.411072 -726.581299 23.541136 21
-53.083405 -729.237671 17.135408 21
-58.716259 -727.283752 27.855633 21
-47.641121 -729.823181 14.803459 21
-51.942993 -728.117188 16.662374 21
-60.046257 -731.749390 22.304155 21
-53.711624 -722.958191 18.863832 21
-60.608868 -731.162170 23.839848 21
-47.064827 -727.764160 16.512964 21
-49.221546 -727.722046 19.428268 21
-41.541878 -732.107971 10.577497 21
-45.125130 -726.811279 15.789956 21
-53.308189 -724.852661 18.104082 21
-40.507988 -728.446838 6.533723 21
-53.648384 -727.293701 23.830389 21
-36.068592 -729.356628 4.185663 21
-39.761238 -728.529968 9.017547 21
-35.765285 -729.823181 -2.555140 21
-42.034405 -732.297302 10.873163 21
-52.362534 -733.750671 21.172184 21
-37.722454 -728.741638 1.337929 21
-41.458752 -727.970276 10.223106 21
-37.475899 -727.999023 2.266171 21
-37.352921 -730.023315 6.555479 21
-44.572506 -726.830750 15.420641 21
-40.399712 -728.015991 9.720329 21
-48.780437 -733.352295 19.825937 21
-60.082905 -727.407410 26.491579 21
-46.914326 -725.360413 16.956053 21
-55.716591 -728.682129 23.639353 21
-63.507412 -724.334778 31.040258 21
-48.850292 -727.429626 18.298752 21
-53.221489 -733.671204 21.416143 21
-36.199863 -730.280396 4.145455 21
-41.257038 -730.950989 11.558147 21
-41.522163 -727.994629 10.827998 21
-52.368393 -732.597473 19.215801 21
-62.947765 -727.198669 22.108311 21
-54.354431 -732.898315 20.254654 21
-36.598877 -729.950134 4.711262 21
-61.098263 -726.428833 29.838137 21
-61.142185 -725.246826 24.468847 21
-61.861847 -725.387756 30.130770 21
-38.707737 -727.589417 6.808111 21
-63.111088 -727.111633 29.937635 21
-46.912064 -728.478394 13.285596 21
-57.900681 -732.510132 21.086992 21
-42.774742 -730.068359 12.679159 21
-52.906898 -729.364746 22.820011 21
-36.809422 -731.209412 1.977275 21
-41.088085 -731.119202 9.279950 21
-60.163044 -726.767578 29.320789 21
-62.749329 -728.910400 22.535294 21
-40.385834 -729.391846 6.933195 21
-35.771175 -731.056458 -2.916981 21
-50.497051 -728.695312 21.374189 21
-45.921738 -728.723022 16.258167 21
-43.982605 -727.183533 13.935415 21
-50.256226 -723.240845 17.867201 21
-37.383862 -730.750122 3.679392 21
-57.077419 -723.528503 19.417131 21
-44.424866 -728.546875 14.661367 21
-64.276093 -726.980591 31.695564 21
-37.478264 -730.286743 1.312708 21
-42.715824 -732.465881 10.117256 21
-40.015358 -730.099182 6.959318 21
-40.952015 -728.053528 10.906492 21
-56.743706 -732.695068 20.641846 21
-49.678562 -727.891785 19.949627 21
-58.385391 -733.260620 23.410543 21
-53.974621 -728.996521 22.232992 21
-50.781105 -733.501526 20.256634 21
-60.521618 -731.405640 21.969797 21
-35.563126 -729.195923 1.161759 21
-40.934120 -729.602844 10.281271 21
-63.829372 -725.380615 30.746178 21
-53.533455 -726.868469 17.982288 21
-40.770462 -729.543823 7.592196 21
-52.836884 -727.170166 17.590454 21
-46.688763 -727.512878 13.987219 21
-64.599564 -725.354370 31.399714 21
-55.353928 -728.135559 24.576595 21
-43.705330 -727.342896 14.499398 21
-50.257122 -726.908752 16.375084 21
-59.766834 -723.622559 22.205845 21
-41.896233 -728.772095 8.281579 21
-36.885475 -730.032837 5.206069 21
-47.322369 -732.500854 18.770910 21
-48.058693 -725.278870 16.924564 21
-60.238049 -728.255737 26.493982 21
-43.928539 -728.619568 14.151858 21
-51.532223 -727.577515 22.144220 21
-43.163143 -727.740234 12.070554 21
-63.214245 -727.668274 23.636215 21
-36.318268 -728.804016 5.275865 21
-63.310013 -726.400696 23.191429 21
-52.317577 -729.355225 22.102629 21
-44.486839 -726.800110 14.749424 21
-40.809101 -730.370422 10.188725 21
-54.158058 -722.297424 19.143572 21
-52.379295 -724.193359 18.149132 21
-61.510475 -730.515930 23.059650 21
-42.463535 -729.252991 13.041103 21
-46.067890 -729.858643 12.857594 21
-36.845715 -728.911194 6.396034 21
-58.023941 -723.338440 20.344059 21
-42.026165 -727.930237 11.615110 21
-42.738907 -729.664612 13.373563 21
-37.800705 -729.763306 2.250785 21
-37.253029 -727.830750 4.948776 21
-51.582008 -727.324219 21.388750 21
-36.647972 -730.402161 4.002829 21
-45.902420 -726.230591 16.319607 21
-60.007374 -726.162720 21.605690 21
-49.779594 -732.128784 17.900888 21
-47.172951 -727.732544 17.253176 21
-38.963448 -728.419800 8.031224 21
-61.568031 -726.577515 27.621517 21
-49.413471 -730.888916 16.612494 21
-61.838451 -725.323547 29.479343 21
-55.238358 -732.555237 19.726433 21
-42.806004 -729.780090 12.323796 21
-35.845497 -728.550415 4.084527 21
-51.857281 -733.868408 21.239492 21
-53.203384 -733.413025 20.673517 21
-51.532970 -725.007019 17.752844 21
-53.086224 -727.086792 21.951469 21
-51.019493 -727.328125 20.114817 21
-61.472717 -726.010925 28.801376 21
-52.077866 -730.912720 17.998425 21
-43.030415 -728.097351 13.579915 21
-59.949474 -723.877197 22.584112 21
-44.029442 -728.024719 11.647104 21
-58.442665 -722.572693 21.222679 21
-51.454056 -727.446655 16.772608 21
-54.753029 -732.233276 19.251446 21
-52.546055 -731.487732 18.426826 21
-57.936470 -728.095825 25.369234 21
-35.498058 -728.596497 0.204227 21
-60.055683 -724.232483 21.897324 21
-50.606182 -725.778320 17.133350 21
-62.626934 -728.806519 23.681747 21
-63.143738 -726.871765 30.614788 21
-61.823601 -726.599243 30.072062 21
-57.239651 -724.547424 19.008192 21
-36.810551 -728.529663 5.262646 21
-51.723160 -728.301819 16.390312 21
-51.891861 -727.321045 22.069714 21
-53.980068 -731.395020 18.712690 21
-49.046577 -727.598083 17.498148 21
-36.368473 -728.142334 3.440462 21
-36.549576 -729.132935 5.129941 21
-55.451180 -728.734924 23.291166 21
-50.785671 -728.074707 16.009794 21
-58.989372 -723.049988 21.618921 21
-62.811707 -728.101074 24.080107 21
-35.657051 -728.970215 1.970606 21
-43.345585 -729.782837 13.836055 21
-48.688885 -727.216492 15.427106 21
-49.075840 -729.204346 14.425810 21
-47.924633 -727.618896 17.374535 21
-59.857666 -728.101074 26.489000 21
-46.407101 -727.015625 14.625025 21
-47.733036 -732.659912 18.379313 21
-59.216747 -725.947449 28.139050 21
-51.911663 -731.622803 18.235287 21
-51.209682 -728.396973 21.344822 21
-44.007729 -727.697571 12.289598 21
-42.066956 -729.808472 9.553225 21
-63.030319 -726.523499 22.482399 21
-37.122913 -727.616516 4.091390 21
-58.145000 -727.786133 27.418346 21
-42.509651 -729.588379 12.529268 21
-39.948288 -729.607849 9.761111 21
-56.377625 -733.626099 22.235727 21
-46.597618 -728.040649 17.401508 21
-53.897411 -733.231201 20.675501 21
-43.350845 -728.452759 13.448600 21
-52.276997 -723.843628 18.260248 21
-63.321915 -725.756165 30.950788 21
-54.922031 -729.170532 18.396706 21
-53.563824 -733.652954 21.237167 21
-48.696514 -724.949036 17.214010 21
-54.147564 -726.258423 18.261515 21
-55.845226 -726.033447 18.858847 21
-42.142277 -728.300049 12.984819 21
-65.500168 -726.291016 31.629585 21
-52.988518 -722.908752 18.609322 21
-39.114910 -727.562561 7.205146 21
-39.488842 -729.065857 8.855839 21
-35.400547 -729.843262 -0.403325 21
-38.775932 -727.818176 6.434564 21
-53.011559 -728.967041 16.882427 21
-48.453213 -728.878845 14.114549 21
-39.867069 -727.631531 6.776894 21
-36.768791 -727.704346 3.192470 21
-53.606995 -728.435791 22.784906 21
-45.212914 -728.094299 12.265536 21
-37.726887 -729.288879 0.658516 21
-35.832050 -731.022644 0.873907 21
-53.019775 -726.775635 17.733704 21
-59.977642 -726.632812 26.754038 21
-54.172604 -733.360535 20.899948 21
-40.665207 -728.623352 7.263606 21
-35.983982 -730.469116 1.976218 21
-44.382744 -728.032654 14.105880 21
-37.777878 -730.076904 2.771529 21
-61.361443 -727.289917 22.069553 21
-39.630985 -730.335266 8.494520 21
-54.627445 -728.058044 24.563631 21
-38.062580 -728.901489 3.065060 21
-54.689068 -727.257202 24.858282 21
-41.162468 -731.341248 8.896111 21
-36.873409 -728.446838 6.034340 21
-60.976376 -730.824158 22.170717 21
-57.074196 -728.856140 24.827642 21
-43.760693 -729.268250 13.750451 21
-60.485317 -727.884827 26.888449 21
-37.355808 -728.285583 -0.784542 21
-56.044022 -726.942383 19.199474 21
-48.560482 -728.474609 18.949722 21
-49.217617 -722.998108 17.424831 21
-53.357487 -733.057312 20.174419 21
-36.029659 -730.885376 2.180103 21
-41.277718 -730.221741 10.630179 21
-49.911961 -731.697815 17.488586 21
-39.199089 -729.715576 9.303818 21
-64.058014 -727.299500 31.772673 21
-44.568886 -727.960022 12.143404 21
-61.234005 -725.251648 28.956627 21
-50.344940 -732.124146 18.116676 21
-43.101971 -729.230408 13.803492 21
-39.541859 -727.770142 8.038467 21
-49.952244 -727.842468 20.233486 21
-39.322643 -728.366272 5.059133 21
-52.039028 -728.048828 22.178715 21
-42.631863 -732.815613 10.576344 21
-41.108669 -731.340027 10.086222 21
-41.941494 -728.315063 11.828238 21
-60.734913 -727.362610 28.776728 21
-51.877029 -730.411743 17.627899 21
-39.202251 -729.446411 8.284683 21
-42.781334 -727.564819 12.694794 21
-53.550240 -722.465637 18.825718 21
-54.037556 -728.894958 17.612587 21
-53.199257 -727.136353 22.783321 21
-37.080746 -728.209900 6.517208 21
-45.089340 -728.813416 11.584326 21
-36.584011 -728.051880 1.191687 21
-37.941856 -728.741882 -0.040897 21
-53.825756 -731.639526 18.959524 21
-47.987797 -728.783447 18.279015 21
-51.087021 -731.251587 17.703793 21
-58.701523 -724.406006 19.950466 21
-56.857880 -729.540222 25.050428 21
-41.471771 -729.785278 11.209354 21
-58.385494 -723.366882 20.660168 21
-37.974533 -728.460449 2.086206 21
-55.959251 -733.231995 21.442570 21
-45.420197 -727.980286 15.194136 21
-50.780308 -727.446228 16.305746 21
-45.594772 -729.652893 12.281796 21
-36.322941 -731.210022 -1.406961 21
-50.705906 -733.952698 20.757879 21
-50.226280 -727.857666 15.753301 21
-50.587837 -727.369324 19.839565 21
-38.619648 -729.126465 4.409028 21
-38.067566 -728.429993 3.639586 21
-46.748787 -725.740540 16.700760 21
-49.102074 -732.260742 17.852560 21
-60.108719 -724.262634 22.359354 21
-41.001083 -727.928650 7.122285 21
-61.215023 -725.671509 29.982153 21
-62.983963 -727.811951 22.292894 21
-41.974148 -729.516113 12.236128 21
-63.026390 -727.955139 22.717913 21
-46.640343 -725.432983 17.218622 21
-56.867069 -733.585388 22.879120 21
-58.165745 -732.306274 20.387089 21
-58.505337 -723.703369 19.986870 21
-60.915565 -727.479370 27.335176 21
-41.921082 -728.397522 8.932717 21
-37.325420 -730.665466 0.334787 21
-37.072643 -730.615723 3.900883 21
-57.479633 -731.892639 19.534662 21
-37.741543 -728.764526 7.521661 21
-61.401657 -726.884277 29.815645 21
-58.512989 -726.172974 20.198383 21
-59.307930 -732.303528 21.017797 21
-36.182209 -730.626343 3.696842 21
-41.427120 -731.551025 10.244843 21
-48.339241 -727.630066 17.364338 21
-49.266094 -727.490540 18.956484 21
-35.897282 -729.224121 4.575264 21
-50.618198 -727.629822 18.659277 21
-62.311714 -729.216858 21.379822 21
-62.328758 -724.933899 28.774315 21
-64.244987 -725.026855 30.940964 21
-39.395073 -729.514038 5.613528 21
-37.682232 -729.542908 7.141785 21
-41.694874 -731.731018 10.831976 21
-54.136520 -728.588440 23.558880 21
-52.845455 -728.288574 22.530401 21
-58.902569 -723.592957 21.153452 21
-36.452431 -730.479919 2.811454 21
-63.094521 -726.791077 22.741192 21
-51.697933 -731.078674 17.919193 21
-56.022552 -732.876770 20.797729 21
-50.833447 -727.097717 16.603559 21