-51.597179 -727.304382 20.342884 21
-36.014507 -731.019775 -3.218950 21
-66.083679 -726.146362 31.423010 21
-41.200073 -732.226868 10.755841 21
-62.329098 -729.587524 21.599686 21
-37.217434 -727.630981 4.546526 21
-44.663380 -726.455444 15.708390 21
-58.514019 -726.338745 28.150938 21
-58.109928 -722.366882 20.956766 21
-55.555698 -734.073486 22.393816 21
-46.937119 -732.669373 18.885571 21
-49.871742 -729.185242 14.976106 21
-52.681751 -721.907410 18.423725 21
-57.028385 -729.431885 19.571825 21
-54.922783 -728.280396 24.522276 21
-61.645206 -725.003540 24.096565 21
-52.262829 -732.266174 18.723698 21
-44.779602 -728.623535 11.074788 21
-48.154320 -723.530151 17.572237 21
-41.087006 -728.632263 7.322288 21
-36.759472 -731.273376 1.566452 21
-62.850151 -724.879517 28.509876 21
-55.617344 -725.289062 18.571890 21
-59.789356 -732.794861 23.362974 21
-44.864578 -730.827881 15.520718 21
-47.739586 -728.437378 18.673119 21
-59.376785 -726.293396 20.929789 21
-53.307175 -728.761475 17.086926 21
-36.873623 -728.171875 -0.758868 21
-40.935524 -728.393005 11.458131 21
-38.015461 -730.869263 6.358554 21
-50.687614 -726.111206 16.982529 21
-58.291550 -728.959961 25.699917 21
-46.972248 -728.086243 13.608242 21
-59.674271 -731.430176 20.046133 21
-55.556175 -732.400330 19.508881 21
-49.836693 -733.707031 20.396124 21
-49.477951 -731.548157 17.220209 21
-63.095730 -727.906128 24.232000 21
-39.036846 -729.987244 9.482316 21
-52.613007 -729.327576 22.568653 21
-63.255199 -727.235229 30.674866 21
-47.803871 -726.095703 15.890218 21
-42.732067 -729.427246 13.751940 21
-55.584610 -721.597107 19.383894 21
-52.706264 -733.807007 21.413879 21
-61.133881 -727.285034 27.042473 21
-35.353317 -728.815308 2.489712 21
-38.059505 -728.022095 7.380925 21
-38.200390 -728.684143 1.790769 21
-56.655071 -726.326599 25.802385 21
-37.973122 -731.100037 -1.102080 21
-61.254574 -730.301697 24.168341 21
-64.036827 -724.304138 30.999111 21
-52.818951 -724.696594 18.063253 21
-54.568356 -727.472107 21.880247 21
-60.715416 -726.452881 29.884600 21
-59.967083 -723.951477 22.203865 21
-57.647552 -732.688599 21.342361 21
-38.013859 -729.126709 -3.002423 21
-42.422623 -729.706848 9.641933 21
-47.558807 -730.505249 15.340326 21
-36.340881 -730.664612 4.143897 21
-58.040604 -724.559753 19.415819 21
-39.854027 -728.937378 4.990644 21
-46.156635 -728.589844 16.557554 21
-61.669479 -727.073303 22.028212 21
-35.445026 -730.322754 -0.475757 21
-44.201641 -727.271484 13.291860 21
-54.580559 -730.105774 18.807449 21
-49.922962 -729.132446 19.846107 21
-50.642410 -723.308655 17.952646 21
-57.045769 -726.976562 19.744352 21
-51.516476 -730.326111 17.385071 21
-54.720715 -727.451355 18.425734 21
-46.498936 -725.141418 17.486095 21
-40.469101 -726.436462 7.345600 21
-60.831001 -731.189575 22.111294 21
-40.271919 -728.036865 9.344679 21
-46.486019 -731.717285 16.912497 21
-45.799187 -729.873901 12.595678 21
-63.539284 -726.095154 23.032490 21
-44.653214 -728.705688 14.937234 21
-49.733692 -727.501770 18.408583 21
-52.312401 -727.170776 22.417055 21
-57.560223 -731.543030 19.413319 21
-54.505890 -723.375183 18.786478 21
-38.269352 -729.694031 3.728981 21
-40.812012 -731.077637 8.951099 21
-52.662971 -726.746216 17.605894 21
-51.237778 -728.193054 16.200083 21
-42.945599 -727.812134 11.743605 21
-36.957180 -729.155518 5.965769 21
-57.438301 -733.543823 23.200916 21
-49.477779 -727.290039 15.759091 21
-56.524792 -729.551270 24.890911 21
-62.387947 -725.425293 30.477623 21
-50.271210 -732.586975 18.752789 21
-42.457951 -729.773071 11.674654 21
-57.473728 -727.674255 27.044662 21
-43.027039 -733.013672 10.550128 21
-50.801155 -728.802368 21.605295 21
-35.192711 -728.566833 0.425407 21
-40.770718 -730.239563 10.742517 21
-56.561905 -723.276611 19.350279 21
-53.748482 -726.894470 23.720509 21
-39.830402 -729.971497 6.635469 21
-53.626423 -732.891785 19.947044 21
-48.972603 -725.251343 17.200075 21
-37.723961 -729.714478 0.246831 21
-35.670704 -729.351562 -2.112669 21
-48.130474 -727.531738 17.070103 21
-46.223778 -726.681458 14.677187 21
-60.189861 -725.492737 28.290104 21
-62.358295 -726.604004 29.019522 21
-54.655029 -729.103699 22.881411 21
-48.294216 -729.393066 14.026619 21
-35.830879 -728.883850 4.400315 21
-60.711899 -725.637146 22.560823 21
-51.596378 -733.277710 20.064463 21
-60.058331 -728.499023 26.236292 21
-36.773319 -727.729858 2.645424 21
-36.321056 -731.799927 -1.274557 21
-42.009354 -728.009460 10.013618 21
-39.624020 -727.829346 6.528841 21
-59.398643 -724.535950 20.584068 21
-61.114166 -730.452881 20.515865 21
-59.716770 -727.647888 28.075666 21
-59.275414 -732.011047 21.802261 21
-64.379036 -726.546631 31.833378 21
-53.001671 -730.709656 18.284939 21
-35.490875 -730.104248 1.288896 21
-42.683846 -731.225525 10.728760 21
-62.885170 -729.674683 24.043003 21
-62.077072 -726.582581 24.785149 21
-56.238358 -728.010498 25.781797 21
-62.968121 -728.175049 22.402636 21
-55.407883 -726.585693 24.609468 21
-45.597370 -728.108948 12.541753 21
-48.577072 -733.073059 19.404379 21
-38.894615 -730.744324 7.869360 21
-55.032997 -733.196289 21.020464 21
-36.845657 -727.898682 0.948411 21
-50.053577 -730.155762 16.373785 21
-62.524788 -726.131592 27.379114 21
-37.258804 -729.694092 7.562276 21
-47.919586 -727.469604 14.869720 21
-58.366703 -726.712891 26.003546 21
-44.897243 -731.236511 17.203148 21
-47.567513 -729.196045 17.203348 21
-53.983303 -725.916870 18.181427 21
-43.428837 -727.535828 14.705197 21
-51.331734 -727.811096 18.814032 21
-54.183056 -731.689819 18.865879 21
-39.037796 -728.723694 8.455100 21
-38.171627 -729.425232 -1.278730 21
-43.508488 -728.592224 10.083329 21
-43.516491 -729.827881 15.111353 21
-49.951519 -727.523254 20.032818 21
-37.636364 -730.114868 2.251783 21
-46.160122 -725.906494 16.134655 21
-41.811958 -728.296326 12.792265 21
-48.028679 -731.519043 16.481569 21
-63.015434 -723.850342 29.884516 21
-51.215603 -724.782593 17.668896 21
-38.507080 -727.866577 5.421949 21
-53.111248 -727.629639 20.513508 21
-48.401936 -732.430054 17.992746 21
-38.100895 -728.199829 3.308158 21
-38.844894 -730.120850 5.264909 21
-52.530384 -729.206055 21.019583 21
-46.739044 -729.816223 14.237622 21
-54.056206 -721.834778 19.226927 21
-55.908279 -730.978821 19.041203 21
-36.147980 -730.308289 2.659504 21
-60.363594 -724.248718 23.737604 21
-52.138176 -723.337585 18.405481 21
-54.058369 -734.017517 22.109541 21
-58.257244 -725.992676 19.932272 21
-56.801140 -722.065002 20.267145 21
-60.372807 -731.423401 23.652075 21
-36.858150 -731.078552 0.074145 21
-42.044094 -728.618835 8.639852 21
-59.749321 -726.890076 26.596460 21
-55.729134 -729.041260 18.935211 21
-61.513161 -725.358032 29.246733 21
-53.477634 -728.219849 23.092035 21
-50.928883 -731.608887 17.848358 21
-57.002018 -725.578491 19.159447 21
-58.173592 -727.289246 20.629341 21
-41.103783 -729.815308 8.195924 21
-43.831066 -729.923462 11.235202 21
-37.574974 -730.817261 4.958667 21
-60.973614 -727.094604 28.543812 21
-61.740559 -730.266418 22.722034 21
-55.806370 -726.689941 18.999662 21
-56.811562 -732.526917 20.188364 21
-55.277462 -729.624390 24.162485 21
-58.503609 -732.175842 20.295662 21
-58.888691 -722.974670 21.987703 21
-56.335159 -733.189026 21.582615 21
-62.293125 -726.700623 23.331604 21
-45.860291 -732.048706 18.154026 21
-45.740486 -727.899353 15.375456 21
-48.863434 -730.025818 15.610707 21
-39.287579 -727.409363 7.847636 21
-63.708424 -725.705261 30.931049 21
-60.993847 -726.266968 23.940708 21
-52.125797 -729.241699 16.465992 21
-58.559196 -732.882141 22.625437 21
-49.453518 -724.003296 17.614202 21
-48.989376 -728.268982 19.283648 21
-57.769386 -723.354614 20.031879 21
-43.156544 -728.211182 13.128924 21
-35.650509 -730.707947 -1.873834 21
-40.359211 -729.406738 9.715107 21
-44.098938 -729.411621 13.920166 21
-45.535240 -727.277283 13.626241 21
-65.015358 -725.332520 31.246704 21
-47.007431 -727.630371 16.137093 21
-54.257267 -724.601807 18.280037 21
-59.686649 -726.641174 29.020021 21
-45.828201 -729.316406 15.459708 21
-60.183296 -725.304688 21.332106 21
-35.658325 -728.833008 -0.794157 21
-51.577843 -727.116089 16.960222 21
-59.939629 -726.865051 21.978176 21
-56.127666 -728.616760 23.997627 21
-37.369205 -728.560303 -2.013994 21
-51.345764 -727.571960 21.617729 21
-47.736839 -724.743530 17.256834 21
-57.723301 -726.328369 27.090576 21
-62.107761 -726.705383 30.305893 21
-51.465633 -722.227539 18.044106 21
-54.690701 -728.896790 18.151840 21
-44.203022 -727.894592 12.031813 21
-47.001034 -729.323120 13.061729 21
-49.486248 -726.213501 16.497822 21
-55.654053 -723.958984 18.691919 21
-48.832054 -728.403503 14.655106 21
-41.673130 -731.352051 9.859535 21
-41.615971 -730.980225 11.384254 21
-50.981743 -729.347778 15.766068 21
-51.023804 -733.988403 20.944359 21
-37.074898 -731.031128 3.143672 21
-46.970745 -728.088928 17.355145 21
-38.661522 -728.812439 4.606529 21
-53.373089 -727.161682 21.692091 21
-62.513042 -729.299011 22.914433 21
-58.648006 -723.528809 20.888151 21
-40.330009 -731.324951 10.063825 21
-36.501278 -730.042419 5.232631 21
-52.131855 -725.630493 17.630667 21
-44.859055 -726.747559 14.522045 21
-49.609650 -722.722717 17.591454 21
-37.769859 -728.481567 0.221081 21
-53.324364 -722.906921 18.775362 21
-40.166828 -728.340820 8.097659 21
-47.210339 -732.222839 17.763231 21
-53.827972 -733.472046 21.014027 21
-57.090092 -728.480713 24.784903 21
-60.200027 -731.592163 21.138474 21
-56.912556 -724.361084 18.920822 21
-38.554863 -729.410217 7.571461 21
-53.352547 -727.770874 17.778004 21
-39.618687 -730.905884 8.830209 21
-53.635178 -728.950256 22.037956 21
-49.341751 -727.626526 17.248669 21
-55.425282 -722.788757 19.356199 21
-37.580585 -728.115723 6.172344 21
-35.728371 -728.200012 1.438692 21
-52.212269 -728.335266 22.013021 21
-48.501575 -727.601074 18.213326 21
-35.740894 -730.994629 0.502577 21
-52.663708 -729.788452 17.602942 21
-58.487190 -727.594116 27.670891 21
-36.051952 -728.346252 3.348863 21
-44.037029 -728.239563 13.972884 21
-58.044884 -727.750610 25.496595 21
-55.201332 -727.475342 25.354004 21
-50.560356 -727.152649 16.356550 21
-48.605789 -729.031311 17.744593 21
-62.983349 -726.943115 22.406111 21
-50.119175 -725.160034 17.415751 21
-43.078255 -729.817139 12.702560 21
-45.795033 -731.299561 16.073425 21
-40.344288 -728.529663 10.467993 21
-35.781372 -729.474060 3.402270 21
-49.049904 -730.830444 16.415995 21
-52.000797 -731.268494 18.118832 21
-61.702854 -730.544495 21.526274 21
-44.800339 -729.763123 11.822373 21
-41.345490 -729.447205 11.340144 21
-39.760403 -728.909790 6.131227 21
-57.185833 -729.351929 25.799618 21
-47.170677 -725.527832 16.646200 21
-42.606911 -732.114990 9.973174 21
-36.613686 -728.234497 5.391181 21
-41.937885 -727.923035 11.214530 21
-58.939079 -727.680420 26.190002 21
-61.234715 -726.213867 27.374508 21
-60.019299 -731.897156 22.686779 21
-45.245358 -726.263123 16.677416 21
-50.462646 -730.850342 17.163786 21
-54.444275 -727.221619 24.556623 21
-53.609413 -729.763916 18.280321 21
-63.396996 -724.854492 30.254774 21
-56.595821 -727.119385 26.596733 21
-50.430332 -728.418701 20.555458 21
-63.299461 -726.804199 23.875406 21
-51.493542 -728.958252 20.683691 21
-62.312412 -728.769531 24.324900 21
-40.884819 -727.597412 6.994779 21
-61.218548 -727.164551 23.025541 21
-37.996441 -729.167053 2.791142 21
-56.524384 -731.885193 19.298824 21
-52.546814 -732.877991 19.598663 21
-37.159672 -730.187317 6.264818 21
-50.333946 -728.364563 15.612318 21
-53.732410 -729.483093 23.328754 21
-36.202206 -728.185669 0.097363 21
-39.166550 -729.813721 8.385710 21
-62.567451 -724.853882 29.557642 21
-52.285683 -728.227844 16.831219 21
-56.563778 -733.699158 22.556858 21
-53.856628 -727.045715 22.650000 21
-51.265915 -732.683105 19.125866 21
-49.472565 -732.302002 18.083006 21
-54.887981 -726.376282 18.541346 21
-44.274391 -730.715454 16.514574 21
-35.447071 -729.602112 0.329324 21
-47.153149 -726.691040 15.191236 21
-54.015717 -728.079163 24.008074 21
-48.510670 -726.848755 15.617077 21
-37.636627 -730.562683 3.940015 21
-62.822773 -725.420471 23.450497 21
-39.839539 -730.349854 10.094149 21
-53.342308 -732.303772 19.083042 21
-52.347473 -727.732544 19.752110 21
-44.905354 -727.808716 14.439813 21
-55.105705 -728.337463 23.454853 21
-59.190327 -725.503174 20.248659 21
-37.381050 -730.499756 0.876722 21
-50.668579 -727.348389 20.837843 21
-55.997532 -727.615784 19.447670 21
-38.816303 -730.177124 6.401165 21
-49.667816 -733.106262 19.558771 21
-42.836884 -728.018921 10.651727 21
-56.054844 -729.981262 19.323027 21
-37.414627 -727.948425 1.852636 21
-61.242802 -726.031860 28.505272 21
-54.689827 -732.767029 20.118977 21
-53.443600 -723.874512 18.416553 21
-40.574406 -729.545898 7.265717 21
-61.398243 -727.144836 29.540037 21
-46.940590 -727.377380 14.411507 21
-60.819958 -725.302612 23.532314 21
-55.822838 -732.801514 20.505434 21
-42.170506 -729.322327 12.583833 21
-38.450058 -727.562866 6.419089 21
-41.283195 -728.186646 9.247692 21
-46.213478 -728.946838 12.441684 21
-61.134651 -725.493774 24.836044 21
-63.017521 -726.739563 29.794775 21
-37.458412 -728.799683 7.072182 21
-60.515411 -724.636230 22.743713 21
-52.857040 -733.328064 20.477497 21
-38.117538 -730.260193 7.197166 21
-42.797478 -728.566467 9.352826 21
-61.467449 -725.826904 30.206440 21
-42.014336 -732.845642 10.835862 21
-47.833855 -728.330811 14.100158 21
-36.180466 -731.702698 -2.473428 21
-63.166401 -727.616516 23.257595 21
-38.204132 -727.898010 4.459645 21
-57.489689 -733.216553 22.208334 21
-52.360050 -727.175659 21.415226 21
-52.976788 -727.298645 23.172289 21
-51.839512 -729.260559 21.755119 21
-53.882896 -726.958435 18.119482 21
-50.896690 -727.389221 19.606867 21
-39.520275 -728.791626 9.350264 21
-45.393787 -728.821594 11.852066 21
-37.771549 -728.537292 -1.052569 21
-60.179596 -725.812378 29.299131 21
-48.186142 -725.518860 16.637039 21
-59.180748 -725.712830 27.722618 21
-59.410301 -731.879150 23.552319 21
-41.851955 -728.751160 11.811948 21
-62.913944 -726.313660 30.912537 21
-62.607792 -728.630249 21.583721 21
-39.835972 -730.340515 7.908383 21
-64.007568 -727.348572 31.371687 21
-61.092777 -730.964844 23.040531 21
-37.710197 -729.180603 1.102207 21
-43.322300 -730.145630 14.114383 21
-35.880569 -731.188965 -0.604994 21
-41.197132 -728.012817 10.584565 21
-36.834312 -727.843445 3.635612 21
-59.354122 -731.995605 20.781231 21
-42.169731 -730.092468 10.784844 21
-43.815136 -728.192505 11.177846 21
-35.585712 -729.172791 1.583350 21
-35.294701 -729.777710 -1.308580 21
-48.771702 -729.057617 18.741268 21
-62.803505 -728.496582 23.494225 21
-51.929585 -724.251953 18.081150 21
-58.588287 -724.055115 20.062859 21
-54.955696 -731.062744 18.899502 21
-62.150642 -725.556641 28.489346 21
-45.655293 -726.336060 15.387200 21
-59.062851 -728.678894 26.225210 21
-35.865749 -730.803467 1.852960 21
-50.625069 -733.267334 19.962242 21
-50.384033 -724.277954 17.804956 21
-40.136620 -728.490112 7.052357 21
-55.622566 -726.675537 25.685688 21
-61.750805 -729.742432 20.843683 21
-59.445587 -723.971985 21.370924 21
-39.404667 -728.210388 5.564104 21
-47.916046 -732.780640 18.751934 21
-43.360291 -727.497986 13.740020 21
-44.089207 -729.181885 10.675387 21
-53.028812 -725.851624 17.877836 21
-62.117661 -730.019409 23.574905 21
-44.330280 -727.320984 15.074418 21
-39.772377 -729.951172 5.692581 21
-58.535828 -732.333496 21.291624 21
-51.930622 -733.711609 20.857599 21
-53.912704 -730.804810 18.656431 21
-59.021145 -727.055542 28.487053 21
-41.113003 -728.366028 8.222697 21
-46.839439 -729.250671 16.558264 21
-38.170063 -728.665527 8.092057 21
-40.839027 -729.323486 10.538616 21
-48.486450 -731.973694 17.172459 21
-60.413555 -727.647766 26.565739 21
-65.294777 -726.602722 31.589752 21
-60.784283 -727.359558 22.052662 21
-52.897324 -731.608521 18.540482 21
-37.150459 -731.508179 -1.551368 21
-41.069714 -731.149841 10.594279 21
-48.577362 -724.342712 17.461340 21
-45.861000 -725.552979 16.948782 21
-44.104393 -730.270935 15.678005 21
-49.142548 -728.560181 20.152342 21
-58.771912 -733.110657 23.494446 21
-50.857349 -730.001343 16.827429 21
-54.854988 -733.638550 21.807255 21
-61.013443 -731.127197 21.202562 21
-36.561638 -728.312500 4.439981 21
-36.231979 -729.169067 5.365903 21
-55.946617 -722.238770 19.916012 21
-43.391087 -727.377747 12.831208 21
-48.045776 -729.827271 14.959518 21
-35.963715 -728.077576 2.377480 21
-57.778042 -726.836487 25.309427 21
-48.990555 -729.550842 14.605106 21
-43.336773 -729.789673 10.473412 21
-51.565662 -726.253540 17.275272 21
-44.978504 -729.546143 14.823356 21
-62.691715 -726.127075 22.722178 21
-36.225220 -729.733887 4.432900 21
-50.627113 -727.719910 18.262665 21
-59.323872 -727.185547 21.094065 21
-54.002811 -728.451660 17.772438 21
-60.257370 -726.016296 21.875586 21
-54.766701 -725.490967 18.357681 21
-54.325436 -732.413147 19.367231 21
-38.287186 -730.217590 4.571910 21
-38.337555 -729.485474 -2.175864 21
-52.631184 -728.019409 22.766022 21
-63.198673 -724.022644 30.845116 21
-42.035915 -731.870667 10.749642 21
-48.298759 -730.698059 15.926577 21
-49.277340 -732.795288 18.822979 21
-60.392288 -726.524109 22.662163 21
-59.886768 -723.781189 23.071693 21
-54.623215 -726.732300 23.830227 21
-38.919098 -727.876770 7.176238 21
-62.030827 -725.721436 24.559107 21
-40.186871 -727.561584 7.567456 21
-45.257282 -728.609253 15.621146 21
-35.586384 -729.678894 2.314187 21
-60.408985 -731.085693 20.426620 21
-37.622578 -727.896240 5.298301 21
-46.182240 -727.947998 13.191940 21
-49.454941 -728.135315 15.253621 21
-49.489132 -727.492737 19.242973 21
-44.994572 -727.579529 12.890793 21
-51.435463 -732.127380 18.428820 21
-42.538948 -727.842163 12.532979 21
-64.202171 -725.055176 31.448277 21
-47.757702 -727.962402 17.923964 21
-37.676609 -730.892456 -0.217683 21
-47.664375 -728.949707 13.512963 21
-55.593403 -728.304382 25.106434 21
-54.576141 -722.569275 19.199017 21
-53.568123 -725.152954 18.083239 21
-58.485909 -725.905151 27.208229 21
-57.033253 -728.031189 26.380789 21
-41.636776 -730.033081 9.457626 21
-57.895512 -726.947205 27.698942 21
-57.622330 -732.255310 19.917025 21
-38.054653 -729.045288 -0.370981 21
-57.355576 -723.780762 19.390394 21
-37.824772 -730.196289 3.158855 21
-41.788349 -729.509338 8.632766 21
-59.318661 -732.409485 22.629353 21
-62.963387 -724.166565 29.069111 21
-48.623764 -726.169495 16.284769 21
-43.472984 -728.888123 13.643673 21
-47.459484 -731.164978 15.919930 21
-50.558846 -722.467468 17.731653 21
-56.615211 -726.329407 19.340197 21
-49.055153 -733.569702 20.088598 21
-58.709839 -724.925537 19.822487 21
-55.156334 -724.581482 18.375046 21
-54.564114 -729.462341 23.715590 21
-52.374916 -727.444824 17.204882 21
-57.035191 -722.841370 20.005535 21
-60.506771 -727.081604 29.268984 21
-37.612617 -729.666992 6.784504 21
-37.101860 -731.306824 -0.715253 21
-60.734077 -724.849365 24.262482 21
-37.030083 -728.020935 0.103125 21
-59.318005 -726.086121 28.491503 21
-57.789829 -726.737549 20.103298 21
-57.850437 -725.392395 19.425650 21
-54.988712 -731.908325 19.043839 21
-58.652782 -726.546875 20.582529 21
-63.741989 -726.501709 31.234425 21
-48.959461 -723.294189 17.578310 21
-46.941811 -726.012268 15.808123 21
-40.574287 -728.922668 6.467115 21
-37.178032 -730.818237 2.295335 21
-35.240395 -729.477051 -0.487699 21
-45.727028 -731.532471 17.264959 21
-54.291134 -728.352722 23.179552 21
-37.907047 -728.205078 2.475282 21
-45.037888 -731.073303 16.347132 21
-55.530716 -729.057251 23.559399 21
-50.306984 -727.452454 19.020920 21
-36.519611 -728.004883 1.722964 21
-62.711277 -726.206482 23.874695 21
-39.482700 -728.113647 8.801236 21
-60.125378 -724.479187 21.561285 21
-38.312458 -728.863953 3.822933 21
-39.195938 -729.361084 5.325952 21
-59.667202 -723.175354 22.252928 21
-37.778702 -728.335876 1.056782 21
-36.324688 -730.734741 1.101533 21
-37.493340 -727.680786 3.079171 21
-52.213783 -730.458557 17.835543 21
-40.180527 -730.671265 9.392164 21
-51.026657 -728.142822 21.099884 21
-37.122757 -730.798279 5.658178 21
-44.031719 -727.094055 14.332180 21
-46.883713 -728.520264 12.900560 21
-47.802433 -728.887817 17.967377 21
-50.168468 -731.931335 17.805792 21
-58.442829 -731.618042 19.698191 21
-64.200012 -727.160645 30.601345 21
-57.476849 -726.108215 19.651060 21
-48.669411 -727.547974 15.203086 21
-61.904545 -726.702148 27.436386 21
-36.176693 -730.755371 3.342255 21
-56.905022 -732.786743 21.025972 21
-42.824894 -728.945923 12.938131 21
-35.783497 -730.222473 -2.522994 21
-53.397060 -722.086121 18.799679 21
-38.741657 -728.091797 8.019082 21
-51.365566 -723.601379 18.174507 21
-46.294773 -727.550781 13.941509 21
-42.699390 -728.038879 13.794413 21
-51.108585 -725.574829 17.393303 21
-56.459480 -725.040771 18.795656 21
-57.323944 -726.235291 26.408419 21
-55.966816 -727.302856 26.066559 21
-43.164268 -729.284180 9.866164 21
-37.822701 -729.393127 1.942454 21
-60.151497 -727.062073 27.717850 21
-41.871101 -731.029663 10.597635 21
-53.086159 -726.939819 22.429682 21
-60.882504 -725.615051 29.659746 21
-52.174847 -722.531189 18.427864 21
-56.161434 -725.763062 18.928209 21
-36.779232 -730.805298 4.825241 21
-47.491947 -724.076233 17.612103 21
-47.705097 -733.086060 19.468086 21
-55.293392 -729.830811 19.122545 21
-58.198952 -732.666565 21.945000 21
-47.458126 -729.721069 13.634404 21
-39.535835 -729.544678 9.056054 21
-60.390064 -725.074951 22.062344 21
-64.468925 -725.954773 31.293756 21
-62.679230 -726.932495 24.339586 21
-54.838970 -721.866089 19.520098 21
-40.348415 -731.718384 10.756698 21
-52.633286 -723.910583 18.200891 21
-49.744541 -730.903870 16.852230 21
-46.299343 -727.942139 16.047165 21
-57.171200 -726.951599 27.105888 21
-52.880829 -728.632385 22.335506 21
-49.628021 -725.625732 16.981180 21
-55.589874 -733.447754 21.607754 21
-49.353054 -729.016846 19.327147 21
-60.720737 -725.435486 28.862923 21
-62.165913 -729.061584 21.046698 21
-58.214302 -733.563904 23.130739 21
-57.429142 -722.428040 20.542526 21
-60.172306 -731.712585 21.929115 21
-36.121525 -731.086609 2.612290 21
-60.697571 -730.909851 24.136395 21
-52.351177 -727.332153 20.648041 21
-49.979122 -727.712708 17.698645 21
-55.727631 -731.737610 19.088791 21
-51.552155 -728.575195 21.492575 21
-40.284092 -730.777039 8.467918 21
-61.121254 -724.481934 23.696478 21
-55.411900 -727.460510 18.783623 21
-44.931721 -728.159790 11.984205 21
-60.856792 -726.027344 23.205175 21
-40.711433 -728.014099 9.976382 21
-41.985329 -727.980042 12.002592 21
-62.279140 -729.776306 22.337591 21
-47.129162 -728.533936 18.012512 21
-53.353733 -729.133850 22.776321 21
-53.758793 -729.143616 17.592131 21
-47.430061 -727.681152 16.791899 21
-43.856865 -730.497498 15.003284 21
-46.421505 -726.307922 15.326166 21
-38.320511 -730.134949 -1.535077 21
-62.693272 -729.117981 22.199146 21
-39.034718 -728.196350 4.879977 21
-46.583797 -732.223755 18.231049 21
-61.429340 -730.749634 22.211792 21
-53.511715 -727.641541 23.656084 21
-56.084076 -729.289185 24.323593 21
-49.902103 -723.388672 17.802710 21
-57.562885 -732.765381 20.478891 21
-48.446796 -728.181702 18.735559 21
-58.362450 -722.939758 21.439400 21
-58.539070 -728.232910 25.794865 21
-37.438637 -730.538757 1.611660 21
-51.362759 -731.004150 17.705488 21
-61.988758 -726.756775 22.630379 21
-36.215710 -731.246277 -1.866704 21
-54.852459 -729.409790 18.680061 21
-41.490078 -730.312012 10.988661 21
-38.685131 -729.595642 4.686145 21
-56.865280 -727.682800 19.916096 21
-50.799660 -729.217285 20.606636 21
-62.754406 -725.426147 28.028631 21
-35.381462 -728.700012 3.360491 21
-42.411591 -729.158386 9.089289 21
-55.700844 -728.138123 24.380877 21
-51.568981 -728.960510 15.960778 21
-61.419830 -726.600342 30.055912 21
-50.147686 -726.548401 16.540829 21
-37.604515 -727.928101 3.771847 21
-48.726974 -731.411011 16.742950 21
-38.271072 -730.586853 5.377546 21
-52.866447 -728.022705 17.266924 21
-36.969868 -728.542236 6.395754 21
-51.897682 -724.947876 17.863455 21
-62.874752 -727.629883 21.916559 21
-42.364342 -728.630920 12.425718 21
-60.607300 -723.981750 23.074207 21
-35.419266 -730.340576 0.450369 21
-59.727345 -725.639099 20.844048 21
-49.508072 -724.753174 17.519096 21
-49.831745 -728.311890 20.049145 21
-44.160366 -728.817810 14.408987 21
-44.090309 -726.985779 15.689351 21
-38.977413 -730.072266 7.584396 21
-63.926914 -725.001709 30.756538 21
-45.389843 -726.627075 16.004347 21
-51.535812 -727.122925 21.072083 21
-58.109314 -723.114258 20.635921 21
-55.246525 -723.392883 18.902803 21
-41.500233 -729.045105 8.135007 21
-46.788582 -728.741272 17.106461 21
-61.809029 -726.125061 29.017962 21
-37.530289 -728.955566 7.775919 21
-45.524288 -727.408203 14.337413 21
-36.126911 -728.207520 0.833078 21
-49.040462 -727.402954 18.645086 21
-35.539181 -728.957764 -0.099924 21
-61.521465 -726.227600 24.444019 21
-49.471901 -729.757751 15.152068 21
-57.374786 -724.956970 19.117805 21
-53.315933 -726.500183 17.909168 21
-61.850739 -727.109375 28.928440 21
-61.508785 -730.514404 23.496029 21
-49.523777 -729.916443 15.934263 21
-56.222599 -732.478088 19.775583 21
-47.860123 -726.898743 15.312608 21
-55.498192 -726.024780 18.703894 21
-36.894051 -728.321045 -1.467714 21
-43.531002 -727.684204 12.197787 21
-35.632835 -730.410645 -1.225666 21
-43.075119 -731.765015 10.398190 21
-46.663609 -728.017212 16.664450 21
-47.425491 -730.146301 14.733128 21
-39.982761 -728.491089 9.851763 21
-54.346371 -733.115112 20.652542 21
-62.053776 -725.309631 29.809877 21
-51.592262 -727.648865 19.472801 21
-54.733921 -724.022705 18.519056 21
-50.519676 -727.806396 16.074860 21
-42.569111 -732.403687 10.624209 21
-46.294483 -731.872314 17.601192 21
-62.567062 -729.171875 23.631931 21
-53.590870 -733.675293 21.664730 21
-40.697685 -728.252869 8.805723 21
-39.450066 -728.120422 7.902761 21
-49.177895 -727.614624 17.958765 21
-51.906673 -727.689270 22.121010 21
-50.724560 -732.197327 18.317060 21
-49.115082 -726.628052 16.052555 21
-57.025013 -733.023193 21.689474 21
-44.754009 -729.316101 11.272332 21
-38.752453 -729.600281 8.930722 21
-50.631813 -732.953430 19.313589 21
-37.721050 -730.861328 2.904599 21
-41.787025 -729.611572 11.882135 21
-38.785656 -728.217712 4.189440 21
-37.965466 -728.963013 -1.845823 21
-60.410007 -727.513000 28.650036 21
-59.061481 -731.772644 20.081774 21
-62.247742 -729.890259 24.271219 21
-42.714550 -728.288330 10.021143 21
-44.810398 -729.494080 14.134130 21
-56.422718 -727.044434 19.396877 21
-47.065369 -724.680542 17.499918 21
-49.904968 -727.885376 20.642101 21
-51.245041 -722.900208 18.187523 21
-50.421181 -729.760559 15.592553 21
-53.736095 -727.465454 21.168631 21
-55.970711 -724.590576 18.581860 21
-40.470387 -730.604370 10.082645 21
-51.133621 -727.522095 16.534437 21
-56.299671 -723.834229 18.917118 21
-45.105118 -728.173645 15.074474 21
-36.800613 -731.172302 0.819976 21
-55.962063 -726.502869 25.089756 21
-37.508755 -728.211792 -0.383552 21
-53.907791 -722.564880 19.016251 21
-40.685806 -729.903564 10.123901 21
-37.621891 -729.869873 1.245209 21
-63.243465 -726.782349 23.173594 21
-38.758465 -730.570068 7.140073 21
-62.528095 -727.234497 29.747444 21
-49.308674 -727.896667 19.800207 21
-62.109303 -726.085083 30.608503 21
-44.021564 -728.440247 10.551949 21
-35.601944 -728.865051 0.944934 21
-44.910561 -727.039673 15.380362 21
-60.604145 -731.449158 22.870880 21
-41.987450 -728.280762 9.272847 21
-51.972610 -732.665283 19.249195 21
-59.212204 -727.369995 27.681757 21
-49.103592 -732.047424 17.545631 21
-41.126732 -728.832214 10.945993 21
-49.790112 -728.624390 20.766970 21
-39.511723 -730.225281 8.892502 21
-36.021900 -730.078796 3.846726 21
-57.536205 -727.348328 20.348103 21
-44.943523 -727.018433 13.868536 21
-43.089725 -729.695618 14.592856 21
-40.140789 -730.092407 7.333434 21
-63.063366 -725.530334 30.756546 21
-45.528297 -726.618469 14.712835 21
-51.736740 -727.766479 16.790508 21
-52.712837 -728.763367 16.725798 21
-56.648762 -728.973450 24.518913 21
-43.747402 -729.589233 14.502293 21
-62.132778 -725.120972 29.028566 21
-50.543804 -733.674500 20.567999 21
-50.988937 -726.755981 16.829065 21
-36.034870 -730.966553 -1.248724 21
-51.056118 -724.153625 17.880856 21
-59.753822 -731.333923 23.328728 21
-53.591400 -731.402832 18.651995 21
-41.473675 -732.714722 10.359945 21
-56.405548 -722.730103 19.757048 21
-41.425674 -731.302307 9.167776 21
-65.342201 -725.922485 31.512255 21
-61.094631 -725.457275 24.146744 21
-44.427509 -726.628723 15.103067 21
-46.066715 -729.070374 16.071363 21
-37.891586 -729.278198 7.300004 21
-52.870262 -723.289307 18.460003 21
-45.751972 -729.341248 12.119719 21
-41.213161 -731.585632 11.093851 21
-53.929264 -727.388794 24.134249 21
-48.910294 -725.656738 16.626730 21
-58.991928 -723.396240 21.459660 21
-37.536240 -728.092163 6.849664 21
-39.833530 -729.895813 9.541837 21
-44.193924 -727.515686 12.660307 21
-47.365070 -732.446655 18.383263 21
-46.535439 -725.499634 16.848829 21
-39.093845 -730.565186 5.927002 21
-36.796612 -730.584839 3.659626 21
-48.794643 -729.005554 14.269640 21
-55.847862 -723.277893 19.134640 21
-54.897175 -734.081848 22.309607 21
-59.741749 -726.457092 21.482307 21
-48.653061 -732.680054 18.570698 21
-54.168236 -729.385315 18.211002 21
-54.476250 -733.481812 21.257271 21
-59.789558 -724.793091 21.080605 21
-62.134720 -726.002014 27.994692 21
-41.228916 -730.500916 10.327087 21
-63.578548 -723.961670 30.306379 21
-38.017593 -729.158813 0.468519 21
-46.446808 -729.692078 12.950690 21
-45.727345 -728.354004 16.023256 21
-58.051014 -723.932007 19.698124 21
-56.395889 -729.395203 19.371239 21
-52.043262 -726.705811 17.352406 21
-60.970051 -726.578491 28.118225 21
-48.310070 -725.024597 17.113977 21
-39.330265 -730.551880 8.326536 21
-62.848969 -728.683533 22.861771 21
-54.970894 -727.030090 24.938398 21
-45.534996 -725.732727 16.401306 21
-37.280697 -731.021240 4.410896 21
-39.530586 -727.578918 7.143221 21
-58.823452 -732.442139 22.192348 21
-36.220181 -730.956177 -0.000527 21
-53.983589 -729.214539 22.599180 21
-40.213535 -727.695984 6.910309 21
-56.008259 -733.680176 22.072531 21
-58.078884 -732.407898 20.748016 21
-59.623905 -727.270142 28.654613 21
-52.246933 -733.213440 20.096247 21
-55.317551 -722.276917 19.740320 21
-60.053265 -728.140137 26.813091 21
-35.725319 -728.361633 -0.321781 21
-49.322697 -728.852905 14.682584 21
-35.847683 -730.098938 3.202894 21
-40.070339 -729.362610 6.550787 21
-44.760300 -730.480042 16.089651 21
-55.878471 -733.057861 21.125149 21
-39.079590 -727.780090 6.176192 21
-35.890293 -730.870850 -2.581411 21
-53.838890 -723.306091 18.720783 21
-50.164856 -731.435791 17.373219 21
-58.420818 -727.061523 28.060528 21
-53.464283 -724.495972 18.191721 21
-56.464809 -727.681946 26.312948 21
-52.449184 -729.049438 21.876671 21
-48.665966 -727.613892 17.568052 21
-51.955784 -728.608398 16.402409 21
-42.252121 -728.242249 13.345443 21
-46.231136 -728.302124 12.563296 21
-37.082226 -728.550476 5.702714 21
-54.763439 -727.708496 24.869598 21
-37.682816 -728.851074 -2.518114 21
-35.693218 -728.581970 1.989248 21
-62.679558 -726.864136 30.572092 21
-37.067177 -729.299805 6.587443 21
-35.837971 -728.834167 2.910806 21
-35.567184 -730.072632 -1.841431 21
-60.639881 -727.692505 27.171665 21
-54.555401 -728.431274 23.896128 21
-36.205105 -728.527710 4.947975 21
-40.949192 -731.030090 9.959635 21
-53.203510 -729.426819 17.463118 21
-55.349895 -732.701111 20.069263 21
-44.399460 -728.237061 11.457544 21
-51.347515 -729.245422 21.236580 21
-49.929825 -727.037476 16.186825 21
-62.008076 -730.289124 22.053358 21
-42.559605 -729.618652 13.034039 21
-47.143269 -725.290344 17.268959 21
-57.966576 -733.201599 22.653973 21
-53.206264 -727.133789 17.777235 21
-42.453712 -729.908203 12.315377 21
-52.645786 -725.287903 17.870903 21
-39.953541 -728.291565 6.123292 21
-59.113800 -723.948486 20.483786 21
-59.880619 -725.864990 28.727654 21
-59.262024 -732.663269 23.715126 21
-57.133446 -732.070251 19.537794 21
-35.669571 -730.661438 1.038023 21
-64.542946 -726.976746 31.372782 21
-52.809593 -722.560913 18.611792 21
-38.042469 -728.648254 7.290132 21
-53.204540 -733.625183 21.008863 21
-56.590660 -731.268494 19.178146 21
-61.243790 -727.511292 21.630617 21
-50.603394 -727.319519 20.215975 21
-62.490711 -728.096619 24.330036 21
-42.376873 -731.582336 9.745274 21
-36.594849 -731.231873 -1.149314 21
-44.367393 -727.636047 14.118519 21
-37.610180 -730.392395 6.642089 21
-41.242229 -729.761108 10.773750 21
-39.090954 -728.735535 5.218251 21
-35.664539 -730.221619 1.958025 21
-37.823162 -728.812317 2.291751 21
-63.410938 -727.428833 23.971405 21
-38.918709 -729.230347 8.111948 21
-36.753166 -730.675598 2.725800 21
-36.411678 -730.291321 4.662192 21
-36.090065 -731.304260 0.933708 21
-52.721794 -732.441772 19.114328 21
-35.419857 -729.313538 2.885153 21
-53.511230 -733.224304 20.538309 21
-56.278835 -726.771545 26.128271 21
-63.040821 -727.585754 22.609636 21
-54.090019 -724.034485 18.459023 21
-48.339268 -728.500244 19.254759 21
-35.524570 -730.784546 -0.044954 21
-48.304283 -729.030396 18.313055 21
-35.205357 -728.462341 1.239365 21
-41.472458 -728.245850 11.799861 21
-59.689068 -731.985962 21.337227 21
-51.133518 -733.572998 20.408205 21
-51.932613 -728.990234 21.124269 21
-42.823792 -727.686523 13.070832 21
-50.423752 -729.107422 15.260759 21
-38.088005 -729.670898 -0.379408 21
-37.777195 -727.576538 5.804078 21
-41.317963 -728.062866 9.866145 21
-57.287392 -723.187439 19.540573 21
-47.708622 -725.394409 17.041462 21
-63.928284 -726.960144 31.885578 21
-39.229195 -729.927673 6.810384 21
-54.163132 -725.327393 18.161110 21
-45.570797 -731.365967 16.680347 21
-63.118732 -724.485596 29.826645 21
-58.942799 -732.458557 20.836533 21
-55.650166 -727.814026 25.630901 21
-38.357426 -729.992615 7.701413 21
-54.040577 -730.210876 18.516535 21
-59.094105 -732.794617 23.059624 21
-45.216381 -729.908691 12.257380 21
-36.212593 -728.587219 3.899786 21
-43.517872 -728.156738 13.626987 21
-52.074547 -721.970581 18.196682 21
-46.012589 -727.053467 14.176026 21
-43.402378 -728.251526 10.677258 21
-61.324596 -726.899658 27.482246 21
-45.266014 -729.124573 15.278963 21
-36.965897 -728.077698 4.878690 21
-59.418640 -723.637146 21.938782 21
-40.579117 -728.621399 7.666852 21
-42.050117 -732.298401 10.309983 21
-52.403511 -726.185608 17.608728 21
-55.205696 -726.853210 18.744049 21
-47.402309 -727.776855 14.489467 21
-40.967865 -731.748840 10.449324 21
-61.985310 -730.039246 21.320189 21
-54.354870 -726.603516 18.331327 21
-54.919048 -732.428040 19.548901 21
-37.743034 -730.820557 2.072442 21
-62.023460 -726.949646 29.574345 21
-53.968155 -727.391907 21.751448 21
-53.844673 -728.686096 22.900549 21
-41.851246 -727.911194 10.607213 21
-58.838253 -726.006165 20.295101 21
-44.459938 -728.230774 14.428830 21
-43.471935 -729.426453 13.924246 21
-38.113003 -728.235718 3.958197 21
-59.578274 -725.098145 20.562140 21
-58.208691 -726.308594 27.624357 21
-57.704861 -729.070557 25.568279 21
-43.276081 -727.920105 11.163206 21
-40.101479 -728.218140 8.694708 21
-64.263420 -725.442749 30.972500 21
-56.703846 -733.414368 22.025480 21
-39.403496 -729.906372 6.159303 21
-62.761963 -724.997131 30.122923 21
-60.330559 -724.476868 22.126326 21
-50.607941 -724.863220 17.661976 21
-48.312843 -730.229736 15.432374 21
-58.395290 -725.439758 19.704260 21
-40.667423 -728.039185 7.351031 21
-41.938828 -729.735229 11.298406 21
-35.428185 -729.531006 0.933190 21
-51.256378 -733.034790 19.619423 21
-36.448486 -727.991455 3.100674 21
-37.313644 -728.176880 0.662497 21
-41.646107 -731.836792 10.286373 21
-57.087860 -733.877075 22.803965 21
-43.871124 -727.772949 13.196665 21
-63.227623 -726.231018 23.542816 21
-59.798504 -732.177002 23.157541 21
-57.887447 -727.501221 27.443810 21
-40.508778 -728.977966 7.077172 21
-45.736824 -727.711609 14.807425 21
-59.933147 -731.554749 20.575684 21
-52.260685 -731.744812 18.378126 21
-59.580257 -728.440125 26.612776 21
-37.614346 -728.472839 1.612138 21
-45.644718 -727.686340 13.141174 21
-56.394791 -721.772461 19.937107 21
-41.339531 -728.058228 11.164343 21
-55.165474 -728.851379 23.085350 21
-52.558586 -729.415283 16.839613 21
-37.911686 -729.758057 2.652125 21
-43.790279 -727.709473 14.248837 21
-50.216423 -725.716980 17.079388 21
-47.565166 -725.914917 16.397299 21
-51.006935 -730.637024 17.320578 21
-52.754822 -730.222229 17.991051 21
-38.063137 -728.056458 6.509446 21
-37.391872 -727.685730 2.480773 21
-47.324078 -728.499451 13.290179 21
-48.385674 -728.532776 14.269936 21
-60.589966 -731.343262 21.586599 21
-50.035706 -732.296997 18.292402 21
-50.827709 -728.693970 20.912592 21
-47.552132 -727.784912 17.387745 21
-50.778965 -727.700012 21.409761 21
-61.042389 -730.871094 23.629768 21
-60.161816 -723.523132 22.563692 21
-62.152233 -729.763794 22.921782 21
-52.565075 -731.114563 18.242380 21
-63.450390 -726.937744 30.191467 21
-45.137424 -726.086304 16.085526 21
-53.039719 -733.015076 19.937969 21
-61.536697 -730.331116 20.926218 21
-54.340256 -727.828918 24.476929 21
-60.303341 -726.411682 29.456776 21
-37.684792 -730.786804 0.377728 21
-44.418365 -730.565979 15.191606 21
-54.911213 -726.802612 24.359707 21
-49.862915 -727.732605 15.736304 21
-50.214935 -728.928955 20.327963 21
-60.720970 -725.161926 22.918596 21
-38.598072 -730.790466 6.421071 21
-57.516613 -724.352905 19.220179 21
-56.967422 -729.175659 25.007780 21
-37.361099 -727.910522 1.237665 21
-38.157036 -729.250305 3.355003 21
-37.500858 -730.718201 6.125308 21
-45.047134 -726.532532 15.111407 21
-46.740391 -725.752747 16.327162 21
-56.950813 -726.609863 26.664722 21
-43.130276 -727.745544 14.253203 21
-52.812641 -727.269592 21.008581 21
-56.147831 -734.103149 22.544533 21
-58.388412 -723.480469 20.267761 21
-36.706497 -731.872864 -1.702417 21
-60.600163 -724.731995 23.303053 21
-46.838593 -731.977417 17.391829 21
-59.966496 -725.879395 21.324556 21
-40.753799 -728.385376 10.864826 21
-39.267876 -729.245361 8.597276 21
-46.863483 -726.868591 14.706481 21
-48.016262 -724.211975 17.380844 21
-47.402683 -727.190063 14.833595 21
-46.613918 -728.483948 17.598722 21
-62.405106 -729.337463 24.244741 21
-49.570633 -730.556152 16.421530 21
-42.607632 -729.856567 11.109188 21
-53.772343 -732.543152 19.478109 21
-54.511673 -730.679871 18.766729 21
-40.444687 -729.046509 10.222198 21
-53.503120 -730.416687 18.381250 21
-58.718647 -727.166992 20.767427 21
-39.831966 -728.014404 7.482856 21
-35.921196 -729.161072 3.888273 21
-38.472965 -729.333801 4.135886 21
-40.040047 -728.966919 9.480459 21
-49.136959 -730.393921 16.051739 21
-35.718742 -728.327148 0.377113 21
-51.697727 -728.056763 21.718096 21
-48.820679 -723.862793 17.632067 21
-58.087936 -728.447693 25.520573 21
-56.939526 -727.550293 26.750242 21
-49.708401 -728.640198 15.112357 21
-42.052387 -731.374268 11.024883 21
-50.299366 -727.364197 19.589117 21
-56.385708 -732.804810 20.756752 21
-54.183975 -732.710876 19.850597 21
-48.958721 -727.716797 19.129866 21
-41.221626 -730.567871 11.444343 21
-37.798069 -730.575684 4.482734 21
-36.268600 -729.205994 4.634669 21
-38.077698 -730.172668 3.982109 21
-47.288460 -728.817017 17.534050 21
-60.167316 -724.156372 22.732281 21
-51.840683 -727.271362 21.689062 21
-61.267780 -727.221619 22.457060 21
-42.970974 -729.947937 13.654396 21
-36.415085 -730.761353 1.715601 21
-51.555470 -731.674255 18.104031 21
-39.402546 -728.887146 5.654944 21
-58.692192 -727.145813 26.210594 21
-46.269642 -727.664307 15.390984 21
-63.601933 -724.515686 30.702080 21
-55.476830 -726.820862 25.157625 21
-42.467556 -733.146179 10.670521 21
-36.745640 -728.919189 5.405376 21
-45.899918 -728.560974 12.160170 21
-53.114834 -729.134338 22.155268 21
-55.210239 -728.204102 24.026659 21
-53.157078 -732.647705 19.506577 21
-58.983070 -724.511841 20.174419 21
-54.287292 -727.200806 22.315561 21
-53.857300 -728.348694 23.535494 21
-59.664177 -725.611450 28.013659 21
-44.341835 -727.076355 13.814552 21
-42.493507 -731.776611 10.448154 21
-50.125111 -722.860596 17.764505 21
-43.673302 -727.894653 11.676091 21
-60.492584 -727.101074 28.167740 21
-38.394638 -727.865967 6.929656 21
-60.243610 -731.772095 23.190777 21
-59.673084 -731.981812 22.218529 21
-42.415070 -727.846436 11.509486 21
-63.737801 -727.044495 30.888666 21
-44.837971 -727.337036 13.381301 21
-55.869667 -727.251526 19.040726 21
-53.766991 -721.660278 18.721645 21
-45.374718 -726.857910 14.232965 21
-49.116470 -733.199829 19.665600 21
-42.625305 -728.420105 12.897552 21
-43.804722 -727.154724 14.907170 21
-50.410290 -730.404724 16.812614 21
-53.009823 -727.911743 23.192011 21
-62.970535 -727.978271 23.636614 21
-50.707386 -731.203125 17.523521 21
-49.984127 -732.892700 19.133068 21
-61.215378 -731.005981 21.758080 21
-51.994198 -730.048523 17.528820 21
-53.442986 -728.267944 17.526503 21
-52.203430 -734.040588 21.425392 21
-44.791481 -727.800659 12.388016 21
-62.618370 -730.211426 23.972597 21
-36.316238 -730.916321 0.552855 21
-39.670776 -730.451111 9.419073 21
-48.506332 -731.056946 16.319782 21
-41.230362 -732.232422 10.195930 21
-61.573162 -725.410095 24.495449 21
-52.670471 -727.013245 22.028423 21
-35.139366 -728.904175 1.782165 21
-44.608948 -729.198364 14.605032 21
-48.319870 -733.320557 19.836779 21
-63.031532 -728.187744 23.108187 21
-37.450092 -730.611572 3.312378 21
-59.127243 -732.348083 21.395536 21
-52.572273 -733.630737 20.852411 21
-50.568882 -727.894348 20.794992 21
-53.155815 -729.760864 17.945969 21
-47.478733 -726.382202 15.532706 21
-40.643303 -730.958191 9.489398 21
-37.927513 -728.570984 2.927963 21
-53.120781 -734.041809 21.705368 21
-49.286163 -731.200684 16.802160 21
-50.846207 -727.582581 18.959841 21
-48.765858 -728.527832 19.740925 21
-39.234959 -729.852783 5.650064 21
-57.662540 -722.734009 20.941746 21
-37.691601 -727.842957 4.735058 21
-55.127605 -732.933716 20.546219 21
-47.795033 -732.486877 18.043287 21
-39.640308 -729.445190 5.896111 21
-54.240089 -733.651245 21.728758 21
-46.016125 -726.066467 16.626980 21
-60.302677 -727.118103 26.650574 21
-45.707325 -726.178467 15.938144 21
-51.779663 -722.916260 18.292995 21
-54.966412 -722.960876 19.116299 21
-52.593349 -727.468384 22.793945 21
-38.591080 -727.720581 7.585695 21
-36.435020 -729.501526 5.740627 21
-45.289978 -731.096375 15.871959 21
-48.841198 -727.590210 17.042496 21
-35.906425 -730.612366 -0.408388 21
-57.538315 -722.921143 20.307653 21
-36.864841 -727.862305 4.202101 21
-48.967869 -724.696289 17.310440 21
-61.809227 -730.230713 24.209625 21
-61.783432 -726.522949 28.637295 21
-48.957233 -732.437683 18.166073 21
-39.761349 -728.286255 9.351612 21
-57.966629 -731.880249 19.684065 21
-49.603767 -733.416077 20.004690 21
-51.970501 -732.996948 19.666758 21
-56.026569 -732.127014 19.320587 21
-51.659790 -732.397949 18.838570 21
-48.154152 -727.627808 17.771767 21
-55.039299 -729.268127 23.462442 21
-48.070019 -727.904358 18.352221 21
-39.451916 -728.686096 8.808768 21
-41.960629 -729.751953 9.084120 21
-53.481747 -727.113037 23.110270 21
-62.376820 -726.471619 22.394720 21
-49.629581 -731.933167 17.603155 21
-53.937698 -732.143677 19.016682 21
-58.958454 -726.519348 28.523737 21
-41.399979 -730.066956 8.964397 21
-57.029808 -731.565308 19.303087 21
-48.168484 -725.876282 16.211588 21
-41.503693 -728.406372 8.800162 21
-52.051422 -727.504211 20.138706 21
-49.149529 -727.602356 15.448784 21
-37.156929 -731.031189 3.894511 21
-48.240837 -726.389038 15.932871 21
-63.108532 -725.763367 23.034843 21
-54.162251 -726.842224 24.091286 21
-53.031887 -728.424561 22.820490 21
-50.324200 -723.738586 17.888729 21
-55.564472 -727.265930 25.678871 21
-50.922245 -728.470520 15.855151 21
-49.977680 -726.075256 16.740374 21
-35.544163 -729.291870 -1.581739 21
-59.445919 -728.245911 26.113659 21
-59.631310 -723.627502 22.599104 21
-40.819992 -729.113342 7.489375 21
-47.437771 -732.808655 19.040197 21
-61.932034 -725.860779 27.515705 21
-64.882042 -726.256592 31.616102 21
-51.648674 -725.347900 17.616999 21
-47.236950 -730.918701 15.479932 21
-56.868744 -723.747375 19.159285 21
-51.048103 -727.186646 20.499882 21
-37.600342 -730.229126 0.328163 21
-44.809853 -728.549438 11.608861 21
-53.701752 -727.133118 22.157145 21
-54.651550 -724.969788 18.277246 21
-48.983322 -727.105103 15.631481 21
-38.331829 -728.353149 7.696441 21
-35.807022 -729.702087 2.841048 21
-55.238186 -727.952698 24.913870 21
-46.828182 -727.836487 14.155402 21
-38.546474 -728.003723 4.869267 21
-64.405052 -724.715271 31.085714 21
-55.453545 -731.285278 18.998180 21
-35.469086 -729.364441 -0.940515 21
-40.173195 -730.610413 10.522524 21
-40.058479 -728.674194 6.515989 21
-60.617569 -731.346558 20.873074 21
-41.479050 -728.909912 11.477792 21
-44.721958 -730.880737 16.746998 21
-37.558289 -730.399658 2.704927 21
-62.657543 -728.479675 24.025045 21
-37.092289 -730.815063 1.317934 21
-62.863178 -728.622559 22.113068 21
-54.508835 -726.021484 18.370522 21
-35.453571 -729.973633 -0.056063 21
-36.695122 -731.036499 4.273240 21
-52.903069 -727.535095 17.512005 21
-42.325493 -732.796448 10.299615 21
-38.418648 -730.306641 6.763189 21
-38.586380 -728.930359 7.822489 21
-47.879948 -729.733459 13.970634 21
-58.242607 -726.466797 20.259457 21
-35.773373 -730.590027 2.334258 21
-48.892551 -728.785828 19.199039 21
-63.361168 -726.100220 31.108019 21
-35.718914 -729.165649 2.370289 21
-46.127262 -729.477478 12.525291 21
-38.981796 -730.227051 8.101590 21
-38.984604 -729.142456 9.049566 21
-63.312794 -726.708923 30.932329 21
-36.935371 -727.947998 2.071656 21
-40.588451 -731.008301 10.413741 21
-61.051682 -726.751770 29.581646 21
-43.141247 -729.293579 13.427992 21
-50.563019 -725.446167 17.357189 21
-35.222343 -729.163635 0.468521 21
-51.521633 -734.012390 21.101589 21
-48.557732 -729.847412 14.540575 21
-46.279293 -728.506653 17.186106 21
-47.999123 -731.081421 16.129469 21
-62.576469 -725.877258 30.756742 21
-38.013752 -729.106201 -0.898917 21
-36.069180 -731.380310 0.292754 21
-43.022251 -727.681030 12.439275 21
-59.151344 -723.182312 22.397459 21
-57.074562 -733.454407 22.432520 21
-49.400921 -728.429749 19.717945 21
-48.102833 -728.950684 13.832145 21
-39.675312 -728.317871 8.347433 21
-59.725071 -727.383789 27.609428 21
-58.770985 -726.059082 27.783451 21
-50.988670 -732.437805 18.753841 21
-50.184425 -733.119019 19.574089 21
-38.041588 -728.775696 1.096129 21
-60.532124 -725.594299 22.052002 21
-59.047939 -726.767151 20.938654 21
-63.820335 -724.741333 31.243319 21
-60.447460 -731.535828 22.329313 21
-61.058701 -730.952087 22.518320 21
-62.657757 -724.890991 29.000231 21
-54.703259 -731.523010 18.850719 21
-61.562908 -725.481689 29.790724 21
-38.047848 -729.707703 3.156191 21
-52.930496 -732.078003 18.827927 21
-50.124714 -733.419617 20.037718 21
-36.199268 -731.188354 1.983220 21
-38.329021 -727.836914 5.994103 21
-62.867874 -728.147217 21.894356 21
-63.162689 -726.402466 22.828812 21
-35.389500 -729.914978 -0.797537 21
-50.103359 -724.678894 17.630907 21
-36.781998 -730.450073 5.463769 21
-54.734482 -726.919189 18.535128 21
-53.419098 -731.889465 18.774473 21
-53.705128 -727.405334 17.907211 21
-35.929543 -728.855286 3.470011 21
-38.270340 -728.660461 2.516753 21
-59.089085 -723.895508 21.004179 21
-44.262463 -728.712952 10.928652 21
-61.018181 -726.083191 30.109024 21
-38.426815 -728.598633 3.124409 21
-52.722141 -727.551880 20.188686 21
-42.370426 -728.058594 10.378613 21
-53.195515 -729.522888 23.081528 21
-50.817661 -728.897034 15.574286 21
-41.690136 -732.455750 10.748358 21
-44.945057 -726.545044 16.274343 21
-37.630260 -729.724182 0.756599 21
-51.850254 -728.705811 21.885912 21
-38.389641 -729.838440 4.233087 21
-51.739563 -729.538269 16.301104 21
-51.060543 -727.280273 21.186958 21
-52.423561 -728.854248 22.371393 21
-54.257469 -727.324463 18.208477 21
-49.965210 -729.631836 15.256022 21
-59.258308 -725.925537 20.562605 21
-42.404724 -728.562683 9.002386 21
-56.018318 -728.009583 25.126587 21
-61.683895 -726.275940 30.353849 21
-50.989941 -722.369141 18.168596 21
-45.300171 -729.496094 11.924178 21
-54.496330 -732.069275 19.027517 21
-49.495548 -725.208435 17.291594 21
-59.529186 -728.776428 26.035336 21
-45.605747 -728.963989 15.789947 21
-40.172775 -729.712646 6.927252 21
-41.999409 -729.156860 12.132912 21
-36.090733 -728.296204 2.845145 21
-41.449059 -731.530029 10.624818 21
-37.661190 -729.957581 1.749244 21
-53.960205 -726.845093 23.250809 21
-63.289356 -727.163696 23.524582 21
-40.687496 -732.082031 10.882229 21
-46.061626 -731.520508 16.689236 21
-49.443668 -729.405457 14.762662 21
-62.614849 -726.887268 29.400103 21
-55.421387 -733.724304 22.044214 21
-37.521652 -728.475159 -1.501056 21
-37.198009 -728.096008 5.495605 21
-60.784508 -731.257019 23.343325 21
-40.195789 -729.947876 10.021064 21
-55.677658 -729.300781 24.000221 21
-49.770348 -732.678162 18.704205 21
-62.445236 -729.663879 23.759743 21
-56.156826 -726.580322 25.552078 21
-48.384521 -732.846497 18.974218 21
-39.846546 -730.873657 8.217988 21
-54.298298 -731.195984 18.759390 21
-47.786709 -730.828064 15.747623 21
-37.041191 -728.115479 6.107450 21
-55.334164 -730.739441 18.963869 21
-51.814735 -730.754150 17.766027 21
-52.276516 -727.749634 22.474741 21
-43.146408 -729.773376 13.206017 21
-47.373329 -728.231689 17.626070 21
-36.458187 -727.872681 2.213669 21
-52.326969 -724.563660 18.037884 21
-49.606796 -726.653320 16.246538 21
-64.861946 -725.687988 31.573753 21
-36.092937 -728.223511 1.853880 21
-45.746643 -731.732727 17.767157 21
-57.035450 -726.391541 19.622746 21
-55.089703 -722.374512 19.309837 21
-62.567513 -729.119324 21.702461 21
-58.403408 -724.396851 19.716352 21
-60.028194 -727.058655 29.087902 21
-37.067738 -730.937439 1.801890 21
-53.195560 -731.160828 18.474152 21
-37.507111 -731.310547 -1.133604 21
-63.453434 -725.182495 30.729412 21
-56.505280 -728.518250 24.349869 21
-53.831234 -726.461121 18.138733 21
-39.532459 -728.020020 6.062920 21
-36.556911 -729.509155 5.191960 21
-43.767796 -729.043152 14.057032 21
-48.351494 -728.685120 18.710402 21
-55.155243 -725.162842 18.435644 21
-60.555172 -726.003540 29.585011 21
-40.648884 -728.535217 6.887969 21
-57.518005 -732.907837 21.797653 21
-41.361229 -728.590271 7.853893 21
-46.376743 -729.042725 16.472769 21
-54.308254 -722.937317 19.016432 21
-35.567562 -729.714966 1.609419 21
-48.257038 -727.254578 15.172956 21
-47.417477 -728.052185 14.071904 21
-58.487114 -733.134949 23.059605 21
-42.443256 -727.941589 10.972665 21
-56.118839 -726.255005 19.033506 21
-58.955639 -727.418152 28.145588 21
-42.436729 -727.745911 12.013081 21
-59.616650 -724.249939 20.994925 21
-40.545353 -729.887878 7.616040 21
-62.799858 -726.325989 29.588598 21
-51.900696 -723.739380 18.122818 21
-37.999435 -729.973877 6.787198 21
-57.877735 -726.533081 25.680969 21
-36.360523 -730.325745 3.147105 21
-56.413708 -724.326660 18.797606 21
-39.398109 -730.209351 9.770437 21
-59.207863 -725.013367 20.163183 21
-35.138203 -729.239380 -0.054773 21
-40.290920 -728.064392 7.669531 21
-37.778996 -728.941956 1.698406 21
-37.809914 -728.602844 -0.382889 21
-40.773800 -728.826233 10.542238 21
-40.805412 -728.155273 9.344506 21
-56.663605 -732.293762 19.600624 21
-38.297081 -730.713135 5.999467 21
-46.545200 -729.269226 12.688896 21
-61.297405 -725.585876 28.706911 21
-46.456989 -727.235168 14.316570 21
-51.651852 -733.578613 20.487001 21
-58.545216 -728.933044 26.128031 21
-59.710732 -724.172546 21.743643 21
-46.928032 -729.759888 13.307961 21
-40.611191 -728.114441 10.447406 21
-38.296829 -730.726807 7.042330 21
-38.926506 -729.204285 4.890251 21
-38.382641 -729.928772 6.382459 21
-58.814751 -722.723267 21.398201 21
-43.150654 -728.735779 13.280543 21
-45.142906 -726.402344 15.593064 21
-36.037254 -730.982056 1.430200 21
-37.043278 -727.916565 2.997190 21
-49.471668 -723.195496 17.607773 21
-46.581394 -728.220093 13.171679 21
-39.049812 -727.739990 6.670028 21
-55.696156 -729.578552 24.471510 21
-58.256851 -725.002625 19.503214 21
-61.150669 -724.923828 24.002039 21
-44.258705 -729.672791 11.189450 21
-55.259449 -729.146912 18.621704 21
-59.371445 -722.954956 21.886019 21
-41.989536 -731.402100 10.236229 21
-47.831242 -728.428223 18.178377 21
-55.018078 -725.899963 18.512136 21
-51.484795 -724.492188 17.949421 21
-49.002449 -732.956848 19.196121 21
-56.561157 -733.910828 23.006615 21
-38.142101 -727.795166 5.081020 21
-56.147884 -731.490112 19.175394 21
-53.593803 -725.636963 18.022570 21
-54.179996 -729.337891 23.167450 21
-59.397842 -733.091858 23.321030 21
-52.038052 -727.178711 20.985394 21
-55.182892 -723.811768 18.630081 21
-57.559166 -726.709473 27.351734 21
-48.638405 -727.665161 18.675711 21
-50.256638 -727.640381 20.411728 21
-44.206108 -727.479187 14.580141 21
-51.263718 -729.983704 17.114374 21
-55.935760 -721.753113 19.681093 21
-52.512604 -722.920532 18.467512 21
-43.606339 -727.238342 14.142917 21
-36.484650 -728.140442 3.823039 21
-63.940746 -726.055542 31.202442 21
-43.537354 -730.046692 14.667310 21
-56.933460 -724.908081 18.893423 21
-38.665245 -729.986511 7.220350 21
-53.920937 -733.036560 20.334114 21
-62.077469 -729.530762 21.162523 21
-39.074352 -727.865051 5.672448 21
-38.928059 -729.676758 7.899095 21
-35.932606 -730.707153 2.930872 21
-63.088970 -727.159058 22.841566 21
-58.100163 -732.541321 21.445293 21
-51.115372 -726.317322 17.055088 21
-58.752880 -725.630493 19.981407 21
-43.768524 -727.275085 13.602469 21
-39.522652 -730.123840 8.183751 21
-56.425888 -722.295410 20.064266 21
-37.549500 -731.106140 -0.654130 21
-46.566689 -732.427490 18.675980 21
-56.832012 -722.475098 20.499804 21
-51.309872 -727.392639 19.871773 21
-47.160023 -729.169250 16.923843 21
-61.476513 -725.817078 24.782301 21
-39.923878 -730.507263 8.637794 21
-57.521961 -733.398621 22.650045 21
-57.464428 -725.692688 19.403431 21
-37.642151 -728.307861 2.077969 21
-55.086372 -733.452148 21.434776 21
-38.066277 -729.150330 -2.522393 21
-61.396648 -730.809631 21.249712 21
-40.597050 -728.231018 8.319436 21
-62.864407 -724.515747 29.401779 21
-65.836334 -726.504883 31.612026 21
-50.414497 -729.916809 16.543177 21
-54.246449 -728.799072 22.570648 21
-38.100143 -730.500977 4.939140 21
-42.452278 -728.323181 9.578675 21
-54.465816 -722.097290 19.265236 21
-55.808552 -732.638611 19.967827 21
-49.873158 -724.213013 17.754692 21
-37.934120 -728.694763 0.634199 21
-44.416649 -730.652710 15.685732 21
-46.835228 -726.404846 15.519538 21
-50.807518 -722.766479 17.994898 21
-39.777058 -729.139709 9.101144 21
-59.653507 -726.943298 21.475374 21
-52.227692 -733.497742 20.547968 21
-36.667637 -731.124939 -0.349696 21
-44.509228 -726.851013 15.934989 21
-35.629448 -728.736450 3.823974 21
-61.831001 -725.476196 28.840639 21
-36.473446 -731.040649 3.608017 21
-45.977699 -726.467163 15.026782 21
-53.691784 -728.690369 17.431591 21
-43.246456 -727.376587 13.298288 21
-62.354511 -726.360596 22.991583 21
-61.408951 -726.916138 28.632797 21
-38.444870 -728.429321 3.574187 21
-46.452110 -726.059875 15.764486 21
-62.510441 -726.361938 30.668560 21
-52.394257 -730.647400 18.223248 21
-36.057842 -731.265869 -2.765481 21
-51.279377 -729.602051 16.021273 21
-39.881664 -731.016846 9.216891 21
-57.954453 -726.030640 26.767668 21
-62.521469 -725.249023 28.508783 21
-46.049946 -727.534119 13.531777 21
-51.616531 -725.807129 17.471680 21
-42.959538 -727.717102 13.549172 21
-59.925472 -726.238831 29.175705 21
-43.144711 -728.328491 10.281525 21
-62.243603 -726.129028 24.664333 21
-50.191536 -727.593994 18.512989 21
-55.894238 -722.883118 19.399303 21
-56.592159 -725.917114 19.108686 21
-55.729652 -729.464783 19.145321 21
-38.857399 -728.258667 5.322365 21
-52.503162 -728.338928 22.390755 21
-39.703461 -729.447815 9.506770 21
-56.673290 -728.097656 26.068417 21
-41.275017 -728.678711 11.933797 21
-51.207413 -728.764282 21.252457 21
-35.616577 -730.801880 -0.932576 21
-37.801579 -729.469299 1.456538 21
-37.256012 -730.751282 2.787329 21
-53.298672 -723.438171 18.591837 21
-41.489067 -729.538391 8.266248 21
-39.203083 -727.822327 7.613533 21
-60.514137 -726.115173 22.469578 21
-48.641273 -730.421814 15.789528 21
-37.021358 -727.947693 1.561491 21
-57.513004 -727.197144 19.898239 21
-36.215630 -728.059204 1.278868 21
-35.625999 -730.068848 2.594672 21
-56.286362 -732.678223 20.309652 21
-60.185402 -724.944336 21.662619 21
-35.481091 -730.482544 -2.290601 21
-63.042282 -727.158081 24.128340 21
-38.195950 -729.050293 7.582070 21
-58.658039 -732.364136 21.748407 21
-61.806515 -730.236267 23.277811 21
-60.790195 -725.147034 24.633545 21
-50.925922 -723.691406 17.966448 21
-55.452072 -733.038818 20.887079 21
-61.393444 -730.581970 22.688881 21
-45.263336 -727.819092 14.809227 21
-63.288467 -724.404602 30.344584 21
-41.575756 -730.768860 10.848216 21
-61.067921 -725.509644 29.185678 21
-57.892857 -732.971252 22.145397 21
-35.822247 -728.574463 2.504207 21
-35.695084 -728.668396 1.428830 21
-58.146675 -727.069275 25.766735 21
-42.406712 -727.972961 12.965004 21
-49.583351 -727.910034 20.319378 21
-37.026020 -730.393188 4.801630 21
-53.272026 -727.384766 21.106966 21
-39.496857 -730.322083 5.752491 21
-36.659328 -728.013245 0.378421 21
-39.515060 -728.496033 5.916418 21
-57.140221 -732.589539 20.574018 21
-47.415504 -728.419739 13.773491 21
-59.477886 -731.794250 20.360039 21
-49.044342 -731.702271 17.132246 21
-53.374767 -727.192200 23.561029 21
-42.207523 -728.165710 12.379427 21
-45.358845 -731.513550 17.537176 21
-64.208443 -726.373840 31.427462 21
-51.083946 -733.282837 20.027687 21
-52.004406 -727.124390 17.136484 21
-57.346226 -726.428528 26.833090 21
-35.685722 -730.463440 1.570594 21
-36.583435 -728.878052 5.879294 21
-43.034042 -729.558899 14.098526 21
-56.816765 -733.162659 21.285349 21
-41.846577 -730.620850 11.217528 21
-48.445171 -729.823303 15.208612 21
-42.734505 -728.127380 13.320671 21
-59.989433 -726.396729 21.910597 21
-62.909542 -726.629150 24.048189 21
-36.414761 -730.321960 3.702934 21
-43.051128 -732.442932 10.552555 21
-41.728920 -728.105469 9.631440 21
-35.425583 -729.161560 3.371724 21
-45.442974 -729.467896 15.018421 21
-41.551792 -728.612915 8.382607 21
-36.617855 -728.087097 -0.104727 21
-55.561771 -724.830872 18.491571 21
-50.014641 -730.547485 16.646194 21
-35.526169 -729.924438 0.693515 21
-48.578312 -725.401428 16.836958 21
-48.298489 -731.696777 16.825901 21
-41.012730 -729.034180 7.069179 21
-62.469131 -726.881653 30.046741 21
-58.441010 -722.971741 20.989815 21
-50.494720 -731.622314 17.686676 21
-57.557907 -727.177490 27.382065 21
-38.887188 -729.628906 5.115118 21
-35.948517 -730.553589 0.678189 21
-52.283314 -727.242676 21.960184 21
-36.843750 -731.125122 2.741324 21
-47.394638 -729.292542 13.334952 21
-55.432369 -732.081177 19.174845 21
-41.054359 -729.995483 10.393957 21
-61.635250 -727.025146 22.885118 21
-48.582485 -732.217346 17.569422 21
-36.658993 -728.447083 4.870409 21
-36.291046 -731.127991 3.089220 21
-35.934456 -729.626648 3.908520 21
-59.427769 -732.481934 23.201719 21
-41.091122 -729.295654 10.931408 21
-51.354973 -733.660828 20.856007 21
-43.667213 -728.528320 13.868128 21
-51.505367 -724.007812 17.951269 21
-52.882511 -727.106628 21.609459 21
-39.211624 -728.271851 8.431726 21
-37.071930 -731.000671 0.483897 21
-47.920338 -730.211304 15.179421 21
-60.716576 -724.287537 23.450441 21
-64.636810 -725.162903 31.056561 21
-38.663116 -728.651062 8.195724 21
-56.058201 -725.242981 18.698215 21
-49.190941 -724.400635 17.584339 21
-51.430878 -726.666016 17.092989 21
-37.757915 -728.035461 2.941368 21
-37.224876 -728.307007 -1.139667 21
-61.248150 -725.943054 24.197617 21
-50.562252 -726.749268 16.604977 21
-43.109119 -728.518250 9.691611 21
-36.166882 -731.489868 -0.421192 21
-40.442905 -729.844788 10.508034 21
-63.081924 -725.276917 30.371969 21
-56.858959 -726.465271 26.185421 21
-41.705482 -729.784912 10.903323 21
-51.359325 -728.017090 21.395582 21
-43.720844 -729.613281 10.689569 21
-47.189674 -725.807251 16.152514 21
-57.820278 -724.942627 19.294285 21
-49.684273 -727.594177 19.671206 21
-57.783627 -732.377441 20.342865 21
-44.241520 -729.683960 14.265700 21
-44.916313 -729.093933 14.980075 21
-37.680691 -728.401978 7.203143 21
-54.962463 -730.314026 18.943708 21
-56.853313 -722.961670 19.520117 21
-52.306648 -729.005554 21.416265 21
-62.125648 -726.371643 27.668436 21
-52.782585 -728.402710 17.049725 21
-60.795082 -730.849609 20.512493 21
-40.715733 -729.447510 10.007040 21
-62.401722 -729.599365 23.295610 21
-63.890820 -726.892029 31.413469 21
-62.742077 -728.988159 23.236725 21
-49.672073 -728.751953 19.964848 21
-58.800011 -728.630371 25.836435 21
-44.082909 -726.831482 14.750574 21
-37.132549 -728.858337 6.705259 21
-38.454212 -728.545715 4.183293 21
-60.924953 -725.726135 23.700243 21
-38.485073 -730.230713 5.008190 21
-36.448586 -731.613892 -1.984878 21
-45.335648 -731.227234 17.065069 21
-44.221916 -730.515503 16.082813 21
-42.790188 -727.843689 11.242889 21
-52.873779 -728.987427 22.731384 21
-46.767269 -732.120056 17.829826 21
-46.715195 -726.562561 15.081493 21
-60.203285 -724.030090 23.291222 21
-39.659115 -727.609985 7.648508 21
-47.225613 -730.411682 15.035641 21
-53.351257 -728.627502 22.554733 21
-62.237469 -726.179749 28.861343 21
-36.010078 -730.432373 1.238373 21
-62.499454 -729.505798 22.050316 21
-40.172527 -728.135742 6.482433 21
-51.972458 -726.169067 17.469961 21
-44.488010 -726.888611 14.307133 21
-37.332981 -727.958191 4.147542 21
-53.033878 -723.699585 18.321203 21
-60.841843 -725.583008 23.086735 21
-56.373665 -732.974182 21.182316 21
-46.470814 -728.001892 13.557837 21
-63.739307 -727.212952 30.427870 21
-55.705723 -722.498657 19.550240 21
-37.609066 -728.769104 0.932383 21
-51.930294 -732.041443 18.488419 21
-37.212158 -730.932434 5.210684 21
-57.180168 -722.384949 20.173342 21
-39.924210 -727.950012 7.939597 21
-37.457584 -729.247009 6.875273 21
-62.793438 -724.486450 28.790159 21
-57.959034 -727.125366 20.249205 21
-52.814178 -727.066345 22.804037 21
-57.910484 -725.823364 19.688185 21
-54.687645 -724.495972 18.355646 21
-46.642597 -727.697754 15.889492 21
-52.616776 -725.726868 17.748522 21
-43.731514 -727.523499 12.559288 21
-56.243374 -726.639648 19.232485 21
-35.827393 -731.128784 -2.042725 21
-53.176624 -725.357971 17.995352 21
-43.715206 -728.779053 10.433873 21
-48.924274 -727.869629 14.991557 21
-61.834236 -727.030640 27.132812 21
-38.109592 -729.671631 7.513022 21
-39.444782 -730.065430 9.316416 21
-45.483894 -728.335510 12.160568 21
-54.469761 -728.549194 17.971655 21
-51.097233 -731.907532 18.149734 21
-59.885166 -725.208374 20.910612 21
-60.638451 -725.715149 29.200195 21
-54.636112 -728.109802 24.188259 21
-52.937401 -724.279419 18.227299 21
-54.583107 -733.798950 22.168892 21
-43.778572 -727.350159 13.055032 21
-37.904953 -729.363403 2.390566 21
-53.622971 -734.018799 21.972509 21
-55.933636 -728.981628 23.789040 21
-39.028881 -730.110779 5.931943 21
-58.965107 -732.065735 20.410263 21
-49.500046 -728.576172 20.439276 21
-59.760754 -731.911621 21.772554 21
-40.360268 -728.339172 10.068736 21
-35.688793 -728.413940 1.043581 21
-55.160603 -721.555969 19.219667 21
-47.827873 -729.395386 13.682991 21
-42.236519 -731.280884 10.607053 21
-62.887012 -725.901245 23.609838 21
-50.180222 -727.710999 20.941608 21
-46.033298 -726.185181 15.622657 21
-59.164677 -728.969299 25.858564 21
-59.223598 -732.170044 22.223600 21
-37.922283 -728.733643 -1.420053 21
-49.930336 -728.251831 15.453648 21
-43.807163 -727.192749 15.338524 21
-59.864864 -731.787231 23.397280 21
-41.473072 -731.984070 10.999167 21
-55.451347 -726.462097 18.774944 21
-43.859829 -730.119934 15.218697 21
-47.881557 -726.575012 15.620836 21
-38.124588 -728.778992 3.429300 21
-56.995693 -726.015930 19.378744 21
-37.892700 -730.820496 5.866416 21
-52.977337 -721.917358 18.811661 21
-57.879440 -726.317017 19.964289 21
-58.152119 -727.312805 27.750839 21
-38.203068 -729.421631 -1.751298 21
-63.853489 -724.108154 30.633217 21
-37.692390 -729.945007 7.117844 21
-48.250477 -732.575806 18.400724 21
-42.897648 -728.931824 9.584904 21
-38.119923 -729.851318 -1.187944 21
-58.065514 -722.611267 21.336243 21
-53.470978 -726.070618 18.002878 21
-45.232735 -727.913879 12.663213 21
-55.509617 -724.346252 18.527542 21
-37.935783 -727.771667 4.032448 21
-62.540199 -725.865540 27.860987 21
-41.759701 -728.084106 12.402307 21
-61.992683 -725.695435 30.390940 21
-52.930305 -726.268677 17.812130 21
-53.154240 -730.176819 18.214989 21
-49.935448 -727.424316 19.268347 21
-54.249798 -726.805969 23.589806 21
-58.701645 -723.794006 20.501085 21
-46.334881 -725.710388 16.534887 21
-58.627037 -731.931030 19.950829 21
-55.614449 -727.664795 19.233269 21
-51.215096 -728.811707 21.747801 21
-46.698391 -728.308044 17.063541 21
-38.009426 -730.024597 3.559040 21
-37.446819 -728.160400 0.240655 21
-64.810989 -726.717896 31.621525 21
-48.439774 -723.911194 17.435118 21
-48.682087 -726.562317 15.964472 21
-56.525604 -727.606506 19.614607 21
-50.145397 -728.149475 20.355080 21
-46.184563 -732.180969 18.414200 21
-39.130547 -727.788208 8.056170 21
-41.596725 -731.587402 9.451473 21
-57.122395 -732.390564 19.886782 21
-35.615223 -730.795715 -1.441846 21
-60.782261 -724.815002 23.706104 21
-49.242966 -725.443787 16.891420 21
-49.783516 -727.490112 18.851664 21
-40.191216 -728.488708 7.490860 21
-58.217999 -726.690735 27.955648 21
-60.240856 -725.545776 21.696342 21
-45.842426 -727.982056 12.888477 21
-46.325871 -728.180725 16.450645 21
-61.524281 -726.580688 27.247877 21
-35.502819 -729.487915 -0.120142 21
-49.483921 -732.956482 19.167057 21
-57.580303 -732.538452 20.863623 21
-36.714180 -730.621460 3.164319 21
-44.815968 -728.116272 14.735037 21
-57.685425 -723.656311 19.659859 21
-49.077076 -726.241333 16.331827 21
-55.632610 -729.966187 19.394012 21
-53.168407 -722.464905 18.862892 21
-61.756264 -726.936584 29.910248 21
-48.521671 -725.856506 16.564846 21
-46.232258 -725.367310 17.152916 21
-49.335751 -725.867249 16.707514 21
-35.816227 -731.142944 -0.030384 21
-60.557770 -725.166504 22.510122 21
-40.703148 -731.414062 10.258123 21
-52.314594 -722.117065 18.529741 21
-57.408794 -726.529419 19.811863 21
-50.082684 -731.068176 17.132177 21
-48.616306 -727.981323 19.089388 21
-44.843063 -730.923889 15.995566 21
-54.632267 -729.321350 23.269232 21
-48.099445 -732.968933 19.298300 21
-35.472523 -729.109314 -0.534090 21
-35.454777 -730.303162 0.913256 21
-35.766041 -730.469849 0.142014 21
-53.706303 -728.090820 17.832554 21
-53.902649 -724.847168 18.167948 21
-40.188610 -728.876099 9.895522 21
-45.256054 -727.404053 13.294578 21
-52.082787 -729.038757 22.135050 21
-51.201000 -727.603516 19.263191 21
-36.481464 -728.855896 4.865124 21
-38.600922 -728.369324 4.627522 21
-49.538013 -727.668396 17.688187 21
-50.925724 -725.142151 17.545940 21
-47.788868 -723.824341 17.404221 21
-51.774090 -722.449707 18.261641 21
-44.998699 -728.593079 15.269091 21
-58.673500 -733.481262 23.234552 21
-56.734238 -726.701538 19.516485 21
-55.291679 -721.891663 19.499588 21
-51.197002 -727.122620 16.704536 21
-51.064587 -723.284180 18.077990 21
-47.735767 -725.547302 16.613743 21
-35.204540 -728.993713 1.092540 21
-40.139439 -728.050903 7.149700 21
-39.253632 -730.438599 7.837793 21
-37.560276 -729.382141 7.711301 21
-52.416832 -727.050842 17.392979 21
-39.254498 -729.867188 8.937072 21
-42.526596 -729.042542 12.641434 21
-47.135651 -728.908875 13.143052 21
-41.782940 -729.080261 8.512807 21
-37.265518 -727.867310 3.394807 21
-51.356857 -728.581238 16.054983 21
-49.377335 -732.526306 18.432096 21
-38.588070 -728.117371 7.414270 21
-54.039337 -729.775513 18.463840 21
-40.464451 -730.219177 10.307216 21
-43.517899 -727.876038 12.984008 21
-62.226566 -725.110352 29.456627 21
-58.963188 -732.668823 22.670696 21
-44.476799 -727.477173 13.030210 21
-58.183132 -723.562866 19.874580 21
-47.054367 -727.870117 16.911163 21
-41.232182 -731.123718 9.636755 21
-35.587234 -729.199158 0.680518 21
-55.955933 -726.900024 25.868832 21
-54.159142 -723.595642 18.621311 21
-62.198795 -729.993530 21.805925 21
-45.416210 -728.219055 15.524182 21
-41.082882 -730.465332 10.921978 21
-36.027561 -728.536072 4.545673 21
-56.086544 -729.192078 19.122646 21
-50.662903 -732.649780 18.948307 21
-50.795448 -730.402039 17.030769 21
-50.629684 -731.921326 17.986496 21
-45.225307 -730.964844 16.745144 21
-46.942043 -732.348755 18.454309 21
-40.061760 -731.124573 8.535112 21
-58.408340 -726.947815 20.555857 21
-58.226524 -732.105530 19.946548 21
-37.365845 -730.510071 2.081234 21
-50.152237 -728.772095 15.303332 21
-41.708908 -729.208557 11.792166 21
-48.135872 -728.375977 18.466152 21
-38.497066 -730.356262 7.501580 21
-55.998905 -728.250549 25.496561 21
-46.466553 -728.729492 16.809504 21
-48.216839 -729.805847 14.287828 21
-54.632748 -721.709412 19.177588 21
-36.547527 -731.190857 1.204158 21
-54.519543 -729.692017 18.673120 21
-56.630867 -725.447632 18.975977 21
-60.575230 -726.729248 29.551130 21
-60.279774 -725.693115 28.664343 21
-54.892773 -729.562805 23.985449 21
-53.775326 -722.090881 18.988779 21
-45.516144 -726.157166 16.330441 21
-60.466652 -724.568237 24.058914 21
-48.529991 -723.375366 17.444996 21
-37.361908 -730.919800 0.812250 21
-38.029583 -727.815063 5.496354 21
-49.250763 -723.628418 17.641396 21
-59.742516 -724.405273 21.357952 21
-47.366688 -726.045105 15.817527 21
-57.158298 -724.065063 19.135860 21
-48.293888 -724.670227 17.398470 21
-51.745861 -727.512634 19.849834 21
-64.695114 -725.628784 31.160633 21
-36.043171 -728.895264 4.828424 21
-36.314384 -728.006409 2.611910 21
-40.475231 -731.105835 8.697620 21
-56.311218 -728.962097 24.195610 21
-37.676647 -727.964600 3.351757 21
-61.801521 -730.302368 23.708622 21
-37.962994 -730.613342 6.721108 21
-60.418755 -724.374451 23.153921 21
-61.310047 -726.481262 24.110336 21
-36.950020 -730.312927 5.895657 21
-54.049232 -733.608398 21.359331 21
-42.092331 -728.506531 12.121053 21
-55.462418 -727.797729 25.242382 21
-50.526772 -728.894714 20.658760 21
-59.454456 -726.315674 28.825129 21
-42.694736 -729.232727 13.379438 21
-53.484535 -728.103210 23.549273 21
-51.008831 -729.141052 21.016773 21
-36.041370 -729.810486 3.528568 21
-55.667225 -723.573242 18.888538 21
-44.011280 -730.161560 14.783694 21
-37.303261 -728.442871 6.766345 21
-52.574131 -731.932068 18.609377 21
-38.703106 -730.521851 6.079294 21
-49.118107 -729.918762 15.013116 21
-59.727287 -731.870850 20.922159 21
-55.784939 -725.672729 18.762857 21
-54.170368 -729.579163 23.598776 21
-54.272675 -728.257507 23.626871 21
-55.212662 -729.481995 18.907898 21
-58.982281 -726.277222 20.581079 21
-40.098114 -730.600098 9.879985 21
-45.579708 -726.013794 16.714195 21
-37.719078 -730.379211 3.552862 21
-63.342564 -724.147034 29.975191 21
-37.566708 -727.931274 5.752811 21
-54.967667 -729.889160 18.860277 21
-51.986389 -727.785095 19.439812 21
-47.434925 -724.468384 17.424143 21
-57.943607 -732.868958 21.652271 21
-60.022499 -731.715271 21.495253 21
-62.881279 -726.918274 30.187822 21
-59.064964 -728.080566 26.061714 21
-40.725498 -730.588745 10.516926 21
-35.720974 -731.179504 -1.018078 21
-62.085865 -726.369507 29.230492 21
-61.812183 -726.134094 24.737881 21
-47.466614 -725.054260 17.153366 21
-49.898842 -728.642090 20.316231 21
-60.030235 -727.359619 28.100229 21
-43.437660 -729.755493 14.277701 21
-43.296398 -727.918335 13.909032 21
-53.463093 -730.845032 18.470497 21
-55.966225 -727.711121 25.914341 21
-44.174072 -726.952942 15.181644 21
-63.035744 -723.979858 29.473953 21
-36.063732 -730.362427 3.460535 21
-42.848125 -729.522034 9.742510 21
-64.129364 -727.076660 31.090834 21
-46.293797 -732.020752 18.001059 21
-52.507122 -723.536377 18.392651 21
-42.384159 -730.986938 10.896003 21
-45.626717 -727.119141 13.997128 21
-58.529892 -732.273010 20.701097 21
-38.056622 -728.134644 6.916561 21
-56.823330 -727.230591 19.511986 21
-35.666100 -728.733948 0.517891 21
-36.521015 -730.700195 4.535083 21
-37.399353 -730.979797 0.129686 21
-51.630611 -732.860168 19.377813 21
-36.086758 -730.905212 -0.830864 21
-37.874317 -730.714233 5.229358 21
-55.315632 -731.683716 18.942419 21
-37.562428 -730.765320 2.509336 21
-46.511929 -725.027283 17.087358 21
-61.698853 -730.416809 22.336298 21
-41.558975 -731.252502 10.933337 21
-55.244995 -729.360779 23.810493 21
-47.024223 -728.495056 17.445179 21
-57.813389 -733.402039 22.984264 21
-46.101746 -731.718079 17.184589 21
-45.930843 -727.971130 15.747605 21
-62.491966 -729.418762 22.454466 21
-46.366642 -728.492126 12.918557 21
-57.236382 -732.766296 21.299303 21
-54.639786 -728.331848 23.404356 21
-40.419712 -728.163635 6.819427 21
-46.661053 -728.888062 12.814149 21
-38.054535 -729.102356 0.037707 21
-36.221378 -728.821411 4.282686 21
-52.331055 -725.012634 17.893757 21
-61.069736 -730.663208 24.035059 21
-50.717384 -728.299500 20.852842 21
-50.956188 -727.831238 16.303646 21
-56.321266 -727.293579 26.337721 21
-47.767666 -729.083801 17.592220 21
-59.081326 -733.358582 23.260420 21
-57.300880 -727.926331 26.772034 21
-38.740486 -728.911316 8.805647 21
-55.400234 -733.244202 21.277191 21
-37.742126 -730.908020 3.729413 21
-42.121422 -729.806458 12.060017 21
-48.078331 -729.183960 17.895164 21
-44.420792 -729.289185 14.244497 21
-56.164906 -729.527100 24.688856 21
-41.910545 -730.987915 11.026926 21
-57.102947 -733.279053 22.045801 21
-54.223614 -728.775269 23.177790 21
-40.507923 -730.995300 9.883849 21
-55.278912 -725.580078 18.519497 21
-41.105793 -728.274780 8.892141 21
-58.624401 -726.740356 28.217178 21
-41.280647 -728.565369 11.308730 21
-55.034473 -727.245728 18.605038 21
-41.632324 -728.009155 11.515247 21
-62.503162 -728.968811 24.014900 21
-37.012997 -728.098511 -0.369610 21
-47.946877 -730.502747 15.536151 21
-40.960163 -728.509766 7.833920 21
-59.244865 -732.227905 23.686636 21
-49.109596 -728.665039 19.539904 21
-35.353333 -729.106201 2.175214 21
-52.633511 -733.085693 20.008276 21
-53.820698 -727.732544 23.932245 21
-63.514481 -726.952271 31.227377 21
-49.361435 -728.511719 14.954215 21
-62.571613 -726.396545 23.405960 21
-41.479454 -730.888306 10.470849 21
-45.824936 -726.842529 14.474512 21
-57.913368 -722.749451 20.600718 21
-50.000050 -727.630554 18.096071 21
-37.055885 -731.340637 -1.119453 21
-52.755989 -727.203857 22.436113 21
-62.405853 -728.859802 21.310076 21
-57.213112 -727.361267 27.077850 21
-57.773991 -724.108643 19.438107 21
-36.924625 -729.862427 6.190103 21
-60.724651 -731.282715 22.516064 21
-58.838890 -725.848816 27.413387 21
-59.491615 -725.536438 20.528131 21
-52.080357 -727.697144 17.037033 21
-47.780640 -728.631592 13.814322 21
-51.171085 -728.839417 15.778781 21
-45.203491 -728.467529 11.768397 21
-54.741371 -733.032837 20.640114 21
-39.638336 -728.775635 5.303217 21
-50.642399 -727.415771 19.285248 21
-51.696865 -723.369507 18.305418 21
-47.194332 -727.628723 14.143699 21
-57.908138 -727.211792 25.448389 21
-61.037815 -727.176758 29.333338 21
-53.593575 -729.110535 22.410004 21
-51.021317 -725.967651 17.218618 21
-39.934982 -727.585571 7.220639 21
-49.912125 -723.801819 17.720905 21
-60.125610 -731.163574 20.132824 21
-50.192455 -733.859985 20.581764 21
-51.935284 -727.316956 20.619354 21
-58.056194 -722.827209 20.987946 21
-53.484573 -726.899841 22.743313 21
-55.186871 -727.081360 25.315590 21
-48.741421 -730.677795 16.082357 21
-50.451878 -726.367065 16.768070 21
-55.523354 -727.068970 18.914566 21
-59.683472 -726.033875 21.063299 21
-44.387474 -727.712646 12.352097 21
-53.730511 -724.195496 18.348978 21
-36.208614 -731.449707 -1.076983 21
-38.858795 -728.586182 4.899865 21
-55.470615 -723.149719 19.129963 21
-61.400780 -726.403687 28.487535 21
-58.308601 -732.863159 22.270823 21
-35.623001 -729.387573 2.028511 21
-42.422192 -731.594238 10.814002 21
-36.496994 -730.064758 4.323577 21
-59.653793 -732.196777 22.769468 21
-63.129936 -723.854858 30.272041 21
-55.995190 -724.171692 18.693130 21
-42.189800 -732.553650 10.611305 21
-57.481869 -722.328125 20.943705 21
-45.477268 -731.198608 16.287716 21
-40.227360 -728.963745 6.756341 21
-50.857037 -733.112183 19.649023 21
-49.382847 -726.941589 15.933337 21
-36.560425 -730.462891 5.003428 21
-57.409157 -723.153076 19.995371 21
-35.316330 -728.928955 2.915851 21
-38.683422 -727.840149 5.841163 21
-50.640980 -723.977844 17.941452 21
-54.574326 -732.627258 19.764742 21
-50.882065 -724.471985 17.719265 21
-42.396790 -732.758057 10.966189 21
-54.566311 -726.947998 24.211235 21
-49.656746 -730.193726 16.199594 21
-39.723526 -729.673401 6.249908 21
-46.679573 -727.835754 16.258150 21
-62.958870 -725.882019 30.956223 21
-49.739731 -731.261963 17.078068 21
-60.496082 -724.798828 22.329910 21
-35.518612 -730.723877 -0.543413 21
-44.621105 -730.797485 16.317831 21
-46.930702 -725.081970 17.551065 21
-62.438187 -725.228638 30.079472 21
-44.190533 -728.325073 11.036214 21
-54.592037 -733.274353 20.930420 21
-58.439980 -727.841248 25.788097 21
-57.161430 -727.392517 19.944153 21
-51.314701 -727.298279 20.779249 21
-59.197563 -723.310974 21.903610 21
-61.732265 -730.582153 21.926483 21
-44.699402 -727.603516 13.907941 21
-51.424965 -731.335022 17.925220 21
-59.480980 -726.921021 28.815582 21
-52.320530 -730.060425 17.827070 21
-56.319714 -733.441284 21.891424 21
-54.846439 -723.575256 18.704567 21
-58.881908 -726.125244 28.154861 21
-36.663033 -731.483093 -1.577174 21
-62.038216 -729.991211 22.597530 21
-35.601788 -729.678589 -1.605865 21
-42.034657 -731.897278 10.155763 21
-58.977295 -732.136536 21.097582 21
-51.642555 -727.860535 19.083916 21
-45.788532 -728.946045 12.069150 21
-37.520794 -727.547607 4.951740 21
-61.141129 -730.861389 20.942356 21
-39.545475 -730.578857 9.070777 21
-53.205875 -727.517212 23.420462 21
-40.954933 -730.859558 10.317520 21
-49.572979 -729.068420 19.658648 21
-41.979530 -729.924377 11.654766 21
-48.741867 -733.000000 18.837275 21
-55.640640 -722.078247 19.650869 21
-49.307575 -727.493530 18.367638 21
-43.805931 -727.908081 13.892046 21
-41.432457 -729.776489 8.576823 21
-47.527878 -728.528137 17.927412 21
-51.545467 -729.060486 21.552443 21
-54.990055 -733.717712 22.178549 21
-35.809692 -729.225952 3.007339 21
-49.906349 -725.422974 17.216959 21
-52.459625 -729.032471 16.552996 21
-37.157085 -731.206299 -0.166647 21
-53.785740 -723.665527 18.536482 21
-46.214779 -725.245728 16.769417 21
-42.795143 -732.048706 10.452370 21
-37.960983 -728.985229 7.909562 21
-56.771843 -722.557129 20.094843 21
-54.338722 -725.670227 18.262671 21
-47.728657 -727.534180 17.045437 21
-63.984840 -727.401123 30.840567 21
-57.340317 -725.368958 19.198738 21
-52.717083 -729.096436 22.245365 21
-39.150459 -730.231140 8.462479 21
-58.174061 -726.170105 27.244081 21
-56.265213 -727.389038 19.272442 21
-41.060165 -728.021667 10.165648 21
-38.833511 -730.457458 5.653585 21
-58.889954 -725.280457 20.103138 21
-58.699837 -723.219543 21.258354 21
-63.408379 -726.591003 23.535625 21
-53.085533 -729.256653 17.139717 21
-58.716686 -727.276489 27.858818 21
-47.648624 -729.813904 14.792019 21
-51.928493 -728.112000 16.667643 21
-60.045803 -731.739624 22.306776 21
-53.713516 -722.955505 18.856991 21
-60.604023 -731.162354 23.844942 21
-47.058647 -727.764771 16.502977 21
-49.214916 -727.725708 19.433504 21
-41.546234 -732.118164 10.570730 21
-45.109398 -726.820251 15.803173 21
-53.312023 -724.846375 18.103773 21
-40.505264 -728.454285 6.535419 21
-53.646481 -727.290039 23.839241 21
-36.071404 -729.366699 4.194972 21
-39.753716 -728.536438 9.023465 21
-35.773621 -729.819519 -2.563679 21
-42.029598 -732.300903 10.872461 21
-52.352165 -733.754578 21.167938 21
-37.720505 -728.743408 1.348383 21
-41.451019 -727.973572 10.212356 21
-37.471272 -727.997131 2.268940 21
-37.350727 -730.023438 6.545335 21
-44.574368 -726.822571 15.428461 21
-40.409557 -727.996277 9.723214 21
-48.785519 -733.356934 19.829325 21
-60.099895 -727.412720 26.478094 21
-46.914215 -725.357666 16.952410 21
-55.716808 -728.685547 23.644480 21
-63.504475 -724.335632 31.026396 21
-48.855495 -727.435913 18.297745 21
-53.218639 -733.666992 21.410076 21
-36.203506 -730.284729 4.151000 21
-41.271839 -730.952271 11.566992 21
-41.543274 -727.998901 10.822724 21
-52.363529 -732.599976 19.211966 21
-62.935863 -727.195435 22.114910 21
-54.352180 -732.895447 20.260393 21
-36.600197 -729.946960 4.711854 21
-61.108494 -726.430176 29.846981 21
-61.147682 -725.259399 24.471434 21
-61.856735 -725.391968 30.133204 21
-38.716873 -727.592346 6.806575 21
-63.120522 -727.099915 29.938444 21
-46.906937 -728.488098 13.280065 21
-57.896587 -732.510498 21.090015 21
-42.781715 -730.067505 12.682170 21
-52.914761 -729.366455 22.819513 21
-36.828732 -731.208069 1.968341 21
-41.092545 -731.116211 9.273536 21
-60.168819 -726.750427 29.322594 21
-62.744591 -728.913635 22.525858 21
-40.388767 -729.390564 6.934671 21
-35.762604 -731.071899 -2.921178 21
-50.493366 -728.702026 21.378832 21
-45.916645 -728.723389 16.270716 21
-43.990688 -727.173767 13.930387 21
-50.250641 -723.229797 17.864794 21
-37.378429 -730.748657 3.682978 21
-57.077824 -723.525330 19.411476 21
-44.431698 -728.555908 14.671394 21
-64.271942 -726.975586 31.677822 21
-37.482765 -730.295837 1.315462 21
-42.718433 -732.454468 10.106919 21
-40.006077 -730.088135 6.970086 21
-40.942764 -728.040100 10.895745 21
-56.750320 -732.683594 20.647530 21
-49.685974 -727.899536 19.947992 21
-58.390854 -733.274109 23.409981 21
-53.971550 -729.004944 22.232239 21
-50.777447 -733.494324 20.251822 21
-60.527313 -731.412537 21.968897 21
-35.567677 -729.188232 1.159181 21
-40.933697 -729.602112 10.270782 21
-63.825863 -725.378845 30.747202 21
-53.529099 -726.853577 17.997042 21
-40.776466 -729.537109 7.594408 21
-52.830696 -727.173889 17.605967 21
-46.687115 -727.517761 13.982372 21
-64.580170 -725.354126 31.401445 21
-55.351562 -728.131287 24.579889 21
-43.699856 -727.352478 14.501252 21
-50.259579 -726.903503 16.367331 21
-59.767620 -723.620728 22.204588 21
-41.892475 -728.764893 8.283893 21
-36.882751 -730.039124 5.199271 21
-47.321888 -732.498474 18.764856 21
-48.066662 -725.265259 16.925894 21
-60.243916 -728.266052 26.507185 21
-43.941280 -728.619019 14.146368 21
-51.536148 -727.580444 22.149342 21
-43.149654 -727.739014 12.067827 21
-63.210274 -727.679260 23.626059 21
-36.315533 -728.806885 5.279528 21
-63.302296 -726.397461 23.191505 21
-52.325684 -729.356567 22.110392 21
-44.485325 -726.803955 14.740197 21
-40.813187 -730.368774 10.180174 21
-54.168964 -722.295654 19.146759 21
-52.389755 -724.202759 18.148403 21
-61.517262 -730.507629 23.059242 21
-42.464012 -729.237732 13.033814 21
-46.068462 -729.855164 12.867229 21
-36.850010 -728.916809 6.400532 21
-58.029285 -723.346130 20.329361 21
-42.025227 -727.939392 11.617694 21
-42.751251 -729.657959 13.371263 21
-37.794273 -729.771606 2.243290 21
-37.242107 -727.816284 4.950961 21
-51.589981 -727.335815 21.399145 21
-36.656494 -730.393066 3.984896 21
-45.890400 -726.234558 16.306746 21
-59.995453 -726.167175 21.602942 21
-49.769627 -732.108032 17.909464 21
-47.167332 -727.742065 17.251089 21
-38.964520 -728.419983 8.027591 21
-61.564251 -726.569397 27.635664 21
-49.417667 -730.888306 16.616331 21
-61.832829 -725.317993 29.472956 21
-55.256565 -732.548645 19.720686 21
-42.821274 -729.779724 12.315875 21
-35.834484 -728.553162 4.080310 21
-51.866955 -733.855286 21.228731 21
-53.199997 -733.409241 20.672621 21
-51.541431 -725.012390 17.753408 21
-53.092533 -727.088623 21.950676 21
-51.014843 -727.322510 20.106344 21
-61.469700 -726.019104 28.801628 21
-52.083290 -730.918091 17.993048 21
-43.034328 -728.091125 13.590330 21
-59.945057 -723.879456 22.591906 21
-44.030235 -728.041931 11.652715 21
-58.445087 -722.571289 21.227615 21
-51.456810 -727.446411 16.782455 21
-54.761303 -732.235962 19.257736 21
-52.544201 -731.475403 18.427668 21
-57.932117 -728.086853 25.365946 21
-35.495193 -728.599792 0.191169 21
-60.048187 -724.237000 21.903269 21
-50.607468 -725.775635 17.138430 21
-62.623955 -728.801697 23.693274 21
-63.135067 -726.876343 30.613277 21
-61.823807 -726.584839 30.079910 21
-57.237526 -724.545288 19.028189 21
-36.809608 -728.546631 5.254503 21
-51.715954 -728.307007 16.395618 21
-51.883987 -727.318848 22.063797 21
-53.971363 -731.397339 18.712379 21
-49.045116 -727.592957 17.494404 21
-36.372990 -728.149597 3.433693 21
-36.541241 -729.137634 5.123533 21
-55.459118 -728.733643 23.300327 21
-50.790882 -728.072571 16.007759 21
-58.982628 -723.045593 21.615892 21
-62.811401 -728.100525 24.072487 21
-35.654057 -728.968811 1.977491 21
-43.340996 -729.784363 13.840489 21
-48.686390 -727.208862 15.423723 21
-49.077526 -729.207275 14.430065 21
-47.938816 -727.627930 17.375837 21
-59.848911 -728.106323 26.502518 21
-46.413364 -727.026184 14.623918 21
-47.744671 -732.651306 18.391056 21
-59.220840 -725.945312 28.149601 21
-51.912811 -731.638489 18.236269 21
-51.214462 -728.395935 21.353931 21
-43.996662 -727.697937 12.295306 21
-42.080879 -729.809875 9.551962 21
-63.026978 -726.527954 22.483410 21
-37.129692 -727.611694 4.087713 21
-58.148285 -727.787354 27.415548 21
-42.521297 -729.592773 12.521012 21
-39.939499 -729.600708 9.763582 21
-56.372215 -733.643616 22.223413 21
-46.606155 -728.036682 17.409666 21
-53.888847 -733.224854 20.672129 21
-43.342949 -728.454773 13.454774 21
-52.270565 -723.839966 18.262178 21
-63.329357 -725.744080 30.948513 21
-54.925892 -729.183960 18.387234 21
-53.567760 -733.651489 21.240828 21
-48.685440 -724.938782 17.199335 21
-54.142521 -726.252991 18.262278 21
-55.831772 -726.045227 18.863918 21
-42.148846 -728.296021 12.986667 21
-65.504379 -726.291016 31.628345 21
-52.982269 -722.898010 18.611492 21
-39.116653 -727.559875 7.218482 21
-39.493992 -729.068237 8.868542 21
-35.409382 -729.852112 -0.419030 21
-38.771961 -727.821045 6.429754 21
-53.016933 -728.960022 16.869623 21
-48.443893 -728.877563 14.111259 21
-39.865414 -727.628784 6.771998 21
-36.774441 -727.722595 3.191312 21
-53.595406 -728.427490 22.786331 21
-45.213867 -728.092468 12.264116 21
-37.714622 -729.294556 0.654797 21
-35.845001 -731.020264 0.877999 21
-53.017845 -726.775696 17.731773 21
-59.971024 -726.629150 26.758448 21
-54.173691 -733.368958 20.901577 21
-40.661015 -728.611511 7.263721 21
-35.985981 -730.466675 1.971546 21
-44.377899 -728.039001 14.119428 21
-37.775352 -730.085693 2.758167 21
-61.361309 -727.288818 22.075279 21
-39.624741 -730.324646 8.493693 21
-54.629414 -728.051514 24.566744 21
-38.046860 -728.904480 3.063543 21
-54.684219 -727.262329 24.856899 21
-41.152351 -731.335754 8.884800 21
-36.863861 -728.447754 6.035372 21
-60.987762 -730.829468 22.177841 21
-57.077042 -728.843628 24.830332 21
-43.767021 -729.264832 13.753477 21
-60.483887 -727.892517 26.889502 21
-37.344761 -728.275818 -0.783343 21
-56.045212 -726.950928 19.194164 21
-48.560558 -728.468628 18.960701 21
-49.214951 -722.988403 17.423138 21
-53.364582 -733.056274 20.168276 21
-36.028465 -730.877258 2.187882 21
-41.265953 -730.219299 10.621659 21
-49.915497 -731.698792 17.493849 21
-39.200886 -729.711121 9.296402 21
-64.064514 -727.294739 31.772820 21
-44.562771 -727.971863 12.130214 21
-61.233074 -725.251465 28.949629 21
-50.341835 -732.116638 18.116779 21
-43.087051 -729.242493 13.797702 21
-39.528973 -727.774719 8.029961 21
-49.959160 -727.845764 20.237978 21
-39.306870 -728.379089 5.055463 21
-52.035835 -728.051758 22.178595 21
-42.626068 -732.820679 10.572704 21
-41.113949 -731.337158 10.097468 21
-41.929634 -728.308716 11.827589 21
-60.741508 -727.377380 28.769369 21
-51.875023 -730.403320 17.642685 21
-39.197632 -729.442139 8.278152 21
-42.780773 -727.568665 12.698537 21
-53.552242 -722.466675 18.825071 21
-54.045433 -728.893616 17.617586 21
-53.195278 -727.140259 22.784723 21
-37.089886 -728.216064 6.528762 21
-45.084713 -728.801331 11.587362 21
-36.579124 -728.059387 1.186699 21
-37.947708 -728.743713 -0.034899 21
-53.817196 -731.643738 18.962784 21
-47.998539 -728.782227 18.275780 21
-51.089756 -731.253540 17.706562 21
-58.700130 -724.432495 19.953629 21
-56.867321 -729.533813 25.058249 21
-41.471870 -729.787781 11.209504 21
-58.392380 -723.354797 20.663475 21
-37.982853 -728.471863 2.093797 21
-55.953987 -733.232727 21.450357 21
-45.418991 -727.982788 15.204414 21
-50.778160 -727.447144 16.305891 21
-45.601711 -729.650330 12.280383 21
-36.309982 -731.215210 -1.395588 21
-50.708939 -733.951416 20.752153 21
-50.224789 -727.841431 15.749895 21
-50.572647 -727.354736 19.840412 21
-38.625076 -729.120972 4.392131 21
-38.066402 -728.423706 3.639944 21
-46.756130 -725.751038 16.710102 21
-49.106777 -732.256531 17.856857 21
-60.099384 -724.272400 22.352438 21
-41.000515 -727.932617 7.127558 21
-61.209381 -725.671387 29.983894 21
-62.978607 -727.812927 22.298002 21
-41.961288 -729.507385 12.238816 21
-63.029018 -727.949524 22.708778 21
-46.638954 -725.433960 17.215639 21
-56.867744 -733.590637 22.879587 21
-58.159130 -732.295959 20.396593 21
-58.504242 -723.703674 19.983322 21
-60.905190 -727.482483 27.327843 21
-41.914520 -728.391663 8.931192 21
-37.329571 -730.670471 0.344136 21
-37.081177 -730.616699 3.899279 21
-57.483013 -731.890930 19.539614 21
-37.735119 -728.769653 7.525465 21
-61.397423 -726.890747 29.823063 21
-58.515430 -726.182129 20.191862 21
-59.301327 -732.307556 21.015373 21
-36.195263 -730.617188 3.706049 21
-41.411648 -731.548767 10.247369 21
-48.336746 -727.630310 17.367027 21
-49.257431 -727.505127 18.952940 21
-35.891766 -729.218994 4.569367 21
-50.618385 -727.622681 18.671555 21
-62.323742 -729.219238 21.375212 21
-62.326931 -724.945068 28.764977 21
-64.257767 -725.027466 30.937506 21
-39.393837 -729.500061 5.613411 21
-37.677937 -729.556091 7.143421 21
-41.693527 -731.731079 10.828343 21
-54.137379 -728.599060 23.560747 21
-52.841385 -728.295288 22.542379 21
-58.895153 -723.605530 21.150425 21
-36.444019 -730.474121 2.809134 21
-63.085823 -726.789001 22.745792 21
-51.701363 -731.079712 17.926952 21
-56.019176 -732.885498 20.812475 21
-50.837250 -727.102478 16.612644 21