-51.580967 -727.297363 20.338638 21
-36.011505 -731.016357 -3.226351 21
-66.085930 -726.141968 31.422741 21
-41.191597 -732.235718 10.748901 21
-62.329224 -729.585083 21.598917 21
-37.223602 -727.620911 4.534801 21
-44.655365 -726.461670 15.717710 21
-58.516529 -726.337952 28.144213 21
-58.110069 -722.377869 20.947189 21
-55.562336 -734.070679 22.382381 21
-46.942024 -732.670776 18.877321 21
-49.875187 -729.178833 14.962190 21
-52.689095 -721.918335 18.436340 21
-57.035187 -729.437439 19.578773 21
-54.931141 -728.286865 24.522903 21
-61.649696 -724.998718 24.090359 21
-52.264790 -732.262207 18.731384 21
-44.769234 -728.621643 11.087134 21
-48.147865 -723.531006 17.573418 21
-41.081951 -728.621399 7.326106 21
-36.754856 -731.271301 1.566161 21
-62.846832 -724.872253 28.517078 21
-55.610977 -725.290100 18.569048 21
-59.785084 -732.795654 23.372107 21
-44.862385 -730.819763 15.531880 21
-47.740543 -728.439087 18.670135 21
-59.371990 -726.295471 20.916704 21
-53.311668 -728.775208 17.090508 21
-36.877029 -728.160950 -0.758637 21
-40.937771 -728.387939 11.463733 21
-38.013958 -730.869629 6.364039 21
-50.693947 -726.120850 16.994772 21
-58.287613 -728.961365 25.685165 21
-46.975700 -728.094666 13.603478 21
-59.677349 -731.423889 20.039156 21
-55.550964 -732.392334 19.512493 21
-49.845310 -733.706665 20.404478 21
-49.467201 -731.548828 17.211941 21
-63.089264 -727.902039 24.229046 21
-39.033340 -729.993530 9.479528 21
-52.612648 -729.335083 22.558769 21
-63.251106 -727.240967 30.667902 21
-47.794155 -726.097534 15.881607 21
-42.732880 -729.417236 13.754806 21
-55.574440 -721.581909 19.386198 21
-52.712303 -733.810303 21.403812 21
-61.126007 -727.286194 27.038261 21
-35.345646 -728.805115 2.488461 21
-38.063213 -728.030640 7.379042 21
-38.200588 -728.678894 1.796749 21
-56.659473 -726.329529 25.789288 21
-37.963547 -731.096741 -1.096053 21
-61.259167 -730.310669 24.156498 21
-64.029144 -724.305908 30.986778 21
-52.831177 -724.688049 18.077213 21
-54.561466 -727.460999 21.876345 21
-60.709927 -726.443359 29.882584 21
-59.964714 -723.966370 22.196247 21
-57.650520 -732.676270 21.355772 21
-38.023048 -729.137512 -2.998150 21
-42.420692 -729.726990 9.639028 21
-47.566650 -730.500916 15.338515 21
-36.336082 -730.646545 4.145036 21
-58.036369 -724.558167 19.410593 21
-39.857346 -728.930115 4.998760 21
-46.163841 -728.591614 16.552015 21
-61.662800 -727.072998 22.026533 21
-35.442078 -730.322327 -0.475855 21
-44.200649 -727.258057 13.292820 21
-54.575745 -730.104004 18.798655 21
-49.924248 -729.130371 19.858887 21
-50.646389 -723.306946 17.957640 21
-57.048225 -726.969543 19.749857 21
-51.519218 -730.329773 17.388472 21
-54.718163 -727.447876 18.420780 21
-46.502247 -725.147705 17.490080 21
-40.470772 -726.450073 7.349413 21
-60.822083 -731.208740 22.125185 21
-40.276459 -728.041931 9.339984 21
-46.482159 -731.722595 16.922726 21
-45.801701 -729.888855 12.600355 21
-63.545689 -726.100586 23.046011 21
-44.655930 -728.710449 14.945213 21
-49.732399 -727.501038 18.404913 21
-52.317165 -727.167969 22.418934 21
-57.561882 -731.543091 19.417639 21
-54.492340 -723.373840 18.787231 21
-38.272350 -729.703186 3.727182 21
-40.815540 -731.072998 8.951941 21
-52.660480 -726.744446 17.601385 21
-51.237900 -728.189087 16.209112 21
-42.946209 -727.825806 11.748620 21
-36.957901 -729.150940 5.962640 21
-57.440506 -733.541260 23.192308 21
-49.473873 -727.291199 15.767988 21
-56.526405 -729.552795 24.889107 21
-62.387978 -725.421936 30.469603 21
-50.271675 -732.591492 18.744022 21
-42.460747 -729.763000 11.681604 21
-57.479916 -727.683105 27.036701 21
-43.021008 -733.010071 10.559151 21
-50.803795 -728.803528 21.599554 21
-35.195408 -728.580078 0.425366 21
-40.760815 -730.236267 10.757795 21
-56.557919 -723.283569 19.341906 21
-53.742950 -726.895325 23.720203 21
-39.834648 -729.983948 6.646367 21
-53.615398 -732.901184 19.951038 21
-48.964073 -725.250488 17.201115 21
-37.732220 -729.713135 0.236577 21
-35.675396 -729.348633 -2.108969 21
-48.139473 -727.529846 17.059065 21
-46.217834 -726.682983 14.688496 21
-60.187550 -725.495483 28.288464 21
-62.360382 -726.608154 29.013563 21
-54.666573 -729.105225 22.887009 21
-48.291138 -729.386963 14.014672 21
-35.830437 -728.882874 4.402485 21
-60.709618 -725.625916 22.563515 21
-51.597099 -733.279541 20.063286 21
-60.060944 -728.508545 26.244652 21
-36.780598 -727.730835 2.651851 21
-36.311382 -731.793213 -1.268332 21
-42.001366 -728.003113 10.019886 21
-39.631001 -727.834412 6.534705 21
-59.395084 -724.532898 20.568653 21
-61.112431 -730.467102 20.530327 21
-59.723682 -727.640930 28.075691 21
-59.282871 -732.006042 21.808277 21
-64.399345 -726.537231 31.822367 21
-53.008930 -730.718018 18.287775 21
-35.489338 -730.095581 1.294686 21
-42.683270 -731.223206 10.726083 21
-62.893456 -729.681396 24.045002 21
-62.070621 -726.583374 24.775965 21
-56.230118 -728.021545 25.772692 21
-62.974201 -728.173096 22.399424 21
-55.412014 -726.577637 24.606297 21
-45.605614 -728.111023 12.542932 21
-48.568211 -733.081604 19.413231 21
-38.893871 -730.748108 7.861803 21
-55.024082 -733.186035 21.030096 21
-36.842289 -727.915466 0.942598 21
-50.039280 -730.150208 16.371824 21
-62.523952 -726.131775 27.372355 21
-37.265152 -729.683472 7.558466 21
-47.917999 -727.463562 14.872650 21
-58.369682 -726.722351 25.996441 21
-44.900867 -731.244751 17.207779 21
-47.566105 -729.197083 17.202677 21
-53.980106 -725.917786 18.166775 21
-43.423672 -727.528870 14.714321 21
-51.332870 -727.809143 18.813715 21
-54.173477 -731.688599 18.854986 21
-39.040970 -728.721680 8.462695 21
-38.173023 -729.430237 -1.274425 21
-43.512684 -728.580505 10.081602 21
-43.518517 -729.833679 15.112304 21
-49.955208 -727.528442 20.032921 21
-37.625496 -730.113892 2.248249 21
-46.171673 -725.921448 16.122927 21
-41.814499 -728.294006 12.796695 21
-48.035576 -731.508850 16.470802 21
-63.008480 -723.848267 29.873449 21
-51.204895 -724.784668 17.663023 21
-38.501308 -727.851685 5.429326 21
-53.113102 -727.636169 20.512901 21
-48.399399 -732.428040 17.995983 21
-38.104225 -728.193115 3.304926 21
-38.847870 -730.134094 5.283721 21
-52.532192 -729.193542 21.022129 21
-46.724686 -729.818115 14.228215 21
-54.065456 -721.828308 19.236298 21
-55.914463 -730.983826 19.050621 21
-36.164005 -730.304749 2.645452 21
-60.359676 -724.249939 23.734098 21
-52.144791 -723.335510 18.385309 21
-54.060585 -734.011108 22.118345 21
-58.271133 -725.996460 19.937040 21
-56.797394 -722.060791 20.268560 21
-60.375957 -731.413696 23.641186 21
-36.858940 -731.091309 0.082111 21
-42.041367 -728.616394 8.636886 21
-59.736118 -726.891113 26.598652 21
-55.734089 -729.042542 18.928102 21
-61.520210 -725.354553 29.241302 21
-53.469078 -728.227661 23.092291 21
-50.932735 -731.599243 17.859922 21
-57.000275 -725.578369 19.163881 21
-58.170410 -727.295593 20.637611 21
-41.096260 -729.811523 8.187337 21
-43.844284 -729.929749 11.232329 21
-37.573479 -730.821167 4.960898 21
-60.977100 -727.081726 28.539675 21
-61.740189 -730.264832 22.733391 21
-55.802517 -726.700562 18.998348 21
-56.823299 -732.532715 20.178671 21
-55.278717 -729.619385 24.167202 21
-58.506203 -732.181030 20.294975 21
-58.882481 -722.978638 21.989632 21
-56.332333 -733.186157 21.584719 21
-62.295567 -726.688965 23.328974 21
-45.857681 -732.043701 18.141121 21
-45.742645 -727.890564 15.378276 21
-48.867794 -730.028809 15.608252 21
-39.287346 -727.415161 7.842278 21
-63.697731 -725.712646 30.935257 21
-60.987633 -726.270264 23.932560 21
-52.129478 -729.226440 16.460520 21
-58.553200 -732.893616 22.623911 21
-49.452896 -723.995239 17.626457 21
-48.981548 -728.265015 19.277138 21
-57.765671 -723.345764 20.033274 21
-43.151489 -728.216614 13.121342 21
-35.660156 -730.717896 -1.873753 21
-40.364277 -729.421448 9.708327 21
-44.092133 -729.413574 13.925042 21
-45.539555 -727.289734 13.612411 21
-65.001122 -725.333618 31.254820 21
-47.013626 -727.621094 16.146448 21
-54.255165 -724.611206 18.277462 21
-59.696140 -726.647705 29.031149 21
-45.832455 -729.316101 15.468843 21
-60.182243 -725.301331 21.335709 21
-35.662769 -728.826111 -0.801863 21
-51.555443 -727.106445 16.946962 21
-59.936890 -726.852661 21.978813 21
-56.115070 -728.622253 23.984718 21
-37.370682 -728.546997 -2.016302 21
-51.346729 -727.586609 21.607107 21
-47.731598 -724.739624 17.251442 21
-57.721195 -726.325623 27.100210 21
-62.109127 -726.719971 30.295376 21
-51.461517 -722.236023 18.052021 21
-54.697803 -728.905701 18.138632 21
-44.209999 -727.878845 12.023254 21
-46.997032 -729.329041 13.054546 21
-49.501446 -726.225098 16.492083 21
-55.650509 -723.959961 18.686047 21
-48.826359 -728.404663 14.663517 21
-41.672543 -731.344482 9.864954 21
-41.612328 -730.989197 11.388430 21
-50.968422 -729.353882 15.751763 21
-51.024635 -733.984558 20.939240 21
-37.072350 -731.025208 3.132761 21
-46.970135 -728.073425 17.349070 21
-38.669033 -728.808350 4.619579 21
-53.375862 -727.148865 21.685781 21
-62.526489 -729.298218 22.923628 21
-58.655754 -723.533264 20.887989 21
-40.321026 -731.320740 10.067122 21
-36.496296 -730.037231 5.230781 21
-52.128719 -725.630737 17.645031 21
-44.866108 -726.752441 14.529083 21
-49.610527 -722.715332 17.590935 21
-37.779133 -728.488647 0.232739 21
-53.336140 -722.908325 18.777021 21
-40.177177 -728.330261 8.097871 21
-47.214912 -732.224792 17.769424 21
-53.827728 -733.482300 21.004084 21
-57.102806 -728.472534 24.774240 21
-60.207806 -731.588257 21.132996 21
-56.898945 -724.363953 18.917364 21
-38.561260 -729.415100 7.569357 21
-53.348824 -727.761658 17.776157 21
-39.603062 -730.917969 8.840864 21
-53.645245 -728.944275 22.039425 21
-49.347549 -727.623962 17.252344 21
-55.428116 -722.787476 19.346601 21
-37.584560 -728.117981 6.174248 21
-35.730831 -728.203552 1.447080 21
-52.209530 -728.332520 22.004690 21
-48.501930 -727.612183 18.206213 21
-35.735283 -730.998047 0.489373 21
-52.662888 -729.781250 17.610420 21
-58.486843 -727.584595 27.671648 21
-36.037014 -728.349426 3.349263 21
-44.028992 -728.222900 13.965458 21
-58.039944 -727.749756 25.503536 21
-55.197510 -727.484497 25.362267 21
-50.552120 -727.153503 16.354401 21
-48.597343 -729.023376 17.748245 21
-62.981987 -726.945251 22.412386 21
-50.120598 -725.155823 17.417744 21
-43.079800 -729.816772 12.705620 21
-45.798656 -731.299133 16.069628 21
-40.335423 -728.517761 10.484934 21
-35.798664 -729.469360 3.389140 21
-49.040997 -730.827576 16.413780 21
-51.993156 -731.274841 18.117889 21
-61.706188 -730.547791 21.530069 21
-44.805138 -729.759460 11.824121 21
-41.347404 -729.445557 11.333158 21
-39.767162 -728.902222 6.132326 21
-57.183853 -729.343689 25.806227 21
-47.173092 -725.532593 16.661398 21
-42.604073 -732.109192 9.964069 21
-36.609081 -728.241638 5.391814 21
-41.937817 -727.919434 11.221910 21
-58.931358 -727.673096 26.195910 21
-61.235260 -726.221497 27.371597 21
-60.036747 -731.890686 22.676071 21
-45.248894 -726.262329 16.671989 21
-50.474934 -730.845886 17.170103 21
-54.444210 -727.234192 24.554014 21
-53.606430 -729.761108 18.276285 21
-63.393246 -724.853088 30.255898 21
-56.597137 -727.111023 26.590328 21
-50.430626 -728.419556 20.568920 21
-63.300468 -726.797058 23.872057 21
-51.498611 -728.952271 20.670330 21
-62.314346 -728.765625 24.332483 21
-40.888737 -727.590149 6.998275 21
-61.220581 -727.169800 23.029308 21
-37.991966 -729.165405 2.785133 21
-56.514450 -731.891296 19.306553 21
-52.537552 -732.863831 19.604137 21
-37.157993 -730.196106 6.257316 21
-50.333431 -728.370728 15.621339 21
-53.731579 -729.488220 23.330505 21
-36.206570 -728.186340 0.089802 21
-39.160603 -729.808472 8.382839 21
-62.564621 -724.851562 29.575680 21
-52.277859 -728.219666 16.815912 21
-56.569691 -733.697083 22.553127 21
-53.854324 -727.034241 22.657236 21
-51.274933 -732.689941 19.122740 21
-49.477100 -732.299011 18.080553 21
-54.894814 -726.373657 18.539227 21
-44.267040 -730.719727 16.520237 21
-35.441509 -729.606018 0.328824 21
-47.142754 -726.688904 15.194288 21
-54.028770 -728.089905 23.999033 21
-48.516827 -726.840698 15.621216 21
-37.645218 -730.563599 3.943286 21
-62.828926 -725.427979 23.446449 21
-39.824509 -730.343750 10.091462 21
-53.339077 -732.298340 19.073181 21
-52.352249 -727.722046 19.741590 21
-44.903244 -727.805176 14.432215 21
-55.105007 -728.327454 23.449795 21
-59.187534 -725.503418 20.241863 21
-37.390209 -730.499512 0.858616 21
-50.661812 -727.352966 20.839197 21
-55.998013 -727.617798 19.444471 21
-38.804424 -730.183777 6.399816 21
-49.662640 -733.112488 19.556629 21
-42.835480 -728.024597 10.670211 21
-56.067116 -729.969116 19.314861 21
-37.412407 -727.952759 1.846806 21
-61.227341 -726.033142 28.495388 21
-54.699818 -732.762390 20.119410 21
-53.446899 -723.877625 18.416168 21
-40.574253 -729.536072 7.254301 21
-61.400497 -727.155151 29.536779 21
-46.939056 -727.384399 14.409485 21
-60.816643 -725.313232 23.551603 21
-55.830570 -732.790588 20.494648 21
-42.169807 -729.323303 12.583079 21
-38.447315 -727.558533 6.415192 21
-41.296391 -728.190002 9.249344 21
-46.207436 -728.945557 12.448230 21
-61.128822 -725.492615 24.836172 21
-63.025406 -726.744446 29.788822 21
-37.465038 -728.810486 7.078830 21
-60.515404 -724.622192 22.732523 21
-52.866512 -733.344116 20.462952 21
-38.121269 -730.268066 7.196393 21
-42.796600 -728.567627 9.356243 21
-61.461033 -725.833313 30.204292 21
-42.017677 -732.836243 10.837172 21
-47.838600 -728.321594 14.108305 21
-36.182728 -731.687378 -2.466934 21
-63.166695 -727.622070 23.257349 21
-38.204468 -727.899841 4.457482 21
-57.485798 -733.210205 22.208447 21
-52.375393 -727.175415 21.408588 21
-52.977207 -727.299194 23.175518 21
-51.836868 -729.251587 21.744490 21
-53.897655 -726.963074 18.115637 21
-50.885784 -727.395447 19.618353 21
-39.499882 -728.782471 9.357127 21
-45.395512 -728.820190 11.855244 21
-37.752102 -728.525452 -1.044206 21
-60.192390 -725.817139 29.293154 21
-48.172127 -725.519897 16.633394 21
-59.173973 -725.719604 27.723763 21
-59.410942 -731.890076 23.548363 21
-41.857162 -728.745117 11.814796 21
-62.917229 -726.311035 30.908064 21
-62.614098 -728.632324 21.576511 21
-39.848564 -730.350098 7.900462 21
-64.008125 -727.341003 31.370373 21
-61.110668 -730.978027 23.042126 21
-37.711472 -729.184448 1.086377 21
-43.318317 -730.142395 14.116120 21
-35.881638 -731.195129 -0.618120 21
-41.202480 -728.009399 10.582927 21
-36.834881 -727.836853 3.638162 21
-59.351536 -731.991699 20.783501 21
-42.171165 -730.086670 10.788606 21
-43.826702 -728.201355 11.173295 21
-35.588741 -729.160828 1.589418 21
-35.297882 -729.781250 -1.310143 21
-48.772926 -729.059753 18.733925 21
-62.804558 -728.499939 23.498985 21
-51.914364 -724.241821 18.078562 21
-58.578770 -724.067383 20.078157 21
-54.947426 -731.055725 18.893333 21
-62.146366 -725.556396 28.491142 21
-45.651218 -726.339844 15.392393 21
-59.062042 -728.666016 26.213308 21
-35.863907 -730.806458 1.840078 21
-50.622791 -733.277405 19.962889 21
-50.391403 -724.270752 17.796824 21
-40.144081 -728.481506 7.048842 21
-55.620613 -726.668091 25.688395 21
-61.738358 -729.745117 20.840876 21
-59.452961 -723.971863 21.377752 21
-39.395981 -728.212402 5.561391 21
-47.921436 -732.777039 18.758045 21
-43.368759 -727.502808 13.741211 21
-44.074776 -729.181519 10.681471 21
-53.028805 -725.837219 17.883677 21
-62.099800 -730.015686 23.575510 21
-44.326855 -727.327698 15.074422 21
-39.773922 -729.940735 5.691192 21
-58.543884 -732.328003 21.304424 21
-51.933826 -733.710754 20.861767 21
-53.915565 -730.807190 18.659950 21
-59.023071 -727.057434 28.491100 21
-41.111176 -728.371643 8.235688 21
-46.837692 -729.240356 16.562456 21
-38.166153 -728.684265 8.089066 21
-40.835705 -729.309509 10.552114 21
-48.496334 -731.970032 17.187321 21
-60.407246 -727.654846 26.558867 21
-65.297241 -726.604248 31.578875 21
-60.778961 -727.368042 22.056492 21
-52.895920 -731.609985 18.534153 21
-37.155529 -731.508423 -1.549321 21
-41.076195 -731.151184 10.587643 21
-48.589607 -724.347839 17.462894 21
-45.866779 -725.549194 16.950693 21
-44.103344 -730.280396 15.679156 21
-49.133446 -728.565491 20.154295 21
-58.769127 -733.113220 23.489517 21
-50.862400 -730.000916 16.830130 21
-54.852131 -733.635132 21.806971 21
-61.022301 -731.134583 21.215502 21
-36.547634 -728.312134 4.438889 21
-36.238838 -729.169861 5.366724 21
-55.951374 -722.236511 19.907171 21
-43.389671 -727.372498 12.833963 21
-48.050396 -729.829895 14.946881 21
-35.966114 -728.085327 2.381572 21
-57.776733 -726.842163 25.314976 21
-48.985561 -729.546143 14.601494 21
-43.332298 -729.789551 10.482092 21
-51.563229 -726.255554 17.264210 21
-44.984871 -729.553589 14.826338 21
-62.693462 -726.130981 22.717121 21
-36.220623 -729.732605 4.420248 21
-50.620171 -727.734741 18.261719 21
-59.323891 -727.181152 21.095327 21
-54.009033 -728.446838 17.777184 21
-60.255386 -726.015198 21.880938 21
-54.771328 -725.488403 18.353382 21
-54.324879 -732.409668 19.378477 21
-38.280064 -730.224426 4.569172 21
-38.348217 -729.473022 -2.164706 21
-52.629837 -728.028259 22.763100 21
-63.196957 -724.022095 30.856665 21
-42.031189 -731.876038 10.751051 21
-48.303764 -730.705994 15.936966 21
-49.271908 -732.787720 18.827332 21
-60.395535 -726.521667 22.669127 21
-59.885265 -723.787109 23.063700 21
-54.630505 -726.719055 23.821980 21
-38.922218 -727.886902 7.182284 21
-62.029129 -725.711670 24.561834 21
-40.198540 -727.552734 7.562716 21
-45.263451 -728.613098 15.625175 21
-35.582512 -729.671997 2.313601 21
-60.405590 -731.075623 20.410025 21
-37.629879 -727.898010 5.292768 21
-46.176487 -727.943481 13.194157 21
-49.447258 -728.132324 15.241436 21
-49.486519 -727.490417 19.258707 21
-44.986134 -727.580261 12.885448 21
-51.440704 -732.129333 18.428579 21
-42.533596 -727.833984 12.520182 21
-64.199356 -725.056885 31.441757 21
-47.738789 -727.961365 17.913301 21
-37.668755 -730.896729 -0.220735 21
-47.655025 -728.952576 13.518196 21
-55.594273 -728.309448 25.106001 21
-54.583076 -722.575195 19.197634 21
-53.562275 -725.143799 18.079620 21
-58.490124 -725.899536 27.206396 21
-57.039246 -728.025635 26.369978 21
-41.624199 -730.030823 9.454654 21
-57.885067 -726.947449 27.698530 21
-57.615234 -732.256104 19.930475 21
-38.055077 -729.043701 -0.367880 21
-57.361256 -723.791931 19.378916 21
-37.814632 -730.208008 3.160256 21
-41.795486 -729.503540 8.634010 21
-59.318012 -732.409119 22.626909 21
-62.960735 -724.165222 29.071812 21
-48.635250 -726.161255 16.270636 21
-43.470592 -728.885193 13.640681 21
-47.453640 -731.175720 15.924603 21
-50.560673 -722.465149 17.720530 21
-56.610363 -726.335876 19.337034 21
-49.054764 -733.582031 20.078609 21
-58.713226 -724.918457 19.825022 21
-55.163734 -724.581787 18.376339 21
-54.550720 -729.463318 23.728319 21
-52.360489 -727.453857 17.212547 21
-57.047359 -722.839294 20.004356 21
-60.510239 -727.089600 29.261099 21
-37.608608 -729.661011 6.781746 21
-37.105927 -731.293823 -0.719963 21
-60.726578 -724.855225 24.268095 21
-37.032711 -728.036621 0.112686 21
-59.325089 -726.077393 28.489702 21
-57.808567 -726.739929 20.106647 21
-57.858082 -725.403564 19.427822 21
-54.975735 -731.924622 19.049450 21
-58.646255 -726.563232 20.578791 21
-63.738628 -726.501404 31.227367 21
-48.964813 -723.286133 17.573044 21
-46.931873 -726.017822 15.792420 21
-40.562778 -728.936523 6.461865 21
-37.167961 -730.830139 2.276335 21
-35.228184 -729.469849 -0.481486 21
-45.728542 -731.542175 17.255373 21
-54.286976 -728.351990 23.182886 21
-37.903206 -728.201172 2.485029 21
-45.038761 -731.071594 16.346951 21
-55.534374 -729.059631 23.572289 21
-50.299950 -727.458740 19.012678 21
-36.530483 -728.000000 1.716850 21
-62.715027 -726.202576 23.874647 21
-39.482384 -728.107727 8.806530 21
-60.121666 -724.479431 21.562920 21
-38.320366 -728.864380 3.813016 21
-39.195942 -729.369385 5.330600 21
-59.663261 -723.169312 22.267809 21
-37.768463 -728.332703 1.049974 21
-36.325489 -730.732483 1.106671 21
-37.486702 -727.673218 3.077150 21
-52.217373 -730.445068 17.826736 21
-40.174210 -730.662537 9.400403 21
-51.029011 -728.150513 21.089748 21
-37.115280 -730.791687 5.667985 21
-44.027939 -727.095459 14.330395 21
-46.880196 -728.523621 12.902188 21
-47.806282 -728.889221 17.972380 21
-50.165337 -731.916077 17.804529 21
-58.438183 -731.619751 19.693644 21
-64.196075 -727.156799 30.590927 21
-57.488548 -726.111328 19.653482 21
-48.669647 -727.550232 15.206149 21
-61.908241 -726.693542 27.433697 21
-36.171829 -730.761108 3.349253 21
-56.899979 -732.778259 21.015049 21
-42.832634 -728.944519 12.955396 21
-35.778469 -730.217407 -2.518938 21
-53.406303 -722.084167 18.799517 21
-38.749985 -728.098328 8.018322 21
-51.367088 -723.599731 18.169855 21
-46.295853 -727.551758 13.935107 21
-42.700054 -728.033020 13.780452 21
-51.113548 -725.568848 17.408632 21
-56.462185 -725.046082 18.793369 21
-57.320972 -726.243713 26.398188 21
-55.958855 -727.313538 26.072439 21
-43.168087 -729.289368 9.864469 21
-37.814415 -729.389404 1.944363 21
-60.159748 -727.069763 27.714846 21
-41.872990 -731.025024 10.586699 21
-53.085224 -726.941956 22.417870 21
-60.875561 -725.617676 29.652670 21
-52.175102 -722.541992 18.429586 21
-56.169365 -725.768616 18.915653 21
-36.785130 -730.800415 4.834225 21
-47.488426 -724.070312 17.614750 21
-47.704758 -733.094666 19.466961 21
-55.300472 -729.841858 19.114527 21
-58.205799 -732.667786 21.938335 21
-47.461105 -729.720886 13.636812 21
-39.536839 -729.540344 9.051536 21
-60.393867 -725.083984 22.055531 21
-64.457993 -725.952393 31.293568 21
-62.673534 -726.932068 24.341608 21
-54.840153 -721.861572 19.511038 21
-40.349907 -731.721252 10.759942 21
-52.643665 -723.918335 18.205870 21
-49.747707 -730.894653 16.857790 21
-46.299957 -727.952820 16.046240 21
-57.165833 -726.944641 27.096567 21
-52.895824 -728.631836 22.341623 21
-49.628357 -725.613647 16.991604 21
-55.602581 -733.455627 21.625727 21
-49.355423 -729.000916 19.332401 21
-60.723030 -725.433411 28.859022 21
-62.150238 -729.055420 21.040712 21
-58.213791 -733.554138 23.130117 21
-57.433941 -722.425171 20.542439 21
-60.173992 -731.705994 21.928032 21
-36.108433 -731.086304 2.625793 21
-60.685638 -730.903992 24.131506 21
-52.351406 -727.319153 20.651262 21
-49.984680 -727.707947 17.699736 21
-55.734032 -731.729004 19.095242 21
-51.564499 -728.568237 21.486347 21
-40.293167 -730.772766 8.466878 21
-61.126831 -724.482544 23.702639 21
-55.409515 -727.459900 18.790462 21
-44.927372 -728.150391 11.979681 21
-60.865017 -726.017395 23.216291 21
-40.697548 -728.024109 9.971849 21
-41.995445 -727.989136 12.004353 21
-62.266010 -729.772766 22.335220 21
-47.117840 -728.535950 18.016012 21
-53.356945 -729.137939 22.772833 21
-53.759865 -729.145874 17.593391 21
-47.426304 -727.687744 16.795300 21
-43.858902 -730.493164 14.993173 21
-46.409672 -726.315186 15.328810 21
-38.321617 -730.127625 -1.534284 21
-62.697556 -729.117554 22.201260 21
-39.039848 -728.203552 4.874579 21
-46.588528 -732.226562 18.241385 21
-61.432903 -730.750854 22.201347 21
-53.511810 -727.644043 23.655031 21
-56.065155 -729.290283 24.332514 21
-49.911232 -723.402649 17.799908 21
-57.556675 -732.770996 20.481087 21
-48.448765 -728.185791 18.732695 21
-58.354511 -722.935791 21.448349 21
-58.549007 -728.222717 25.795084 21
-37.422432 -730.535583 1.616260 21
-51.366280 -731.004395 17.706236 21
-61.980118 -726.758118 22.631422 21
-36.222198 -731.247559 -1.861528 21
-54.855267 -729.407837 18.686533 21
-41.471462 -730.301453 10.988850 21
-38.681187 -729.588440 4.677931 21
-56.866787 -727.683472 19.909203 21
-50.815224 -729.222900 20.604658 21
-62.741138 -725.423279 28.029510 21
-35.383167 -728.698486 3.370936 21
-42.408051 -729.156616 9.074196 21
-55.690922 -728.139648 24.380074 21
-51.575417 -728.958191 15.954224 21
-61.418243 -726.590088 30.059656 21
-50.153656 -726.555115 16.525990 21
-37.596401 -727.924683 3.779839 21
-48.718044 -731.414551 16.736538 21
-38.283440 -730.584045 5.380219 21
-52.868923 -728.018982 17.258057 21
-36.960835 -728.534363 6.387218 21
-51.912731 -724.940491 17.858660 21
-62.884312 -727.610962 21.915030 21
-42.359085 -728.625183 12.431909 21
-60.620171 -723.971313 23.069885 21
-35.410931 -730.352966 0.455930 21
-59.723614 -725.641663 20.856564 21
-49.524139 -724.752563 17.525307 21
-49.839745 -728.314392 20.041807 21
-44.152821 -728.829041 14.406918 21
-44.091949 -726.982483 15.687998 21
-38.979771 -730.080994 7.576705 21
-63.910423 -725.002197 30.753798 21
-45.392532 -726.630737 16.005215 21
-51.535568 -727.113342 21.073896 21
-58.101704 -723.113953 20.640835 21
-55.238560 -723.390137 18.896292 21
-41.503178 -729.065491 8.132586 21
-46.788181 -728.734070 17.101578 21
-61.815845 -726.134155 29.012316 21
-37.533604 -728.954346 7.778368 21
-45.529987 -727.409180 14.330626 21
-36.130188 -728.211060 0.840554 21
-49.047268 -727.393555 18.637505 21
-35.540283 -728.949585 -0.094848 21
-61.521557 -726.217102 24.447165 21
-49.461517 -729.744812 15.160824 21
-57.379696 -724.952271 19.114941 21
-53.322563 -726.509888 17.906677 21
-61.840126 -727.109497 28.924883 21
-61.500088 -730.509155 23.506359 21
-49.522858 -729.920044 15.933025 21
-56.229359 -732.480347 19.762142 21
-47.855068 -726.891907 15.302056 21
-55.492878 -726.029358 18.706892 21
-36.905365 -728.311279 -1.471732 21
-43.528648 -727.689026 12.195057 21
-35.632900 -730.420654 -1.224170 21
-43.073498 -731.770752 10.385266 21
-46.657413 -728.015747 16.660299 21
-47.423882 -730.140991 14.741560 21
-39.988144 -728.499573 9.852831 21
-54.338078 -733.119873 20.654297 21
-62.049946 -725.300293 29.798952 21
-51.584133 -727.652771 19.460217 21
-54.738232 -724.017151 18.519815 21
-50.504608 -727.813416 16.072170 21
-42.571693 -732.409912 10.629934 21
-46.290535 -731.879639 17.593737 21
-62.573517 -729.162659 23.617216 21
-53.598877 -733.684937 21.668221 21
-40.700619 -728.251709 8.795971 21
-39.457462 -728.112122 7.905012 21
-49.178795 -727.609741 17.958250 21
-51.900906 -727.697327 22.131010 21
-50.720707 -732.208191 18.312475 21
-49.120525 -726.636414 16.049309 21
-57.019825 -733.021667 21.684795 21
-44.746445 -729.319885 11.269693 21
-38.747406 -729.605042 8.924146 21
-50.641193 -732.954590 19.295994 21
-37.720406 -730.864319 2.897571 21
-41.782585 -729.618896 11.874169 21
-38.778713 -728.226868 4.201801 21
-37.956413 -728.966003 -1.849332 21
-60.417454 -727.501587 28.649069 21
-59.063801 -731.784485 20.085451 21
-62.242294 -729.895813 24.269411 21
-42.722065 -728.288391 10.011642 21
-44.804768 -729.506592 14.140805 21
-56.426949 -727.054871 19.406485 21
-47.068996 -724.680420 17.495876 21
-49.903927 -727.881226 20.658245 21
-51.243725 -722.889038 18.177160 21
-50.406342 -729.758484 15.591543 21
-53.738510 -727.469788 21.172735 21
-55.966312 -724.586853 18.586390 21
-40.483215 -730.605103 10.080194 21
-51.130753 -727.516785 16.524765 21
-56.303650 -723.821716 18.919266 21
-45.096252 -728.166321 15.082663 21
-36.797756 -731.175049 0.823484 21
-55.957779 -726.500549 25.085808 21
-37.508560 -728.207214 -0.393887 21
-53.905792 -722.564209 19.003895 21
-40.686810 -729.905151 10.116611 21
-37.610283 -729.861023 1.248309 21
-63.257065 -726.785950 23.177347 21
-38.761734 -730.573120 7.143122 21
-62.537430 -727.241455 29.752401 21
-49.304913 -727.904724 19.798775 21
-62.110424 -726.077209 30.602308 21
-44.022484 -728.430725 10.559422 21
-35.613716 -728.872131 0.949065 21
-44.905293 -727.022034 15.391741 21
-60.598263 -731.440247 22.876431 21
-41.988598 -728.274109 9.280323 21
-51.974361 -732.667175 19.248642 21
-59.214710 -727.373596 27.684839 21
-49.095547 -732.039673 17.539062 21
-41.136356 -728.837219 10.943592 21
-49.796207 -728.614807 20.781328 21
-39.516670 -730.230591 8.891256 21
-36.021656 -730.090881 3.845992 21
-57.534458 -727.343384 20.345068 21
-44.948666 -727.012329 13.870667 21
-43.082333 -729.688965 14.593667 21
-40.144749 -730.083923 7.333927 21
-63.056496 -725.526672 30.765554 21
-45.530560 -726.620728 14.728637 21
-51.742989 -727.761230 16.790812 21
-52.722141 -728.770386 16.716875 21
-56.638954 -728.979797 24.526205 21
-43.750568 -729.597290 14.509148 21
-62.127647 -725.120178 29.025188 21
-50.546364 -733.669189 20.563673 21
-50.989407 -726.756470 16.832315 21
-36.026653 -730.977478 -1.257508 21
-51.066124 -724.148071 17.873999 21
-59.752346 -731.329285 23.319939 21
-53.589035 -731.410217 18.661524 21
-41.480888 -732.720703 10.362257 21
-56.414314 -722.726379 19.760437 21
-41.433270 -731.304993 9.158718 21
-65.340797 -725.932007 31.515717 21
-61.088287 -725.460266 24.146936 21
-44.431175 -726.625305 15.081263 21
-46.067226 -729.067383 16.061974 21
-37.895596 -729.271790 7.279892 21
-52.868187 -723.293762 18.453608 21
-45.753681 -729.335388 12.123831 21
-41.211529 -731.588196 11.087076 21
-53.926434 -727.397034 24.139090 21
-48.900501 -725.654724 16.627359 21
-58.999077 -723.396729 21.448542 21
-37.534279 -728.104187 6.855832 21
-39.832592 -729.890564 9.539311 21
-44.199093 -727.510681 12.667267 21
-47.360020 -732.457153 18.388830 21
-46.531864 -725.485229 16.856440 21
-39.098011 -730.564697 5.928246 21
-36.803410 -730.583252 3.661891 21
-48.799553 -728.995544 14.267094 21
-55.861366 -723.271301 19.126974 21
-54.891525 -734.086243 22.311646 21
-59.738663 -726.466431 21.487137 21
-48.656147 -732.685974 18.578712 21
-54.160477 -729.380737 18.211803 21
-54.481289 -733.490723 21.251846 21
-59.790150 -724.801025 21.086458 21
-62.131065 -726.007446 27.989180 21
-41.227005 -730.491150 10.333155 21
-63.575314 -723.964539 30.320288 21
-38.006573 -729.145081 0.464899 21
-46.452579 -729.686829 12.949254 21
-45.725082 -728.354248 16.019564 21
-58.045708 -723.940918 19.697054 21
-56.394596 -729.385681 19.363386 21
-52.047672 -726.712158 17.334318 21
-60.979115 -726.564880 28.125761 21
-48.320511 -725.032410 17.119230 21
-39.331425 -730.556335 8.330646 21
-62.834251 -728.694885 22.856998 21
-54.975880 -727.015259 24.936922 21
-45.521496 -725.750977 16.402658 21
-37.281509 -731.016602 4.410242 21
-39.528122 -727.583740 7.143752 21
-58.826221 -732.444885 22.195206 21
-36.206627 -730.957092 -0.003200 21
-53.968906 -729.218933 22.598219 21
-40.214531 -727.693298 6.911994 21
-56.008743 -733.686157 22.082787 21
-58.078999 -732.406006 20.747314 21
-59.631824 -727.267029 28.661524 21
-52.252037 -733.218567 20.109785 21
-55.320450 -722.281006 19.745293 21
-60.050335 -728.143066 26.820414 21
-35.724907 -728.337891 -0.330320 21
-49.324493 -728.849182 14.684886 21
-35.846394 -730.100708 3.209255 21
-40.074787 -729.374023 6.545495 21
-44.757637 -730.474609 16.087675 21
-55.878902 -733.053284 21.124205 21
-39.078907 -727.785767 6.179963 21
-35.897480 -730.857910 -2.576682 21
-53.844612 -723.302063 18.720078 21
-50.168972 -731.430115 17.379246 21
-58.419983 -727.065308 28.064386 21
-53.463181 -724.492126 18.197309 21
-56.467587 -727.685303 26.306791 21
-52.445152 -729.046326 21.880671 21
-48.662762 -727.607727 17.557831 21
-51.954544 -728.604431 16.395485 21
-42.259705 -728.248962 13.354993 21
-46.231304 -728.299133 12.570003 21
-37.085136 -728.555054 5.709957 21
-54.756012 -727.715637 24.880791 21
-37.681217 -728.844055 -2.526551 21
-35.698257 -728.581604 1.975834 21
-62.685421 -726.857605 30.569347 21
-37.077274 -729.298462 6.592712 21
-35.840286 -728.835815 2.902264 21
-35.566547 -730.067993 -1.844950 21
-60.640522 -727.697998 27.176380 21
-54.550896 -728.428772 23.885271 21
-36.205391 -728.521240 4.954246 21
-40.969086 -731.037354 9.960738 21
-53.186424 -729.424683 17.470863 21
-55.339073 -732.697815 20.069223 21
-44.410072 -728.238525 11.457630 21
-51.344936 -729.247864 21.234888 21
-49.926842 -727.045532 16.184813 21
-61.997517 -730.303894 22.049854 21
-42.552708 -729.620850 13.022933 21
-47.133400 -725.287354 17.282337 21
-57.979149 -733.209290 22.654013 21
-53.210896 -727.137817 17.775942 21
-42.443913 -729.901917 12.310801 21
-52.657833 -725.283630 17.880600 21
-39.953487 -728.299744 6.116834 21
-59.113945 -723.949524 20.495501 21
-59.883541 -725.858459 28.719427 21
-59.274586 -732.656555 23.713758 21
-57.136528 -732.077576 19.547657 21
-35.671738 -730.660034 1.040524 21
-64.536537 -726.966431 31.369837 21
-52.811234 -722.562439 18.626846 21
-38.045242 -728.660034 7.293520 21
-53.202908 -733.617859 21.018728 21
-56.594151 -731.255432 19.181301 21
-61.239510 -727.509033 21.626373 21
-50.607666 -727.319031 20.201408 21
-62.483643 -728.097717 24.334770 21
-42.369637 -731.580566 9.732752 21
-36.591999 -731.248901 -1.150873 21
-44.368004 -727.635864 14.120437 21
-37.619682 -730.395569 6.645395 21
-41.234486 -729.767517 10.776443 21
-39.102524 -728.737366 5.220357 21
-35.664177 -730.217468 1.971736 21
-37.825352 -728.810730 2.295368 21
-63.415974 -727.422058 23.963411 21
-38.922611 -729.232910 8.111102 21
-36.754520 -730.660339 2.715079 21
-36.413433 -730.281677 4.664607 21
-36.089832 -731.299622 0.924858 21
-52.728127 -732.442932 19.100723 21
-35.426903 -729.316956 2.884474 21
-53.512321 -733.223877 20.540682 21
-56.272919 -726.768799 26.122126 21
-63.050156 -727.598328 22.616610 21
-54.083939 -724.034485 18.457806 21
-48.330681 -728.502075 19.264330 21
-35.525421 -730.785828 -0.045448 21
-48.312065 -729.043701 18.315083 21
-35.189388 -728.459839 1.247369 21
-41.458282 -728.257996 11.782673 21
-59.681870 -731.978638 21.346809 21
-51.146473 -733.571899 20.396152 21
-51.935993 -728.985168 21.120745 21
-42.812160 -727.690308 13.068469 21
-50.421143 -729.117554 15.269341 21
-38.074123 -729.670959 -0.374687 21
-37.794903 -727.579163 5.806542 21
-41.326035 -728.068420 9.873471 21
-57.287815 -723.192322 19.543339 21
-47.714134 -725.389343 17.030851 21
-63.922421 -726.957092 31.878010 21
-39.239445 -729.919739 6.807587 21
-54.157871 -725.321411 18.152178 21
-45.557556 -731.354065 16.685860 21
-63.123138 -724.491394 29.837233 21
-58.937054 -732.451904 20.835480 21
-55.641514 -727.815125 25.623343 21
-38.359127 -729.989258 7.701626 21
-54.031548 -730.207642 18.519995 21
-59.096764 -732.803467 23.064011 21
-45.209694 -729.903137 12.267062 21
-36.211342 -728.592468 3.905825 21
-43.520401 -728.152771 13.627443 21
-52.069759 -721.982666 18.182062 21
-46.001583 -727.048279 14.175244 21
-43.396046 -728.262939 10.679836 21
-61.317131 -726.910889 27.482294 21
-45.263783 -729.127197 15.269667 21
-36.966671 -728.085022 4.872598 21
-59.428799 -723.649292 21.951820 21
-40.576294 -728.623108 7.662639 21
-42.046497 -732.301880 10.305546 21
-52.400074 -726.182861 17.610228 21
-55.202061 -726.847412 18.752361 21
-47.412758 -727.777527 14.484660 21
-40.962791 -731.746399 10.457798 21
-61.997547 -730.036194 21.332912 21
-54.352165 -726.605774 18.340761 21
-54.921341 -732.438477 19.548969 21
-37.740398 -730.815552 2.065664 21
-62.021595 -726.943359 29.581978 21
-53.973091 -727.390015 21.758425 21
-53.858669 -728.686890 22.900612 21
-41.851395 -727.923889 10.602390 21
-58.842415 -726.003296 20.284397 21
-44.459110 -728.219238 14.424106 21
-43.471107 -729.437073 13.921847 21
-38.115749 -728.234192 3.963516 21
-59.581360 -725.109192 20.558187 21
-58.203346 -726.308105 27.623333 21
-57.693272 -729.071289 25.559410 21
-43.264954 -727.920959 11.174349 21
-40.108139 -728.212830 8.697510 21
-64.267014 -725.447266 30.988268 21
-56.711800 -733.424072 22.024439 21
-39.407322 -729.895752 6.167781 21
-62.768646 -724.998230 30.113392 21
-60.322906 -724.476501 22.129866 21
-50.602036 -724.855408 17.657442 21
-48.320950 -730.218079 15.423381 21
-58.381985 -725.443176 19.696270 21
-40.664501 -728.023376 7.356055 21
-41.933468 -729.726990 11.296056 21
-35.424789 -729.532104 0.933080 21
-51.254311 -733.037415 19.618578 21
-36.462536 -727.986145 3.090476 21
-37.310932 -728.171448 0.655066 21
-41.659199 -731.834961 10.284271 21
-57.081364 -733.881348 22.809887 21
-43.878716 -727.770935 13.198583 21
-63.225079 -726.227234 23.530109 21
-59.795521 -732.189087 23.145714 21
-57.880249 -727.504395 27.451929 21
-40.503056 -728.967773 7.068703 21
-45.737064 -727.705383 14.807776 21
-59.931068 -731.555664 20.575216 21
-52.261208 -731.742004 18.377645 21
-59.577396 -728.434082 26.608650 21
-37.622978 -728.459839 1.617000 21
-45.643795 -727.684143 13.130499 21
-56.399361 -721.768921 19.929184 21
-41.336292 -728.061157 11.173398 21
-55.176907 -728.841125 23.085434 21
-52.563881 -729.415222 16.838703 21
-37.909969 -729.748291 2.643262 21
-43.788193 -727.707397 14.251081 21
-50.216461 -725.720398 17.078886 21
-47.565163 -725.903748 16.401609 21
-51.002281 -730.621521 17.322317 21
-52.770573 -730.230652 17.980797 21
-38.070023 -728.052612 6.516195 21
-37.388336 -727.685120 2.490871 21
-47.319180 -728.493408 13.289809 21
-48.394058 -728.533630 14.273196 21
-60.584114 -731.352539 21.582731 21
-50.047451 -732.291748 18.273792 21
-50.826225 -728.699951 20.910326 21
-47.548241 -727.780212 17.382330 21
-50.782864 -727.705322 21.402327 21
-61.042236 -730.876404 23.627132 21
-60.169006 -723.532166 22.552708 21
-62.152134 -729.755981 22.925068 21
-52.567463 -731.118774 18.238119 21
-63.448898 -726.940979 30.205969 21
-45.135311 -726.090393 16.081863 21
-53.045856 -733.008057 19.945919 21
-61.535244 -730.330139 20.925631 21
-54.337982 -727.822815 24.465372 21
-60.299740 -726.404053 29.450930 21
-37.691784 -730.786560 0.365207 21
-44.409397 -730.558838 15.188676 21
-54.921757 -726.807983 24.356230 21
-49.865479 -727.743835 15.734976 21
-50.214939 -728.932922 20.327429 21
-60.719803 -725.153992 22.926228 21
-38.596806 -730.784973 6.435130 21
-57.509533 -724.347107 19.219374 21
-56.968445 -729.177185 25.007107 21
-37.370613 -727.903625 1.225506 21
-38.155132 -729.245056 3.363713 21
-37.487213 -730.721008 6.117362 21
-45.056911 -726.537903 15.111139 21
-46.746292 -725.762146 16.326668 21
-56.929775 -726.612915 26.657150 21
-43.122959 -727.754456 14.246867 21
-52.813419 -727.276123 21.002096 21
-56.146511 -734.112427 22.542362 21
-58.390438 -723.468933 20.260515 21
-36.707188 -731.876282 -1.703921 21
-60.595627 -724.724731 23.304935 21
-46.840725 -731.974854 17.384754 21
-59.956837 -725.875549 21.333204 21
-40.743923 -728.384277 10.869380 21
-39.270500 -729.239136 8.588985 21
-46.856461 -726.857117 14.726176 21
-48.015785 -724.215637 17.388929 21
-47.399277 -727.188232 14.829330 21
-46.622334 -728.463196 17.587290 21
-62.407341 -729.341370 24.243139 21
-49.566090 -730.553406 16.427567 21
-42.611771 -729.861816 11.123977 21
-53.773056 -732.548462 19.480114 21
-54.501186 -730.662598 18.759571 21
-40.454525 -729.046326 10.199227 21
-53.487762 -730.423645 18.378628 21
-58.716568 -727.166199 20.758913 21
-39.839886 -728.017151 7.479386 21
-35.919003 -729.159973 3.889504 21
-38.468376 -729.340088 4.129302 21
-40.039970 -728.957031 9.463482 21
-49.139961 -730.382996 16.055719 21
-35.728802 -728.329468 0.382133 21
-51.705383 -728.055969 21.704159 21
-48.832584 -723.865173 17.622906 21
-58.080181 -728.454834 25.522696 21
-56.928932 -727.549011 26.754894 21
-49.710514 -728.646362 15.116608 21
-42.052578 -731.376282 11.026858 21
-50.292839 -727.351929 19.579704 21
-56.385738 -732.799500 20.750689 21
-54.177349 -732.704407 19.844633 21
-48.960297 -727.713318 19.131075 21
-41.227524 -730.563293 11.440233 21
-37.802032 -730.574280 4.483143 21
-36.260822 -729.213928 4.617126 21
-38.067837 -730.177368 3.991779 21
-47.291893 -728.813843 17.542501 21
-60.168797 -724.154907 22.738289 21
-51.832035 -727.276794 21.680582 21
-61.259682 -727.229309 22.457685 21
-42.968376 -729.951355 13.651248 21
-36.415703 -730.760925 1.711890 21
-51.554993 -731.665955 18.115049 21
-39.422333 -728.892456 5.665050 21
-58.685253 -727.149109 26.212080 21
-46.269505 -727.662720 15.373549 21
-63.596066 -724.509827 30.701599 21
-55.466461 -726.814331 25.160095 21
-42.472004 -733.142822 10.670559 21
-36.744076 -728.929810 5.397991 21
-45.891407 -728.559937 12.159391 21
-53.114174 -729.132751 22.154406 21
-55.206123 -728.209961 24.029905 21
-53.150978 -732.666931 19.501638 21
-58.990486 -724.513794 20.179165 21
-54.294842 -727.205200 22.307636 21
-53.841621 -728.347656 23.543083 21
-59.658077 -725.612854 28.008987 21
-44.343472 -727.073792 13.810262 21
-42.493702 -731.781006 10.447882 21
-50.134804 -722.853271 17.765009 21
-43.666702 -727.894409 11.690023 21
-60.498169 -727.103149 28.168400 21
-38.406921 -727.881470 6.940309 21
-60.250286 -731.775452 23.192045 21
-59.671318 -731.986389 22.215273 21
-42.408939 -727.841187 11.509725 21
-63.734131 -727.035034 30.899792 21
-44.832142 -727.344727 13.382798 21
-55.873257 -727.256104 19.035099 21
-53.761490 -721.658203 18.719288 21
-45.378998 -726.858887 14.235811 21
-49.113674 -733.203003 19.663254 21
-42.624451 -728.424500 12.899969 21
-43.799747 -727.153320 14.903862 21
-50.411148 -730.394470 16.812078 21
-53.002373 -727.917664 23.188332 21
-62.972290 -727.982544 23.643644 21
-50.710114 -731.205444 17.522715 21
-49.990982 -732.884094 19.134779 21
-61.217091 -731.003540 21.753262 21
-51.995022 -730.041809 17.511877 21
-53.434204 -728.262085 17.534870 21
-52.204727 -734.024841 21.405100 21
-44.793758 -727.805969 12.383163 21
-62.608505 -730.201416 23.977873 21
-36.306767 -730.917847 0.545282 21
-39.665363 -730.453308 9.419187 21
-48.500351 -731.054810 16.319859 21
-41.231033 -732.225769 10.194690 21
-61.575424 -725.414490 24.483397 21
-52.671650 -727.016174 22.029749 21
-35.139393 -728.902893 1.797081 21
-44.625546 -729.202515 14.609669 21
-48.321297 -733.312927 19.842621 21
-63.030544 -728.173767 23.113232 21
-37.458214 -730.597656 3.310838 21
-59.126289 -732.347534 21.398064 21
-52.585182 -733.621948 20.857285 21
-50.573540 -727.892578 20.794117 21
-53.169022 -729.764099 17.949146 21
-47.475571 -726.376953 15.517859 21
-40.641464 -730.963196 9.489737 21
-37.928123 -728.575989 2.922485 21
-53.128922 -734.043335 21.707851 21
-49.279526 -731.194824 16.804697 21
-50.841373 -727.585632 18.973093 21
-48.776508 -728.521790 19.742340 21
-39.231956 -729.843140 5.642541 21
-57.662872 -722.748108 20.937670 21
-37.693565 -727.847229 4.735363 21
-55.128571 -732.929138 20.548502 21
-47.789616 -732.494751 18.044338 21
-39.641010 -729.468018 5.905682 21
-54.239662 -733.654663 21.731672 21
-46.014305 -726.063782 16.628689 21
-60.293896 -727.133423 26.652802 21
-45.703213 -726.180725 15.937734 21
-51.786034 -722.907410 18.301437 21
-54.953094 -722.966370 19.106379 21
-52.602680 -727.469177 22.801731 21
-38.597763 -727.717285 7.589957 21
-36.443737 -729.508301 5.752781 21
-45.300789 -731.085022 15.854239 21
-48.839840 -727.594238 17.035109 21
-35.913387 -730.622925 -0.406518 21
-57.528435 -722.921265 20.308947 21
-36.872475 -727.860535 4.197611 21
-48.966206 -724.700256 17.307579 21
-61.810127 -730.233582 24.215431 21
-61.772083 -726.528381 28.645981 21
-48.959305 -732.450562 18.164770 21
-39.776798 -728.281860 9.340681 21
-57.960064 -731.887085 19.679577 21
-49.590313 -733.405579 20.004866 21
-51.971127 -733.002136 19.675947 21
-56.030510 -732.121521 19.338669 21
-51.667336 -732.401733 18.835026 21
-48.154076 -727.623535 17.780323 21
-55.038044 -729.257385 23.455629 21
-48.074860 -727.899536 18.357298 21
-39.464447 -728.680298 8.817830 21
-41.963943 -729.753784 9.088578 21
-53.483444 -727.116211 23.097998 21
-62.375557 -726.460632 22.395063 21
-49.631683 -731.937195 17.601536 21
-53.930477 -732.143188 19.021616 21
-58.973866 -726.520874 28.517305 21
-41.389828 -730.083313 8.969762 21
-57.029026 -731.585022 19.303713 21
-48.165989 -725.877747 16.218885 21
-41.506260 -728.405518 8.794898 21
-52.059437 -727.504089 20.127848 21
-49.144741 -727.599670 15.454073 21
-37.161858 -731.018188 3.877179 21
-48.253773 -726.394287 15.928365 21
-63.103935 -725.762939 23.022425 21
-54.160896 -726.845703 24.084000 21
-53.036102 -728.424622 22.833023 21
-50.325619 -723.733521 17.892307 21
-55.572330 -727.259399 25.677126 21
-50.925655 -728.468811 15.862400 21
-49.979282 -726.075928 16.738461 21
-35.549751 -729.279419 -1.587634 21
-59.442608 -728.252014 26.122417 21
-59.635086 -723.623352 22.599533 21
-40.824097 -729.115051 7.481246 21
-47.438213 -732.803467 19.034584 21
-61.925358 -725.857727 27.517933 21
-64.883110 -726.253479 31.615204 21
-51.646381 -725.350403 17.618607 21
-47.233864 -730.919006 15.486863 21
-56.873077 -723.757263 19.162867 21
-51.049416 -727.180908 20.499741 21
-37.591606 -730.229614 0.334887 21
-44.815258 -728.550232 11.611238 21
-53.706886 -727.139160 22.152803 21
-54.665337 -724.965820 18.277206 21
-48.980873 -727.106445 15.635873 21
-38.335117 -728.355103 7.699167 21
-35.805161 -729.691528 2.846793 21
-55.252678 -727.946106 24.902901 21
-46.829353 -727.830139 14.141703 21
-38.543774 -728.001648 4.867604 21
-64.404411 -724.706543 31.078270 21
-55.448090 -731.283508 18.989222 21
-35.472782 -729.358765 -0.942603 21
-40.173710 -730.623230 10.510729 21
-40.064583 -728.670532 6.520475 21
-60.611813 -731.351379 20.879421 21
-41.482819 -728.910095 11.475972 21
-44.726826 -730.893066 16.742418 21
-37.565628 -730.399048 2.706879 21
-62.663918 -728.486084 24.008810 21
-37.093021 -730.811768 1.300456 21
-62.854515 -728.615540 22.109501 21
-54.514679 -726.026550 18.369143 21
-35.471485 -729.974915 -0.063754 21
-36.694088 -731.035889 4.272258 21
-52.912445 -727.551880 17.507086 21
-42.320263 -732.786316 10.301677 21
-38.421253 -730.307190 6.756719 21
-38.590752 -728.929932 7.830442 21
-47.877789 -729.731689 13.970098 21
-58.238239 -726.462769 20.252645 21
-35.765266 -730.576660 2.329720 21
-48.894794 -728.780823 19.208294 21
-63.372238 -726.097656 31.106913 21
-35.712624 -729.155884 2.356184 21
-46.126873 -729.470825 12.527325 21
-38.987396 -730.241272 8.095407 21
-38.979790 -729.150391 9.045445 21
-63.324642 -726.712158 30.931820 21
-36.945614 -727.951965 2.071235 21
-40.593918 -731.009338 10.419581 21
-61.051025 -726.748352 29.589842 21
-43.142582 -729.291870 13.442013 21
-50.568329 -725.442383 17.349255 21
-35.217808 -729.155029 0.474397 21
-51.533672 -734.012390 21.104271 21
-48.551231 -729.856201 14.541572 21
-46.275631 -728.503418 17.185137 21
-47.996613 -731.093811 16.124504 21
-62.581726 -725.873962 30.744471 21
-38.019909 -729.099792 -0.905762 21
-36.071857 -731.371765 0.291868 21
-43.023174 -727.675964 12.436437 21
-59.159191 -723.169067 22.393314 21
-57.096550 -733.446472 22.428289 21
-49.403801 -728.424377 19.727421 21
-48.099953 -728.938110 13.832119 21
-39.664360 -728.309631 8.347367 21
-59.728821 -727.377563 27.605734 21
-58.772762 -726.049805 27.782984 21
-50.991646 -732.440063 18.751524 21
-50.188637 -733.119629 19.592793 21
-38.039696 -728.773010 1.101518 21
-60.534790 -725.599304 22.048525 21
-59.041622 -726.766052 20.943707 21
-63.815334 -724.742615 31.242535 21
-60.447716 -731.530701 22.326984 21
-61.054859 -730.945618 22.515490 21
-62.651409 -724.890259 29.004692 21
-54.696030 -731.514099 18.855392 21
-61.566448 -725.484375 29.783855 21
-38.034790 -729.709473 3.146589 21
-52.934441 -732.072632 18.823713 21
-50.113914 -733.421021 20.037580 21
-36.209423 -731.188293 1.978071 21
-38.337303 -727.840454 5.998073 21
-62.863697 -728.151611 21.893690 21
-63.163208 -726.401428 22.820024 21
-35.378204 -729.917419 -0.793040 21
-50.101589 -724.677734 17.625841 21
-36.780663 -730.455200 5.457767 21
-54.747639 -726.924133 18.535021 21
-53.421120 -731.900391 18.760384 21
-53.700768 -727.402466 17.892122 21
-35.940750 -728.855225 3.461456 21
-38.272156 -728.661194 2.517407 21
-59.085556 -723.898193 21.004248 21
-44.255959 -728.715454 10.936198 21
-61.010834 -726.086609 30.112360 21
-38.413052 -728.598877 3.115345 21
-52.718349 -727.545227 20.187616 21
-42.376179 -728.062683 10.383191 21
-53.191898 -729.526855 23.072220 21
-50.816868 -728.886353 15.581454 21
-41.689686 -732.439880 10.751799 21
-44.950726 -726.544006 16.275908 21
-37.640533 -729.724731 0.752408 21
-51.850243 -728.708679 21.902031 21
-38.392212 -729.844910 4.237705 21
-51.742805 -729.540955 16.289064 21
-51.050758 -727.273804 21.179718 21
-52.418415 -728.845642 22.363785 21
-54.257839 -727.339600 18.210211 21
-49.963425 -729.641724 15.254021 21
-59.272636 -725.936340 20.557571 21
-42.412540 -728.556763 9.003130 21
-56.015060 -728.010681 25.117250 21
-61.687901 -726.272949 30.346846 21
-50.997070 -722.365845 18.184345 21
-45.307007 -729.487549 11.914053 21
-54.490509 -732.066406 19.028427 21
-49.498104 -725.216919 17.294327 21
-59.533459 -728.781006 26.037889 21
-45.597233 -728.963806 15.786398 21
-40.175327 -729.707581 6.920761 21
-42.005074 -729.157471 12.134498 21
-36.090992 -728.296448 2.843094 21
-41.441998 -731.519653 10.627093 21
-37.656174 -729.958008 1.744531 21
-53.952469 -726.840332 23.248842 21
-63.299629 -727.163452 23.510847 21
-40.677074 -732.079346 10.886637 21
-46.061707 -731.525391 16.692030 21
-49.446800 -729.410950 14.755606 21
-62.619629 -726.881287 29.402498 21
-55.431942 -733.714478 22.048128 21
-37.516037 -728.479553 -1.506803 21
-37.192635 -728.091858 5.495549 21
-60.790649 -731.248901 23.333895 21
-40.190517 -729.952576 10.031968 21
-55.664566 -729.295532 24.005253 21
-49.772713 -732.676697 18.710976 21
-62.446774 -729.660095 23.760426 21
-56.168545 -726.580322 25.553864 21
-48.385250 -732.849060 18.974880 21
-39.848843 -730.866211 8.222693 21
-54.301380 -731.205078 18.759514 21
-47.777313 -730.816589 15.753868 21
-37.054424 -728.133362 6.106314 21
-55.331078 -730.734314 18.965721 21
-51.815113 -730.754028 17.771505 21
-52.273987 -727.740601 22.471384 21
-43.156734 -729.771179 13.210938 21
-47.370171 -728.229919 17.619371 21
-36.454185 -727.877319 2.221582 21
-52.329250 -724.571228 18.032097 21
-49.615959 -726.651794 16.250912 21
-64.870377 -725.676697 31.576342 21
-36.090813 -728.212219 1.852658 21
-45.736107 -731.723145 17.760193 21
-57.030312 -726.400085 19.614628 21
-55.087376 -722.378662 19.306334 21
-62.563858 -729.125732 21.690937 21
-58.406212 -724.397888 19.706985 21
-60.028648 -727.060913 29.094419 21
-37.065182 -730.940491 1.806442 21
-53.182453 -731.163513 18.477558 21
-37.508556 -731.307373 -1.129752 21
-63.448765 -725.192627 30.737247 21
-56.510120 -728.532959 24.353151 21
-53.843246 -726.460327 18.122410 21
-39.539482 -728.021057 6.065273 21
-36.542389 -729.515442 5.187931 21
-43.777119 -729.047241 14.070724 21
-48.349884 -728.678162 18.710705 21
-55.153690 -725.164185 18.426723 21
-60.552742 -726.006836 29.593357 21
-40.656742 -728.520996 6.891283 21
-57.517921 -732.908691 21.797308 21
-41.358475 -728.586426 7.848486 21
-46.376606 -729.042114 16.474415 21
-54.305252 -722.944092 19.004889 21
-35.576328 -729.714844 1.620530 21
-48.262848 -727.257324 15.171148 21
-47.408409 -728.045227 14.074086 21
-58.495064 -733.127258 23.060381 21
-42.440605 -727.947998 10.969569 21
-56.110107 -726.255310 19.032452 21
-58.955254 -727.423035 28.139051 21
-42.437332 -727.749023 12.007873 21
-59.607559 -724.247070 20.987921 21
-40.554363 -729.897888 7.608054 21
-62.810452 -726.333069 29.583391 21
-51.903839 -723.741333 18.121527 21
-38.005787 -729.969421 6.793494 21
-57.875969 -726.532898 25.686405 21
-36.350571 -730.333252 3.145636 21
-56.419514 -724.326477 18.794998 21
-39.390831 -730.202637 9.770706 21
-59.205936 -725.006470 20.168707 21
-35.135532 -729.239014 -0.058871 21
-40.283127 -728.074463 7.671156 21
-37.775723 -728.945129 1.695482 21
-37.817848 -728.607727 -0.369625 21
-40.766735 -728.829651 10.546909 21
-40.801964 -728.149902 9.340324 21
-56.657734 -732.284790 19.604656 21
-38.304947 -730.711731 5.989835 21
-46.552650 -729.268311 12.702305 21
-61.300415 -725.595032 28.709774 21
-46.455883 -727.237671 14.315843 21
-51.640953 -733.570312 20.477327 21
-58.537670 -728.933472 26.121822 21
-59.698494 -724.176147 21.757940 21
-46.944038 -729.755432 13.290665 21
-40.616936 -728.101074 10.448490 21
-38.294827 -730.728516 7.039364 21
-38.917068 -729.215637 4.884068 21
-38.382256 -729.921143 6.381138 21
-58.803673 -722.719421 21.398394 21
-43.161011 -728.735168 13.291563 21
-45.142708 -726.413391 15.584667 21
-36.039047 -730.989319 1.421929 21
-37.036636 -727.910339 3.010054 21
-49.471977 -723.194763 17.615822 21
-46.582306 -728.233887 13.163845 21
-39.038879 -727.739624 6.672432 21
-55.703575 -729.593872 24.472269 21
-58.246712 -725.005005 19.507465 21
-61.147724 -724.921387 24.000761 21
-44.252636 -729.679199 11.190050 21
-55.267212 -729.152832 18.622936 21
-59.373436 -722.942139 21.889492 21
-41.986340 -731.403015 10.242471 21
-47.821556 -728.431641 18.164043 21
-55.009277 -725.885376 18.504530 21
-51.497185 -724.503723 17.945202 21
-49.004726 -732.962952 19.197531 21
-56.564220 -733.912964 23.001638 21
-38.138500 -727.785095 5.088603 21
-56.149620 -731.481323 19.165125 21
-53.605919 -725.645813 18.026218 21
-54.173508 -729.342590 23.160782 21
-59.393604 -733.095093 23.325275 21
-52.034698 -727.180054 20.993690 21
-55.186451 -723.808105 18.628473 21
-57.554920 -726.712341 27.357244 21
-48.642578 -727.672424 18.677067 21
-50.265255 -727.643799 20.407909 21
-44.204304 -727.479919 14.590005 21
-51.269741 -729.981995 17.109848 21
-55.936295 -721.752869 19.675409 21
-52.513210 -722.910889 18.471489 21
-43.602730 -727.237732 14.134099 21
-36.475380 -728.130371 3.822598 21
-63.947029 -726.042053 31.194338 21
-43.541355 -730.048889 14.673219 21
-56.936172 -724.906738 18.898323 21
-38.651421 -729.981689 7.209578 21
-53.922253 -733.038391 20.339304 21
-62.085098 -729.524109 21.170698 21
-39.070805 -727.867920 5.676909 21
-38.927208 -729.680786 7.893362 21
-35.932171 -730.701416 2.919506 21
-63.085651 -727.156189 22.847628 21
-58.105415 -732.528931 21.440018 21
-51.126621 -726.325439 17.059666 21
-58.751198 -725.637085 19.975225 21
-43.770908 -727.260254 13.599257 21
-39.520790 -730.120728 8.182263 21
-56.428112 -722.299072 20.064959 21
-37.547516 -731.113281 -0.644921 21
-46.559608 -732.433411 18.682663 21
-56.834839 -722.478455 20.512974 21
-51.307941 -727.393677 19.873280 21
-47.141869 -729.155273 16.925941 21
-61.474972 -725.824219 24.771894 21
-39.916042 -730.517212 8.651657 21
-57.515743 -733.395874 22.659204 21
-57.475861 -725.697327 19.408421 21
-37.647255 -728.311890 2.075425 21
-55.084507 -733.451355 21.438284 21
-38.069664 -729.156433 -2.521354 21
-61.381855 -730.799744 21.254051 21
-40.610744 -728.238403 8.332752 21
-62.873543 -724.516235 29.405178 21
-65.837624 -726.498474 31.631683 21
-50.417370 -729.911011 16.535547 21
-54.245556 -728.805054 22.584620 21
-38.099327 -730.509827 4.942133 21
-42.444893 -728.316650 9.575222 21
-54.481560 -722.106445 19.262707 21
-55.804226 -732.638916 19.966246 21
-49.875427 -724.211426 17.751308 21
-37.940254 -728.681519 0.640576 21
-44.412407 -730.647034 15.683830 21
-46.845516 -726.410950 15.521918 21
-50.811787 -722.778687 17.989542 21
-39.778614 -729.133118 9.104788 21
-59.661732 -726.936279 21.477518 21
-52.233444 -733.494202 20.551336 21
-36.664772 -731.120117 -0.355782 21
-44.509823 -726.852112 15.922518 21
-35.634266 -728.751892 3.811434 21
-61.840515 -725.478149 28.854450 21
-36.464310 -731.043091 3.616707 21
-45.975342 -726.474792 15.041706 21
-53.687820 -728.693726 17.433182 21
-43.252930 -727.385803 13.290751 21
-62.358570 -726.345032 22.994890 21
-61.407890 -726.915710 28.626913 21
-38.452446 -728.424744 3.555940 21
-46.449265 -726.068359 15.765775 21
-62.511097 -726.345947 30.663694 21
-52.388378 -730.643982 18.228529 21
-36.073166 -731.267883 -2.761117 21
-51.269329 -729.599121 16.037647 21
-39.881413 -731.014221 9.220093 21
-57.959476 -726.039612 26.772606 21
-62.518555 -725.257812 28.519348 21
-46.043304 -727.547729 13.525529 21
-51.604507 -725.806213 17.479776 21
-42.960110 -727.710876 13.538072 21
-59.915501 -726.244507 29.183735 21
-43.141811 -728.328552 10.287929 21
-62.247215 -726.132263 24.663843 21
-50.199413 -727.588562 18.507772 21
-55.895081 -722.890503 19.400478 21
-56.587868 -725.910400 19.113750 21
-55.732533 -729.477051 19.130499 21
-38.846283 -728.251648 5.327635 21
-52.498737 -728.346313 22.392387 21
-39.705444 -729.448608 9.521196 21
-56.661575 -728.091614 26.075270 21
-41.282150 -728.675354 11.938774 21
-51.196938 -728.765015 21.244450 21
-35.626961 -730.787903 -0.937583 21
-37.805676 -729.472168 1.446817 21
-37.257030 -730.747437 2.784564 21
-53.293854 -723.446350 18.595076 21
-41.492344 -729.539734 8.265355 21
-39.212963 -727.825500 7.606956 21
-60.525455 -726.108582 22.459867 21
-48.640793 -730.418091 15.793738 21
-37.014267 -727.950073 1.565566 21
-57.511871 -727.193298 19.892796 21
-36.221466 -728.054932 1.277405 21
-35.631844 -730.079102 2.591507 21
-56.280483 -732.682129 20.303953 21
-60.189892 -724.950745 21.653982 21
-35.462337 -730.490845 -2.289922 21
-63.042145 -727.153076 24.124884 21
-38.196156 -729.063477 7.595845 21
-58.664028 -732.372925 21.747545 21
-61.804710 -730.232727 23.279879 21
-60.800858 -725.146790 24.619398 21
-50.925068 -723.685852 17.966345 21
-55.448570 -733.032043 20.890045 21
-61.384560 -730.587280 22.684177 21
-45.272820 -727.820801 14.799300 21
-63.272587 -724.407837 30.355371 21
-41.577991 -730.760071 10.842489 21
-61.058567 -725.518799 29.191349 21
-57.898293 -732.967834 22.145452 21
-35.819977 -728.580688 2.520052 21
-35.694004 -728.671326 1.429560 21
-58.147491 -727.064148 25.769829 21
-42.405018 -727.974609 12.956732 21
-49.564480 -727.915833 20.320211 21
-37.021057 -730.396301 4.807587 21
-53.271069 -727.384766 21.100946 21
-39.491688 -730.326843 5.751304 21
-36.662983 -728.017334 0.374972 21
-39.522938 -728.499207 5.915730 21
-57.139065 -732.590820 20.576250 21
-47.429405 -728.420105 13.776613 21
-59.468395 -731.787354 20.372328 21
-49.042442 -731.712952 17.135799 21
-53.375477 -727.172363 23.555614 21
-42.214043 -728.166870 12.373639 21
-45.361023 -731.508972 17.547213 21
-64.212975 -726.368958 31.420090 21
-51.093494 -733.272888 20.023829 21
-52.002617 -727.124695 17.133385 21
-57.346359 -726.424927 26.828648 21
-35.685890 -730.465637 1.575113 21
-36.586166 -728.872559 5.888227 21
-43.025017 -729.557495 14.101814 21
-56.821301 -733.161743 21.279865 21
-41.843128 -730.609009 11.209970 21
-48.449352 -729.832947 15.225438 21
-42.737270 -728.129089 13.321524 21
-59.975014 -726.396912 21.912502 21
-62.902218 -726.621521 24.065508 21
-36.404789 -730.322937 3.692255 21
-43.040844 -732.426147 10.561004 21
-41.724270 -728.102905 9.619733 21
-35.434280 -729.170776 3.365709 21
-45.457531 -729.473999 15.008858 21
-41.556732 -728.600708 8.375477 21
-36.618011 -728.081116 -0.099307 21
-55.570766 -724.823853 18.500435 21
-50.001717 -730.545227 16.640186 21
-35.512150 -729.923157 0.684217 21
-48.578068 -725.398376 16.844233 21
-48.298550 -731.694275 16.815475 21
-41.011349 -729.034607 7.065413 21
-62.463989 -726.891907 30.041994 21
-58.454277 -722.971802 20.982706 21
-50.504253 -731.617615 17.689888 21
-57.559914 -727.176086 27.393084 21
-38.894508 -729.638306 5.103144 21
-35.943001 -730.558594 0.680338 21
-52.281109 -727.245300 21.959969 21
-36.841572 -731.118225 2.746932 21
-47.394825 -729.292786 13.338870 21
-55.431614 -732.087341 19.176857 21
-41.052101 -730.002441 10.401758 21
-61.638527 -727.025146 22.883640 21
-48.577183 -732.207825 17.576918 21
-36.653088 -728.450134 4.874157 21
-36.286407 -731.119141 3.085127 21
-35.931561 -729.623657 3.903879 21
-59.429340 -732.479248 23.197309 21
-41.090324 -729.292603 10.940362 21
-51.342949 -733.654114 20.871986 21
-43.677746 -728.521362 13.865531 21
-51.499527 -724.005676 17.950441 21
-52.883274 -727.112732 21.621111 21
-39.202404 -728.265137 8.439348 21
-37.071869 -731.004761 0.486442 21
-47.926262 -730.222229 15.173903 21
-60.714054 -724.297852 23.437078 21
-64.629128 -725.164246 31.047049 21
-38.659176 -728.660278 8.187740 21
-56.058468 -725.245300 18.710192 21
-49.194725 -724.392029 17.574856 21
-51.426796 -726.667725 17.080580 21
-37.746807 -728.029724 2.937187 21
-37.240990 -728.304688 -1.143164 21
-61.227631 -725.952087 24.206276 21
-50.571167 -726.748291 16.605265 21
-43.116257 -728.514893 9.687661 21
-36.162544 -731.493103 -0.410155 21
-40.441986 -729.833496 10.513763 21
-63.087761 -725.270752 30.374323 21
-56.863514 -726.466675 26.188667 21
-41.701199 -729.789246 10.897480 21
-51.364822 -728.010498 21.408924 21
-43.709297 -729.610718 10.676834 21
-47.185059 -725.815186 16.153843 21
-57.811428 -724.956848 19.291595 21
-49.679192 -727.591980 19.669441 21
-57.771713 -732.379333 20.338085 21
-44.236416 -729.693359 14.267352 21
-44.914604 -729.107178 14.968138 21
-37.678951 -728.399597 7.204010 21
-54.970463 -730.310852 18.938110 21
-56.846043 -722.961121 19.518446 21
-52.297249 -729.013672 21.406013 21
-62.133801 -726.362732 27.672356 21
-52.777046 -728.411072 17.043516 21
-60.791241 -730.844238 20.512964 21
-40.712929 -729.446045 10.000692 21
-62.407867 -729.602051 23.290007 21
-63.880413 -726.893005 31.409588 21
-62.738285 -728.982117 23.250061 21
-49.658035 -728.762695 19.961863 21
-58.799698 -728.618835 25.835609 21
-44.084141 -726.812500 14.742974 21
-37.135704 -728.858459 6.720788 21
-38.450115 -728.556885 4.176892 21
-60.923992 -725.728088 23.689873 21
-38.487354 -730.225891 5.011056 21
-36.449276 -731.616089 -1.984377 21
-45.340679 -731.232056 17.069218 21
-44.224388 -730.533508 16.082430 21
-42.790119 -727.844482 11.255162 21
-52.865433 -728.989929 22.725288 21
-46.770340 -732.128662 17.830544 21
-46.721123 -726.551880 15.079996 21
-60.195679 -724.036438 23.289392 21
-39.669415 -727.611877 7.652229 21
-47.221794 -730.401733 15.046903 21
-53.347660 -728.630371 22.564291 21
-62.235565 -726.177368 28.854967 21
-36.003403 -730.418457 1.242644 21
-62.479534 -729.502197 22.045925 21
-40.170696 -728.137756 6.484769 21
-51.968227 -726.165588 17.462135 21
-44.488529 -726.890320 14.296971 21
-37.329971 -727.947205 4.145759 21
-53.015945 -723.705627 18.312832 21
-60.833977 -725.593506 23.082394 21
-56.369362 -732.961670 21.182962 21
-46.465458 -728.006470 13.550275 21
-63.727657 -727.214233 30.435789 21
-55.698383 -722.496216 19.559427 21
-37.606590 -728.762756 0.940283 21
-51.932659 -732.039856 18.482988 21
-37.210419 -730.924988 5.210999 21
-57.183281 -722.389465 20.172915 21
-39.932770 -727.949341 7.938643 21
-37.447311 -729.240967 6.872733 21
-62.797443 -724.488647 28.796898 21
-57.967793 -727.135376 20.251066 21
-52.804134 -727.060669 22.817852 21
-57.917850 -725.826965 19.682962 21
-54.678875 -724.499146 18.358446 21
-46.651226 -727.694885 15.885088 21
-52.617458 -725.730469 17.751993 21
-43.729465 -727.540894 12.554005 21
-56.243874 -726.641174 19.232880 21
-35.823849 -731.118469 -2.058728 21
-53.181728 -725.359009 17.986206 21
-43.704678 -728.778076 10.436764 21
-48.931511 -727.856445 14.989244 21
-61.844711 -727.030273 27.129620 21
-38.115910 -729.661377 7.523263 21
-39.438709 -730.066772 9.296611 21
-45.478844 -728.335754 12.160023 21
-54.463718 -728.554321 17.970791 21
-51.095352 -731.911011 18.142263 21
-59.881866 -725.208801 20.896488 21
-60.640076 -725.710388 29.211668 21
-54.631428 -728.111145 24.182695 21
-52.934727 -724.274414 18.220074 21
-54.582554 -733.798889 22.169167 21
-43.770184 -727.346497 13.070312 21
-37.893967 -729.360474 2.384778 21
-53.615372 -734.002014 21.977060 21
-55.922108 -728.970154 23.800762 21
-39.024178 -730.123840 5.929304 21
-58.966461 -732.068726 20.424360 21
-49.496754 -728.571167 20.440172 21
-59.759956 -731.909912 21.771181 21
-40.365665 -728.362305 10.065125 21
-35.698395 -728.409668 1.046711 21
-55.153614 -721.556763 19.227737 21
-47.823711 -729.386719 13.678341 21
-42.226269 -731.288940 10.595942 21
-62.892372 -725.900024 23.609369 21
-50.183289 -727.696411 20.955030 21
-46.035240 -726.179504 15.619005 21
-59.165138 -728.964111 25.866915 21
-59.214615 -732.169983 22.223944 21
-37.914597 -728.734070 -1.426235 21
-49.928230 -728.237793 15.445614 21
-43.801228 -727.197754 15.352604 21
-59.856773 -731.792297 23.393152 21
-41.465088 -731.981567 11.002123 21
-55.457935 -726.471130 18.777489 21
-43.853714 -730.118591 15.206994 21
-47.889946 -726.581665 15.626207 21
-38.125774 -728.797791 3.422687 21
-57.004208 -726.019531 19.379137 21
-37.890816 -730.818481 5.876398 21
-52.986336 -721.913879 18.820715 21
-57.874077 -726.318481 19.957277 21
-58.147762 -727.319641 27.772228 21
-38.197769 -729.439331 -1.748521 21
-63.849430 -724.112549 30.635082 21
-37.704403 -729.947693 7.119903 21
-48.257587 -732.580383 18.413332 21
-42.891098 -728.940857 9.587440 21
-38.116310 -729.859619 -1.188840 21
-58.073658 -722.596924 21.328722 21
-53.469330 -726.066345 17.992680 21
-45.233311 -727.904236 12.670168 21
-55.506519 -724.346313 18.532087 21
-37.934727 -727.777710 4.029224 21
-62.537899 -725.865540 27.857109 21
-41.750164 -728.074280 12.410997 21
-61.989082 -725.709717 30.386305 21
-52.929153 -726.265442 17.817242 21
-53.149635 -730.178772 18.209345 21
-49.935871 -727.430725 19.280024 21
-54.248814 -726.803894 23.588118 21
-58.703697 -723.796448 20.504677 21
-46.334549 -725.708130 16.529123 21
-58.631874 -731.923340 19.950661 21
-55.613766 -727.653137 19.240805 21
-51.211063 -728.818604 21.740425 21
-46.709190 -728.308044 17.064365 21
-38.010525 -730.028625 3.558063 21
-37.444408 -728.166321 0.238939 21
-64.797333 -726.718506 31.620703 21
-48.434601 -723.916504 17.435045 21
-48.687176 -726.549255 15.976350 21
-56.521259 -727.599670 19.626387 21
-50.136768 -728.154236 20.351797 21
-46.185154 -732.183350 18.414810 21
-39.124123 -727.788818 8.050778 21
-41.594265 -731.585388 9.449893 21
-57.121140 -732.386292 19.886353 21
-35.619720 -730.804138 -1.453936 21
-60.796371 -724.801086 23.698112 21
-49.232143 -725.443726 16.883171 21
-49.774410 -727.489014 18.844635 21
-40.193954 -728.477051 7.491704 21
-58.211266 -726.680603 27.958181 21
-60.240318 -725.547119 21.702784 21
-45.850384 -727.992126 12.892270 21
-46.324570 -728.184387 16.441376 21
-61.531036 -726.562988 27.243576 21
-35.494785 -729.483276 -0.103082 21
-49.473938 -732.952576 19.166378 21
-57.575600 -732.549194 20.873625 21
-36.715324 -730.617615 3.150712 21
-44.823559 -728.112061 14.731946 21
-57.694580 -723.651550 19.659447 21
-49.079586 -726.238770 16.334101 21
-55.635082 -729.965515 19.392368 21
-53.183834 -722.459351 18.854313 21
-61.757462 -726.925476 29.924238 21
-48.525112 -725.846497 16.558916 21
-46.224922 -725.380737 17.148817 21
-49.331253 -725.867188 16.710508 21
-35.823269 -731.144958 -0.035874 21
-60.573017 -725.177002 22.510117 21
-40.707497 -731.420593 10.265713 21
-52.305817 -722.122314 18.531849 21
-57.405769 -726.522217 19.807026 21
-50.094070 -731.067688 17.146299 21
-48.612270 -727.978149 19.086927 21
-44.836830 -730.922974 15.986719 21
-54.628284 -729.315125 23.265060 21
-48.095581 -732.972412 19.305447 21
-35.470234 -729.119568 -0.525113 21
-35.447956 -730.295593 0.899354 21
-35.755409 -730.467285 0.141476 21
-53.707474 -728.094849 17.821041 21
-53.906517 -724.847656 18.168474 21
-40.186501 -728.883545 9.897213 21
-45.249550 -727.411133 13.292567 21
-52.086819 -729.041931 22.127800 21
-51.204525 -727.611206 19.258011 21
-36.489594 -728.857300 4.876417 21
-38.602253 -728.377136 4.613938 21
-49.550777 -727.677856 17.677559 21
-50.936321 -725.141296 17.549210 21
-47.798092 -723.825989 17.417807 21
-51.779343 -722.453064 18.274778 21
-44.995422 -728.586609 15.273740 21
-58.669022 -733.484558 23.232891 21
-56.732273 -726.708984 19.526051 21
-55.292858 -721.898499 19.502413 21
-51.199524 -727.122437 16.692524 21
-51.069141 -723.279297 18.075277 21
-47.752628 -725.539062 16.621305 21
-35.206451 -728.993774 1.089900 21
-40.134251 -728.056519 7.154694 21
-39.252769 -730.439758 7.837888 21
-37.556122 -729.377014 7.703679 21
-52.422832 -727.059265 17.382231 21
-39.259552 -729.857910 8.936589 21
-42.510765 -729.041321 12.648107 21
-47.132656 -728.915161 13.151632 21
-41.779430 -729.089294 8.504589 21
-37.254807 -727.871338 3.390702 21
-51.369518 -728.582825 16.047480 21
-49.388031 -732.534302 18.434561 21
-38.581596 -728.125793 7.410960 21
-54.040169 -729.789185 18.478643 21
-40.471153 -730.214355 10.296883 21
-43.522472 -727.879944 12.979239 21
-62.239830 -725.098877 29.461578 21
-58.962181 -732.662659 22.675301 21
-44.471947 -727.478149 13.023851 21
-58.177975 -723.559998 19.870890 21
-47.053791 -727.872009 16.908577 21
-41.234993 -731.119873 9.641800 21
-35.592415 -729.200928 0.681623 21
-55.950142 -726.889771 25.868849 21
-54.153042 -723.588135 18.623606 21
-62.200077 -729.997742 21.809219 21
-45.414005 -728.221191 15.531199 21
-41.092751 -730.469299 10.935023 21
-36.029385 -728.531982 4.544808 21
-56.102089 -729.182007 19.119452 21
-50.656483 -732.657166 18.946760 21
-50.801712 -730.396545 17.021935 21
-50.627121 -731.918335 17.968273 21
-45.228428 -730.965454 16.735424 21
-46.928669 -732.345764 18.458712 21
-40.054996 -731.127197 8.534578 21
-58.412033 -726.944702 20.558531 21
-58.230125 -732.098877 19.947880 21
-37.372738 -730.511719 2.076129 21
-50.154747 -728.768616 15.312950 21
-41.709637 -729.194519 11.790626 21
-48.133968 -728.390137 18.466955 21
-38.492622 -730.355896 7.503411 21
-55.984226 -728.249756 25.509638 21
-46.464001 -728.738586 16.813900 21
-48.206062 -729.817078 14.278720 21
-54.633568 -721.711548 19.157898 21
-36.557133 -731.189209 1.198199 21
-54.507515 -729.696594 18.663435 21
-56.632156 -725.451355 18.973911 21
-60.566719 -726.720520 29.555946 21
-60.275055 -725.682983 28.675161 21
-54.887783 -729.563110 23.987867 21
-53.782856 -722.089111 18.991970 21
-45.515743 -726.147217 16.333662 21
-60.471085 -724.573547 24.064489 21
-48.529224 -723.366943 17.450399 21
-37.363853 -730.920349 0.824482 21
-38.028831 -727.812256 5.498293 21
-49.254997 -723.625793 17.643682 21
-59.761982 -724.396973 21.362522 21
-47.373329 -726.059631 15.816649 21
-57.155144 -724.074341 19.137671 21
-48.284706 -724.659424 17.400791 21
-51.734444 -727.528748 19.856976 21
-64.711365 -725.631958 31.164301 21
-36.032486 -728.892639 4.830050 21
-36.314922 -728.015747 2.611117 21
-40.472282 -731.116943 8.692966 21
-56.299244 -728.957825 24.199848 21
-37.673836 -727.976929 3.359580 21
-61.800037 -730.300354 23.720087 21
-37.976395 -730.613525 6.732361 21
-60.413483 -724.377625 23.153685 21
-61.307018 -726.479797 24.114740 21
-36.952503 -730.318115 5.893846 21
-54.046455 -733.610352 21.358448 21
-42.098114 -728.512451 12.124446 21
-55.467842 -727.805359 25.241062 21
-50.529842 -728.892395 20.662418 21
-59.438416 -726.319275 28.830545 21
-42.709564 -729.232300 13.377783 21
-53.491100 -728.103943 23.551991 21
-51.006477 -729.137451 21.016706 21
-36.053288 -729.803223 3.522350 21
-55.663788 -723.574951 18.902634 21
-44.017292 -730.155823 14.793305 21
-37.302414 -728.454773 6.765943 21
-52.575851 -731.925659 18.599722 21
-38.711147 -730.518555 6.077412 21
-49.114182 -729.923279 14.998912 21
-59.742020 -731.871094 20.923119 21
-55.794716 -725.680176 18.744503 21
-54.165146 -729.580017 23.609982 21
-54.265182 -728.247864 23.627232 21
-55.207188 -729.483337 18.914482 21
-58.984352 -726.271545 20.581116 21
-40.097549 -730.604553 9.881256 21
-45.594391 -726.014832 16.721790 21
-37.717911 -730.381714 3.549210 21
-63.339809 -724.163757 29.980751 21
-37.558857 -727.931396 5.766054 21
-54.977058 -729.903259 18.850323 21
-51.979946 -727.784424 19.440527 21
-47.413876 -724.468140 17.421356 21
-57.938896 -732.865112 21.651299 21
-60.016865 -731.709717 21.503460 21
-62.873001 -726.919250 30.190596 21
-59.054565 -728.080505 26.052776 21
-40.725872 -730.581116 10.509704 21
-35.718960 -731.198792 -1.008708 21
-62.089035 -726.363892 29.241516 21
-61.798576 -726.134460 24.731817 21
-47.463783 -725.044678 17.143333 21
-49.900459 -728.635010 20.318563 21
-60.022198 -727.353455 28.095545 21
-43.440746 -729.754150 14.281532 21
-43.294571 -727.918396 13.901427 21
-53.465504 -730.836548 18.471186 21
-55.959152 -727.704346 25.922785 21
-44.168156 -726.944824 15.174118 21
-63.040298 -723.976013 29.472574 21
-36.060612 -730.378235 3.451806 21
-42.846653 -729.526855 9.733647 21
-64.120468 -727.069397 31.088961 21
-46.300148 -732.019897 17.995064 21
-52.503365 -723.541077 18.389481 21
-42.391945 -730.978638 10.887300 21
-45.629730 -727.115356 14.013873 21
-58.527443 -732.266846 20.708120 21
-38.066689 -728.120056 6.924752 21
-56.815742 -727.230164 19.513407 21
-35.665291 -728.740845 0.513782 21
-36.512756 -730.699768 4.523520 21
-37.395210 -730.982483 0.134988 21
-51.626423 -732.838318 19.374077 21
-36.099567 -730.910217 -0.846738 21
-37.877159 -730.706055 5.242278 21
-55.307751 -731.688416 18.935207 21
-37.565674 -730.767273 2.494000 21
-46.505722 -725.030701 17.084904 21
-61.710403 -730.408875 22.317604 21
-41.565338 -731.260620 10.933262 21
-55.260788 -729.354248 23.818447 21
-47.021145 -728.505066 17.444643 21
-57.810291 -733.406006 22.984034 21
-46.101070 -731.722961 17.190012 21
-45.942825 -727.963135 15.754839 21
-62.490623 -729.418884 22.463671 21
-46.358223 -728.496704 12.909686 21
-57.246834 -732.769165 21.298912 21
-54.654587 -728.331787 23.395782 21
-40.436581 -728.160095 6.821327 21
-46.659073 -728.885437 12.815608 21
-38.049496 -729.101685 0.040126 21
-36.228405 -728.824280 4.277048 21
-52.341805 -725.014771 17.895451 21
-61.075928 -730.676758 24.036325 21
-50.717632 -728.299011 20.854391 21
-50.968147 -727.822266 16.308025 21
-56.328976 -727.295410 26.335852 21
-47.769157 -729.079590 17.595722 21
-59.100052 -733.359619 23.258350 21
-57.309681 -727.930054 26.759932 21
-38.734291 -728.911987 8.806161 21
-55.419609 -733.246582 21.277563 21
-37.733345 -730.896606 3.725291 21
-42.123112 -729.816711 12.061893 21
-48.078682 -729.184448 17.895983 21
-44.420887 -729.290039 14.249937 21
-56.164028 -729.533325 24.687328 21
-41.902840 -730.982483 11.016831 21
-57.109154 -733.269958 22.058647 21
-54.226200 -728.776306 23.180748 21
-40.511742 -730.997498 9.882876 21
-55.283226 -725.577942 18.525545 21
-41.103531 -728.268738 8.896176 21
-58.628769 -726.732666 28.222252 21
-41.269958 -728.563293 11.301553 21
-55.028358 -727.249512 18.616917 21
-41.637196 -728.012573 11.512715 21
-62.497810 -728.964539 24.013618 21
-37.011429 -728.092285 -0.372361 21
-47.938305 -730.490601 15.544328 21
-40.971630 -728.504822 7.835081 21
-59.236206 -732.234741 23.691185 21
-49.107796 -728.651367 19.543964 21
-35.356232 -729.106934 2.180353 21
-52.631359 -733.087341 20.008081 21
-53.817539 -727.742859 23.936298 21
-63.506760 -726.956970 31.240025 21
-49.356213 -728.509521 14.957585 21
-62.579189 -726.406433 23.396399 21
-41.488457 -730.894043 10.466228 21
-45.826488 -726.830688 14.478142 21
-57.908455 -722.754333 20.594721 21
-50.000729 -727.626099 18.097960 21
-37.061890 -731.344116 -1.119182 21
-52.750408 -727.194275 22.431187 21
-62.406857 -728.870972 21.309059 21
-57.223961 -727.363708 27.083305 21
-57.760902 -724.116699 19.436222 21
-36.919243 -729.861816 6.183947 21
-60.715572 -731.275940 22.522053 21
-58.846142 -725.847717 27.414442 21
-59.496563 -725.528076 20.532118 21
-52.082367 -727.705078 17.025366 21
-47.778564 -728.617981 13.792661 21
-51.168266 -728.839355 15.785452 21
-45.202587 -728.476990 11.761820 21
-54.733990 -733.032776 20.638220 21
-39.628792 -728.765808 5.291111 21
-50.644566 -727.418335 19.289206 21
-51.690849 -723.380798 18.300131 21
-47.184376 -727.638184 14.140587 21
-57.910824 -727.205444 25.447325 21
-61.047379 -727.179749 29.321487 21
-53.603722 -729.102783 22.410343 21
-51.008114 -725.961060 17.224152 21
-39.926262 -727.575378 7.225065 21
-49.906246 -723.790344 17.727055 21
-60.133938 -731.164368 20.125000 21
-50.182602 -733.869263 20.584885 21
-51.934540 -727.315369 20.615711 21
-58.046425 -722.830811 20.988047 21
-53.482414 -726.896606 22.737410 21
-55.183205 -727.079224 25.321976 21
-48.743931 -730.676575 16.087784 21
-50.462856 -726.377380 16.764753 21
-55.523266 -727.063721 18.916161 21
-59.683830 -726.026550 21.061632 21
-44.393753 -727.701599 12.353825 21
-53.733669 -724.198120 18.352219 21
-36.215721 -731.462524 -1.079720 21
-38.866581 -728.587036 4.900897 21
-55.473568 -723.133850 19.122051 21
-61.403046 -726.402832 28.492086 21
-58.311264 -732.877930 22.260759 21
-35.618259 -729.389832 2.022625 21
-42.421989 -731.594604 10.803028 21
-36.490948 -730.069092 4.338707 21
-59.657856 -732.204773 22.773733 21
-63.122204 -723.844971 30.267412 21
-55.995129 -724.172791 18.688587 21
-42.191132 -732.544800 10.609686 21
-57.482445 -722.328857 20.925224 21
-45.485714 -731.192932 16.291147 21
-40.236603 -728.968323 6.759167 21
-50.865311 -733.104614 19.653303 21
-49.384380 -726.922119 15.932170 21
-36.567348 -730.466797 5.006413 21
-57.404408 -723.144836 19.990389 21
-35.314472 -728.929626 2.922422 21
-38.702255 -727.841370 5.831006 21
-50.643318 -723.981079 17.925697 21
-54.570705 -732.637695 19.761246 21
-50.883286 -724.474121 17.726236 21
-42.395187 -732.765808 10.962221 21
-54.562778 -726.943420 24.207893 21
-49.662025 -730.195679 16.192631 21
-39.717869 -729.679443 6.264465 21
-46.686699 -727.837402 16.262943 21
-62.974831 -725.879028 30.951532 21
-49.731861 -731.258362 17.080091 21
-60.499340 -724.793396 22.336052 21
-35.512169 -730.724243 -0.544626 21
-44.617847 -730.792236 16.299862 21
-46.926605 -725.087097 17.554316 21
-62.451893 -725.242371 30.087194 21
-44.190224 -728.322510 11.030027 21
-54.589420 -733.271973 20.923746 21
-58.430431 -727.841736 25.785982 21
-57.167068 -727.398621 19.936125 21
-51.309288 -727.297180 20.779427 21
-59.183575 -723.309631 21.907181 21
-61.727421 -730.585083 21.923189 21
-44.708633 -727.603760 13.903141 21
-51.422550 -731.335876 17.922970 21
-59.484638 -726.916748 28.809528 21
-52.319626 -730.064514 17.826019 21
-56.315514 -733.446655 21.899973 21
-54.836987 -723.580505 18.712719 21
-58.878727 -726.127441 28.166162 21
-36.674706 -731.484131 -1.571362 21
-62.041950 -729.986328 22.596222 21
-35.599937 -729.688660 -1.596196 21
-42.029743 -731.893494 10.151167 21
-58.985935 -732.141968 21.081083 21
-51.635445 -727.845154 19.087107 21
-45.784760 -728.955933 12.072046 21
-37.519577 -727.547241 4.945369 21
-61.145573 -730.870056 20.930725 21
-39.539406 -730.590942 9.065618 21
-53.210411 -727.510803 23.422686 21
-40.953831 -730.864441 10.321876 21
-49.575523 -729.063477 19.662674 21
-41.980293 -729.920044 11.645686 21
-48.735741 -732.990417 18.840672 21
-55.634335 -722.071777 19.648632 21
-49.313519 -727.489929 18.366924 21
-43.812374 -727.910400 13.893548 21
-41.425411 -729.772095 8.577074 21
-47.520123 -728.526733 17.928778 21
-51.554077 -729.057007 21.536886 21
-54.992966 -733.723755 22.178051 21
-35.802101 -729.220337 3.010288 21
-49.918015 -725.430237 17.206295 21
-52.449982 -729.025024 16.554371 21
-37.163754 -731.206909 -0.161513 21
-53.775307 -723.668335 18.525896 21
-46.213184 -725.263550 16.758036 21
-42.794037 -732.055786 10.462448 21
-37.961895 -728.982910 7.911037 21
-56.774185 -722.555603 20.091381 21
-54.345901 -725.681641 18.261900 21
-47.725945 -727.536194 17.047009 21
-63.974911 -727.393066 30.840265 21
-57.342300 -725.367737 19.204060 21
-52.707085 -729.090088 22.244535 21
-39.146492 -730.222107 8.457749 21
-58.181858 -726.168701 27.252991 21
-56.269447 -727.395142 19.275032 21
-41.062553 -728.022583 10.154989 21
-38.839275 -730.464783 5.654298 21
-58.904282 -725.281921 20.091082 21
-58.704811 -723.220947 21.247784 21
-63.407429 -726.591309 23.535494 21
-53.088753 -729.249451 17.130564 21
-58.714981 -727.273560 27.861101 21
-47.644989 -729.823547 14.807022 21
-51.932976 -728.115906 16.655092 21
-60.046761 -731.749573 22.312874 21
-53.717293 -722.955688 18.849733 21
-60.601444 -731.165039 23.833704 21
-47.058762 -727.760742 16.517220 21
-49.219208 -727.718872 19.432266 21
-41.538456 -732.117126 10.582146 21
-45.114784 -726.806335 15.788878 21
-53.306396 -724.855225 18.108847 21
-40.506523 -728.443176 6.527743 21
-53.647739 -727.282715 23.837799 21
-36.068417 -729.360535 4.190252 21
-39.761440 -728.525879 9.015797 21
-35.765556 -729.826538 -2.560257 21
-42.030647 -732.289673 10.878164 21
-52.355518 -733.741577 21.177313 21
-37.726177 -728.746033 1.343683 21
-41.453037 -727.964233 10.222398 21
-37.473343 -728.013916 2.257239 21
-37.349228 -730.032471 6.560682 21
-44.576046 -726.814758 15.416459 21
-40.393993 -728.007996 9.727338 21
-48.788967 -733.351257 19.817511 21
-60.089447 -727.411499 26.490356 21
-46.913708 -725.358459 16.955122 21
-55.729141 -728.696350 23.645914 21
-63.509644 -724.343567 31.034451 21
-48.858341 -727.429932 18.307634 21
-53.229969 -733.662598 21.401983 21
-36.194698 -730.277222 4.141462 21
-41.266102 -730.951538 11.552374 21
-41.530346 -728.002502 10.828957 21
-52.358322 -732.599792 19.206984 21
-62.937263 -727.206238 22.109045 21
-54.344814 -732.908936 20.261353 21
-36.589668 -729.944824 4.713242 21
-61.107338 -726.429504 29.833282 21
-61.137981 -725.249329 24.474020 21
-61.863224 -725.391602 30.135338 21
-38.702644 -727.595154 6.807658 21
-63.111378 -727.099426 29.936491 21
-46.914711 -728.485229 13.288811 21
-57.895821 -732.513306 21.087835 21
-42.771946 -730.063599 12.677658 21
-52.903236 -729.369507 22.831135 21
-36.822178 -731.213684 1.964403 21
-41.090302 -731.118408 9.276857 21
-60.157703 -726.755615 29.322178 21
-62.747093 -728.921997 22.533373 21
-40.389854 -729.374634 6.936702 21
-35.774521 -731.068665 -2.914213 21
-50.484196 -728.705505 21.368727 21
-45.917793 -728.727661 16.266573 21
-43.987743 -727.178223 13.939219 21
-50.248154 -723.226807 17.874029 21
-37.385460 -730.743958 3.684067 21
-57.081699 -723.523560 19.407454 21
-44.426308 -728.549072 14.669160 21
-64.250969 -726.987793 31.687157 21
-37.479095 -730.290955 1.306352 21
-42.709595 -732.472778 10.113375 21
-40.004917 -730.094727 6.965539 21
-40.939442 -728.047302 10.907219 21
-56.737942 -732.687134 20.644777 21
-49.680134 -727.901611 19.942152 21
-58.390873 -733.264282 23.405336 21
-53.972023 -728.996582 22.234135 21
-50.782612 -733.506836 20.253578 21
-60.523888 -731.412231 21.973255 21
-35.571682 -729.185913 1.165318 21
-40.941956 -729.605652 10.277681 21
-63.836998 -725.371643 30.739405 21
-53.534500 -726.853638 17.984167 21
-40.775932 -729.546387 7.603412 21
-52.835445 -727.171875 17.593084 21
-46.678471 -727.518005 13.978148 21
-64.584137 -725.354126 31.401960 21
-55.347008 -728.132751 24.580540 21
-43.687386 -727.347046 14.505818 21
-50.249123 -726.899475 16.366829 21
-59.764938 -723.620972 22.201321 21
-41.895199 -728.760681 8.285224 21
-36.884628 -730.042480 5.195457 21
-47.315907 -732.499695 18.768831 21
-48.061623 -725.275269 16.912838 21
-60.242386 -728.262451 26.494915 21
-43.934216 -728.616028 14.154512 21
-51.542133 -727.568542 22.145502 21
-43.162640 -727.740173 12.073782 21
-63.223423 -727.671936 23.639585 21
-36.319473 -728.797607 5.260389 21
-63.306995 -726.386719 23.203037 21
-52.316204 -729.353638 22.111137 21
-44.487698 -726.796204 14.751553 21
-40.810116 -730.364868 10.188527 21
-54.171062 -722.296265 19.147608 21
-52.388844 -724.198364 18.156805 21
-61.504631 -730.509460 23.055204 21
-42.472481 -729.241882 13.046750 21
-46.073368 -729.855652 12.868519 21
-36.853760 -728.913757 6.406241 21
-58.008568 -723.343079 20.335749 21
-42.032074 -727.929260 11.620026 21
-42.755524 -729.677246 13.365995 21
-37.803852 -729.756958 2.238684 21
-37.246128 -727.817017 4.945139 21
-51.589966 -727.327515 21.393604 21
-36.651695 -730.402832 3.982795 21
-45.896797 -726.238159 16.308071 21
-59.995609 -726.167969 21.606253 21
-49.773483 -732.118958 17.910683 21
-47.160728 -727.746887 17.258568 21
-38.968071 -728.418274 8.034130 21
-61.572990 -726.577576 27.636116 21
-49.416843 -730.893921 16.630194 21
-61.837887 -725.316772 29.474228 21
-55.248863 -732.548523 19.728001 21
-42.815430 -729.789917 12.311792 21
-35.842102 -728.548401 4.081987 21
-51.857071 -733.871460 21.238428 21
-53.189739 -733.406799 20.666304 21
-51.536121 -725.008423 17.751007 21
-53.099571 -727.086975 21.945929 21
-51.020519 -727.332153 20.110245 21
-61.475506 -726.018372 28.804619 21
-52.079674 -730.913513 17.998177 21
-43.025429 -728.088379 13.593764 21
-59.944584 -723.868286 22.584038 21
-44.030365 -728.026733 11.648885 21
-58.436447 -722.573669 21.222715 21
-51.456352 -727.439026 16.773350 21
-54.766239 -732.237671 19.253885 21
-52.558113 -731.498108 18.433300 21
-57.938343 -728.104858 25.363516 21
-35.497852 -728.599731 0.197042 21
-60.050598 -724.228577 21.899761 21
-50.608757 -725.774902 17.147177 21
-62.637764 -728.794373 23.687986 21
-63.140820 -726.873840 30.603157 21
-61.815586 -726.590210 30.074213 21
-57.240841 -724.539490 19.028084 21
-36.815304 -728.539062 5.247274 21
-51.722801 -728.297363 16.396236 21
-51.887383 -727.315186 22.068066 21
-53.970966 -731.392822 18.717001 21
-49.053562 -727.603271 17.491377 21
-36.373566 -728.142090 3.437736 21
-36.550976 -729.138000 5.125369 21
-55.464149 -728.732483 23.304274 21
-50.781708 -728.067688 16.009542 21
-58.992886 -723.051270 21.611731 21
-62.802494 -728.107300 24.074640 21
-35.652802 -728.961121 1.977674 21
-43.347095 -729.794373 13.837549 21
-48.685661 -727.215881 15.419729 21
-49.073460 -729.214722 14.424685 21
-47.936695 -727.626648 17.379339 21
-59.853985 -728.106934 26.494761 21
-46.412659 -727.024414 14.633741 21
-47.740055 -732.655273 18.388969 21
-59.220676 -725.934875 28.151834 21
-51.906208 -731.632385 18.227932 21
-51.211479 -728.398193 21.338417 21
-44.000626 -727.703613 12.299264 21
-42.079903 -729.818481 9.551366 21
-63.033619 -726.530884 22.482664 21
-37.127960 -727.611938 4.099255 21
-58.148643 -727.782104 27.419912 21
-42.519123 -729.591431 12.525611 21
-39.942017 -729.603455 9.761229 21
-56.365314 -733.629272 22.238518 21
-46.604870 -728.043396 17.411596 21
-53.886181 -733.221436 20.671030 21
-43.348625 -728.460327 13.450755 21
-52.265484 -723.833618 18.262083 21
-63.332333 -725.760132 30.953026 21
-54.912399 -729.176758 18.397003 21
-53.567566 -733.652527 21.241009 21
-48.686539 -724.944763 17.200670 21
-54.154648 -726.254333 18.262619 21
-55.841702 -726.043213 18.869038 21
-42.143520 -728.296692 12.985126 21
-65.505348 -726.290771 31.620579 21
-52.975616 -722.906494 18.620926 21
-39.113064 -727.552185 7.212025 21
-39.485554 -729.067017 8.862683 21
-35.398949 -729.843689 -0.411989 21
-38.764175 -727.822754 6.430846 21
-53.023003 -728.971802 16.888868 21
-48.455399 -728.871338 14.114799 21
-39.864975 -727.622131 6.781216 21
-36.774437 -727.706726 3.188036 21
-53.593487 -728.432556 22.793722 21
-45.216793 -728.090454 12.268272 21
-37.723385 -729.285095 0.671212 21
-35.835308 -731.023010 0.881399 21
-53.020699 -726.778442 17.740547 21
-59.983315 -726.627502 26.752306 21
-54.170483 -733.363708 20.896740 21
-40.674591 -728.622742 7.257051 21
-35.986977 -730.462646 1.970693 21
-44.374596 -728.039307 14.118456 21
-37.779095 -730.073120 2.761370 21
-61.366951 -727.291931 22.086206 21
-39.632465 -730.326721 8.494951 21
-54.617493 -728.061951 24.565014 21
-38.047920 -728.895142 3.067054 21
-54.679432 -727.264465 24.858631 21
-41.158543 -731.341797 8.899388 21
-36.861195 -728.442017 6.033305 21
-60.978210 -730.825439 22.175264 21
-57.070282 -728.847351 24.829361 21
-43.764111 -729.262451 13.746155 21
-60.490311 -727.884583 26.894571 21
-37.353680 -728.279907 -0.781404 21
-56.042542 -726.950623 19.195538 21
-48.551537 -728.466125 18.962925 21
-49.206779 -722.993469 17.418400 21
-53.366924 -733.058472 20.166275 21
-36.021839 -730.873840 2.187242 21
-41.263157 -730.211548 10.619772 21
-49.915630 -731.696289 17.498680 21
-39.201801 -729.723022 9.288884 21
-64.055923 -727.293884 31.771179 21
-44.569542 -727.961243 12.137460 21
-61.217907 -725.258911 28.955042 21
-50.338657 -732.123413 18.122309 21
-43.096779 -729.235596 13.800223 21
-39.540844 -727.763000 8.039639 21
-49.957027 -727.857239 20.227722 21
-39.307823 -728.377014 5.058954 21
-52.030544 -728.050049 22.182625 21
-42.613556 -732.808044 10.563536 21
-41.110363 -731.337402 10.098305 21
-41.936787 -728.310181 11.836735 21
-60.735283 -727.372620 28.767958 21
-51.864620 -730.408752 17.627947 21
-39.192528 -729.444641 8.284914 21
-42.776432 -727.566345 12.694603 21
-53.559963 -722.465637 18.826633 21
-54.030540 -728.893494 17.618601 21
-53.194187 -727.142212 22.776520 21
-37.084415 -728.204285 6.528496 21
-45.082333 -728.812256 11.581739 21
-36.581112 -728.054932 1.186145 21
-37.939793 -728.749268 -0.040357 21
-53.832047 -731.639526 18.951767 21
-47.985142 -728.775085 18.281773 21
-51.093094 -731.251160 17.704782 21
-58.707359 -724.419922 19.943991 21
-56.855919 -729.540833 25.058084 21
-41.472088 -729.776428 11.210318 21
-58.395161 -723.360168 20.664213 21
-37.974483 -728.462524 2.100443 21
-55.949917 -733.239136 21.446636 21
-45.420521 -727.982239 15.192004 21
-50.791885 -727.445740 16.303314 21
-45.594181 -729.644104 12.283252 21
-36.319405 -731.199402 -1.401005 21
-50.713627 -733.957764 20.754999 21
-50.217716 -727.845825 15.757023 21
-50.588623 -727.358582 19.839935 21
-38.614506 -729.123718 4.396536 21
-38.069382 -728.419128 3.642079 21
-46.754894 -725.749329 16.710556 21
-49.107143 -732.262878 17.852482 21
-60.101044 -724.266785 22.351265 21
-41.000443 -727.923096 7.129597 21
-61.222057 -725.669495 29.983940 21
-62.975376 -727.816589 22.303593 21
-41.974335 -729.514954 12.231461 21
-63.029030 -727.953064 22.710293 21
-46.644577 -725.430237 17.217091 21
-56.856491 -733.581238 22.872320 21
-58.160004 -732.308594 20.397850 21
-58.504124 -723.705750 19.991812 21
-60.907440 -727.475830 27.332336 21
-41.924973 -728.402222 8.928827 21
-37.336723 -730.663940 0.351031 21
-37.072392 -730.614502 3.898337 21
-57.486004 -731.896667 19.538174 21
-37.739532 -728.760742 7.523801 21
-61.388611 -726.890137 29.822651 21
-58.516159 -726.189941 20.210569 21
-59.306774 -732.311523 21.014248 21
-36.182186 -730.623962 3.698690 21
-41.420307 -731.538696 10.251018 21
-48.328537 -727.627380 17.358839 21
-49.263878 -727.495300 18.967934 21
-35.904030 -729.210449 4.565077 21
-50.625004 -727.636108 18.669182 21
-62.320103 -729.231262 21.376841 21
-62.324062 -724.933167 28.774445 21
-64.259659 -725.016968 30.943714 21
-39.387489 -729.506836 5.606131 21
-37.676678 -729.540466 7.145916 21
-41.681213 -731.733154 10.830890 21
-54.141277 -728.594482 23.564098 21
-52.842598 -728.286438 22.532494 21
-58.903500 -723.597839 21.165936 21
-36.446480 -730.474731 2.805615 21
-63.089062 -726.796692 22.741373 21
-51.699547 -731.077271 17.917988 21
-56.017090 -732.875916 20.797499 21
-50.827843 -727.094055 16.599970 21