-46.212280 -739.505920 9.334047 13
-53.147812 -744.153503 51.750729 13
-44.073463 -737.698914 31.925739 13
-53.866215 -745.503113 37.942390 13
-48.467381 -735.834534 43.652699 13
-47.933647 -740.978271 21.080591 13
-57.523941 -739.255310 44.581768 13
-45.490753 -740.147705 -0.331004 13
-50.358856 -743.538147 29.403231 13
-50.898365 -738.243164 36.208359 13
-53.364140 -735.378113 50.048790 13
-50.075653 -743.434753 44.545742 13
-44.377686 -738.719910 15.870419 13
-43.969582 -739.441528 25.815281 13
-59.723846 -739.012207 50.037121 13
-55.455811 -740.137756 39.297211 13
-45.796131 -736.554626 38.207527 13
-48.216629 -742.229675 39.242474 13
-43.271774 -738.833801 4.671344 13
-48.470608 -738.457581 28.821655 13
-47.709820 -741.780762 33.796581 13
-57.663509 -743.949768 42.176144 13
-52.921684 -742.402283 33.847309 13
-53.201973 -736.747253 45.243507 13
-47.360870 -743.015503 25.539412 13
-51.823647 -737.468506 40.744492 13
-52.326321 -741.879517 47.994064 13
-48.179592 -737.639038 32.975639 13
-56.557896 -737.130371 48.058422 13
-49.840595 -745.326782 33.401684 13
-48.084755 -738.864197 24.736500 13
-44.647083 -741.142029 12.672808 13
-44.586384 -739.359070 19.716663 13
-50.831963 -740.089905 31.466297 13
-47.789406 -739.546204 17.546968 13
-48.338799 -740.573425 42.746754 13
-43.689957 -737.204895 1.276863 13
-59.209076 -741.677734 46.904919 13
-54.906052 -738.131165 42.421741 13
-50.263493 -735.622986 46.780533 13
-46.906399 -743.653931 28.977270 13
-51.173077 -741.523499 40.937237 13
-48.451462 -736.907715 40.365040 13
-45.914330 -740.422119 3.066187 13
-49.361961 -743.679993 47.890949 13
-47.261162 -739.367371 14.157532 13
-44.821571 -737.800842 12.021533 13
-53.667362 -740.183960 36.409103 13
-49.874924 -741.546509 36.355556 13
-45.117874 -738.183105 28.688025 13
-45.162788 -737.491089 35.070877 13
-49.635902 -741.082397 27.129307 13
-45.580433 -741.121216 23.422977 13
-45.374382 -740.754517 6.402277 13
-47.141869 -740.784729 30.703407 13
-55.585213 -743.366394 39.733128 13
-56.843582 -740.882080 41.994564 13
-44.721333 -737.836487 7.216322 13
-52.073204 -744.896362 35.528210 13
-47.947906 -737.428650 36.266708 13
-46.722172 -740.235229 27.054373 13
-46.343628 -738.545898 22.137203 13
-49.202717 -739.544678 38.631714 13
-58.339542 -741.956970 44.178112 13
-43.397850 -740.156616 1.756536 13
-54.042068 -743.000366 36.655048 13
-51.992828 -739.758728 34.086437 13
-51.694576 -744.247192 49.343269 13
-51.207916 -741.060425 45.528023 13
-48.304005 -744.385925 31.265667 13
-45.440948 -741.034973 17.285078 13
-58.437065 -739.028259 47.293568 13
-51.138966 -736.856750 43.357616 13
-53.150658 -738.616150 38.615417 13
-51.502422 -743.666504 31.919529 13
-48.968864 -739.593384 34.712940 13
-46.700752 -737.376465 30.709618 13
-43.671154 -738.741882 9.775137 13
-55.829536 -737.388184 45.460934 13
-53.966610 -736.445557 47.744026 13
-49.301430 -742.989380 42.089573 13
-48.280396 -741.323303 23.661808 13
-46.042465 -737.895081 26.144985 13
-51.604809 -743.909363 46.656120 13
-45.772339 -741.656189 20.067173 13
-46.526947 -739.713745 11.840121 13
-46.977768 -738.825684 19.747219 13
-48.477032 -741.678711 44.993492 13
-51.561443 -741.993958 43.299362 13
-50.857677 -737.753723 38.572395 13
-47.732029 -740.611206 36.900162 13
-45.000278 -738.213501 3.030826 13
-44.305763 -740.776245 8.714836 13
-48.827667 -743.310608 27.362589 13
-45.232624 -740.687195 14.903373 13
-50.453812 -740.973511 29.336134 13
-50.418587 -741.506836 38.674114 13
-47.881855 -741.567017 28.562925 13
-55.458252 -736.211243 49.846088 13
-51.878819 -735.730042 48.371822 13
-45.124516 -738.664917 24.021400 13
-45.611454 -738.783569 17.817936 13
-49.308460 -738.462585 31.212347 13
-47.798183 -739.857117 32.687737 13
-48.367088 -740.305298 40.533051 13
-48.435673 -739.383789 22.613689 13
-44.055866 -738.985474 13.727343 13
-50.216450 -738.588074 33.221977 13
-48.762466 -741.861755 31.878969 13
-45.933693 -737.495178 33.043331 13
-44.652927 -740.028564 21.783085 13
-58.239334 -737.572876 49.415806 13
-54.340897 -738.639954 40.408920 13
-55.114510 -741.942383 38.189102 13
-48.654758 -737.316223 38.281403 13
-48.870953 -739.048889 26.793648 13
-46.012585 -739.354309 4.908417 13
-46.276020 -742.524597 27.296394 13
-43.616096 -739.572144 6.683473 13
-44.316380 -740.733826 4.577901 13
-45.190598 -740.921875 10.644906 13
-59.500118 -740.577393 48.657257 13
-45.838200 -741.560364 25.454342 13
-53.166668 -737.250549 43.098751 13
-50.042713 -740.664429 43.857727 13
-49.524761 -736.838867 42.159233 13
-51.930744 -741.650269 32.076820 13
-46.274551 -739.113098 7.338518 13
-49.214218 -740.392151 25.289898 13
-46.635418 -738.782898 16.114985 13
-47.157619 -741.018921 18.717480 13
-50.031933 -736.100037 44.862423 13
-43.738400 -738.369690 30.093140 13
-46.819214 -742.150391 22.254406 13
-46.566353 -736.364258 40.132622 13
-49.868626 -742.815613 40.166294 13
-56.614639 -739.096375 42.796791 13
-52.028679 -744.215454 33.693321 13
-44.038563 -739.572571 11.710965 13
-47.406609 -736.214966 41.864487 13
-56.612705 -742.617737 41.200191 13
-46.419193 -739.748169 25.127121 13
-48.180180 -742.070984 35.612526 13
-46.874691 -737.888794 27.941853 13
-55.947571 -739.460266 41.053795 13
-48.686974 -742.566895 37.430874 13
-47.134502 -737.417542 34.527355 13
-47.155907 -739.823914 28.867657 13
-58.537369 -740.317322 45.780586 13
-49.013115 -737.698792 34.667496 13
-53.198158 -743.174133 49.629791 13
-43.791729 -738.989258 27.628923 13
-51.752316 -742.807434 45.136723 13
-49.039570 -743.147644 46.118279 13
-51.973236 -736.342224 46.573952 13
-55.137470 -745.114441 39.324909 13
-42.995640 -738.965942 0.402570 13
-44.802143 -738.051941 5.365067 13
-54.543030 -743.747192 38.261513 13
-49.927929 -739.574341 28.216011 13
-45.108463 -740.737854 1.464044 13
-48.644581 -744.152405 29.498045 13
-52.504108 -738.849792 36.841927 13
-45.851307 -738.542908 13.316517 13
-48.929905 -742.113647 25.773739 13
-51.231838 -742.405396 30.496107 13
-53.657623 -741.705994 35.433407 13
-46.165142 -737.195801 36.562634 13
-54.665649 -737.299194 44.088577 13
-57.114582 -738.038818 46.549927 13
-50.145275 -744.407959 30.950245 13
-45.309952 -738.218689 10.281837 13
-47.474041 -740.530396 35.047218 13
-56.464413 -744.493286 40.799751 13
-46.614586 -742.448242 24.017937 13
-49.121971 -739.522705 36.733810 13
-50.179859 -737.234863 40.223759 13
-50.204369 -739.358093 30.000368 13
-43.257477 -738.780457 2.808834 13
-54.342815 -739.796082 37.994335 13
-47.275982 -740.347290 15.603277 13
-45.754333 -739.136963 1.770183 13
-53.093540 -743.512451 35.301636 13
-55.994999 -741.648071 39.916718 13
-48.428722 -742.020081 40.932644 13
-49.910252 -740.498230 42.050411 13
-57.508911 -742.343323 42.725380 13
-50.054443 -742.391357 28.159920 13
-48.484856 -741.667175 30.156242 13
-44.144146 -740.338196 16.318224 13
-57.614120 -740.555420 43.492706 13
-53.322094 -737.747253 41.490261 13
-48.000141 -740.701111 38.560108 13
-53.229218 -744.472595 36.672878 13
-45.960880 -740.624817 8.126283 13
-43.862682 -740.406372 0.157178 13
-48.910919 -742.636658 43.670876 13
-46.035625 -740.260132 13.467910 13
-46.762127 -738.471497 23.759737 13
-49.503334 -741.929749 34.621098 13
-44.515690 -740.160889 24.387419 13
-47.411617 -741.445679 26.056973 13
-49.502888 -737.651245 36.871464 13
-48.393757 -739.552795 20.191900 13
-50.605820 -745.202026 34.865566 13
-45.245953 -740.633728 18.890036 13
-54.551064 -736.679443 46.211060 13
-51.582344 -736.634888 44.944977 13
-56.089504 -738.190857 44.055183 13
-44.381706 -737.481812 33.552296 13
-43.584126 -738.802368 8.124008 13
-44.679180 -737.865295 8.835735 13
-45.158443 -737.808105 30.604523 13
-47.555599 -738.401611 26.192303 13
-50.669865 -743.229248 42.864159 13
-45.563137 -741.340027 21.734453 13
-52.197929 -743.484985 48.056194 13
-48.112667 -737.968750 30.281195 13
-45.654259 -738.687439 20.663248 13
-44.320747 -740.419861 3.026403 13
-45.549049 -738.586487 14.861031 13
-47.225655 -737.003967 38.865814 13
-52.065331 -742.005554 46.460140 13
-54.491138 -741.450623 36.788883 13
-50.860142 -738.645874 34.714893 13
-58.834934 -738.844482 48.765820 13
-47.559620 -738.927795 21.293026 13
-52.581348 -739.584473 35.511757 13
-59.244453 -742.063354 45.395798 13
-43.910603 -740.219727 10.296599 13
-50.789402 -744.112976 48.064388 13
-51.917343 -744.360352 50.832172 13
-52.906532 -740.940979 34.335629 13
-58.325062 -743.330872 43.469116 13
-47.437584 -741.242126 32.270378 13
-47.802643 -739.538513 31.124317 13
-48.945095 -739.929871 23.894327 13
-44.791088 -738.549377 26.649992 13
-55.306015 -736.414673 48.368996 13
-51.602116 -740.322021 32.692448 13
-46.687523 -741.003296 24.405678 13
-44.972946 -737.987061 1.303996 13
-47.325886 -743.493225 27.587971 13
-57.828064 -737.929993 48.042439 13
-50.984585 -737.086487 41.887306 13
-46.129353 -739.791931 23.683395 13
-53.027374 -738.046692 40.109154 13
-46.766727 -740.534424 16.994390 13
-54.103291 -736.268860 49.233604 13
-50.346825 -743.715393 45.941006 13
-45.050240 -740.502502 20.491634 13
-46.327194 -737.708069 29.301586 13
-48.811237 -744.809998 32.564388 13
-44.682823 -739.853027 17.748398 13
-55.795212 -737.003723 46.848228 13
-50.411396 -744.548706 32.365189 13
-49.512390 -742.609497 38.634289 13
-48.316021 -742.484863 24.474434 13
-59.016796 -740.336548 47.282555 13
-49.739899 -736.558960 43.527218 13
-47.784252 -737.640442 31.618750 13
-50.511703 -742.773865 41.420769 13
-57.901173 -739.039062 45.960754 13
-45.725471 -738.552551 19.218132 13
-44.552757 -739.165161 22.878664 13
-48.501877 -741.874634 42.325005 13
-47.944168 -739.832825 18.911882 13
-44.290142 -740.644897 7.250557 13
-44.430244 -740.353699 13.777339 13
-47.279503 -737.218323 37.445515 13
-47.033722 -741.093628 20.074837 13
-48.399300 -740.759888 22.434294 13
-52.054985 -737.987976 39.151039 13
-52.167591 -743.035156 32.909916 13
-43.711048 -738.534668 1.493336 13
-46.920101 -738.844849 18.395309 13
-56.863728 -738.264221 45.213352 13
-45.856144 -738.546448 11.581374 13
-51.488403 -738.186279 37.479366 13
-56.274471 -737.188660 49.359177 13
-47.461349 -744.045471 30.292206 13
-54.344830 -739.147156 39.169430 13
-48.982235 -742.035706 33.401623 13
-43.678726 -739.903015 5.394740 13
-45.629814 -737.914551 27.486351 13
-47.232807 -740.515320 33.756447 13
-46.799892 -738.306763 25.099672 13
-49.353401 -743.569092 28.540377 13
-46.043720 -739.838562 10.605442 13
-56.346821 -740.681274 40.782406 13
-45.950111 -737.689026 31.731781 13
-46.029385 -740.341003 22.454454 13
-50.325081 -738.916077 31.963390 13
-45.437008 -740.545898 9.405896 13
-45.862053 -740.695740 16.046587 13
-44.344807 -737.897705 4.151559 13
-44.272728 -739.744568 15.078867 13
-45.494915 -740.530396 11.896169 13
-52.271988 -737.261902 42.076817 13
-47.358780 -741.340210 27.355175 13
-53.318180 -736.487122 46.532963 13
-44.897758 -738.625488 25.303297 13
-49.935802 -742.063416 37.542530 13
-47.983948 -738.436340 27.480791 13
-43.536667 -739.891541 3.894623 13
-50.971447 -741.061462 30.512184 13
-44.130783 -738.955383 29.021460 13
-49.710407 -737.334900 39.031544 13
-50.636486 -742.294189 29.378046 13
-49.161922 -738.637878 29.905653 13
-48.351082 -741.482544 43.628353 13
-48.287552 -740.023743 35.886940 13
-45.885620 -739.510132 6.179607 13
-52.895046 -745.624329 37.081642 13
-58.174728 -740.671753 44.618969 13
-46.555630 -741.852905 21.047291 13
-48.873081 -742.927490 44.899624 13
-51.218166 -743.030701 44.012585 13
-45.913460 -740.474670 4.331448 13
-49.797386 -737.985840 35.681999 13
-47.184311 -741.013489 29.446367 13
-52.283321 -736.918030 43.924763 13
-52.705647 -736.256470 47.604343 13
-48.678970 -739.509521 21.382080 13
-47.946529 -741.584473 37.649090 13
-45.832005 -738.676331 8.411379 13
-52.918102 -735.918335 49.027767 13
-46.064537 -739.303528 3.671017 13
-49.203140 -738.158081 32.513630 13
-44.065205 -738.493591 6.252079 13
-50.852177 -736.201233 45.855309 13
-44.285027 -738.684937 10.855940 13
-46.205513 -742.710938 25.794340 13
-49.491978 -742.306396 27.041206 13
-51.207573 -741.937744 42.120998 13
-51.340473 -739.115845 33.244457 13
-44.883289 -738.074707 13.952023 13
-52.468700 -741.351318 33.266262 13
-50.930229 -744.772766 33.670967 13
-48.414669 -736.393372 42.546722 13
-50.605808 -741.876038 39.822815 13
-48.881054 -739.235962 25.584177 13
-44.837746 -741.112000 0.290836 13
-47.077637 -737.315613 32.558609 13
-45.166214 -738.786682 21.868174 13
-45.473358 -738.824219 16.498968 13
-46.431187 -740.569885 14.739571 13
-48.686859 -741.373718 24.801050 13
-47.789948 -741.722839 31.145180 13
-49.530083 -740.009827 26.436979 13
-43.975201 -739.664612 9.033261 13
-55.133331 -740.738281 38.138050 13
-48.097820 -743.863525 28.447348 13
-51.000019 -743.566223 30.744722 13
-48.405090 -740.947571 41.548870 13
-51.487846 -741.634033 44.507942 13
-46.715385 -739.349792 13.057883 13
-48.716297 -739.595764 33.416447 13
-45.930428 -739.447815 0.624007 13
-55.034794 -738.709595 41.378643 13
-47.993999 -743.298279 26.501236 13
-47.418411 -738.775513 22.659079 13
-50.251888 -744.059692 49.120640 13
-45.364201 -738.489990 4.332530 13
-53.344173 -739.307373 37.559902 13
-47.531422 -739.493652 16.385271 13
-51.766121 -738.732422 35.544868 13
-44.344795 -740.814941 11.455958 13
-47.541031 -737.882202 29.262701 13
-51.256172 -735.857422 47.386951 13
-46.338436 -737.321350 35.403969 13
-50.349323 -741.399658 44.795605 13
-57.353378 -736.810974 49.159924 13
-52.821888 -743.632080 50.694580 13
-50.018368 -741.139038 28.236090 13
-44.773571 -740.316345 22.945856 13
-44.389561 -738.732117 12.574357 13
-53.293221 -740.574036 35.383965 13
-48.540108 -740.005493 37.792568 13
-52.932190 -742.733093 48.582561 13
-49.079006 -739.639038 39.884743 13
-47.075405 -740.183044 31.750324 13
-48.918983 -735.768188 44.732048 13
-55.218868 -739.375549 40.147682 13
-45.066399 -736.929077 36.085567 13
-44.584373 -739.263916 20.928656 13
-45.264248 -740.448425 5.298777 13
-47.512878 -742.134399 23.342813 13
-46.623714 -740.635620 25.856134 13
-45.403755 -738.473206 6.330867 13
-51.158474 -737.559143 39.732513 13
-46.776081 -738.811218 17.253448 13
-49.877586 -735.304688 45.671619 13
-46.027592 -737.446655 34.232754 13
-48.203217 -741.123718 39.740673 13
-46.993523 -740.800110 28.321638 13
-46.129410 -741.077271 18.260096 13
-49.902344 -737.609192 37.947132 13
-53.473251 -737.042480 44.170807 13
-49.407234 -736.973816 41.037159 13
-53.989735 -744.455933 37.531612 13
-52.177101 -743.016907 47.005264 13
-46.645790 -738.873169 14.973126 13
-54.401146 -736.940308 45.130463 13
-52.580261 -744.308960 34.688587 13
-49.294025 -742.238770 35.684338 13
-50.202679 -743.908325 47.125572 13
-44.292206 -739.931274 12.754136 13
-44.364849 -740.693176 5.928642 13
-48.994045 -738.951050 27.940037 13
-54.469749 -742.752380 37.661232 13
-45.372654 -738.376587 22.976089 13
-55.238926 -742.985413 38.748825 13
-48.249760 -737.088379 39.282993 13
-49.271042 -738.005066 33.625931 13
-44.975044 -739.187988 18.620640 13
-56.978584 -743.657715 41.361782 13
-48.421516 -736.670166 41.467766 13
-51.728046 -742.598450 31.518389 13
-47.425869 -736.664490 40.842812 13
-48.036175 -737.510864 35.180836 13
-45.787735 -741.712585 24.324507 13
-46.918140 -743.114807 26.612499 13
-54.328754 -744.757141 38.625813 13
-43.873596 -739.882141 7.971763 13
-55.437332 -741.318909 39.030750 13
-49.693577 -744.219421 29.955629 13
-55.631924 -744.413086 40.037636 13
-59.313240 -739.847534 49.460556 13
-54.238136 -737.473450 43.083256 13
-55.776997 -738.772034 42.180656 13
-46.100677 -742.043091 23.115816 13
-47.284779 -739.827393 30.200872 13
-56.635258 -739.786865 41.959431 13
-47.933048 -738.927246 23.613031 13
-44.339417 -737.969299 2.208209 13
-48.312790 -742.249695 34.549290 13
-45.753105 -740.096008 7.164213 13
-47.763538 -741.693542 21.949602 13
-44.888206 -737.764221 32.631069 13
-47.659512 -741.141602 35.917908 13
-55.264942 -737.945496 43.415169 13
-49.228409 -742.733459 41.031219 13
-48.108734 -737.540894 34.092190 13
-51.299549 -741.257446 46.603786 13
-49.361618 -744.644226 31.659964 13
-50.328304 -741.077393 37.289001 13
-51.560970 -744.765747 34.544037 13
-47.768414 -740.363037 19.845335 13
-44.565693 -739.334412 16.746969 13
-57.208351 -739.537170 43.600540 13
-44.374794 -738.612000 14.722193 13
-48.186214 -741.982910 36.680901 13
-54.978142 -744.062439 39.176041 13
-59.129272 -739.685364 48.147175 13
-45.787617 -738.120850 24.862444 13
-48.026321 -739.937866 34.153984 13
-49.795212 -743.182068 43.467648 13
-48.365383 -737.359375 37.265942 13
-54.984280 -736.543457 47.356251 13
-45.024212 -740.702332 3.788784 13
-59.068748 -738.295044 49.641357 13
-48.797047 -742.573486 40.072323 13
-44.260128 -738.380371 31.140388 13
-46.786495 -738.054810 26.883560 13
-54.332367 -740.467102 37.185383 13
-43.437847 -739.808105 2.729096 13
-48.104649 -742.015381 32.847401 13
-56.141216 -743.491333 40.604527 13
-52.495163 -743.380188 34.190716 13
-44.743088 -738.412964 27.704836 13
-46.274776 -736.651978 39.172153 13
-59.500221 -741.147034 47.783985 13
-45.445965 -736.745728 37.233433 13
-49.925652 -738.179626 34.586380 13
-51.337765 -744.204224 32.802319 13
-58.753048 -742.722595 44.761066 13
-49.645931 -739.148438 29.134207 13
-44.117271 -740.738647 1.170983 13
-50.996189 -743.539917 45.019676 13
-44.700535 -738.168335 29.753044 13
-52.040874 -745.210083 36.516720 13
-58.876942 -741.278809 45.980587 13
-53.307655 -742.495056 34.800835 13
-50.229340 -739.997681 29.120159 13
-45.521832 -740.095215 2.163480 13
-51.387001 -740.950867 31.509436 13
-50.645061 -736.588867 44.207230 13
-46.890942 -737.463379 33.547127 13
-50.516083 -737.986389 37.234142 13
-51.177608 -739.419556 32.296272 13
-50.475113 -739.233704 31.003904 13
-49.369476 -742.364319 36.703747 13
-56.974789 -741.959106 41.945580 13
-42.920696 -738.018005 1.122461 13
-52.301670 -738.392456 38.089096 13
-44.527092 -740.821350 9.776895 13
-47.711193 -741.481506 34.846497 13
-57.396336 -741.340454 42.885166 13
-47.522892 -740.477051 17.835152 13
-49.288048 -741.238159 26.194288 13
-56.485741 -741.618408 41.119930 13
-44.008980 -738.225464 3.257160 13
-51.401779 -745.611023 35.322853 13
-49.237770 -743.047363 47.106758 13
-52.599194 -744.225037 49.917561 13
-44.292950 -740.775879 15.203610 13
-54.291405 -738.006409 41.574169 13
-46.658470 -742.969604 28.292885 13
-52.498108 -743.617065 49.086796 13
-43.312721 -738.894714 5.717556 13
-46.329838 -741.201965 19.225883 13
-46.080196 -739.609070 8.208742 13
-47.110588 -739.616882 27.722012 13
-51.802578 -741.832947 45.443127 13
-45.052792 -738.071106 12.975290 13
-58.501251 -739.614746 46.495289 13
-44.058083 -738.558044 7.283363 13
-48.553635 -740.147339 39.221245 13
-57.116203 -740.152100 42.739414 13
-47.426929 -736.759033 39.856171 13
-50.305790 -736.798828 42.763496 13
-53.699631 -736.311096 50.126251 13
-46.634155 -738.679932 21.039604 13
-48.885426 -737.625183 35.838310 13
-48.737381 -742.261414 45.738548 13
-44.528473 -737.767212 9.890713 13
-55.570755 -742.400146 39.446400 13
-53.658298 -738.518860 39.461277 13
-45.960499 -737.790833 28.391685 13
-49.122864 -744.451599 30.740860 13
-43.308315 -739.853210 0.835046 13
-53.724911 -742.824280 35.746372 13
-48.481056 -742.148132 38.280701 13
-49.849998 -741.408264 35.397243 13
-55.487221 -737.571472 44.594238 13
-49.594482 -743.469482 45.384438 13
-45.323402 -740.268433 0.646871 13
-52.315567 -736.540527 45.683319 13
-45.001507 -737.852783 31.584572 13
-52.038181 -737.073120 42.991695 13
-57.091915 -737.690857 47.444672 13
-50.493443 -740.275574 30.001339 13
-58.583591 -741.427002 45.075676 13
-44.204346 -739.426880 26.740530 13
-44.115524 -738.648621 8.911285 13
-49.245602 -737.150879 39.856670 13
-57.308994 -737.788879 49.308807 13
-51.871864 -743.035889 46.092201 13
-45.038681 -740.412354 16.660521 13
-45.011436 -740.674072 7.869570 13
-57.267235 -743.011536 42.081093 13
-46.314392 -737.055054 37.572182 13
-44.200836 -739.354980 24.878553 13
-55.913532 -740.087280 40.175842 13
-56.082298 -742.569153 40.343987 13
-53.897850 -741.059265 36.128101 13
-48.874298 -742.762939 26.474298 13
-44.444725 -739.435608 23.778276 13
-56.349781 -737.548767 46.272541 13
-50.798328 -737.261841 40.974586 13
-44.565880 -737.783997 11.020228 13
-46.228733 -742.371460 24.916342 13
-50.188286 -742.775696 39.285263 13
-46.709721 -739.267151 10.975218 13
-46.986847 -740.217773 13.842377 13
-52.961571 -744.486145 35.759449 13
-57.829346 -738.294250 47.171894 13
-49.747658 -740.047791 27.359030 13
-45.323345 -740.813965 13.771368 13
-58.092564 -739.772217 45.157139 13
-49.770180 -743.205933 27.780651 13
-48.268620 -742.774780 25.671225 13
-51.868980 -739.023071 34.659794 13
-52.145832 -740.496094 33.447205 13
-56.842525 -738.758728 44.113892 13
-46.469456 -738.815918 14.049892 13
-53.652901 -737.571411 42.348858 13
-47.709164 -738.161560 28.369394 13
-44.216995 -740.485535 2.079966 13
-51.040245 -744.370667 50.013103 13
-55.959503 -738.476318 43.072571 13
-46.555614 -739.736145 26.134802 13
-52.551113 -740.177063 34.750160 13
-49.083527 -739.567017 24.748100 13
-47.028988 -737.277222 36.233891 13
-44.064987 -738.392944 4.918513 13
-47.743927 -743.977783 29.336010 13
-49.070698 -739.525940 35.742081 13
-54.542629 -735.957336 49.991066 13
-53.563595 -743.670349 36.102570 13
-48.634331 -737.971436 31.757051 13
-47.336239 -739.442566 15.199746 13
-44.727036 -737.837830 6.260627 13
-43.636879 -738.985413 3.637788 13
-47.405952 -742.633423 24.460392 13
-45.097004 -737.431091 34.144806 13
-46.197182 -738.830017 12.389313 13
-47.682869 -741.777039 29.587563 13
-54.135204 -742.158020 36.273426 13
-51.572643 -743.981934 47.566319 13
-53.025402 -739.523254 36.440617 13
-45.422157 -738.344116 9.158983 13
-46.874363 -737.539062 31.635767 13
-45.533020 -741.206055 20.814489 13
-50.619362 -742.375244 40.595745 13
-50.700119 -744.097595 31.621513 13
-45.918571 -738.185730 23.933090 13
-52.392490 -742.157227 32.824421 13
-45.146347 -738.147949 8.115176 13
-46.205429 -740.190857 12.592835 13
-49.565289 -740.763123 42.845219 13
-50.767059 -742.961426 29.972836 13
-47.169308 -741.399597 25.193848 13
-45.598160 -737.882690 29.800409 13
-46.025845 -742.139343 26.516493 13
-48.762417 -741.279907 29.397646 13
-47.897919 -741.398010 22.841879 13
-44.857773 -740.213562 19.612825 13
-48.308002 -744.355713 30.345060 13
-51.765469 -741.817383 47.287636 13
-57.894276 -743.244629 42.673676 13
-51.650593 -744.107239 48.457588 13
-51.535191 -741.786194 31.196552 13
-48.184956 -740.161011 20.867990 13
-44.975166 -740.525391 15.738238 13
-58.859035 -739.253357 49.953617 13
-48.677303 -740.594910 23.322609 13
-57.832184 -741.402222 43.681557 13
-45.284443 -740.554504 21.375294 13
-53.722637 -738.069702 40.710537 13
-54.800468 -739.836182 38.757797 13
-58.535793 -738.468384 47.989273 13
-45.156918 -740.596741 18.002535 13
-54.294941 -743.618652 37.403370 13
-58.109245 -742.432617 43.458767 13
-53.249393 -736.288452 48.290806 13
-53.804817 -739.147766 38.419296 13
-45.656025 -741.463135 22.606602 13
-48.420376 -740.051758 36.916904 13
-48.867931 -742.662720 42.790268 13
-56.115360 -736.660461 48.641365 13
-47.776897 -739.284851 19.579824 13
-57.775398 -739.997314 44.166821 13
-47.580463 -739.057251 20.414606 13
-46.162315 -740.267639 9.808922 13
-52.669304 -737.728882 40.853886 13
-45.633308 -740.924622 12.677279 13
-47.778858 -737.161987 38.159351 13
-51.798897 -738.571594 36.416042 13
-45.362972 -740.926636 19.788786 13
-43.507462 -739.299561 1.873418 13
-49.680901 -744.968872 32.620846 13
-46.977959 -737.656189 29.892799 13
-48.301048 -741.211975 40.605530 13
-57.256561 -737.422180 48.510098 13
-45.855888 -739.553101 2.875807 13
-51.206795 -743.615173 45.885399 13
-46.919411 -741.048157 26.649305 13
-49.681217 -743.611145 46.490639 13
-45.912258 -738.443298 15.636438 13
-52.467346 -736.753906 44.786194 13
-58.288521 -738.134827 48.759151 13
-52.122498 -737.751709 39.994099 13
-44.044456 -739.330444 10.298367 13
-44.398739 -738.510193 11.718997 13
-46.322308 -740.676575 23.489864 13
-48.135628 -738.774658 25.678347 13
-55.789200 -736.731201 47.663872 13
-48.640114 -741.792175 31.021042 13
-50.035496 -745.075500 34.216125 13
-48.061169 -741.544495 38.749172 13
-48.719807 -740.748718 24.211452 13
-50.288334 -742.885986 28.832962 13
-52.780476 -744.491821 50.709908 13
-55.352200 -736.971130 46.070385 13
-47.204613 -737.371094 35.405155 13
-47.525349 -741.270569 33.122887 13
-49.356667 -743.144165 44.209625 13
-48.751930 -742.410400 41.690228 13
-48.276997 -739.507751 32.075321 13
-55.807117 -740.855286 39.648708 13
-47.267128 -738.561096 24.431969 13
-48.287872 -740.241943 21.710098 13
-52.445797 -743.246277 50.012928 13
-48.543686 -742.104309 44.235138 13
-52.456203 -742.721252 47.777153 13
-50.180607 -737.027954 41.610840 13
-44.303108 -738.344543 8.148725 13
-46.567577 -739.120911 9.993323 13
-50.142635 -743.072632 42.184399 13
-48.206299 -739.977905 35.045345 13
-44.953655 -740.664490 2.466145 13
-52.193275 -735.515564 49.167294 13
-54.464130 -736.306702 48.419891 13
-46.047997 -742.049622 21.939619 13
-44.556053 -740.920898 14.423397 13
-56.170021 -736.264282 49.433601 13
-53.359268 -744.999084 37.468510 13
-46.209202 -738.572998 23.144045 13
-45.300392 -738.216248 25.921125 13
-49.160576 -736.234314 44.043442 13
-53.208992 -741.710510 34.432617 13
-45.676003 -739.857300 1.305113 13
-45.292629 -738.837341 19.931471 13
-48.541267 -739.217407 24.106194 13
-54.982964 -736.319946 49.160954 13
-54.126534 -736.479858 46.918114 13
-50.766846 -738.690186 33.889114 13
-47.228127 -740.509460 32.918182 13
-46.398758 -740.148132 24.391380 13
-49.379810 -742.673889 39.476505 13
-54.727055 -741.471069 37.583893 13
-58.884483 -740.616577 46.470051 13
-45.845921 -740.569153 11.030571 13
-47.233166 -741.384399 21.348240 13
-46.167538 -738.705444 20.011389 13
-56.170158 -737.948364 44.917522 13
-48.942547 -736.382324 43.222618 13
-50.160820 -737.960327 36.469257 13
-50.943577 -742.716431 42.256359 13
-50.853527 -741.638245 29.931534 13
-48.313213 -741.900757 40.040379 13
-49.838741 -741.706604 27.643419 13
-44.788494 -740.003906 18.562424 13
-52.846992 -738.197998 39.303715 13
-50.525707 -738.280212 35.430698 13
-47.612331 -741.463501 30.355810 13
-44.362793 -739.521362 14.290272 13
-50.473221 -737.532776 39.263405 13
-49.976326 -743.561707 48.535439 13
-46.208359 -738.452820 16.750120 13
-49.145657 -737.431763 37.615723 13
-45.824764 -740.140686 8.783406 13
-45.069248 -738.449829 15.510410 13
-53.824539 -736.685059 45.772549 13
-44.233719 -740.347656 3.835381 13
-46.568756 -736.835938 38.376419 13
-51.632156 -738.025696 38.396580 13
-45.907055 -737.682983 30.910360 13
-47.313381 -741.126831 31.466625 13
-47.525990 -737.647888 30.833687 13
-48.024101 -740.727051 37.756882 13
-45.701115 -738.354736 1.545442 13
-46.085102 -738.697021 18.479773 13
-48.466438 -738.283020 29.609238 13
-52.380093 -744.152466 51.486336 13
-57.463764 -738.816162 45.270153 13
-45.615730 -738.763367 5.605407 13
-49.745377 -738.909851 30.489983 13
-48.141502 -738.647644 26.692808 13
-51.641632 -742.341187 44.054028 13
-44.406605 -739.633972 15.994287 13
-53.756844 -739.857971 37.153221 13
-51.498852 -736.771973 44.152863 13
-46.439198 -739.233704 21.725193 13
-44.400394 -740.771973 10.653154 13
-47.907383 -739.090881 21.988029 13
-46.471783 -740.418396 15.575329 13
-46.754433 -740.710327 17.866745 13
-47.573235 -740.147461 17.042692 13
-49.415188 -739.328552 27.339066 13
-45.789639 -738.420837 21.511305 13
-51.196152 -742.707336 43.229801 13
-50.807938 -736.384644 45.086102 13
-44.255772 -738.766357 28.236204 13
-46.800392 -738.234680 25.921642 13
-56.426983 -737.291687 47.276173 13
-43.609982 -739.581787 4.640932 13
-45.246548 -738.192993 11.116403 13
-47.015434 -740.023987 14.747472 13
-50.998657 -736.042786 46.637215 13
-43.880569 -740.318176 6.586823 13
-50.280689 -741.797791 28.666695 13
-54.478539 -742.258545 37.027519 13
-50.540020 -743.353882 43.745209 13
-45.142658 -740.681335 8.657461 13
-45.822010 -740.393066 5.856525 13
-44.189789 -737.858765 1.306291 13
-51.749062 -742.977051 32.227104 13
-48.139168 -743.608459 27.611025 13
-45.465237 -738.087158 26.739002 13
-45.059441 -739.067383 17.340359 13
-49.339371 -742.457764 37.866783 13
-49.181149 -739.499939 37.519211 13
-45.577778 -740.079041 3.693362 13
-44.474541 -740.501831 12.229864 13
-46.908318 -737.827148 28.720886 13
-51.678196 -737.243774 41.539650 13
-58.770760 -742.926147 43.982544 13
-48.731899 -738.178833 30.756088 13
-53.846233 -743.896851 36.837914 13
-45.569855 -738.359558 12.297704 13
-59.327835 -739.072449 49.338928 13
-44.088879 -739.848633 10.980329 13
-47.532166 -739.171265 18.755508 13
-45.216618 -737.550598 33.383873 13
-50.822502 -743.832092 46.589661 13
-44.539940 -739.242310 21.840475 13
-46.825378 -742.325073 23.025127 13
-49.638588 -738.535217 31.923120 13
-46.965435 -740.269409 29.507973 13
-47.771549 -741.038391 20.302233 13
-47.090862 -740.153503 16.398113 13
-50.727638 -738.985168 32.751060 13
-45.502125 -738.511719 7.098671 13
-48.782978 -737.559326 36.605251 13
-50.075050 -742.164368 38.295971 13
-46.022484 -740.783813 16.832876 13
-43.507439 -738.768188 6.778347 13
-55.156918 -737.146179 45.144154 13
-51.990883 -741.082397 32.595890 13
-50.389942 -744.801025 33.097126 13
-45.523594 -738.771729 3.597661 13
-56.433876 -740.071045 41.252548 13
-43.581688 -739.266174 7.506883 13
-46.545586 -740.561829 25.025045 13
-46.493118 -738.724365 19.156748 13
-44.650639 -739.820801 20.413326 13
-51.331425 -736.952942 42.576847 13
-45.846832 -740.464294 14.228795 13
-52.808445 -738.631470 37.559536 13
-51.710861 -739.860596 33.344921 13
-43.473595 -738.379883 0.719144 13
-48.554775 -742.032410 43.112602 13
-45.128502 -740.540588 4.538442 13
-47.774502 -740.558960 19.088369 13
-51.477264 -745.176819 35.985161 13
-50.016502 -740.392212 28.498991 13
-47.066475 -738.720764 21.942410 13
-50.993729 -744.277893 48.814735 13
-48.852440 -743.775391 27.971575 13
-44.070747 -740.385681 9.334899 13
-47.978104 -741.725342 31.979717 13
-48.889977 -739.669922 23.163807 13
-44.154400 -737.493347 32.804424 13
-46.245842 -737.577148 30.115292 13
-51.953869 -736.066589 47.648937 13
-57.370205 -738.405640 45.909592 13
-44.380970 -740.344421 5.225933 13
-47.524242 -738.576294 25.187609 13
-43.807144 -738.816040 12.087480 13
-47.542156 -741.135254 34.176533 13
-47.759396 -741.355042 36.682465 13
-49.353748 -744.115967 29.251305 13
-43.331203 -739.092651 1.065145 13
-45.869267 -739.514160 -0.142909 13
-51.892513 -743.722412 33.099224 13
-45.121231 -738.227966 2.025754 13
-51.544250 -736.462891 45.692207 13
-50.049213 -743.984802 47.890701 13
-45.606815 -737.193237 35.612656 13
-47.750008 -740.057800 33.417355 13
-47.036198 -740.074036 30.900829 13
-50.792686 -740.273193 30.742819 13
-58.472683 -738.729553 49.515915 13
-52.369400 -738.992798 35.936199 13
-43.746510 -738.538391 2.287305 13
-46.938015 -739.287537 12.290088 13
-45.417755 -740.661621 22.119150 13
-46.682278 -743.155029 27.450678 13
-49.013016 -741.219666 25.481436 13
-48.049465 -742.028564 23.846601 13
-48.937130 -742.528442 46.555969 13
-49.420563 -735.769897 45.301567 13
-48.537197 -742.182068 25.129448 13
-50.147537 -744.669739 31.670589 13
-51.306343 -740.374512 32.011181 13
-44.528389 -738.499878 13.307673 13
-44.364407 -738.449829 9.638478 13
-46.887760 -740.795654 27.572067 13
-48.398342 -741.327271 42.897530 13
-46.463425 -741.508850 20.380733 13
-47.344418 -743.673950 28.375793 13
-47.657307 -737.508057 33.488895 13
-45.082985 -740.646545 7.119070 13
-50.942577 -742.154480 41.431446 13
-50.239700 -741.467041 37.940044 13
-46.703175 -739.966125 28.290030 13
-53.157593 -740.001343 35.839851 13
-52.523819 -736.095825 48.327633 13
-48.948753 -737.224487 38.983753 13
-48.851608 -742.123779 35.083851 13
-59.011070 -741.985107 46.222343 13
-51.463455 -738.937073 34.028290 13
-49.097210 -738.896667 28.673422 13
-45.542046 -740.451233 10.174080 13
-45.628647 -741.283508 18.947521 13
-44.436695 -738.190002 30.443668 13
-45.524395 -738.432678 14.131918 13
-46.311295 -737.444397 32.408283 13
-48.763439 -742.241150 36.275974 13
-52.612259 -736.535400 46.934181 13
-49.645596 -741.190857 43.505428 13
-58.023529 -738.800293 46.665974 13
-51.850304 -744.403564 50.098743 13
-54.948013 -739.467712 39.446457 13
-44.550983 -738.979736 25.860357 13
-46.403488 -738.385315 24.442066 13
-54.974033 -738.921204 40.675064 13
-52.573071 -743.040283 33.527905 13
-48.865635 -742.536499 38.957115 13
-45.113964 -740.971191 11.365297 13
-46.869335 -742.757751 24.975904 13
-53.291080 -741.175415 34.937061 13
-49.534477 -743.004395 42.804974 13
-49.379356 -739.757629 25.760630 13
-46.080467 -739.697571 22.953451 13
-44.236568 -740.604187 8.014874 13
-47.757645 -737.525696 32.354015 13
-44.344944 -739.693726 13.458841 13
-47.704700 -736.185669 42.569763 13
-49.887184 -738.319763 33.860752 13
-44.561844 -739.098450 15.241158 13
-49.952202 -742.849670 40.905579 13
-52.933670 -737.369873 42.407257 13
-52.731945 -735.758423 49.733192 13
-43.942593 -739.692444 16.603012 13
-48.609348 -744.704895 31.872301 13
-53.496513 -735.961914 49.516460 13
-52.688866 -744.866638 36.403580 13
-50.955898 -737.872131 37.852619 13
-59.205860 -740.489136 47.978271 13
-50.741245 -745.317200 34.138275 13
-50.199173 -735.951172 45.563560 13
-47.884594 -740.970276 21.967558 13
-45.593182 -737.677185 32.373196 13
-47.263939 -739.072632 17.798838 13
-43.727409 -740.284119 4.483068 13
-54.586647 -745.424622 38.716415 13
-48.397957 -741.985413 33.883419 13
-45.738499 -739.725342 4.307946 13
-48.619064 -739.982117 38.529858 13
-56.177143 -739.240906 41.796913 13
-44.469376 -740.555115 13.060083 13
-50.283901 -743.596313 45.235771 13
-49.370174 -743.021423 26.974476 13
-44.707401 -739.046265 24.487259 13
-44.728886 -740.117615 21.057789 13
-56.406200 -737.857239 45.593571 13
-44.454277 -739.887085 25.513136 13
-56.549828 -738.775940 43.447884 13
-48.419716 -741.712341 41.642284 13
-48.606022 -737.705322 33.598183 13
-51.362968 -737.781494 39.063419 13
-56.697903 -737.058411 48.773075 13
-43.754341 -740.174316 7.318666 13
-46.789257 -737.240662 36.907097 13
-49.797050 -740.650146 27.747288 13
-51.872971 -742.168335 44.778423 13
-55.400513 -742.059692 38.840015 13
-43.940495 -738.498169 4.196733 13
-44.351276 -738.790649 27.166111 13
-48.584164 -740.041687 22.362255 13
-44.980236 -738.188477 14.688041 13
-52.829693 -741.471558 33.880325 13
-48.792484 -743.937866 28.827370 13
-49.985577 -736.323547 44.180470 13
-48.028496 -739.486511 18.219175 13
-51.427464 -735.354126 47.863586 13
-43.906761 -738.359497 29.353088 13
-52.256176 -742.320251 47.165527 13
-44.644962 -737.183594 34.687294 13
-48.588734 -741.391418 44.299477 13
-44.564312 -740.155579 23.618538 13
-58.742714 -739.686768 47.152210 13
-46.365746 -737.872253 27.437122 13
-45.798382 -739.898010 5.340800 13
-51.353836 -742.952637 30.935221 13
-53.302315 -736.465454 47.291069 13
-54.886196 -743.094910 38.129345 13
-49.374275 -737.390869 38.376633 13
-59.171715 -741.002869 47.120399 13
-46.149246 -738.145325 25.471783 13
-52.986778 -736.649536 45.913086 13
-44.657146 -740.576599 6.576363 13
-43.696136 -739.463501 5.935662 13
-52.011658 -742.403931 45.827389 13
-47.672031 -739.823120 31.799177 13
-53.053471 -743.181335 34.596149 13
-44.734901 -741.093140 13.488979 13
-47.326817 -738.165527 27.366762 13
-44.964039 -740.552063 -0.114086 13
-43.855240 -740.217285 8.642885 13
-47.474728 -741.623840 27.976555 13
-49.084751 -742.166443 34.093884 13
-46.304321 -739.081665 11.551078 13
-56.224144 -741.349426 40.529922 13
-47.362663 -739.265198 17.068613 13
-50.459496 -736.704224 43.440777 13
-46.280273 -738.500183 17.614546 13
-54.007603 -737.239990 43.709076 13
-53.770821 -736.948425 44.810814 13
-48.169357 -737.849976 31.058712 13
-50.371433 -742.102661 39.186802 13
-55.087036 -736.754211 46.689270 13
-49.239128 -741.949646 26.382227 13
-59.294621 -739.513733 48.810703 13
-47.531013 -740.213684 18.485064 13
-44.671162 -739.690613 22.405811 13
-47.679562 -741.631714 26.679379 13
-49.890678 -738.836182 31.283617 13
-49.863697 -738.509827 32.616898 13
-51.210445 -737.423889 40.434898 13
-50.838558 -735.341980 47.052231 13
-45.869297 -741.714478 21.237362 13
-58.425331 -740.775146 45.264908 13
-45.983337 -740.113892 11.607240 13
-58.714439 -739.142700 47.928181 13
-44.176582 -738.178589 5.647174 13
-48.481022 -739.552124 32.730553 13
-45.785828 -740.684753 15.341228 13
-46.525303 -740.710876 16.269562 13
-48.398853 -741.108582 42.242001 13
-48.875198 -736.624084 42.022373 13
-50.182274 -737.558167 38.587299 13
-44.921543 -738.928955 23.422901 13
-50.111404 -740.441345 43.196072 13
-52.458561 -740.432190 34.111595 13
-47.400558 -741.944885 22.595245 13
-44.734379 -740.651855 0.877570 13
-47.499237 -737.272888 36.772614 13
-48.755615 -741.892212 32.657364 13
-44.884186 -738.095459 4.629329 13
-47.220806 -740.835571 19.462276 13
-49.550377 -743.651733 47.206852 13
-51.373886 -741.566040 45.991478 13
-46.101711 -740.882385 17.599014 13
-50.868969 -743.967896 47.318115 13
-50.072548 -737.143616 40.942566 13
-54.562313 -739.039673 39.894238 13
-47.825146 -740.516235 36.181923 13
-48.330120 -738.495789 28.129505 13
-58.165993 -741.326111 44.401394 13
-43.151882 -739.725342 0.179613 13
-55.322662 -740.677917 38.834663 13
-44.574909 -737.883423 3.504280 13
-54.299652 -737.810181 42.417633 13
-47.847256 -742.970764 25.042631 13
-52.637470 -737.488159 41.536842 13
-55.782520 -736.842773 49.675945 13
-50.886600 -739.408386 31.535055 13
-45.657753 -738.523865 22.368191 13
-49.300117 -740.527832 25.954973 13
-43.859707 -738.803467 11.401189 13
-47.295338 -741.230347 28.755955 13
-58.228012 -739.620728 45.792259 13
-49.281113 -739.384705 26.343771 13
-43.707066 -739.069214 5.143279 13
-45.487007 -737.032166 36.591133 13
-46.916599 -736.693054 39.388309 13
-49.230064 -744.877319 33.122211 13
-50.417259 -743.876465 30.589643 13
-50.386646 -740.761658 44.548546 13
-48.245190 -740.418396 39.778614 13
-44.771790 -739.633118 19.131742 13
-51.083981 -738.301270 36.872028 13
-45.508900 -741.177429 17.986469 13
-54.653061 -740.385315 37.830597 13
-49.484837 -736.609924 42.891582 13
-45.163300 -740.655640 13.081098 13
-47.594849 -740.422119 34.317509 13
-44.242188 -739.348511 12.330309 13
-44.913929 -740.378296 17.387737 13
-48.165291 -735.971497 43.033279 13
-45.088612 -739.043579 19.324537 13
-52.158466 -738.509766 37.322182 13
-47.093555 -739.182739 15.812782 13
-43.925289 -739.355469 8.433796 13
-45.684296 -740.116943 6.500620 13
-48.618633 -738.983948 26.157209 13
-45.530834 -741.118164 24.142126 13
-49.507343 -737.927795 35.066360 13
-48.538216 -742.350342 45.096577 13
-43.731422 -740.292419 3.319480 13
-49.017834 -740.266907 24.587620 13
-52.253281 -739.534668 34.870552 13
-46.355316 -739.072571 8.561689 13
-43.911396 -740.091675 1.274098 13
-45.867840 -737.412476 34.938667 13
-55.649784 -738.960571 41.465488 13
-45.292171 -740.700989 3.062282 13
-46.837532 -742.948547 25.929007 13
-57.315071 -744.207825 41.671551 13
-54.437885 -738.383789 41.014698 13
-50.992867 -741.465576 40.218704 13
-47.241753 -740.605164 32.233368 13
-47.451180 -743.356384 26.927500 13
-58.741451 -742.082275 44.967152 13
-49.438496 -737.784363 36.213226 13
-44.398685 -738.152527 10.463701 13
-50.610580 -739.682373 30.513348 13
-43.960194 -739.337952 9.633110 13
-46.870079 -738.629211 23.017273 13
-47.264465 -742.557068 23.818268 13
-56.615719 -740.939148 41.366920 13
-50.011135 -741.616028 37.006649 13
-50.662018 -741.396362 39.289734 13
-57.769199 -737.722412 48.827457 13
-46.893093 -736.276489 40.744328 13
-50.780350 -743.377380 44.418175 13
-45.222950 -738.792480 21.202589 13
-45.608200 -737.816956 28.963322 13
-52.489243 -738.314392 38.712280 13
-46.135063 -739.619507 2.256178 13
-44.228653 -740.202698 11.662642 13
-48.623024 -738.799866 27.402491 13
-57.729900 -741.914917 43.268570 13
-49.966026 -741.036682 35.924397 13
-59.783161 -740.068054 49.043438 13
-49.867409 -735.666687 46.217293 13
-48.335575 -741.771606 24.404938 13
-46.049927 -742.077881 23.849476 13
-56.568432 -738.342590 44.587547 13
-53.898540 -744.843079 38.074745 13
-43.857395 -740.264343 5.924994 13
-52.967934 -737.063477 43.698242 13
-46.107994 -737.963745 26.803061 13
-51.089760 -738.600159 35.360054 13
-48.871292 -737.890503 33.015736 13
-48.399513 -739.243225 23.277725 13
-48.899822 -739.926208 40.492966 13
-47.766037 -736.525940 41.390205 13
-46.684509 -739.977783 13.254473 13
-46.959167 -740.457214 28.879305 13
-57.920536 -740.840332 44.017979 13
-44.914207 -738.992065 16.201710 13
-50.369698 -742.488770 39.925961 13
-42.977024 -738.613586 1.379377 13
-47.096680 -740.727966 30.031130 13
-57.145271 -740.815491 42.593060 13
-50.098778 -741.015930 36.674034 13
-44.587158 -738.420410 28.965858 13
-54.692471 -742.130310 37.691105 13
-47.922939 -741.753845 36.121017 13
-46.522442 -737.380371 34.781242 13
-46.375767 -742.749023 26.488239 13
-45.837517 -740.442261 4.977709 13
-45.671078 -738.700012 17.185167 13
-48.413475 -737.811584 32.359268 13
-51.258423 -742.310730 42.660744 13
-46.793903 -739.270996 13.696669 13
-47.318932 -741.085449 20.765882 13
-54.851910 -736.888000 45.668274 13
-51.462082 -744.472107 33.444050 13
-52.014046 -742.393066 32.076988 13
-52.799675 -742.130737 48.355907 13
-43.779934 -740.379211 2.677301 13
-48.730400 -739.636475 34.082756 13
-44.403770 -740.186951 14.406421 13
-46.549969 -741.491699 24.996258 13
-44.384209 -740.235657 15.709085 13
-49.046780 -744.320374 30.111294 13
-48.598583 -739.199097 24.949986 13
-45.982067 -742.082092 25.865974 13
-51.389957 -743.057617 44.650246 13
-47.255516 -743.607605 29.581194 13
-45.353188 -738.668823 18.510628 13
-53.865101 -736.350464 48.624828 13
-45.099831 -738.551392 24.677643 13
-45.480293 -740.777222 22.752846 13
-48.339806 -742.004089 37.340668 13
-50.555172 -741.614807 29.346500 13
-45.039906 -737.955811 9.552585 13
-46.837982 -741.822021 21.695402 13
-50.802971 -740.926880 45.022289 13
-47.408081 -743.142334 26.163403 13
-54.314178 -744.336182 38.101768 13
-45.157230 -740.975464 12.230944 13
-48.927536 -738.621765 29.293751 13
-44.349136 -739.215210 12.993403 13
-55.662003 -736.479309 49.080883 13
-44.564129 -738.618530 14.048366 13
-46.173157 -739.642334 9.963948 13
-57.100723 -741.405273 42.330017 13
-55.344044 -743.512451 39.157261 13
-47.984528 -741.207764 38.194309 13
-47.621616 -737.799561 29.911438 13
-52.708023 -742.008057 33.390179 13
-49.821869 -742.969543 41.632393 13
-52.815258 -744.098145 35.266235 13
-49.503933 -740.577454 26.733677 13
-55.515404 -737.864197 44.010811 13
-46.156799 -740.454834 10.461525 13
-47.081020 -737.061462 38.054775 13
-55.428356 -738.372864 42.710831 13
-53.211857 -738.837036 38.025208 13
-47.874409 -740.357788 35.530453 13
-54.152695 -740.720398 36.591141 13
-49.879593 -737.304932 39.655243 13
-58.087959 -738.190552 49.432304 13
-48.927658 -742.900452 45.542732 13
-48.024776 -736.576355 41.973331 13
-47.110764 -738.876526 19.117886 13
-45.636707 -738.826355 2.321539 13
-53.016407 -739.183289 37.002975 13
-48.766754 -736.919067 40.998386 13
-45.390995 -738.082642 28.058758 13
-51.262459 -742.184387 45.356182 13
-51.578480 -745.021057 35.121643 13
-50.685112 -740.924988 29.947617 13
-46.417351 -740.190552 14.214502 13
-46.777813 -739.907043 12.604347 13
-54.757870 -737.534668 43.475353 13
-45.948212 -739.575745 6.848896 13
-44.887833 -737.030884 35.408531 13
-55.173500 -741.293091 38.451145 13
-57.114849 -738.756470 44.679989 13
-47.319492 -738.658386 23.534555 13
-44.197643 -738.708313 10.206626 13
-55.212696 -744.508484 39.539921 13
-45.066170 -738.158813 6.771341 13
-55.185726 -738.468689 41.959446 13
-46.697029 -740.461487 26.465393 13
-48.751038 -739.749756 36.260624 13
-48.116455 -741.487366 29.229826 13
-44.955608 -739.125549 20.425398 13
-52.305275 -743.650757 33.632435 13
-45.813583 -738.556519 10.951321 13
-50.153687 -743.728210 30.029932 13
-51.168335 -743.681213 31.362202 13
-49.700512 -739.061096 29.764692 13
-52.890423 -744.570068 51.352055 13
-53.715076 -738.403442 40.083157 13
-48.178387 -740.815063 39.153976 13
-46.584614 -737.403320 32.966198 13
-44.285038 -738.137878 6.723001 13
-48.326946 -740.420532 41.146072 13
-46.158508 -738.685303 14.597728 13
-45.247639 -740.862366 16.192436 13
-56.382057 -742.103516 40.634888 13
-56.053188 -740.791138 40.224453 13
-43.660984 -740.380005 0.766955 13
-45.699257 -741.355042 24.833639 13
-45.791130 -740.105835 7.793649 13
-51.901245 -743.526855 47.264183 13
-49.424202 -738.002869 34.223721 13
-50.042656 -743.217834 28.371143 13
-54.336102 -739.436829 38.614555 13
-43.583420 -739.315796 3.102872 13
-45.073929 -739.062744 18.008234 13
-45.027351 -740.679382 5.836308 13
-46.266712 -737.463318 33.572128 13
-53.046150 -736.895752 44.623020 13
-44.497662 -737.924316 12.674602 13
-56.060509 -744.800598 40.307014 13
-46.390785 -738.858093 13.354645 13
-46.938339 -738.944763 16.654081 13
-44.482758 -737.835632 2.805173 13
-48.055981 -739.866699 19.590479 13
-50.811977 -744.349976 49.402767 13
-50.960251 -744.234436 32.300098 13
-47.325256 -739.340698 28.513346 13
-56.949158 -739.594666 42.973774 13
-56.719723 -737.631958 46.847603 13
-49.771729 -742.453064 27.622149 13
-50.836948 -741.527832 45.315125 13
-49.558926 -738.234619 33.128666 13
-48.850136 -742.643372 44.311226 13
-45.108299 -738.233032 27.233246 13
-44.365093 -740.728027 0.064310 13
-43.976921 -738.731750 13.129744 13
-59.873573 -739.463806 49.643269 13
-46.253960 -738.963806 7.947688 13
-47.863369 -741.527710 35.481201 13
-43.881138 -739.218445 10.955109 13
-50.481754 -735.833252 46.209595 13
-56.876980 -743.020508 41.588013 13
-50.304852 -744.150391 48.450516 13
-56.837185 -740.316833 41.696514 13
-53.810970 -738.886169 38.964317 13
-51.785801 -736.845581 43.554199 13
-47.936710 -738.994019 22.925678 13
-44.959995 -738.144897 3.997664 13
-52.058895 -744.666382 34.905952 13
-48.164665 -736.759033 40.907745 13
-56.858681 -744.265686 41.206898 13
-47.831894 -736.776428 40.324471 13
-55.148125 -736.737732 49.883675 13
-47.271603 -739.782471 15.872451 13
-48.381516 -737.559448 34.649864 13
-52.519207 -740.949097 33.770271 13
-53.412086 -742.993591 35.158955 13
-49.396286 -736.120789 44.611389 13
-50.420864 -742.948425 40.443035 13
-43.402061 -739.294739 4.113986 13
-44.725609 -739.967285 16.957848 13
-46.349209 -739.797913 11.144299 13
-49.059834 -737.030518 40.447647 13
-49.939396 -737.731262 37.350502 13
-44.038582 -737.814453 31.124165 13
-49.474354 -743.217896 44.813618 13
-46.636925 -737.432922 34.150616 13
-49.420353 -741.698792 26.952375 13
-55.499184 -739.241943 40.684372 13
-47.870056 -737.124939 38.793118 13
-53.912811 -735.732422 50.056515 13
-51.570965 -743.265564 45.500843 13
-55.778267 -743.789246 40.134335 13
-44.929531 -740.256287 22.293888 13
-54.694904 -744.260315 38.615070 13
-54.594978 -736.380737 47.810516 13
-51.409176 -739.734314 32.773167 13
-47.740959 -737.461853 34.609684 13
-49.726734 -742.531311 37.209038 13
-54.126884 -737.125061 44.336090 13
-48.671795 -742.552673 36.817814 13
-46.889458 -740.198181 27.747589 13
-47.598915 -738.387390 26.837271 13
-48.161198 -741.656921 39.442780 13
-50.443031 -736.976685 42.186687 13
-54.917912 -742.533691 38.356434 13
-52.146599 -742.662659 46.507065 13
-48.694122 -737.613892 35.255550 13
-56.905518 -738.013306 45.973736 13
-51.699856 -736.147827 47.090481 13
-45.801594 -741.295471 19.580591 13
-46.631351 -741.480164 19.679834 13
-54.889675 -743.593750 38.741631 13
-52.012104 -744.407288 34.269108 13
-45.061089 -738.859436 22.721260 13
-52.542099 -743.183167 48.457546 13
-51.686337 -743.571838 32.485729 13
-48.263683 -740.930176 23.024193 13
-46.285988 -742.090759 22.552443 13
-48.320995 -743.435608 27.040211 13
-54.796124 -744.665710 39.094124 13
-54.758377 -737.195618 44.678341 13
-50.131927 -739.459290 29.416645 13
-53.662945 -741.098450 35.535629 13
-46.429817 -737.597046 31.228695 13
-55.898682 -742.841980 39.830746 13
-51.414440 -736.298462 46.262291 13
-55.406502 -743.941345 39.686554 13
-47.916718 -744.167053 29.915894 13
-51.647469 -740.883972 32.116283 13
-45.081120 -737.654724 1.853735 13
-45.192047 -738.218262 5.813788 13
-57.691563 -737.312012 49.265400 13
-47.870934 -741.084595 37.265739 13
-48.246372 -737.498291 35.736988 13
-53.177933 -735.954285 50.077755 13
-52.195740 -739.106506 35.349987 13
-54.733860 -737.802490 42.918198 13
-52.849060 -743.134338 49.139389 13
-59.281097 -741.244263 46.430626 13
-46.108864 -740.732727 22.925495 13
-56.127739 -739.947571 40.751545 13
-52.867081 -740.074707 35.313240 13
-44.616440 -739.682922 23.182264 13
-45.288216 -738.388794 13.477154 13
-44.744587 -740.763550 9.130396 13
-53.379292 -745.595703 37.460999 13
-43.517773 -739.651428 1.386230 13
-45.405983 -738.249756 25.310858 13
-44.024330 -739.968872 9.765289 13
-43.637711 -738.992920 8.875857 13
-52.988464 -740.652832 34.871403 13
-48.927444 -742.769348 38.182449 13
-46.962986 -738.769470 20.536434 13
-57.587914 -738.406067 46.519634 13
-55.509003 -744.974060 39.840240 13
-47.870659 -740.444458 20.416046 13
-56.850674 -741.441956 41.656975 13
-54.563694 -741.027771 37.226044 13
-44.785175 -738.046814 31.010235 13
-46.476059 -738.720886 15.522062 13
-47.129723 -740.551086 31.272486 13
-47.635109 -736.964111 39.304367 13
-48.029327 -741.742249 34.382244 13
-46.108711 -737.272827 35.948265 13
-44.653973 -737.950073 7.858244 13
-47.873379 -737.272522 37.569538 13
-48.934364 -740.824951 24.872688 13
-56.095173 -744.078735 40.541218 13
-48.796032 -739.573364 22.065823 13
-44.664272 -741.119934 11.876996 13
-44.655865 -737.804932 32.057972 13
-44.581833 -739.370178 18.196850 13
-52.589516 -737.116089 43.238277 13
-43.876122 -738.694092 5.583393 13
-52.905338 -745.038330 36.934589 13
-48.164730 -741.629028 30.685226 13
-49.427994 -741.895447 35.223804 13
-50.209629 -740.934021 28.766077 13
-52.138924 -743.780640 48.627880 13
-48.059631 -738.179016 29.164982 13
-50.035320 -739.523499 28.794903 13
-43.354832 -739.282410 2.489948 13
-49.287571 -736.812561 41.598053 13
-45.633621 -739.851990 0.300283 13
-46.381355 -739.559753 24.285934 13
-51.513649 -743.149719 31.628895 13
-52.464962 -736.519409 46.268078 13
-52.745354 -743.636536 49.624550 13
-56.521912 -743.409241 41.054623 13
-45.115055 -740.765381 9.861168 13
-53.677727 -742.292969 35.399605 13
-49.218128 -743.038025 43.305485 13
-49.309902 -742.716248 40.458157 13
-45.509945 -740.106628 2.788906 13
-57.291058 -740.084045 43.311539 13
-52.837624 -743.861938 51.289898 13
-46.022068 -740.217896 23.228342 13
-48.675198 -739.751526 35.338806 13
-50.960514 -744.597778 33.105919 13
-53.848789 -739.617737 37.719852 13
-46.640251 -740.048523 25.626490 13
-46.961361 -741.117004 25.838343 13
-51.260384 -741.245483 31.007450 13
-51.377815 -741.824524 46.762020 13
-48.482185 -742.473938 40.568203 13
-53.397633 -736.298950 48.992332 13
-52.243275 -744.016113 49.445251 13
-45.653980 -737.552551 33.753296 13
-47.438271 -741.270752 30.885925 13
-48.113503 -741.960938 35.035526 13
-57.845585 -739.249451 45.415852 13
-49.748047 -743.652283 45.901123 13
-55.507462 -739.825806 39.847893 13
-48.658520 -737.118469 39.784199 13
-46.027962 -739.391846 5.550514 13
-50.404137 -745.018982 33.728951 13
-51.291866 -735.768433 48.302944 13
-53.871517 -736.628967 46.385296 13
-45.947220 -741.610046 20.625488 13
-48.319801 -740.473328 41.893456 13
-46.702469 -739.077026 22.243145 13
-55.859844 -737.221313 46.199379 13
-48.255592 -744.017334 29.068714 13
-51.972046 -745.488159 35.934605 13
-44.553593 -740.587402 1.616596 13
-49.413082 -739.195374 28.261086 13
-49.757542 -744.671265 32.127823 13
-53.446793 -741.917908 34.933857 13
-52.331093 -743.940979 34.191647 13
-55.534313 -742.964600 39.234352 13
-46.642712 -740.870422 18.428024 13
-51.069927 -740.582031 31.180807 13
-52.837524 -743.702454 34.736031 13
-48.730812 -742.393188 39.499966 13
-45.736607 -738.960999 6.290595 13
-56.190491 -738.681885 42.567635 13
-44.585522 -739.497070 17.298920 13
-48.733433 -735.843994 44.176708 13
-43.750668 -739.023560 6.322175 13
-51.125984 -736.659912 44.573761 13
-49.911282 -742.642578 38.030281 13
-58.803852 -740.100647 46.758350 13
-47.283188 -739.756531 29.629654 13
-46.927170 -737.735535 29.324348 13
-48.261131 -740.938843 43.449677 13
-47.541409 -737.482056 32.919060 13
-44.290325 -738.186096 31.714800 13
-51.433987 -744.684570 33.973877 13
-50.617050 -737.419678 39.892414 13
-50.598003 -742.903381 29.414349 13
-45.014381 -738.050537 29.282604 13
-51.498463 -742.393250 31.036787 13
-53.221542 -737.879028 40.935394 13
-55.937195 -742.236572 39.885754 13
-57.865013 -742.750183 42.984016 13
-56.310879 -742.951050 40.740433 13
-51.643620 -739.366089 33.677052 13
-53.585007 -740.604858 35.881905 13
-44.173927 -739.927002 12.182187 13
-46.053944 -739.673279 7.521263 13
-46.217617 -736.347534 38.679619 13
-51.320969 -738.497009 35.919231 13
-45.920399 -737.050049 37.063412 13
-43.448174 -737.988159 1.363002 13
-45.882874 -736.650696 37.611252 13
-47.484684 -737.463867 34.048500 13
-47.971119 -741.784302 23.339346 13
-50.104725 -741.292542 43.836384 13
-49.231113 -743.335083 27.960865 13
-44.315857 -740.374023 11.074419 13
-53.469490 -744.502747 37.200157 13
-48.099293 -739.271301 21.477667 13
-53.230145 -744.136902 36.162868 13
-53.820904 -737.786682 41.848423 13
-52.206463 -741.610229 32.597553 13
-49.794170 -743.650269 29.287655 13
-55.794796 -738.220520 43.555065 13
-53.919231 -741.731873 35.950733 13
-48.466515 -739.555176 20.748226 13
-48.676723 -738.273071 30.195866 13
-52.001614 -736.776917 44.453129 13
-48.952976 -742.793396 25.900106 13
-45.398399 -737.848145 31.122990 13
-44.234028 -740.423035 0.708322 13
-48.344383 -741.449768 41.133926 13
-46.984608 -739.322327 14.664175 13
-45.509071 -740.518433 7.510992 13
-44.066490 -738.240662 2.692984 13
-47.593678 -741.075256 35.243362 13
-49.625679 -737.112427 40.459171 13
-58.397282 -742.493713 43.973106 13
-57.224678 -739.212463 44.087070 13
-46.569786 -736.232727 39.448021 13
-47.118649 -736.650208 40.318295 13
-44.353329 -737.902222 4.847297 13
-45.906059 -741.892151 24.892174 13
-48.703518 -740.148743 22.903267 13
-45.984940 -740.698792 8.810393 13
-56.836708 -737.530762 49.090809 13
-48.997639 -736.528564 42.617462 13
-44.590279 -739.763306 24.814857 13
-44.918102 -737.859192 10.525506 13
-57.027733 -737.462036 47.969765 13
-46.011154 -742.281250 24.388193 13
-49.186214 -738.254028 31.737410 13
-50.227013 -743.807068 46.503078 13
-49.188553 -744.857727 32.164764 13
-49.898159 -740.123779 27.997936 13
-50.336182 -738.521179 34.230675 13
-55.565620 -741.839111 39.381557 13
-46.860123 -739.791443 14.194775 13
-51.674095 -737.723206 39.552505 13
-52.590099 -745.492493 36.622913 13
-48.929832 -739.718018 39.094505 13
-50.827919 -738.862305 33.305161 13
-45.855583 -740.638123 7.081271 13
-43.903412 -738.275085 30.710972 13
-54.908478 -740.251709 38.362732 13
-51.732239 -738.392029 36.972996 13
-48.061649 -736.939636 39.806023 13
-48.925671 -742.578735 42.213207 13
-45.701271 -741.585205 23.732389 13
-43.170788 -738.859436 1.920378 13
-46.420238 -741.091919 23.867748 13
-58.193245 -738.566101 47.538441 13
-44.689259 -738.415649 28.310741 13
-47.600403 -739.896057 18.011648 13
-45.390614 -740.850830 16.749168 13
-50.427876 -737.770935 38.068752 13
-48.799408 -737.685181 34.139629 13
-45.498375 -738.403625 12.881166 13
-46.414898 -742.762817 27.828602 13
-50.096489 -743.183594 42.877354 13
-45.857727 -740.441162 12.959920 13
-48.250645 -739.810059 33.651272 13
-45.949337 -740.775635 11.659970 13
-48.735336 -742.217346 35.672329 13
-53.716450 -737.351807 43.233074 13
-45.649845 -737.659180 30.332817 13
-44.330635 -739.622314 24.300678 13
-43.830700 -740.314575 5.040350 13
-46.100914 -739.614746 8.795382 13
-50.014069 -740.516602 42.642891 13
-44.410645 -739.444641 26.166552 13
-51.767750 -742.055481 31.625902 13
-44.721848 -740.033508 16.391653 13
-46.844711 -743.420532 28.026327 13
-48.053143 -738.925781 24.170191 13
-47.609261 -737.395935 35.809338 13
-59.228214 -738.792114 49.889435 13
-49.538967 -742.044128 36.263153 13
-58.077347 -740.127991 44.704266 13
-52.220978 -737.478333 41.144634 13
-51.394176 -738.741516 34.880001 13
-47.353786 -736.157959 41.302593 13
-48.141720 -741.848511 33.390903 13
-52.398933 -743.987976 50.940739 13
-52.978195 -743.480652 50.109940 13
-45.051563 -740.630371 14.229642 13
-43.528461 -739.809692 2.170674 13
-47.880707 -744.083313 30.670111 13
-46.208824 -740.248779 9.196483 13
-45.420635 -740.467468 8.220205 13
-57.065231 -742.536072 41.780033 13
-58.692104 -738.409058 49.108341 13
-56.508022 -739.362549 42.305180 13
-59.296131 -740.056091 48.535900 13
-44.617352 -739.597168 21.371372 13
-54.314335 -743.011902 37.150150 13
-44.511734 -737.278809 34.050262 13
-47.204155 -741.139709 27.890141 13
-43.822330 -738.638306 28.670290 13
-49.601170 -739.626892 26.841589 13
-46.936432 -740.015198 15.306337 13
-51.035141 -745.032288 34.524334 13
-48.281605 -740.762695 40.218102 13
-46.331688 -743.019165 27.034723 13
-54.464600 -736.512817 50.009197 13
-50.343971 -740.444641 29.495237 13
-44.776089 -740.664062 3.270368 13
-44.289593 -739.061218 16.344437 13
-51.066582 -739.806030 31.890385 13
-50.027836 -738.115173 35.190334 13
-45.059944 -738.156128 12.392355 13
-52.956131 -744.079834 50.320507 13
-58.858868 -741.650208 45.552868 13
-48.980934 -739.653625 38.022995 13
-56.572609 -736.739319 49.426781 13
-44.398235 -738.925110 26.552044 13
-54.107052 -738.744080 39.709599 13
-48.571079 -742.135681 43.682461 13
-47.761299 -741.587158 32.582676 13
-49.261745 -738.581238 30.449749 13
-46.710793 -738.751099 17.843885 13
-44.876530 -740.908875 15.354206 13
-51.052708 -745.542969 34.865265 13
-50.021286 -742.385742 38.795628 13
-51.393436 -737.307495 41.074986 13
-44.074986 -739.364746 27.325947 13
-49.998123 -743.344116 43.957897 13
-51.861801 -737.095215 42.475399 13
-51.262661 -741.812439 30.714842 13
-49.393593 -735.434448 44.864567 13
-44.507729 -738.313660 12.229890 13
-52.446915 -737.273621 42.637955 13
-45.307667 -738.656189 15.974957 13
-57.227512 -741.934082 42.427258 13
-48.251099 -740.311462 37.424156 13
-48.095703 -741.759155 38.162712 13
-48.777622 -742.424377 41.150093 13
-46.013222 -738.661072 16.257610 13
-56.926533 -740.390259 42.240009 13
-57.359161 -743.590820 41.905041 13
-56.487236 -743.966858 40.950508 13
-44.856022 -740.242615 19.065962 13
-48.796257 -739.766724 37.214077 13
-52.330696 -744.297058 50.385899 13
-43.980019 -738.168823 1.809608 13
-43.701309 -738.684631 3.157773 13
-46.395344 -738.645020 21.590189 13
-43.764030 -738.857117 10.505283 13
-45.189732 -738.082458 30.106972 13
-54.169998 -740.026611 37.492992 13
-44.059025 -738.744141 29.714947 13
-47.956501 -741.670288 37.098972 13
-44.778214 -740.630859 5.014493 13
-44.675171 -740.724243 8.307442 13
-46.494110 -742.357483 23.468388 13
-46.088730 -738.647766 15.143158 13
-49.249119 -739.832031 25.201374 13
-47.501987 -740.953735 34.704018 13
-53.805222 -737.950439 41.244659 13
-48.490444 -741.277405 24.212210 13
-52.535946 -738.043884 39.721806 13
-52.075912 -736.643494 45.200817 13
-47.380775 -741.307617 29.864899 13
-54.917240 -736.260742 49.706696 13
-45.486996 -737.334595 36.134296 13
-54.716587 -738.181030 41.912697 13
-48.647144 -740.037048 39.849140 13
-51.873100 -741.779602 45.989605 13
-44.453163 -740.437622 10.156744 13
-50.377930 -738.157776 36.000008 13
-47.520309 -739.339844 29.016624 13
-51.846607 -743.318054 46.701382 13
-46.492222 -738.079773 26.382223 13
-52.534355 -742.557739 33.148151 13
-46.097290 -739.293213 4.340841 13
-44.107376 -739.035339 14.928364 13
-48.122826 -740.023193 20.152411 13
-47.112770 -737.631714 30.417322 13
-45.268253 -738.530090 23.505709 13
-59.010071 -739.893616 47.615818 13
-49.596367 -744.925415 33.690514 13
-59.012169 -739.230225 48.397198 13
-57.329834 -738.001465 47.044983 13
-47.139050 -738.230652 26.495735 13
-50.333935 -742.347107 28.775652 13
-46.471260 -742.625671 25.320969 13
-48.243549 -741.701233 31.434959 13
-46.660233 -737.354126 35.860897 13
-46.470089 -738.563110 22.664062 13
-45.451946 -737.458984 34.554367 13
-56.813560 -742.147156 41.415283 13
-46.957024 -740.222351 30.398989 13
-44.570881 -739.091797 25.146603 13
-53.071644 -742.707642 34.339367 13
-52.557789 -737.843201 40.316193 13
-50.949821 -745.170227 35.271080 13
-50.871151 -736.892578 42.849438 13
-45.141621 -738.108765 8.725512 13
-49.693649 -744.527344 31.249611 13
-49.571659 -741.795471 35.745827 13
-47.156990 -740.602173 18.372730 13
-47.604664 -741.631897 29.075794 13
-49.234375 -743.342468 46.595478 13
-44.485001 -740.301636 15.014558 13
-45.128716 -740.486328 1.988861 13
-49.441578 -743.222473 47.582394 13
-45.566860 -740.137512 4.611255 13
-58.014469 -741.921204 43.718948 13
-46.366146 -737.763550 28.755131 13
-48.448380 -737.184998 38.755833 13
-50.890800 -741.893188 40.657433 13
-51.005985 -742.985962 30.525402 13
-45.551033 -741.142334 20.249550 13
-48.340656 -737.316467 37.839512 13
-45.870808 -740.564453 12.329141 13
-43.811901 -739.142944 6.998474 13
-50.969398 -743.100098 43.534191 13
-48.701458 -742.743713 46.009388 13
-52.521942 -744.528320 35.453583 13
-44.144627 -738.694031 30.257879 13
-48.269642 -737.419556 36.706741 13
-46.305748 -740.272034 23.862593 13
-47.798061 -743.717163 28.031389 13
-44.906780 -738.566772 25.968731 13
-47.313526 -737.581482 31.323177 13
-48.008190 -740.657349 21.515074 13
-48.180767 -740.172668 36.387669 13
-45.463593 -741.010620 18.517405 13
-44.737198 -737.631409 33.141552 13
-44.589317 -738.033752 1.723166 13
-49.694386 -744.273499 30.484581 13
-45.761784 -741.577087 23.134550 13
-55.734554 -739.629333 40.399712 13
-45.101082 -738.136658 11.644123 13
-44.070015 -738.786011 8.385205 13
-53.437675 -739.755005 36.701519 13
-52.439430 -735.821533 48.781559 13
-46.779728 -739.332764 11.541168 13
-55.829899 -736.634155 48.195148 13
-54.852470 -740.893677 37.651836 13
-47.852093 -743.032288 25.894503 13
-46.055992 -740.172546 2.609940 13
-47.296879 -737.517212 32.070370 13
-58.664406 -737.981506 49.472500 13
-59.366306 -739.385315 49.860565 13
-47.151054 -740.339966 17.317839 13
-53.791203 -743.161133 36.167877 13
-56.786686 -739.782654 42.502739 13
-44.811562 -739.163635 22.311203 13
-50.676464 -737.336365 40.415596 13
-51.515938 -737.115234 42.027641 13
-54.119015 -741.643677 36.439228 13
-46.863605 -741.466980 20.841181 13
-48.785728 -744.626831 31.249495 13
-51.903790 -740.680786 32.972969 13
-50.658920 -743.549622 29.959387 13
-47.635979 -743.870544 28.817009 13
-45.381413 -740.237183 1.554391 13
-44.023613 -738.734619 7.842250 13
-47.506466 -741.088440 33.645206 13
-47.433502 -739.889343 31.274130 13
-52.685120 -736.675964 45.289341 13
-48.319576 -742.984985 26.167988 13
-45.228558 -738.307556 4.993677 13
-57.406399 -740.817749 43.096336 13
-51.694149 -737.548523 40.240692 13
-45.370956 -740.288513 4.135557 13
-45.118729 -738.174194 7.363768 13
-50.400341 -739.779602 29.753979 13
-47.601280 -738.229797 27.838213 13
-53.240955 -737.577148 41.992954 13
-50.416607 -738.363464 34.840488 13
-44.230633 -739.025330 11.848471 13
-43.516266 -738.745911 7.414773 13
-48.346275 -740.340027 38.253902 13
-58.716064 -740.820740 45.805573 13
-58.510445 -741.741516 44.642971 13
-49.736202 -739.559082 27.680429 13
-45.864922 -738.293823 22.806190 13
-50.042969 -741.798218 28.187183 13
-46.047451 -738.567932 21.074368 13
-45.789211 -740.547119 3.567339 13
-55.743179 -740.335022 39.701630 13
-44.390671 -740.967102 13.870895 13
-57.550770 -742.856018 42.565800 13
-50.428852 -736.400391 44.665836 13
-43.477707 -739.754028 3.362803 13
-51.615692 -741.422363 31.577522 13
-46.300140 -737.750244 27.983753 13
-57.324436 -742.487854 42.251492 13
-46.706688 -736.748901 38.881248 13
-56.255722 -737.357971 46.770161 13
-53.504013 -743.300476 35.685444 13
-44.721939 -740.714172 11.076912 13
-45.625095 -738.300049 24.392593 13
-50.737286 -743.645447 45.494949 13
-45.235294 -740.566650 19.428503 13
-50.795551 -735.628174 47.530823 13
-43.829067 -738.164734 1.039153 13
-55.444435 -736.716431 47.115547 13
-44.037865 -738.910095 14.231740 13
-52.227825 -743.197510 47.623840 13
-48.839020 -741.784790 25.375126 13
-52.311710 -736.228210 47.245106 13
-58.331627 -740.220337 45.296047 13
-49.179131 -742.428040 37.267818 13
-44.612335 -737.923950 11.520106 13
-50.584633 -743.062012 41.880558 13
-48.867584 -737.456177 37.156963 13
-46.198914 -738.635193 20.526392 13
-48.939747 -741.607544 25.924370 13
-52.800686 -738.472534 38.219498 13
-46.716793 -740.902832 25.408514 13
-57.578964 -737.895142 47.595406 13
-44.784954 -738.518005 15.058279 13
-49.779068 -742.033875 36.759464 13
-43.743534 -738.959839 4.329588 13
-46.495728 -739.289368 10.498206 13
-43.366272 -738.679932 5.209719 13
-48.303120 -741.808167 32.398605 13
-49.141319 -742.827332 41.559086 13
-45.784706 -739.691895 1.873606 13
-53.954586 -740.281433 36.851139 13
-47.199184 -738.387207 25.600067 13
-55.919838 -743.212769 40.203983 13
-47.626339 -741.566101 31.622835 13
-44.825672 -737.782288 33.637779 13
-44.408928 -738.227905 9.109430 13
-49.314705 -737.794739 35.570930 13
-49.850830 -741.197815 27.700216 13
-58.602707 -740.055115 46.236530 13
-51.300747 -743.828979 47.073048 13
-52.022072 -742.379700 45.283230 13
-50.312412 -738.791016 32.520943 13
-58.140217 -739.248840 46.403530 13
-44.349281 -738.183716 7.498265 13
-45.813629 -739.911438 3.238792 13
-55.217770 -736.531677 47.866096 13
-48.146851 -742.144897 38.735504 13
-47.824097 -740.224548 34.754505 13
-48.013783 -738.657715 26.166109 13
-50.157547 -743.383789 28.859789 13
-44.891338 -739.160950 21.402946 13
-45.950394 -740.728638 9.728545 13
-56.903786 -739.154724 43.370792 13
-55.118073 -737.557007 44.118793 13
-43.791016 -739.661987 7.228105 13
-48.823597 -738.136536 31.263634 13
-46.032265 -738.638550 13.788537 13
-43.404427 -738.703857 4.011004 13
-57.766884 -739.702454 44.612934 13
-54.118675 -736.112793 49.723988 13
-44.245872 -737.835938 32.433052 13
-47.466629 -740.771912 19.916239 13
-47.680374 -741.788574 33.145317 13
-48.420189 -739.794739 34.464855 13
-51.006653 -742.420776 30.031847 13
-43.720692 -739.887268 6.295914 13
-47.465599 -739.713989 30.780758 13
-48.163898 -742.533203 25.054350 13
-44.794502 -738.042786 13.437766 13
-46.554764 -742.587097 24.510439 13
-47.458462 -740.154419 32.425484 13
-48.397495 -740.930969 41.027588 13
-50.851673 -739.151489 32.003750 13
-45.833725 -737.626892 29.420898 13
-54.592045 -736.582214 46.740242 13
-44.096615 -738.864746 9.460792 13
-46.927559 -743.190063 28.737690 13
-55.193077 -740.169861 38.840099 13
-54.352890 -736.764648 45.728989 13
-47.273285 -741.690369 22.119919 13
-48.603386 -743.124329 26.734076 13
-55.734581 -741.364624 39.526573 13
-51.653458 -741.603760 45.000633 13
-43.496883 -740.086853 0.361116 13
-58.859329 -742.416138 45.326569 13
-53.404816 -736.354492 47.806419 13
-50.946529 -736.747986 43.811314 13
-44.920143 -738.094604 2.543910 13
-48.210384 -739.525024 19.227652 13
-46.280254 -738.261230 24.978514 13
-47.085331 -738.758545 21.421682 13
-47.069408 -739.741333 13.655473 13
-52.673725 -736.936401 44.261883 13
-49.396496 -743.019409 27.500719 13
-51.938698 -736.413025 46.011284 13
-56.267166 -739.617981 41.454502 13
-58.628281 -742.302917 44.484196 13
-47.954739 -739.322449 20.067844 13
-52.689537 -739.368042 36.079899 13
-44.680767 -740.654236 4.151174 13
-52.227123 -744.745178 50.647026 13
-54.526318 -743.288696 37.816986 13
-45.695469 -741.798462 22.195044 13
-47.711693 -742.391296 24.153904 13
-51.412659 -742.604126 43.678169 13
-58.533962 -738.517639 48.499401 13
-54.137875 -742.475281 36.719387 13
-46.822887 -737.337036 32.129169 13
-54.523609 -736.349121 48.937458 13
-48.887756 -739.634705 22.599596 13
-46.620064 -739.795654 26.644491 13
-47.988686 -741.584229 29.941183 13
-43.240337 -738.865784 3.310272 13
-43.974224 -739.261292 26.328188 13
-48.754471 -738.725281 28.351078 13
-44.820168 -740.778809 10.295864 13
-53.291092 -738.382019 39.101768 13
-44.272896 -740.716309 15.801707 13
-54.539642 -741.768555 37.201969 13
-48.047813 -738.011902 29.744692 13
-48.523869 -742.318726 42.653900 13
-56.222675 -737.009216 47.697292 13
-51.310638 -739.954102 32.332085 13
-46.780067 -740.995117 19.209925 13
-48.788506 -742.063110 34.554302 13
-48.185364 -742.126892 37.818398 13
-46.072842 -740.112610 8.296782 13
-48.815037 -742.369263 37.872105 13
-45.198406 -737.762878 32.027851 13
-47.784489 -742.003784 22.904449 13
-48.064625 -739.524231 31.559036 13
-50.533855 -741.212708 38.292557 13
-51.203148 -741.710205 41.668232 13
-54.491432 -736.462891 47.323032 13
-45.509689 -738.676697 15.385565 13
-54.158443 -744.002991 37.763920 13
-52.205647 -742.560669 32.511143 13
-47.617668 -741.054504 21.485247 13
-46.118137 -741.131775 18.769382 13
-45.969715 -738.621948 12.796194 13
-49.248894 -745.231567 32.622818 13
-46.935020 -738.626160 22.479486 13
-43.449535 -739.329285 5.518444 13
-47.834995 -743.487793 27.219160 13
-50.346668 -739.063110 31.476309 13
-44.756809 -739.068726 23.923643 13
-46.963226 -739.103088 15.330636 13
-48.501827 -737.537048 36.178440 13
-48.610294 -742.683105 25.219395 13
-59.411667 -741.676697 46.207657 13
-51.327244 -741.663635 45.511181 13
-50.802158 -742.581482 41.776436 13
-51.606258 -743.461670 46.153957 13
-44.898819 -740.617371 0.384733 13
-47.349598 -740.963013 32.722946 13
-55.848537 -737.902527 44.448013 13
-51.014034 -738.109253 37.373505 13
-56.438030 -738.522827 43.891972 13
-58.579643 -739.221436 46.851444 13
-48.364914 -742.193848 41.439953 13
-55.754372 -737.580505 45.014492 13
-45.087666 -739.033813 16.839844 13
-44.736736 -737.874207 8.347062 13
-48.560387 -744.471436 30.826427 13
-52.808048 -743.001221 34.037220 13
-43.876991 -739.240906 7.950770 13
-48.373203 -742.343567 35.230331 13
-48.925209 -739.533081 24.269995 13
-53.912006 -736.859253 45.295616 13
-51.345383 -744.048035 48.014511 13
-44.992794 -740.482117 21.787310 13
-50.632931 -738.023682 36.763737 13
-50.729843 -744.814758 32.733288 13
-47.193317 -737.974548 28.330261 13
-44.623768 -739.276001 15.730071 13
-46.406197 -737.558411 31.924387 13
-51.580795 -735.822144 47.884808 13
-46.588020 -737.473511 29.655704 13
-47.531132 -739.265625 18.160173 13
-49.973724 -736.829651 42.392273 13
-51.833065 -744.082092 47.970581 13
-46.199760 -736.888672 38.037594 13
-46.172684 -738.953064 11.071467 13
-45.516842 -741.172180 22.233925 13
-52.687080 -735.477844 49.316643 13
-46.847218 -737.980896 27.439461 13
-55.032616 -741.371033 37.967129 13
-55.409859 -737.111084 45.558025 13
-44.158031 -738.062927 3.711327 13
-46.815834 -740.755493 27.044670 13
-53.263565 -738.242432 39.594646 13
-46.470093 -738.957336 12.844569 13
-44.464306 -738.292053 11.127357 13
-55.327732 -738.950256 41.047203 13
-48.563084 -741.103027 43.869125 13
-57.464233 -739.950195 43.759983 13
-43.750961 -740.366150 3.930527 13
-44.698528 -739.810730 19.913473 13
-48.162975 -737.748474 31.926226 13
-50.148838 -739.178040 30.536552 13
-43.906071 -740.405945 1.696075 13
-59.143929 -740.756287 47.555061 13
-47.261574 -741.095947 30.312742 13
-48.771889 -740.391785 23.815905 13
-50.117538 -741.137756 44.392326 13
-44.534595 -739.328552 20.234715 13
-49.868080 -742.707031 39.665077 13
-51.266743 -736.457703 45.285297 13
-47.169659 -739.729858 28.254736 13
-53.039928 -741.944763 34.042255 13
-47.676319 -740.915527 36.453564 13
-53.700119 -743.516357 36.543461 13
-45.825569 -738.329956 23.349680 13
-46.807957 -737.099854 37.465939 13
-47.709194 -740.208618 33.890965 13
-46.430305 -740.644592 24.150389 13
-45.303329 -740.288940 0.153851 13
-47.443993 -739.986877 17.502140 13
-58.976822 -738.713074 49.373650 13
-51.441818 -744.449890 49.727287 13
-58.020123 -742.945923 43.436951 13
-51.834190 -744.064087 48.917114 13
-48.582481 -743.808350 28.380495 13
-44.223965 -740.223511 7.486638 13
-44.530930 -737.823914 5.816408 13
-47.968559 -741.245667 22.369589 13
-44.331200 -739.362610 25.477926 13
-46.762455 -740.329651 16.044064 13
-48.324017 -739.356567 22.049335 13
-48.304462 -741.744995 40.501251 13
-51.761066 -738.184082 37.939995 13
-49.379337 -743.361328 45.819839 13
-43.986294 -738.672119 6.724099 13
-45.303120 -740.648621 11.046170 13
-54.648453 -738.428650 41.472034 13
-47.541523 -740.757996 35.628567 13
-48.824055 -743.062012 46.565418 13
-46.582726 -739.953613 13.758180 13
-43.463440 -738.665283 6.131825 13
-50.743229 -737.223267 41.493240 13
-48.267830 -742.114563 36.095016 13
-48.377510 -739.889099 21.337107 13
-54.207191 -745.208069 38.473465 13
-43.663876 -740.291992 2.198335 13
-56.399002 -741.173889 40.952084 13
-45.196514 -740.632935 12.587700 13
-57.590622 -743.354370 42.318848 13
-44.621246 -740.546387 7.603775 13
-52.572628 -742.602112 48.236889 13
-45.021973 -740.443787 18.504616 13
-53.646465 -739.245178 37.968830 13
-47.348747 -742.823303 25.072752 13
-51.658283 -742.592896 44.664974 13
-57.272697 -737.311584 48.979759 13
-44.401173 -739.370667 13.826104 13
-52.068874 -740.194092 33.859165 13
-49.149601 -742.433228 26.259468 13
-54.097572 -743.417847 36.937790 13
-45.382244 -737.675598 32.816216 13
-49.417282 -741.296753 26.661526 13
-48.552975 -740.923462 23.679407 13
-51.016403 -742.761169 42.778641 13
-46.893589 -741.175598 24.842548 13
-49.360199 -737.280396 39.371651 13
-47.849480 -742.569336 24.673952 13
-45.482258 -740.664001 15.760032 13
-55.632603 -740.887939 39.187248 13
-44.847363 -739.375244 17.710970 13
-46.272144 -738.446838 23.649597 13
-51.083645 -741.931458 30.243488 13
-46.782211 -740.039978 29.112253 13
-45.963219 -742.036499 25.386930 13
-50.262436 -735.366394 46.278175 13
-51.336517 -743.925171 32.324436 13
-44.192749 -740.263977 4.318547 13
-44.973763 -737.920776 10.047222 13
-45.456020 -741.010559 21.377071 13
-47.888409 -737.351990 37.038006 13
-53.445938 -737.179321 43.650894 13
-58.710434 -741.188965 45.482185 13
-45.743542 -738.077148 25.758995 13
-48.756458 -739.489075 23.771109 13
-50.200565 -736.568481 43.817616 13
-59.242905 -740.176147 48.997639 13
-47.785919 -739.446655 16.812551 13
-45.340614 -740.468445 20.875214 13
-48.765240 -740.119019 23.406469 13
-53.392933 -739.511108 37.099976 13
-46.688774 -740.797180 17.393356 13
-46.223621 -741.448669 19.961920 13
-48.447613 -736.293640 43.233131 13
-52.305801 -739.894836 34.429050 13
-49.975960 -736.633728 43.108864 13
-43.168411 -739.403748 0.533983 13
-59.533604 -740.763794 48.210995 13
-51.997353 -738.167664 38.703701 13
-44.216022 -740.654358 2.605193 13
-52.023842 -735.368652 48.678619 13
-45.173737 -740.438904 19.911654 13
-45.953403 -740.074585 11.083098 13
-53.743008 -736.326416 48.151482 13
-48.498680 -742.327942 42.126278 13
-58.407303 -741.071655 44.744987 13
-48.138077 -737.578125 33.579563 13
-49.421810 -742.698486 39.983616 13
-48.636372 -741.874451 24.768572 13
-47.349926 -740.510498 18.825720 13
-44.743225 -740.676514 14.786815 13
-58.206272 -738.211121 48.230194 13
-50.569920 -735.783569 47.093910 13
-50.295441 -738.539551 33.687542 13
-50.307446 -743.218445 43.317486 13
-44.461380 -739.230652 23.334314 13
-44.356758 -740.123169 13.234324 13
-53.510036 -737.408813 42.791893 13
-51.790409 -739.359009 34.262405 13
-46.598484 -740.174805 14.982507 13
-46.000870 -739.999023 6.157253 13
-46.364872 -741.914490 21.576277 13
-43.815315 -738.503296 3.603968 13
-47.390217 -740.747131 33.311531 13
-49.001991 -739.065002 27.289961 13
-45.555836 -740.491211 13.488276 13
-45.832264 -740.183777 9.471364 13
-45.171749 -738.286865 26.383621 13
-53.944172 -742.622375 36.303913 13
-45.155746 -738.347595 3.607856 13
-48.584846 -744.289734 29.960073 13
-48.266529 -739.732544 33.169605 13
-49.560333 -745.205200 33.024250 13
-47.464130 -739.034424 19.857183 13
-43.549885 -739.014038 1.492509 13
-54.671413 -739.464783 39.040852 13
-50.475204 -744.009338 47.609329 13
-49.209545 -743.059143 45.205624 13
-53.711212 -744.100159 37.304565 13
-44.372208 -739.834351 13.920677 13
-53.157043 -744.064026 35.676144 13
-49.382473 -743.185913 43.742893 13
-55.156796 -738.060242 42.940304 13
-55.276470 -742.529785 38.888443 13
-51.134373 -739.004822 33.682007 13
-45.484608 -740.451050 8.936398 13
-53.461185 -736.580566 46.094280 13
-57.797794 -737.774353 49.304134 13
-45.667072 -738.581055 19.751904 13
-51.858490 -742.831543 45.592690 13
-44.074528 -739.175049 28.095474 13
-50.966408 -737.612976 39.304195 13
-48.907166 -736.139893 43.649517 13
-46.705685 -739.835205 27.318291 13
-44.375572 -738.399536 29.417990 13
-58.809711 -739.456909 47.591015 13
-56.127171 -737.494019 45.817371 13
-49.694229 -735.746155 45.716236 13
-49.271030 -742.583923 26.713156 13
-44.040009 -739.800354 10.511787 13
-51.392525 -741.871033 42.558701 13
-45.788700 -740.593567 14.678673 13
-49.735420 -742.661499 39.068302 13
-55.106129 -739.823425 39.160343 13
-44.875671 -740.203552 18.065720 13
-46.787647 -740.864929 26.233181 13
-50.770069 -741.433899 39.767391 13
-44.358028 -740.357300 8.501994 13
-52.257751 -740.933228 33.220718 13
-58.266670 -743.405334 42.923519 13
-44.350067 -738.685364 27.748520 13
-49.729496 -737.002075 41.472889 13
-57.545609 -739.581787 44.188950 13
-49.867718 -743.468018 44.967587 13
-48.532558 -741.916138 33.077915 13
-54.258911 -741.164734 36.477493 13
-47.380291 -737.416443 34.948502 13
-53.049461 -735.367188 49.682827 13
-52.213879 -743.330872 33.279102 13
-57.733746 -741.033081 43.367168 13
-53.617340 -736.453491 46.911140 13
-46.206161 -739.979858 12.159030 13
-43.762829 -738.730835 4.759463 13
-48.721794 -742.454712 43.252872 13
-46.743820 -739.030884 14.389524 13
-44.575478 -737.841187 31.402990 13
-45.420883 -738.822815 18.959604 13
-52.467651 -739.009277 36.391411 13
-47.678699 -740.780273 20.690605 13
-50.394394 -736.151001 45.170582 13
-50.507267 -743.522339 44.806244 13
-47.759895 -740.175354 19.392330 13
-47.422703 -741.629333 28.465168 13
-45.570091 -740.460144 10.648486 13
-46.900249 -742.871155 25.479702 13
-44.380974 -738.191589 8.634401 13
-46.669552 -737.399719 30.228754 13
-45.494045 -737.739014 31.575911 13
-47.504574 -739.895447 16.646919 13
-46.532993 -738.735474 18.659975 13
-45.220638 -738.844238 20.738646 13
-45.471638 -741.002869 19.275951 13
-56.754845 -737.382935 47.608223 13
-49.960125 -737.884460 36.908516 13
-53.465576 -744.077698 36.570869 13
-46.654411 -738.690002 20.069859 13
-45.394516 -740.359802 6.030491 13
-57.473000 -737.628845 48.101700 13
-48.945702 -742.543030 40.714546 13
-51.064617 -743.971008 31.915707 13
-52.260529 -737.617676 40.628212 13
-51.797497 -738.947998 35.115364 13
-59.649204 -739.638000 49.208813 13
-47.059841 -743.322449 27.230352 13
-48.446747 -739.016785 25.369467 13
-45.571514 -738.673828 1.869253 13
-45.473885 -738.327087 10.723245 13
-45.194843 -740.446960 1.104010 13
-53.310459 -738.053406 40.471054 13
-43.977959 -739.195129 9.130679 13
-49.150246 -740.777771 25.589352 13
-44.207417 -738.213623 4.472482 13
-49.666309 -740.628235 27.303200 13
-48.027390 -743.124207 25.467819 13
-47.304787 -740.953613 31.933458 13
-45.434387 -741.075928 11.851958 13
-44.732533 -740.654602 5.470662 13
-51.252163 -743.714478 46.332962 13
-56.108887 -741.856995 40.344082 13
-50.138096 -744.767151 32.689518 13
-56.536461 -736.453308 49.050495 13
-52.913555 -736.110413 48.598831 13
-57.916157 -738.200073 47.676697 13
-46.873215 -737.557983 31.141186 13
-49.700371 -743.547424 28.843842 13
-48.364948 -741.777344 44.523262 13
-57.645561 -739.445557 44.993099 13
-46.803745 -737.371887 35.155460 13
-52.263123 -742.151245 47.617542 13
-46.420044 -740.131348 24.866871 13
-46.988144 -742.612488 24.251333 13
-59.147278 -741.287048 47.486855 13
-48.266808 -742.251587 39.730793 13
-51.878708 -743.656311 47.713299 13
-50.753273 -742.437073 41.095501 13
-48.849300 -737.996094 32.176155 13
-44.440235 -740.390686 9.638350 13
-57.924217 -743.775635 42.533314 13
-44.866100 -738.809692 15.747863 13
-48.117134 -738.244141 28.629515 13
-47.512241 -738.856201 22.074202 13
-47.168854 -738.554871 23.973450 13
-44.737930 -739.704102 20.869713 13
-45.025955 -738.402405 14.242564 13
-49.282269 -736.393311 43.539997 13
-53.568424 -745.137939 37.926243 13
-51.252544 -738.893555 34.440434 13
-44.294544 -738.343750 29.862080 13
-49.554211 -738.697693 30.867376 13
-47.649616 -737.767944 30.400051 13
-44.281681 -740.329102 6.831256 13
-49.841736 -740.792053 43.374973 13
-52.354393 -736.096436 47.886768 13
-43.863674 -739.126587 26.969311 13
-47.139145 -739.153137 16.281610 13
-54.880608 -736.404968 48.589878 13
-49.937416 -744.964050 33.115540 13
-49.874104 -735.850159 45.224735 13
-52.875263 -736.193298 48.032188 13
-51.130974 -735.316467 47.431736 13
-48.146549 -744.126038 29.496231 13
-50.213970 -740.569580 29.065020 13
-44.279377 -740.280518 6.339371 13
-50.821907 -743.762939 46.133972 13
-50.584183 -743.083984 42.354374 13
-47.674919 -738.571594 25.626713 13
-44.132786 -739.196655 11.416829 13
-56.064960 -740.410217 40.507416 13
-44.391022 -738.944031 13.378150 13
-45.977295 -740.078064 10.184222 13
-45.605915 -740.444519 11.403122 13
-54.477673 -736.277710 49.494205 13
-45.517437 -736.861816 36.157490 13
-55.396824 -736.479553 49.487644 13
-50.066139 -739.966187 28.651522 13
-48.124817 -741.288208 39.151302 13
-52.405518 -744.771118 35.834164 13
-45.036354 -740.812073 11.802823 13
-46.063835 -738.516724 18.065130 13
-56.111111 -736.642822 49.171936 13
-46.245396 -737.638123 30.601679 13
-46.855270 -738.428711 24.593147 13
-44.365334 -738.111572 6.145048 13
-45.450672 -740.401062 6.986616 13
-55.995449 -741.158936 39.959408 13
-45.189564 -740.663696 17.150213 13
-51.588734 -736.953064 42.973938 13
-45.452248 -740.967529 10.117229 13
-45.932037 -741.849121 22.698416 13
-47.073780 -742.364990 23.403059 13
-50.761364 -739.580994 30.983280 13
-46.533085 -736.607178 39.719398 13
-47.107674 -740.245789 16.862930 13
-49.587051 -736.331848 43.924580 13
-51.060474 -735.706604 47.908520 13
-57.531048 -738.817566 45.767532 13
-48.088844 -740.609192 20.854403 13
-57.934780 -740.439575 44.299706 13
-47.706818 -738.054504 28.873028 13
-46.581818 -739.642822 12.292527 13
-46.147106 -738.722046 19.461615 13
-48.641045 -742.440613 25.628220 13
-47.356651 -741.292969 26.631086 13
-44.159084 -740.581177 3.453192 13
-58.414913 -742.925049 43.678333 13
-48.797844 -742.418884 38.472065 13
-51.216461 -737.162231 41.489193 13
-46.253765 -742.224670 26.945908 13
-44.816101 -740.757080 13.856284 13
-50.756115 -743.884460 31.216234 13
-46.329025 -738.678711 17.128658 13
-47.769657 -739.331604 19.101852 13
-47.095093 -740.887207 28.978628 13
-50.306110 -737.794800 37.616547 13
-48.197208 -737.250488 38.288143 13
-58.076660 -741.592102 44.036156 13
-44.868752 -740.228271 20.184067 13
-51.978237 -735.853577 48.924007 13
-59.314594 -741.846985 45.801014 13
-43.391720 -740.078186 1.295437 13
-54.743237 -745.155823 39.063381 13
-51.455578 -742.068054 44.946163 13
-54.235699 -741.977356 36.727722 13
-44.578339 -738.310364 14.457018 13
-52.954887 -744.508484 36.256973 13
-51.201347 -737.931274 38.228683 13
-45.838326 -737.773499 27.932381 13
-45.079716 -738.152771 6.307281 13
-54.033310 -739.506287 38.212749 13
-47.806080 -741.801514 22.470600 13
-46.386963 -737.052612 37.122105 13
-47.730782 -738.732666 24.465677 13
-51.445328 -736.203735 46.704159 13
-50.696480 -742.067627 40.236969 13
-49.858082 -742.795044 27.957012 13
-48.468132 -741.392517 29.713501 13
-47.657547 -738.759583 23.940504 13
-45.539627 -738.523621 20.253557 13
-45.486237 -740.197998 5.601242 13
-58.168457 -738.534790 47.019608 13
-46.639046 -736.972534 37.891888 13
-48.250774 -741.333435 40.159809 13
-54.016693 -737.566895 42.692745 13
-45.710403 -739.802856 2.439573 13
-51.036388 -741.490417 30.383039 13
-44.410656 -739.008972 14.466048 13
-49.072636 -739.574890 35.144016 13
-46.582943 -737.223511 36.439892 13
-45.306976 -740.410095 3.543580 13
-48.545700 -739.700500 34.900192 13
-47.475311 -739.046936 19.331699 13
-46.231335 -740.588318 15.139751 13
-50.382027 -742.963867 40.988918 13
-47.438019 -739.846069 15.455844 13
-44.833485 -737.316833 33.722157 13
-57.206718 -738.467651 45.490940 13
-43.906677 -738.098877 31.462788 13
-49.224743 -744.146240 29.695740 13
-50.314205 -745.002625 34.555668 13
-46.365608 -739.253845 8.979018 13
-49.687355 -743.841614 48.136845 13
-43.375137 -738.869995 0.678445 13
-47.494274 -738.791443 23.096357 13
-48.646317 -742.401550 44.627346 13
-49.690670 -735.353943 45.269947 13
-45.572773 -738.065918 26.258392 13
-45.397007 -740.794250 20.495352 13
-47.926292 -739.729553 32.231308 13
-44.572506 -738.038330 9.473901 13
-51.669060 -744.132324 33.218761 13
-52.713135 -737.403992 41.975033 13
-45.415516 -738.320618 23.941214 13
-48.346836 -740.389771 22.163290 13
-43.620743 -738.822388 1.907851 13
-56.926327 -736.745422 49.019943 13
-57.465687 -741.801086 42.876740 13
-56.495403 -742.178589 41.062057 13
-45.945847 -740.629028 7.610907 13
-49.504650 -737.592224 37.412651 13
-53.225788 -742.207153 34.466164 13
-45.643948 -741.169556 22.948389 13
-54.830425 -742.582336 37.917454 13
-51.763615 -740.286682 33.154163 13
-53.928082 -742.212708 35.876095 13
-53.370636 -736.669189 45.654144 13
-49.744980 -743.025085 42.394581 13
-45.877216 -738.388672 21.955698 13
-44.599133 -739.895020 22.785177 13
-47.103725 -737.464905 33.151764 13
-47.769779 -739.837585 18.441477 13
-45.825191 -739.768616 4.907475 13
-44.078129 -740.468445 5.551713 13
-50.839596 -742.067688 29.775509 13
-55.550655 -738.264954 43.127033 13
-45.281975 -740.743530 17.601580 13
-46.073322 -736.751343 38.502167 13
-49.358593 -740.781189 26.379446 13
-43.594593 -739.521973 5.083867 13
-44.703880 -741.133606 11.328053 13
-50.947235 -736.962402 42.339096 13
-47.645996 -740.690552 19.504066 13
-45.743034 -741.768372 21.707766 13
-44.990788 -739.143372 19.745378 13
-55.982914 -736.983765 47.313740 13
-45.979465 -737.782227 27.220060 13
-44.573727 -738.384033 12.877502 13
-44.272881 -738.531128 30.712378 13
-54.111412 -738.335632 40.666065 13
-45.687687 -739.790161 0.863685 13
-54.878323 -739.088196 40.209671 13
-55.355698 -741.678528 38.605961 13
-59.014217 -740.637634 46.909893 13
-43.757446 -740.158997 9.067256 13
-47.547894 -741.313171 21.894876 13
-44.344925 -740.350891 8.983922 13
-56.576984 -740.496399 41.260765 13
-57.712154 -738.684204 46.189606 13
-44.970097 -736.940796 34.904667 13
-59.064724 -742.434326 44.890728 13
-43.809639 -738.834473 28.261242 13
-46.038116 -738.960693 2.176298 13
-49.187622 -742.315735 36.154083 13
-50.796555 -738.382935 35.803947 13
-51.184593 -744.187439 48.415165 13
-53.820904 -740.638306 36.273468 13
-56.377373 -736.946594 48.423008 13
-47.522991 -743.993286 29.788033 13
-49.202457 -742.888611 42.516930 13
-48.348915 -741.401001 23.230017 13
-48.702904 -737.384888 37.585323 13
-52.915215 -736.579285 46.367359 13
-53.172367 -739.940125 36.278053 13
-50.585007 -744.334961 32.014122 13
-49.807831 -743.856567 47.553783 13
-45.291103 -740.589478 15.335519 13
-56.763489 -737.826050 46.376045 13
-49.663994 -741.961487 27.257500 13
-48.492939 -739.790283 21.841612 13
-49.326118 -738.913879 29.341421 13
-59.123447 -740.649353 48.422398 13
-48.394299 -741.764160 43.983669 13
-53.469177 -738.873352 38.407764 13
-47.937450 -738.748047 25.270864 13
-46.670876 -740.225647 26.044104 13
-49.048199 -743.874146 28.386444 13
-57.731518 -740.361267 43.882542 13
-51.133083 -741.237000 46.178909 13
-58.732052 -738.878174 48.303085 13
-57.617107 -741.489563 43.306973 13
-52.927845 -745.169373 37.351955 13
-45.567043 -737.970154 28.450478 13
-54.815777 -738.653442 40.999363 13
-44.632324 -740.654724 2.149886 13
-44.900967 -740.390381 16.191946 13
-44.818501 -738.554138 27.114283 13
-56.872738 -737.242798 48.385799 13
-50.301022 -744.291077 31.483446 13
-54.558411 -739.824707 38.397030 13
-50.284527 -741.954956 38.635254 13
-44.647758 -740.664062 12.620296 13
-44.677795 -740.638489 2.825372 13
-47.184528 -738.474915 24.886875 13
-52.713612 -740.521423 34.478851 13
-47.136864 -740.196899 29.907146 13
-48.987583 -742.925476 43.986744 13
-43.881027 -739.824829 8.447333 13
-46.850590 -740.369385 28.224773 13
-44.432632 -738.192932 10.013192 13
-50.114662 -741.405396 37.520336 13
-51.029060 -744.882019 34.103214 13
-45.254105 -736.930359 35.669086 13
-51.407379 -738.368774 36.532112 13
-52.399235 -744.437866 50.941105 13
-44.388569 -737.898987 5.352337 13
-48.535183 -740.562805 22.838667 13
-46.900738 -741.073975 19.652712 13
-48.721657 -739.772766 36.754150 13
-47.386723 -741.517700 25.622746 13
-46.920975 -736.578491 39.902538 13
-48.400211 -741.299744 41.827351 13
-56.368309 -738.768738 43.037506 13
-52.563408 -739.854553 35.064556 13
-51.124256 -739.165955 32.657475 13
-43.768272 -739.016968 5.868398 13
-48.529591 -742.496582 36.019947 13
-50.606583 -735.303528 46.691936 13
-45.145248 -740.742004 0.748354 13
-49.656773 -742.886292 41.232624 13
-50.416759 -743.408203 44.174927 13
-44.171154 -740.174377 8.122357 13
-44.280476 -739.908325 16.427282 13
-45.780590 -740.513916 6.373113 13
-51.433479 -744.226379 48.842339 13
-49.031891 -737.375977 38.051090 13
-48.320503 -738.034058 30.679590 13
-45.257019 -738.283020 1.535397 13
-44.469688 -739.881165 23.940388 13
-44.484486 -740.722717 13.509617 13
-44.359295 -738.722107 12.145100 13
-48.671715 -737.204346 39.318375 13
-44.282085 -740.801270 14.748999 13
-50.641510 -743.937378 49.274334 13
-52.533524 -743.588013 50.363197 13
-45.247253 -738.675049 22.329647 13
-49.327427 -742.200256 34.913792 13
-49.118637 -742.945190 44.531246 13
-47.669743 -736.409302 42.191666 13
-44.413765 -739.639832 15.551973 13
-50.842342 -743.434326 30.353676 13
-52.083015 -737.957764 39.583473 13
-56.178246 -738.538757 43.451900 13
-43.099731 -739.023010 1.508148 13
-50.202843 -741.368530 28.607195 13
-43.415874 -739.397400 3.688578 13
-48.210144 -738.620178 27.155001 13
-52.030575 -738.717590 36.088722 13
-43.541595 -739.912109 4.344856 13
-43.646473 -739.983765 4.797751 13
-48.729954 -741.945801 45.218803 13
-47.203533 -741.203247 28.326370 13
-47.460457 -737.118164 37.855694 13