-46.223629 -739.504517 9.328028 13
-53.142704 -744.160400 51.732552 13
-44.084820 -737.688965 31.925064 13
-53.867435 -745.502625 37.961716 13
-48.469139 -735.845337 43.659538 13
-47.920799 -740.979370 21.086906 13
-57.520145 -739.253296 44.582607 13
-45.495892 -740.136536 -0.321448 13
-50.356518 -743.536011 29.400244 13
-50.902122 -738.247925 36.200531 13
-53.351028 -735.354126 50.061626 13
-50.084332 -743.439087 44.540840 13
-44.377724 -738.724792 15.878266 13
-43.969681 -739.435791 25.800203 13
-59.739315 -739.008179 50.046661 13
-55.451813 -740.137756 39.298920 13
-45.792835 -736.556152 38.200756 13
-48.224747 -742.228638 39.242714 13
-43.268623 -738.836670 4.665170 13
-48.478409 -738.455505 28.814466 13
-47.712631 -741.778992 33.793125 13
-57.655544 -743.957886 42.177197 13
-52.925972 -742.410706 33.847649 13
-53.210033 -736.758484 45.228455 13
-47.357136 -743.006653 25.531134 13
-51.834999 -737.465698 40.748852 13
-52.321575 -741.880310 47.996593 13
-48.179562 -737.643433 32.971298 13
-56.566647 -737.127014 48.052120 13
-49.847069 -745.319214 33.398674 13
-48.075531 -738.861511 24.731775 13
-44.641315 -741.133789 12.673638 13
-44.585819 -739.362549 19.729067 13
-50.831097 -740.087097 31.464291 13
-47.777035 -739.561768 17.541563 13
-48.331272 -740.567871 42.750000 13
-43.701771 -737.194580 1.276111 13
-59.206722 -741.674988 46.903728 13
-54.905643 -738.125061 42.410782 13
-50.253780 -735.622803 46.775970 13
-46.892593 -743.645081 28.977858 13
-51.175873 -741.520020 40.932217 13
-48.448719 -736.905579 40.375710 13
-45.913559 -740.427246 3.067221 13
-49.354000 -743.679626 47.882523 13
-47.252663 -739.365784 14.153191 13
-44.820732 -737.801758 12.015997 13
-53.669743 -740.182434 36.419937 13
-49.872108 -741.560303 36.353970 13
-45.127510 -738.179932 28.687366 13
-45.169464 -737.486389 35.065460 13
-49.636311 -741.085632 27.125940 13
-45.578671 -741.121826 23.426552 13
-45.368809 -740.754761 6.411334 13
-47.139420 -740.803345 30.694168 13
-55.587177 -743.368774 39.722816 13
-56.852608 -740.890991 41.993786 13
-44.737503 -737.851807 7.214003 13
-52.081940 -744.903320 35.529427 13
-47.951469 -737.435059 36.265228 13
-46.724564 -740.232788 27.056370 13
-46.341686 -738.550964 22.131603 13
-49.207111 -739.534851 38.630020 13
-58.338448 -741.960144 44.173889 13
-43.406208 -740.171448 1.745997 13
-54.051960 -742.989563 36.651402 13
-51.978935 -739.769531 34.085815 13
-51.682484 -744.252502 49.343288 13
-51.199894 -741.065186 45.534950 13
-48.311134 -744.382629 31.278599 13
-45.433834 -741.040039 17.293182 13
-58.435684 -739.032471 47.299713 13
-51.152775 -736.841858 43.343708 13
-53.140137 -738.608398 38.619259 13
-51.496674 -743.663818 31.912657 13
-48.961983 -739.588257 34.701916 13
-46.701916 -737.389465 30.699606 13
-43.671700 -738.750671 9.787831 13
-55.837330 -737.391174 45.476727 13
-53.970844 -736.451599 47.748196 13
-49.308502 -742.989502 42.090061 13
-48.280464 -741.330322 23.654560 13
-46.053619 -737.883057 26.149210 13
-51.596954 -743.902161 46.649792 13
-45.782005 -741.653137 20.067177 13
-46.520470 -739.721619 11.844334 13
-46.971794 -738.838013 19.738695 13
-48.488426 -741.682312 44.996143 13
-51.568974 -741.985474 43.300526 13
-50.848640 -737.744690 38.573593 13
-47.736450 -740.598267 36.904446 13
-45.000221 -738.208252 3.033838 13
-44.306522 -740.772949 8.715405 13
-48.831535 -743.316345 27.360947 13
-45.243896 -740.685181 14.911476 13
-50.456638 -740.976685 29.335995 13
-50.420536 -741.508240 38.672146 13
-47.884365 -741.557800 28.561113 13
-55.446262 -736.196411 49.846512 13
-51.875286 -735.734497 48.381889 13
-45.124680 -738.664429 24.030899 13
-45.625530 -738.792786 17.818323 13
-49.305824 -738.454590 31.212023 13
-47.800861 -739.857178 32.687523 13
-48.366543 -740.307800 40.526733 13
-48.437202 -739.385437 22.622692 13
-44.061172 -738.993774 13.719233 13
-50.204456 -738.588562 33.208889 13
-48.750340 -741.859192 31.890919 13
-45.936356 -737.478394 33.041416 13
-44.660686 -740.035522 21.790207 13
-58.233402 -737.566162 49.427376 13
-54.351372 -738.639832 40.414310 13
-55.103477 -741.953247 38.191975 13
-48.650990 -737.336609 38.273697 13
-48.871826 -739.059937 26.805058 13
-46.021328 -739.365417 4.917453 13
-46.276894 -742.521606 27.288736 13
-43.614330 -739.567261 6.691882 13
-44.317673 -740.726013 4.562797 13
-45.198566 -740.925720 10.639282 13
-59.487114 -740.579285 48.652744 13
-45.840458 -741.572266 25.449799 13
-53.163811 -737.265747 43.096123 13
-50.036701 -740.659363 43.852772 13
-49.515110 -736.832642 42.156757 13
-51.936054 -741.656250 32.077969 13
-46.272297 -739.121338 7.342948 13
-49.211731 -740.386108 25.289476 13
-46.620647 -738.785461 16.114527 13
-47.161633 -741.024170 18.716887 13
-50.023888 -736.104187 44.871254 13
-43.741131 -738.368225 30.091545 13
-46.828060 -742.146301 22.253695 13
-46.572147 -736.372192 40.129688 13
-49.863678 -742.820190 40.167896 13
-56.605942 -739.099976 42.810562 13
-52.034946 -744.212952 33.707829 13
-44.048748 -739.553467 11.710279 13
-47.402920 -736.206726 41.861973 13
-56.623699 -742.623962 41.205589 13
-46.426205 -739.746521 25.120083 13
-48.184544 -742.071167 35.621109 13
-46.883430 -737.876587 27.931995 13
-55.959229 -739.460144 41.059586 13
-48.681335 -742.570496 37.438267 13
-47.134720 -737.408875 34.537441 13
-47.160984 -739.808838 28.878355 13
-58.537582 -740.317078 45.784687 13
-49.006203 -737.699219 34.660946 13
-53.199665 -743.175659 49.629917 13
-43.784977 -739.001709 27.632540 13
-51.745216 -742.807617 45.134720 13
-49.041439 -743.135315 46.122570 13
-51.976093 -736.344543 46.563553 13
-55.134563 -745.122070 39.321728 13
-43.004414 -738.969482 0.399668 13
-44.807835 -738.042786 5.363548 13
-54.544632 -743.736694 38.265293 13
-49.927841 -739.572144 28.210178 13
-45.110249 -740.742920 1.461318 13
-48.634785 -744.156006 29.506958 13
-52.499771 -738.854004 36.853138 13
-45.849964 -738.544739 13.308852 13
-48.922588 -742.109924 25.782801 13
-51.229027 -742.395996 30.496096 13
-53.669701 -741.698120 35.432442 13
-46.151531 -737.206421 36.551575 13
-54.662109 -737.290527 44.081593 13
-57.118370 -738.043701 46.554993 13
-50.147327 -744.422180 30.961174 13
-45.304752 -738.216003 10.287457 13
-47.470154 -740.519409 35.052311 13
-56.467438 -744.492676 40.794506 13
-46.618561 -742.448792 24.020605 13
-49.118198 -739.522522 36.731106 13
-50.173512 -737.225464 40.226654 13
-50.212650 -739.361023 30.004429 13
-43.250893 -738.786926 2.804303 13
-54.348015 -739.802063 37.991261 13
-47.267838 -740.339355 15.604404 13
-45.753117 -739.145020 1.766304 13
-53.101971 -743.510376 35.307438 13
-56.001045 -741.664917 39.904587 13
-48.435791 -742.012878 40.931938 13
-49.908470 -740.493530 42.060955 13
-57.494312 -742.348267 42.723553 13
-50.064499 -742.387024 28.164684 13
-48.493683 -741.659607 30.162846 13
-44.147446 -740.332703 16.314621 13
-57.618885 -740.547852 43.498329 13
-53.320023 -737.744263 41.492382 13
-47.987320 -740.692627 38.561054 13
-53.233887 -744.476562 36.674236 13
-45.951809 -740.625061 8.119254 13
-43.846569 -740.415955 0.154982 13
-48.907383 -742.634338 43.669106 13
-46.026775 -740.269104 13.465823 13
-46.757084 -738.472717 23.769300 13
-49.500175 -741.929810 34.622704 13
-44.526894 -740.157043 24.391233 13
-47.426804 -741.443604 26.066719 13
-49.504379 -737.640686 36.877712 13
-48.409428 -739.547485 20.175491 13
-50.609665 -745.210144 34.856285 13
-45.244682 -740.644287 18.889198 13
-54.541668 -736.674866 46.211025 13
-51.580391 -736.651001 44.942410 13
-56.089565 -738.192749 44.064533 13
-44.383148 -737.479065 33.530617 13
-43.582912 -738.801636 8.119642 13
-44.663902 -737.856567 8.851438 13
-45.165775 -737.807556 30.607935 13
-47.551559 -738.403442 26.186430 13
-50.668282 -743.223633 42.853493 13
-45.564785 -741.345703 21.742022 13
-52.197918 -743.487244 48.053856 13
-48.115849 -737.963562 30.288427 13
-45.643330 -738.668884 20.659849 13
-44.324047 -740.416931 3.028525 13
-45.543419 -738.592896 14.850354 13
-47.220680 -737.001587 38.858768 13
-52.066166 -742.000671 46.454113 13
-54.474648 -741.442322 36.781258 13
-50.860714 -738.644165 34.725521 13
-58.834133 -738.848206 48.770245 13
-47.540825 -738.933350 21.298170 13
-52.568420 -739.580811 35.507111 13
-59.245712 -742.062683 45.393368 13
-43.899181 -740.212158 10.304722 13
-50.791477 -744.122803 48.062328 13
-51.911308 -744.363708 50.823326 13
-52.907890 -740.932251 34.335030 13
-58.325802 -743.341248 43.474182 13
-47.452465 -741.235291 32.269466 13
-47.801899 -739.544983 31.126265 13
-48.938709 -739.924194 23.890194 13
-44.789902 -738.547058 26.649151 13
-55.306042 -736.431702 48.365612 13
-51.611645 -740.317505 32.694878 13
-46.688274 -741.000244 24.402887 13
-44.976082 -737.984253 1.302266 13
-47.330105 -743.506348 27.586664 13
-57.836945 -737.925415 48.047108 13
-50.992130 -737.090454 41.888042 13
-46.137348 -739.788025 23.689873 13
-53.021408 -738.047180 40.110626 13
-46.767971 -740.535278 16.999846 13
-54.116772 -736.268860 49.228020 13
-50.353897 -743.717468 45.936359 13
-45.045971 -740.507019 20.486738 13
-46.327774 -737.705444 29.299171 13
-48.803658 -744.809875 32.579422 13
-44.678925 -739.863892 17.749172 13
-55.797768 -737.000061 46.848110 13
-50.427258 -744.550293 32.360298 13
-49.511013 -742.611145 38.623737 13
-48.310062 -742.485657 24.465076 13
-59.025394 -740.330017 47.294086 13
-49.732605 -736.552002 43.525555 13
-47.776657 -737.636108 31.608850 13
-50.523685 -742.787415 41.411118 13
-57.902802 -739.036377 45.961880 13
-45.729458 -738.561279 19.220070 13
-44.548355 -739.169312 22.862745 13
-48.504910 -741.880554 42.333660 13
-47.925339 -739.829102 18.912979 13
-44.282875 -740.649841 7.241232 13
-44.418556 -740.344482 13.776317 13
-47.275894 -737.225769 37.433067 13
-47.029495 -741.100464 20.071716 13
-48.404099 -740.766785 22.429241 13
-52.059120 -737.985229 39.149879 13
-52.167599 -743.040649 32.913406 13
-43.709061 -738.532715 1.486503 13
-46.917000 -738.839050 18.391365 13
-56.854664 -738.272339 45.220577 13
-45.861000 -738.541687 11.589451 13
-51.503006 -738.186279 37.489006 13
-56.280441 -737.195557 49.360851 13
-47.449829 -744.050781 30.298761 13
-54.341976 -739.153076 39.180534 13
-48.982994 -742.045654 33.404594 13
-43.672054 -739.907288 5.389018 13
-45.629498 -737.911072 27.484831 13
-47.235634 -740.521667 33.766273 13
-46.802166 -738.300415 25.099367 13
-49.346584 -743.578979 28.538031 13
-46.045254 -739.853760 10.615600 13
-56.347435 -740.684570 40.777596 13
-45.958275 -737.691711 31.742828 13
-46.017967 -740.347961 22.454697 13
-50.321133 -738.925049 31.965380 13
-45.435520 -740.551086 9.406021 13
-45.856304 -740.708496 16.052044 13
-44.337223 -737.899780 4.149312 13
-44.271393 -739.747559 15.085138 13
-45.501762 -740.525330 11.885368 13
-52.273178 -737.264893 42.085960 13
-47.364769 -741.343689 27.344816 13
-53.305397 -736.490295 46.538105 13
-44.894318 -738.637390 25.301001 13
-49.934147 -742.046509 37.543720 13
-47.979580 -738.430359 27.482805 13
-43.539043 -739.886169 3.897782 13
-50.963722 -741.053711 30.506903 13
-44.142113 -738.946777 29.014366 13
-49.693989 -737.331909 39.032734 13
-50.637737 -742.302307 29.366417 13
-49.151287 -738.642395 29.906824 13
-48.346889 -741.480042 43.631226 13
-48.289173 -740.009766 35.885239 13
-45.882492 -739.510376 6.170957 13
-52.899166 -745.629883 37.076584 13
-58.172554 -740.680664 44.624874 13
-46.544971 -741.852661 21.045820 13
-48.857792 -742.925537 44.903057 13
-51.208733 -743.019531 44.021000 13
-45.910831 -740.467773 4.330885 13
-49.800575 -737.985718 35.682167 13
-47.179451 -741.023499 29.444983 13
-52.270992 -736.926453 43.928104 13
-52.699924 -736.261108 47.594288 13
-48.684639 -739.503052 21.403584 13
-47.951523 -741.583130 37.637070 13
-45.834595 -738.671997 8.425040 13
-52.923698 -735.916992 49.035477 13
-46.073235 -739.319885 3.672053 13
-49.198036 -738.169128 32.511086 13
-44.056698 -738.495117 6.242069 13
-50.853897 -736.195251 45.861053 13
-44.273987 -738.674561 10.854097 13
-46.198986 -742.714539 25.803574 13
-49.485497 -742.308411 27.038342 13
-51.214996 -741.935913 42.112759 13
-51.340481 -739.111206 33.253654 13
-44.882767 -738.075073 13.956693 13
-52.477089 -741.361267 33.269379 13
-50.931454 -744.765198 33.681965 13
-48.401806 -736.391357 42.544121 13
-50.608906 -741.877380 39.825714 13
-48.883640 -739.238892 25.580740 13
-44.825089 -741.113098 0.291717 13
-47.085625 -737.310303 32.560722 13
-45.178337 -738.781799 21.877317 13
-45.459534 -738.824646 16.502525 13
-46.434761 -740.560486 14.738506 13
-48.682629 -741.358459 24.800566 13
-47.787979 -741.727478 31.152927 13
-49.523239 -740.012756 26.430412 13
-43.979877 -739.656555 9.030683 13
-55.139648 -740.744934 38.133358 13
-48.100094 -743.856567 28.460461 13
-50.993458 -743.565186 30.735437 13
-48.418163 -740.939575 41.542976 13
-51.480358 -741.643616 44.501568 13
-46.710285 -739.348389 13.058071 13
-48.728565 -739.598083 33.410454 13
-45.930504 -739.444031 0.629279 13
-55.036762 -738.698608 41.374699 13
-47.994488 -743.292297 26.505962 13
-47.423557 -738.767517 22.660507 13
-50.258652 -744.057251 49.132381 13
-45.361347 -738.490845 4.327095 13
-53.338264 -739.300476 37.557930 13
-47.546684 -739.482727 16.404833 13
-51.761330 -738.738037 35.557396 13
-44.353989 -740.827698 11.453613 13
-47.545959 -737.886414 29.250771 13
-51.250599 -735.858093 47.390354 13
-46.344460 -737.315308 35.406445 13
-50.343967 -741.395203 44.788467 13
-57.352047 -736.803162 49.156967 13
-52.817799 -743.627075 50.691807 13
-50.015465 -741.129395 28.245718 13
-44.780464 -740.315247 22.958719 13
-44.387978 -738.739075 12.576150 13
-53.308109 -740.585693 35.374039 13
-48.552299 -740.012756 37.796154 13
-52.936508 -742.738586 48.588120 13
-49.065437 -739.641296 39.893780 13
-47.067451 -740.196960 31.743320 13
-48.917942 -735.766418 44.724659 13
-55.213291 -739.381531 40.142792 13
-45.058807 -736.919189 36.070801 13
-44.592262 -739.248840 20.922218 13
-45.265465 -740.448792 5.293423 13
-47.508171 -742.138428 23.338621 13
-46.618320 -740.636414 25.849270 13
-45.414398 -738.465271 6.333944 13
-51.153664 -737.561768 39.745758 13
-46.777130 -738.813782 17.251158 13
-49.887459 -735.305786 45.673393 13
-46.028061 -737.451843 34.238155 13
-48.207180 -741.128540 39.741478 13
-46.994190 -740.814087 28.313969 13
-46.130737 -741.078186 18.259544 13
-49.882095 -737.598755 37.947624 13
-53.471668 -737.050232 44.171463 13
-49.408165 -736.974670 41.033718 13
-53.991974 -744.458069 37.527325 13
-52.168373 -743.005798 47.012276 13
-46.648834 -738.870911 14.977000 13
-54.407990 -736.948242 45.126755 13
-52.585030 -744.294739 34.685146 13
-49.299221 -742.257874 35.680008 13
-50.209282 -743.900818 47.131351 13
-44.273247 -739.928284 12.745577 13
-44.357342 -740.690491 5.919794 13
-48.995472 -738.937134 27.949661 13
-54.473133 -742.758545 37.663120 13
-45.375000 -738.380554 22.981194 13
-55.216900 -742.998718 38.738838 13
-48.238747 -737.095886 39.292854 13
-49.270660 -738.002258 33.622902 13
-44.966881 -739.187866 18.626356 13
-56.969566 -743.656738 41.363152 13
-48.411739 -736.664001 41.473652 13
-51.729202 -742.602173 31.534443 13
-47.421783 -736.654724 40.847374 13
-48.029358 -737.517639 35.176716 13
-45.795601 -741.715759 24.332100 13
-46.911873 -743.107117 26.601194 13
-54.330589 -744.752930 38.633221 13
-43.870274 -739.885010 7.973156 13
-55.440056 -741.322693 39.030060 13
-49.693050 -744.218506 29.963755 13
-55.635845 -744.404663 40.038277 13
-59.318493 -739.841919 49.461445 13
-54.247566 -737.471497 43.081963 13
-55.777725 -738.767761 42.181725 13
-46.097477 -742.031799 23.130594 13
-47.281616 -739.832214 30.197292 13
-56.636234 -739.790833 41.956486 13
-47.921371 -738.933044 23.612904 13
-44.339367 -737.960327 2.203754 13
-48.320305 -742.253540 34.558449 13
-45.752342 -740.082214 7.165487 13
-47.751385 -741.698181 21.958637 13
-44.893822 -737.755798 32.639553 13
-47.659691 -741.133667 35.922813 13
-55.269863 -737.941406 43.408081 13
-49.230236 -742.739807 41.039700 13
-48.114147 -737.530029 34.092377 13
-51.304085 -741.256104 46.606033 13
-49.359928 -744.639099 31.663057 13
-50.325336 -741.079895 37.286919 13
-51.570229 -744.762634 34.537926 13
-47.767731 -740.363281 19.840500 13
-44.579369 -739.341125 16.736450 13
-57.210796 -739.536438 43.601105 13
-44.377701 -738.611389 14.722951 13
-48.194664 -741.983948 36.680283 13
-54.979370 -744.047058 39.171768 13
-59.139259 -739.695740 48.145138 13
-45.781647 -738.120422 24.848490 13
-48.028549 -739.933960 34.158409 13
-49.802326 -743.193298 43.464664 13
-48.357803 -737.354980 37.256054 13
-54.990662 -736.551392 47.365887 13
-45.033550 -740.700928 3.775486 13
-59.069992 -738.276672 49.634258 13
-48.797653 -742.567139 40.069309 13
-44.262737 -738.376038 31.148808 13
-46.770363 -738.056091 26.892464 13
-54.328274 -740.467224 37.184284 13
-43.440964 -739.808228 2.743476 13
-48.105358 -742.015747 32.834976 13
-56.145374 -743.473816 40.614357 13
-52.505035 -743.387268 34.186359 13
-44.742435 -738.410828 27.707153 13
-46.267895 -736.632812 39.168987 13
-59.496395 -741.150879 47.783932 13
-45.430199 -736.744141 37.237099 13
-49.932133 -738.174866 34.578266 13
-51.344536 -744.201111 32.794865 13
-58.752529 -742.717346 44.756596 13
-49.643894 -739.150024 29.133692 13
-44.110435 -740.727661 1.168934 13
-50.995335 -743.540588 45.012554 13
-44.696781 -738.165955 29.747850 13
-52.038170 -745.218689 36.514812 13
-58.879948 -741.287720 45.985947 13
-53.314709 -742.498840 34.798550 13
-50.224293 -739.993530 29.115904 13
-45.501820 -740.093628 2.153716 13
-51.379078 -740.949829 31.502131 13
-50.658333 -736.585144 44.198578 13
-46.887886 -737.473267 33.545906 13
-50.512241 -737.984497 37.230846 13
-51.185104 -739.420532 32.292007 13
-50.473991 -739.223328 31.006987 13
-49.373169 -742.375000 36.700409 13
-56.968300 -741.955750 41.947266 13
-42.919712 -738.021790 1.114447 13
-52.294796 -738.398376 38.086540 13
-44.528374 -740.831604 9.762145 13
-47.712685 -741.488647 34.836094 13
-57.399567 -741.344482 42.897091 13
-47.512844 -740.481934 17.832169 13
-49.277454 -741.222656 26.184040 13
-56.479034 -741.621826 41.114750 13
-43.998177 -738.224182 3.248132 13
-51.401566 -745.608521 35.330303 13
-49.249382 -743.043213 47.107597 13
-52.597874 -744.203552 49.919090 13
-44.292831 -740.771240 15.196670 13
-54.280643 -737.998718 41.560482 13
-46.661488 -742.962158 28.297892 13
-52.484879 -743.615906 49.088310 13
-43.327156 -738.879822 5.718035 13
-46.319286 -741.212708 19.236660 13
-46.083305 -739.621338 8.207615 13
-47.114117 -739.615356 27.715525 13
-51.812447 -741.852600 45.439964 13
-45.044056 -738.066040 12.962619 13
-58.502869 -739.616089 46.483673 13
-44.048164 -738.560791 7.291454 13
-48.556999 -740.167358 39.228630 13
-57.115894 -740.157898 42.745617 13
-47.426273 -736.758728 39.846153 13
-50.313103 -736.799072 42.756973 13
-53.699600 -736.308228 50.129219 13
-46.629749 -738.679871 21.043631 13
-48.876534 -737.630798 35.834263 13
-48.733742 -742.257874 45.743069 13
-44.532211 -737.776733 9.913462 13
-55.580711 -742.397949 39.437012 13
-53.650974 -738.520325 39.461338 13
-45.964184 -737.795837 28.398504 13
-49.118755 -744.438843 30.737446 13
-43.304661 -739.851135 0.823838 13
-53.727715 -742.819336 35.746525 13
-48.477161 -742.151184 38.264771 13
-49.832748 -741.409424 35.398178 13
-55.484589 -737.580627 44.575150 13
-49.578392 -743.472534 45.369755 13
-45.314690 -740.272522 0.644374 13
-52.320114 -736.538147 45.692368 13
-45.008739 -737.858582 31.581142 13
-52.038158 -737.078613 43.003582 13
-57.103943 -737.693604 47.443192 13
-50.481949 -740.281555 30.002148 13
-58.583847 -741.443237 45.083477 13
-44.193829 -739.428772 26.743025 13
-44.108551 -738.646484 8.919437 13
-49.245098 -737.149841 39.865585 13
-57.313694 -737.800232 49.305260 13
-51.877304 -743.042114 46.092876 13
-45.033138 -740.418701 16.653984 13
-45.018349 -740.680359 7.878971 13
-57.269009 -743.012817 42.094578 13
-46.315331 -737.040710 37.573120 13
-44.194290 -739.349060 24.880447 13
-55.914246 -740.088928 40.170956 13
-56.077076 -742.563416 40.345573 13
-53.900185 -741.065247 36.116573 13
-48.859386 -742.762939 26.466919 13
-44.446789 -739.428162 23.773777 13
-56.352905 -737.548462 46.269039 13
-50.806374 -737.252747 40.981190 13
-44.566948 -737.778564 11.015539 13
-46.227470 -742.368042 24.910175 13
-50.184956 -742.766052 39.279591 13
-46.714630 -739.272949 10.974982 13
-46.985706 -740.217590 13.833606 13
-52.962196 -744.489136 35.766373 13
-57.833157 -738.284668 47.166183 13
-49.761784 -740.048645 27.356569 13
-45.317776 -740.823242 13.768217 13
-58.087448 -739.783630 45.153950 13
-49.767036 -743.210144 27.785685 13
-48.268360 -742.783508 25.676352 13
-51.858852 -739.022888 34.653927 13
-52.144142 -740.492004 33.449455 13
-56.845837 -738.774963 44.106834 13
-46.461746 -738.819153 14.055040 13
-53.654495 -737.569763 42.358753 13
-47.697086 -738.161926 28.359961 13
-44.214882 -740.488647 2.092274 13
-51.045471 -744.381592 50.007328 13
-55.941944 -738.478271 43.064049 13
-46.561768 -739.744690 26.139374 13
-52.533585 -740.167664 34.755898 13
-49.082314 -739.566223 24.733820 13
-47.039108 -737.283081 36.244961 13
-44.054588 -738.387146 4.915194 13
-47.731289 -743.973206 29.330402 13
-49.067249 -739.529541 35.738197 13
-54.549767 -735.956604 49.984142 13
-53.567139 -743.675659 36.100082 13
-48.632999 -737.977112 31.757797 13
-47.336411 -739.442993 15.198394 13
-44.734020 -737.838928 6.260215 13
-43.630138 -738.989746 3.634997 13
-47.404884 -742.635559 24.475740 13
-45.089340 -737.413574 34.148190 13
-46.204498 -738.839111 12.394841 13
-47.676270 -741.777527 29.591238 13
-54.133240 -742.164856 36.269337 13
-51.574245 -743.966492 47.578300 13
-53.029156 -739.531555 36.432796 13
-45.429699 -738.352356 9.164506 13
-46.867020 -737.534668 31.647972 13
-45.517033 -741.203552 20.818476 13
-50.619240 -742.375916 40.598576 13
-50.702545 -744.083618 31.617224 13
-45.913776 -738.199402 23.927591 13
-52.383778 -742.153198 32.833549 13
-45.149605 -738.151001 8.101709 13
-46.201389 -740.195679 12.584975 13
-49.553913 -740.764465 42.843498 13
-50.760586 -742.961853 29.965319 13
-47.169460 -741.409851 25.202726 13
-45.608471 -737.882812 29.804096 13
-46.022930 -742.141663 26.508091 13
-48.764557 -741.275208 29.396837 13
-47.894169 -741.395447 22.836681 13
-44.855728 -740.217834 19.605572 13
-48.307583 -744.363037 30.359236 13
-51.771461 -741.821899 47.293621 13
-57.899014 -743.236267 42.672890 13
-51.643333 -744.111328 48.461967 13
-51.545307 -741.785583 31.189859 13
-48.192505 -740.147888 20.864002 13
-44.963528 -740.512390 15.742686 13
-58.857555 -739.245361 49.952705 13
-48.672615 -740.588684 23.326740 13
-57.847878 -741.408936 43.683586 13
-45.285404 -740.556030 21.388548 13
-53.731956 -738.081299 40.707169 13
-54.804169 -739.842651 38.754288 13
-58.538898 -738.476440 47.990841 13
-45.150536 -740.597717 18.005339 13
-54.296913 -743.612244 37.409561 13
-58.116024 -742.427185 43.471577 13
-53.252602 -736.286011 48.299801 13
-53.814720 -739.150635 38.422207 13
-45.654438 -741.464539 22.607477 13
-48.427223 -740.046936 36.916256 13
-48.863392 -742.662720 42.778740 13
-56.121197 -736.653748 48.644989 13
-47.772141 -739.282898 19.584425 13
-57.776073 -739.999756 44.169006 13
-47.572346 -739.062439 20.406366 13
-46.169888 -740.262695 9.801368 13
-52.656433 -737.734497 40.848446 13
-45.637768 -740.919678 12.670458 13
-47.774788 -737.154663 38.160805 13
-51.791576 -738.557251 36.424263 13
-45.372849 -740.921753 19.792013 13
-43.521038 -739.307129 1.885188 13
-49.682991 -744.971252 32.620213 13
-46.985886 -737.664062 29.903582 13
-48.293644 -741.200806 40.604633 13
-57.248581 -737.435669 48.506344 13
-45.847702 -739.552063 2.867058 13
-51.201839 -743.618896 45.876942 13
-46.910366 -741.042053 26.657719 13
-49.677776 -743.603699 46.484711 13
-45.911659 -738.444336 15.616197 13
-52.460743 -736.752380 44.790268 13
-58.281372 -738.133484 48.758247 13
-52.121246 -737.766052 39.992023 13
-44.039906 -739.327454 10.296216 13
-44.394554 -738.508118 11.711814 13
-46.324303 -740.679016 23.487061 13
-48.139652 -738.782654 25.670794 13
-55.771389 -736.725159 47.679710 13
-48.642902 -741.770630 31.025618 13
-50.038895 -745.067688 34.206421 13
-48.058525 -741.547119 38.744255 13
-48.724266 -740.742493 24.209538 13
-50.290905 -742.886169 28.847040 13
-52.780148 -744.492493 50.702946 13
-55.344166 -736.966431 46.080467 13
-47.202656 -737.378601 35.398415 13
-47.545582 -741.256897 33.126553 13
-49.350727 -743.131592 44.210991 13
-48.749565 -742.404602 41.690262 13
-48.276684 -739.505615 32.067768 13
-55.795372 -740.875244 39.650555 13
-47.275585 -738.566956 24.441393 13
-48.289310 -740.248108 21.706964 13
-52.439251 -743.246765 50.023815 13
-48.532330 -742.123596 44.235668 13
-52.458698 -742.732788 47.776443 13
-50.189507 -737.023804 41.612244 13
-44.295036 -738.339233 8.151063 13
-46.577438 -739.113037 10.001840 13
-50.143948 -743.064880 42.190712 13
-48.219440 -739.974060 35.046349 13
-44.952484 -740.660828 2.463665 13
-52.193485 -735.516602 49.177044 13
-54.472897 -736.304382 48.417862 13
-46.045986 -742.044983 21.940609 13
-44.553020 -740.912598 14.408525 13
-56.180683 -736.274170 49.434910 13
-53.357742 -744.994202 37.468285 13
-46.200241 -738.573425 23.143309 13
-45.303432 -738.220154 25.924793 13
-49.145645 -736.233337 44.036140 13
-53.208462 -741.706604 34.434605 13
-45.674168 -739.858215 1.308774 13
-45.291985 -738.836792 19.922077 13
-48.531219 -739.201965 24.113066 13
-54.992386 -736.320068 49.160416 13
-54.120235 -736.479858 46.911579 13
-50.764988 -738.695984 33.885822 13
-47.222168 -740.510132 32.912594 13
-46.390865 -740.149231 24.391180 13
-49.379620 -742.672424 39.474720 13
-54.724468 -741.467529 37.581654 13
-58.886879 -740.626099 46.469345 13
-45.840195 -740.553467 11.026984 13
-47.236019 -741.385254 21.342739 13
-46.162880 -738.700867 20.012104 13
-56.159245 -737.937988 44.914791 13
-48.942295 -736.385193 43.230225 13
-50.163429 -737.963501 36.472198 13
-50.938957 -742.718994 42.255154 13
-50.852825 -741.650391 29.926321 13
-48.301212 -741.894470 40.041962 13
-49.842587 -741.709900 27.641785 13
-44.782787 -739.995483 18.553894 13
-52.851116 -738.187256 39.307514 13
-50.518681 -738.286987 35.429790 13
-47.615444 -741.448792 30.357706 13
-44.362782 -739.520386 14.292338 13
-50.459053 -737.544922 39.269028 13
-49.979393 -743.566406 48.510807 13
-46.210655 -738.455261 16.739864 13
-49.139748 -737.424194 37.620201 13
-45.831676 -740.156616 8.788817 13
-45.072304 -738.450256 15.514921 13
-53.827312 -736.675354 45.782444 13
-44.234470 -740.349915 3.844224 13
-46.567467 -736.838257 38.373699 13
-51.624084 -738.022217 38.387882 13
-45.907143 -737.686401 30.904194 13
-47.322353 -741.127441 31.476917 13
-47.534859 -737.651672 30.833298 13
-48.027206 -740.730225 37.745853 13
-45.687992 -738.351562 1.549298 13
-46.092655 -738.708923 18.475561 13
-48.472836 -738.289062 29.616261 13
-52.382439 -744.158875 51.488705 13
-57.463818 -738.812683 45.268200 13
-45.614513 -738.757507 5.596536 13
-49.739357 -738.906311 30.501249 13
-48.126011 -738.649170 26.693357 13
-51.651711 -742.340149 44.053268 13
-44.403820 -739.650513 15.992265 13
-53.765991 -739.851807 37.153023 13
-51.493450 -736.784973 44.149063 13
-46.439686 -739.220032 21.718254 13
-44.402905 -740.778564 10.659616 13
-47.902756 -739.090454 21.993795 13
-46.467270 -740.419434 15.572086 13
-46.750782 -740.714355 17.856985 13
-47.589542 -740.146851 17.056501 13
-49.405308 -739.322693 27.339390 13
-45.789726 -738.417786 21.512936 13
-51.199215 -742.703125 43.225388 13
-50.807400 -736.387817 45.077278 13
-44.253002 -738.771301 28.246111 13
-46.812096 -738.233826 25.907770 13
-56.430595 -737.296509 47.275867 13
-43.619804 -739.586487 4.632702 13
-45.249428 -738.201050 11.118683 13
-47.013653 -740.005188 14.750433 13
-50.987171 -736.042480 46.620911 13
-43.887497 -740.326660 6.590706 13
-50.276764 -741.799133 28.664433 13
-54.477310 -742.253418 37.031227 13
-50.546326 -743.347412 43.744747 13
-45.148808 -740.676147 8.660316 13
-45.825542 -740.388855 5.857661 13
-44.187065 -737.853394 1.303764 13
-51.755974 -742.972290 32.224682 13
-48.127918 -743.614319 27.612913 13
-45.466667 -738.083862 26.729195 13
-45.057281 -739.080811 17.341637 13
-49.340500 -742.457764 37.861919 13
-49.182163 -739.502258 37.515823 13
-45.573330 -740.073730 3.693613 13
-44.478622 -740.502197 12.230553 13
-46.913376 -737.818115 28.729233 13
-51.685459 -737.250183 41.554314 13
-58.767174 -742.935120 43.984795 13
-48.724480 -738.194214 30.769032 13
-53.850071 -743.893188 36.842255 13
-45.570351 -738.362366 12.304176 13
-59.333626 -739.070618 49.349968 13
-44.100380 -739.841553 10.975418 13
-47.539612 -739.169006 18.747320 13
-45.208687 -737.559814 33.388962 13
-50.821968 -743.848877 46.587605 13
-44.538982 -739.253113 21.827868 13
-46.815765 -742.330322 23.028370 13
-49.644463 -738.530273 31.919146 13
-46.959637 -740.268799 29.507284 13
-47.775318 -741.029846 20.296835 13
-47.085499 -740.149170 16.397749 13
-50.728333 -738.977417 32.755741 13
-45.496246 -738.509827 7.109263 13
-48.779030 -737.547058 36.602787 13
-50.080181 -742.160706 38.292000 13
-46.025627 -740.775146 16.843466 13
-43.502979 -738.763550 6.769749 13
-55.155003 -737.156738 45.141533 13
-51.978172 -741.077515 32.588509 13
-50.393139 -744.795654 33.098137 13
-45.532303 -738.769958 3.589119 13
-56.430290 -740.076782 41.254272 13
-43.582199 -739.266296 7.503479 13
-46.543026 -740.564758 25.041771 13
-46.483303 -738.716003 19.145550 13
-44.658127 -739.827515 20.407698 13
-51.333630 -736.957581 42.574352 13
-45.838188 -740.467957 14.216126 13
-52.813046 -738.638428 37.561234 13
-51.708309 -739.864136 33.342064 13
-43.463367 -738.381470 0.722281 13
-48.559425 -742.046204 43.106979 13
-45.111843 -740.539978 4.543948 13
-47.780304 -740.569702 19.092737 13
-51.482388 -745.176941 35.994141 13
-50.008896 -740.394348 28.487726 13
-47.063042 -738.737366 21.954710 13
-50.988708 -744.277222 48.822197 13
-48.857811 -743.785706 27.968468 13
-44.063103 -740.386414 9.334770 13
-47.979084 -741.716003 31.974279 13
-48.883812 -739.666870 23.165266 13
-44.157436 -737.482056 32.798912 13
-46.237156 -737.573730 30.112959 13
-51.961025 -736.057251 47.656441 13
-57.363422 -738.398071 45.909359 13
-44.371147 -740.336121 5.215930 13
-47.529110 -738.577454 25.196165 13
-43.811890 -738.823181 12.078279 13
-47.540504 -741.137695 34.169106 13
-47.764919 -741.346619 36.664799 13
-49.361954 -744.105652 29.258827 13
-43.337914 -739.090759 1.074328 13
-45.859577 -739.505737 -0.143714 13
-51.899929 -743.721680 33.103359 13
-45.110695 -738.228943 2.021696 13
-51.541866 -736.468628 45.692165 13
-50.057640 -743.987976 47.893200 13
-45.612602 -737.197449 35.611637 13
-47.746410 -740.063599 33.423069 13
-47.036140 -740.071472 30.922361 13
-50.793335 -740.284363 30.734129 13
-58.474213 -738.728088 49.510983 13
-52.373993 -738.998779 35.926720 13
-43.751163 -738.531555 2.288253 13
-46.932404 -739.286865 12.289030 13
-45.426174 -740.667297 22.117828 13
-46.677128 -743.150330 27.454891 13
-49.018681 -741.227661 25.491367 13
-48.060764 -742.030090 23.857462 13
-48.937630 -742.538696 46.566536 13
-49.421886 -735.764404 45.304066 13
-48.537849 -742.184631 25.135038 13
-50.136505 -744.672363 31.671968 13
-51.299168 -740.371155 32.015659 13
-44.528961 -738.496582 13.316961 13
-44.367928 -738.455933 9.636533 13
-46.889568 -740.790527 27.572855 13
-48.398788 -741.323303 42.899002 13
-46.468567 -741.496704 20.383202 13
-47.342041 -743.690186 28.375101 13
-47.650890 -737.507019 33.492840 13
-45.087215 -740.646912 7.120834 13
-50.936707 -742.162292 41.434433 13
-50.238274 -741.478821 37.949463 13
-46.713192 -739.954529 28.294050 13
-53.162857 -740.004639 35.836708 13
-52.526329 -736.104004 48.336262 13
-48.970238 -737.223511 38.993938 13
-48.860470 -742.128052 35.090031 13
-59.021267 -741.974854 46.220066 13
-51.457890 -738.940979 34.026592 13
-49.101265 -738.903320 28.680241 13
-45.536919 -740.449829 10.159958 13
-45.618484 -741.277649 18.949141 13
-44.425007 -738.189819 30.440218 13
-45.532330 -738.426025 14.127913 13
-46.317383 -737.438538 32.396698 13
-48.758450 -742.240723 36.284225 13
-52.604733 -736.544373 46.924713 13
-49.643501 -741.194458 43.503971 13
-58.015903 -738.807678 46.677017 13
-51.848049 -744.403870 50.097198 13
-54.946060 -739.474976 39.451031 13
-44.560215 -738.985168 25.859198 13
-46.417473 -738.381653 24.440409 13
-54.976643 -738.923340 40.674812 13
-52.565189 -743.038574 33.532978 13
-48.860836 -742.534363 38.945210 13
-45.115437 -740.967834 11.372082 13
-46.868969 -742.758850 24.973156 13
-53.293785 -741.174988 34.930294 13
-49.528229 -743.006470 42.801315 13
-49.377159 -739.757812 25.764271 13
-46.083385 -739.700317 22.963615 13
-44.230465 -740.605225 8.010404 13
-47.757427 -737.521973 32.351559 13
-44.342022 -739.690369 13.464162 13
-47.709335 -736.177002 42.572697 13
-49.880615 -738.317627 33.859898 13
-44.559162 -739.092651 15.249640 13
-49.940849 -742.847046 40.906303 13
-52.952225 -737.361084 42.403545 13
-52.736774 -735.758423 49.739620 13
-43.938812 -739.691101 16.601814 13
-48.607960 -744.709839 31.870005 13
-53.489635 -735.952393 49.516968 13
-52.678909 -744.875244 36.405357 13
-50.954903 -737.865234 37.850811 13
-59.197613 -740.499146 47.978107 13
-50.739578 -745.323425 34.140026 13
-50.200687 -735.951843 45.571457 13
-47.880489 -740.966736 21.964624 13
-45.598877 -737.667908 32.363960 13
-47.270046 -739.071228 17.791746 13
-43.722389 -740.282654 4.479597 13
-54.599243 -745.408936 38.720551 13
-48.395504 -741.981384 33.883270 13
-45.744423 -739.734558 4.301459 13
-48.621346 -739.981750 38.533863 13
-56.176361 -739.233337 41.789627 13
-44.461597 -740.574585 13.079762 13
-50.276913 -743.589783 45.231350 13
-49.365810 -743.023865 26.981354 13
-44.720226 -739.042236 24.485075 13
-44.732201 -740.129333 21.056444 13
-56.398838 -737.865784 45.603336 13
-44.451569 -739.884705 25.521271 13
-56.558853 -738.776001 43.445065 13
-48.427101 -741.711792 41.635479 13
-48.603771 -737.705994 33.598877 13
-51.372326 -737.771667 39.066967 13
-56.695004 -737.069031 48.772465 13
-43.755379 -740.176331 7.326514 13
-46.775845 -737.248474 36.914001 13
-49.808456 -740.648438 27.747334 13
-51.879910 -742.176208 44.786541 13
-55.396748 -742.067139 38.835793 13
-43.939602 -738.480896 4.190804 13
-44.363049 -738.784912 27.161770 13
-48.584785 -740.047974 22.363176 13
-44.986210 -738.185303 14.694992 13
-52.830650 -741.470459 33.871700 13
-48.798023 -743.947449 28.817671 13
-49.986614 -736.328674 44.184135 13
-48.032482 -739.479309 18.211254 13
-51.434467 -735.346069 47.855930 13
-43.910313 -738.350647 29.362858 13
-52.270691 -742.307251 47.176281 13
-44.645966 -737.176270 34.682148 13
-48.583023 -741.392639 44.297573 13
-44.574036 -740.147766 23.608194 13
-58.743099 -739.683167 47.147606 13
-46.368416 -737.872131 27.444143 13
-45.799282 -739.897583 5.343561 13
-51.351044 -742.943359 30.947021 13
-53.292049 -736.469604 47.287899 13
-54.880840 -743.092957 38.128147 13
-49.370358 -737.394653 38.385620 13
-59.167065 -741.004578 47.108524 13
-46.145454 -738.147278 25.465780 13
-52.991318 -736.638245 45.924694 13
-44.646729 -740.571899 6.572159 13
-43.700684 -739.470032 5.946629 13
-52.008011 -742.403870 45.828541 13
-47.680241 -739.825134 31.792608 13
-53.060829 -743.188293 34.590038 13
-44.728916 -741.090210 13.491116 13
-47.335529 -738.150330 27.370903 13
-44.947777 -740.543518 -0.109684 13
-43.861919 -740.228943 8.631450 13
-47.488438 -741.622559 27.981592 13
-49.096962 -742.163696 34.094105 13
-46.309849 -739.082031 11.547339 13
-56.212452 -741.347961 40.514671 13
-47.363354 -739.267517 17.067091 13
-50.462917 -736.700439 43.433258 13
-46.267208 -738.508667 17.619390 13
-54.007957 -737.233582 43.704395 13
-53.777084 -736.947021 44.815361 13
-48.164822 -737.855591 31.051283 13
-50.383972 -742.103455 39.184006 13
-55.081547 -736.762451 46.692703 13
-49.238724 -741.958862 26.381453 13
-59.288250 -739.519897 48.818008 13
-47.531391 -740.212830 18.486340 13
-44.666977 -739.678833 22.404818 13
-47.664200 -741.631348 26.689032 13
-49.893196 -738.833313 31.278061 13
-49.853592 -738.510010 32.615547 13
-51.202400 -737.422791 40.427174 13
-50.829056 -735.343933 47.069767 13
-45.862705 -741.721863 21.228884 13
-58.411842 -740.766602 45.275417 13
-45.996056 -740.116821 11.612020 13
-58.704342 -739.143982 47.947968 13
-44.174835 -738.178284 5.636920 13
-48.486870 -739.550537 32.725163 13
-45.782032 -740.672241 15.328714 13
-46.529926 -740.711792 16.274559 13
-48.403679 -741.097778 42.234512 13
-48.868301 -736.629089 42.018555 13
-50.196106 -737.548584 38.575294 13
-44.916290 -738.924683 23.429886 13
-50.108681 -740.440857 43.194237 13
-52.459690 -740.419983 34.111851 13
-47.401466 -741.942993 22.592836 13
-44.735817 -740.656860 0.870388 13
-47.496876 -737.283508 36.757355 13
-48.764362 -741.888916 32.660313 13
-44.888985 -738.093994 4.636734 13
-47.228424 -740.840820 19.468832 13
-49.555416 -743.653442 47.208950 13
-51.363731 -741.551697 46.003384 13
-46.107189 -740.874207 17.603746 13
-50.865887 -743.961365 47.325180 13
-50.075085 -737.146057 40.948128 13
-54.560139 -739.034851 39.896862 13
-47.820583 -740.520081 36.163044 13
-48.329399 -738.490967 28.135033 13
-58.164421 -741.325073 44.402065 13
-43.140877 -739.734192 0.181913 13
-55.322826 -740.677246 38.829960 13
-44.571388 -737.885803 3.508801 13
-54.308857 -737.809570 42.412781 13
-47.837589 -742.948425 25.030792 13
-52.638329 -737.494019 41.541248 13
-55.775520 -736.832947 49.685616 13
-50.893604 -739.402283 31.544987 13
-45.672684 -738.521301 22.370207 13
-49.295750 -740.528015 25.958458 13
-43.861053 -738.796021 11.400316 13
-47.287426 -741.228149 28.753426 13
-58.233963 -739.621887 45.798996 13
-49.286331 -739.380676 26.346956 13
-43.704704 -739.069641 5.133595 13
-45.493954 -737.039124 36.600395 13
-46.915329 -736.698059 39.394112 13
-49.227547 -744.871460 33.116539 13
-50.416672 -743.872864 30.586016 13
-50.385082 -740.762451 44.545986 13
-48.251034 -740.416565 39.777267 13
-44.772556 -739.625427 19.134922 13
-51.079464 -738.304382 36.870071 13
-45.503143 -741.183411 18.007019 13
-54.664295 -740.381348 37.821499 13
-49.488796 -736.602234 42.903538 13
-45.167152 -740.655518 13.083634 13
-47.601021 -740.424255 34.325840 13
-44.244450 -739.351074 12.325213 13
-44.908775 -740.376709 17.378639 13
-48.160202 -735.975891 43.040520 13
-45.088589 -739.034973 19.314854 13
-52.167629 -738.506958 37.323483 13
-47.093056 -739.181458 15.812972 13
-43.920925 -739.348083 8.443660 13
-45.674835 -740.109192 6.507338 13
-48.626537 -738.993713 26.149961 13
-45.533939 -741.117798 24.147408 13
-49.504131 -737.922363 35.069466 13
-48.548386 -742.343323 45.085072 13
-43.730667 -740.287903 3.325122 13
-49.018475 -740.282959 24.580576 13
-52.258480 -739.530029 34.869507 13
-46.351791 -739.070557 8.564638 13
-43.908379 -740.107849 1.271126 13
-45.870777 -737.403137 34.937019 13
-55.642559 -738.945435 41.465900 13
-45.300243 -740.703491 3.054270 13
-46.825920 -742.958130 25.940084 13
-57.316483 -744.203552 41.678005 13
-54.443405 -738.385132 41.023281 13
-50.982262 -741.473022 40.208836 13
-47.242535 -740.609558 32.242130 13
-47.440651 -743.354553 26.928307 13
-58.741867 -742.080322 44.960663 13
-49.434177 -737.774658 36.205273 13
-44.410698 -738.158936 10.456542 13
-50.608936 -739.683411 30.521254 13
-43.956860 -739.340576 9.639212 13
-46.870766 -738.642090 23.019810 13
-47.270016 -742.553711 23.814011 13
-56.608089 -740.944031 41.360085 13
-49.994003 -741.619263 37.007587 13
-50.663582 -741.395874 39.288582 13
-57.767849 -737.722168 48.829014 13
-46.884453 -736.276245 40.725460 13
-50.779556 -743.379150 44.401485 13
-45.220879 -738.790710 21.201931 13
-45.618343 -737.826172 28.963467 13
-52.490696 -738.308838 38.720463 13
-46.142651 -739.629028 2.261710 13
-44.240112 -740.197693 11.674916 13
-48.618210 -738.783081 27.410330 13
-57.726742 -741.924255 43.253235 13
-49.972385 -741.035889 35.920650 13
-59.788612 -740.059692 49.049305 13
-49.878525 -735.660583 46.232231 13
-48.333939 -741.760132 24.402588 13
-46.041916 -742.080139 23.851166 13
-56.579273 -738.353210 44.590950 13
-53.904922 -744.838867 38.068298 13
-43.850422 -740.263855 5.925618 13
-52.971336 -737.050171 43.686768 13
-46.115372 -737.954895 26.807806 13
-51.092911 -738.602600 35.359470 13
-48.857525 -737.891602 33.014893 13
-48.396099 -739.250061 23.279461 13
-48.907604 -739.933472 40.484936 13
-47.767239 -736.533447 41.391033 13
-46.682804 -739.968384 13.251936 13
-46.958611 -740.444946 28.874126 13
-57.919891 -740.841675 44.014366 13
-44.899719 -738.988464 16.200630 13
-50.375011 -742.484253 39.925453 13
-42.977345 -738.609497 1.394306 13
-47.091206 -740.723450 30.024574 13
-57.142899 -740.819641 42.597862 13
-50.085606 -741.014954 36.677235 13
-44.575073 -738.430298 28.961355 13
-54.693298 -742.124939 37.690952 13
-47.920982 -741.757141 36.124020 13
-46.517250 -737.371765 34.784969 13
-46.376057 -742.755188 26.482533 13
-45.849037 -740.441284 4.979459 13
-45.669987 -738.707581 17.179596 13
-48.421665 -737.814514 32.362740 13
-51.247520 -742.314697 42.671253 13
-46.797676 -739.273193 13.691272 13
-47.320080 -741.091431 20.776842 13
-54.842403 -736.877991 45.663662 13
-51.467457 -744.474243 33.435371 13
-52.015594 -742.386902 32.079575 13
-52.797710 -742.134033 48.358051 13
-43.770950 -740.387451 2.670642 13
-48.747337 -739.630310 34.082359 13
-44.398453 -740.190735 14.410260 13
-46.546703 -741.479675 25.005833 13
-44.389652 -740.235352 15.707427 13
-49.032326 -744.323914 30.111467 13
-48.591911 -739.195740 24.950171 13
-45.986610 -742.084900 25.856653 13
-51.393288 -743.062317 44.645267 13
-47.251247 -743.616150 29.579117 13
-45.352901 -738.680847 18.512423 13
-53.858772 -736.348267 48.627640 13
-45.092285 -738.544617 24.671352 13
-45.492378 -740.782776 22.755941 13
-48.331852 -742.008423 37.337582 13
-50.560184 -741.612549 29.352875 13
-45.038033 -737.946838 9.557484 13
-46.833408 -741.811096 21.695740 13
-50.796383 -740.905884 45.032719 13
-47.395176 -743.155090 26.165644 13
-54.303913 -744.333008 38.108753 13
-45.167107 -740.981689 12.221517 13
-48.925381 -738.634094 29.295137 13
-44.353695 -739.214661 13.007558 13
-55.664337 -736.467957 49.080311 13
-44.566269 -738.630249 14.044961 13
-46.170826 -739.644043 9.962792 13
-57.091877 -741.414429 42.330730 13
-55.335808 -743.515564 39.153301 13
-47.984318 -741.216125 38.187988 13
-47.620155 -737.801697 29.906630 13
-52.705254 -741.998291 33.387566 13
-49.836998 -742.977112 41.632511 13
-52.818855 -744.102417 35.255714 13
-49.499256 -740.574402 26.727394 13
-55.509987 -737.860046 44.004807 13
-46.154060 -740.456787 10.469963 13
-47.083935 -737.056030 38.047108 13
-55.438927 -738.374756 42.715237 13
-53.215828 -738.854675 38.021332 13
-47.874508 -740.350403 35.524960 13
-54.150238 -740.705750 36.591690 13
-49.888493 -737.313477 39.653694 13
-58.083687 -738.190063 49.434769 13
-48.911427 -742.893127 45.538940 13
-48.020695 -736.577637 41.984524 13
-47.113651 -738.865784 19.108799 13
-45.631287 -738.829712 2.320644 13
-53.021358 -739.194702 37.015182 13
-48.771099 -736.914856 40.986408 13
-45.394707 -738.080261 28.058638 13
-51.269451 -742.187012 45.353409 13
-51.571102 -745.024170 35.118839 13
-50.688366 -740.924988 29.952206 13
-46.422783 -740.199402 14.216910 13
-46.777210 -739.897339 12.615604 13
-54.747093 -737.536804 43.479908 13
-45.962410 -739.568970 6.852034 13
-44.884438 -737.032043 35.408741 13
-55.165352 -741.305542 38.444778 13
-57.128708 -738.760071 44.671417 13
-47.329536 -738.667786 23.541920 13
-44.200813 -738.696716 10.212329 13
-55.222645 -744.509460 39.562557 13
-45.070377 -738.162598 6.769517 13
-55.184639 -738.476501 41.959770 13
-46.715622 -740.455872 26.455437 13
-48.762909 -739.737610 36.253525 13
-48.123810 -741.487732 29.231224 13
-44.956898 -739.123291 20.424225 13
-52.303558 -743.651123 33.639427 13
-45.826473 -738.566650 10.951838 13
-50.159676 -743.727844 30.027433 13
-51.168396 -743.684448 31.358957 13
-49.695061 -739.065491 29.766418 13
-52.884491 -744.583801 51.356670 13
-53.716110 -738.394714 40.092037 13
-48.184708 -740.817078 39.156357 13
-46.581520 -737.400574 32.969917 13
-44.282551 -738.126343 6.708582 13
-48.327282 -740.421387 41.159630 13
-46.157951 -738.680298 14.589556 13
-45.252632 -740.867737 16.208040 13
-56.387745 -742.095764 40.632835 13
-56.044487 -740.797302 40.224663 13
-43.655407 -740.380005 0.770112 13
-45.703529 -741.346436 24.835751 13
-45.797783 -740.105164 7.796824 13
-51.903587 -743.519165 47.256493 13
-49.428005 -737.995483 34.235016 13
-50.028858 -743.229065 28.367245 13
-54.346539 -739.441956 38.608871 13
-43.594254 -739.313721 3.105626 13
-45.070080 -739.067932 18.017916 13
-45.024445 -740.688660 5.835924 13
-46.267548 -737.467773 33.586479 13
-53.047203 -736.899841 44.621861 13
-44.516224 -737.930542 12.677090 13
-56.058281 -744.802002 40.306606 13
-46.385277 -738.866333 13.363644 13
-46.940292 -738.956482 16.658354 13
-44.482941 -737.843811 2.815385 13
-48.059555 -739.864685 19.590902 13
-50.815086 -744.342468 49.407036 13
-50.975567 -744.237366 32.300957 13
-47.320221 -739.327209 28.515987 13
-56.959061 -739.589050 42.978649 13
-56.724319 -737.623047 46.841572 13
-49.765995 -742.456787 27.626986 13
-50.833988 -741.523254 45.326927 13
-49.565453 -738.239441 33.123520 13
-48.848816 -742.637512 44.308178 13
-45.101166 -738.230286 27.223463 13
-44.376339 -740.741516 0.060401 13
-43.981739 -738.727295 13.122647 13
-59.882732 -739.457947 49.631622 13
-46.261539 -738.965454 7.960509 13
-47.852543 -741.525452 35.484695 13
-43.892460 -739.226379 10.941932 13
-50.491966 -735.824890 46.206833 13
-56.882710 -743.032043 41.584782 13
-50.314526 -744.150513 48.454708 13
-56.840176 -740.318298 41.696285 13
-53.809406 -738.879150 38.984993 13
-51.785069 -736.839722 43.562405 13
-47.936230 -738.984131 22.924644 13
-44.958694 -738.145874 3.999739 13
-52.060814 -744.660400 34.912788 13
-48.172855 -736.754211 40.900558 13
-56.859756 -744.267883 41.212997 13
-47.837246 -736.778137 40.310303 13
-55.147926 -736.739807 49.886242 13
-47.273609 -739.777527 15.876269 13
-48.388260 -737.563171 34.659916 13
-52.521812 -740.952332 33.759922 13
-53.409168 -743.007568 35.158127 13
-49.405727 -736.124817 44.605301 13
-50.419468 -742.938904 40.467018 13
-43.399910 -739.298340 4.113980 13
-44.721825 -739.979919 16.960358 13
-46.346329 -739.796814 11.140751 13
-49.054508 -737.028625 40.444206 13
-49.943352 -737.732910 37.350899 13
-44.033249 -737.811401 31.132504 13
-49.463867 -743.213745 44.809708 13
-46.638924 -737.443848 34.151352 13
-49.422535 -741.703674 26.953436 13
-55.500305 -739.239685 40.682930 13
-47.875893 -737.134583 38.801620 13
-53.913395 -735.737122 50.063950 13
-51.565762 -743.266357 45.510624 13
-55.779877 -743.785522 40.124180 13
-44.944561 -740.257385 22.296515 13
-54.696857 -744.257141 38.621475 13
-54.586273 -736.384766 47.815643 13
-51.407333 -739.737244 32.772205 13
-47.734188 -737.468262 34.624897 13
-49.732250 -742.532715 37.207169 13
-54.129463 -737.133057 44.339676 13
-48.674942 -742.551086 36.810604 13
-46.884186 -740.207153 27.741102 13
-47.595764 -738.383301 26.849213 13
-48.163486 -741.663269 39.438751 13
-50.440002 -736.977844 42.191078 13
-54.918701 -742.532104 38.360924 13
-52.147137 -742.663330 46.499554 13
-48.690018 -737.619263 35.260880 13
-56.902534 -737.994385 45.968487 13
-51.703011 -736.150574 47.080898 13
-45.799740 -741.289795 19.584709 13
-46.641602 -741.478760 19.675001 13
-54.884811 -743.587891 38.742241 13
-52.019176 -744.423889 34.275288 13
-45.066952 -738.858154 22.722200 13
-52.549538 -743.189026 48.452309 13
-51.679375 -743.571594 32.489716 13
-48.275455 -740.925842 23.032707 13
-46.289539 -742.097656 22.545732 13
-48.324856 -743.451355 27.045677 13
-54.782578 -744.664612 39.108707 13
-54.750538 -737.201294 44.678829 13
-50.120808 -739.450134 29.409586 13
-53.660557 -741.099854 35.528042 13
-46.421490 -737.588257 31.230131 13
-55.892105 -742.846741 39.829201 13
-51.405159 -736.305420 46.264297 13
-55.404877 -743.941589 39.678944 13
-47.907887 -744.157959 29.917221 13
-51.653408 -740.886230 32.114841 13
-45.078793 -737.647156 1.870409 13
-45.184532 -738.201477 5.821334 13
-57.685974 -737.301758 49.265583 13
-47.871719 -741.083618 37.269825 13
-48.240330 -737.496948 35.746758 13
-53.189560 -735.958252 50.080750 13
-52.200798 -739.107239 35.342918 13
-54.729195 -737.807129 42.925846 13
-52.853218 -743.137634 49.128559 13
-59.284336 -741.242859 46.430195 13
-46.105194 -740.724243 22.920156 13
-56.123116 -739.954773 40.752422 13
-52.863201 -740.087952 35.306133 13
-44.605301 -739.681152 23.190901 13
-45.287338 -738.388367 13.483356 13
-44.748325 -740.770752 9.131742 13
-53.379486 -745.604431 37.465126 13
-43.522396 -739.652527 1.381117 13
-45.398914 -738.260254 25.313995 13
-44.032410 -739.969238 9.771488 13
-43.617241 -738.994080 8.876371 13
-52.984196 -740.657166 34.877373 13
-48.929184 -742.744141 38.193371 13
-46.952198 -738.774719 20.534361 13
-57.593815 -738.414551 46.515682 13
-55.520008 -744.962830 39.837681 13
-47.887241 -740.451782 20.427343 13
-56.849937 -741.442383 41.659428 13
-54.566586 -741.023071 37.210346 13
-44.777096 -738.041199 31.003515 13
-46.466934 -738.733582 15.524770 13
-47.129902 -740.568420 31.268898 13
-47.636162 -736.950684 39.309212 13
-48.042671 -741.745544 34.373829 13
-46.097088 -737.284180 35.955353 13
-44.655460 -737.937378 7.839239 13
-47.856846 -737.273743 37.565975 13
-48.939178 -740.820007 24.877935 13
-56.106831 -744.088684 40.540970 13
-48.790112 -739.564392 22.069311 13
-44.667301 -741.125916 11.857500 13
-44.657276 -737.811096 32.064919 13
-44.588562 -739.375610 18.208773 13
-52.582085 -737.113159 43.251163 13
-43.874386 -738.682312 5.582490 13
-52.897999 -745.048828 36.939358 13
-48.165581 -741.633972 30.691706 13
-49.424633 -741.892212 35.229790 13
-50.206825 -740.945801 28.768204 13
-52.140728 -743.787170 48.632771 13
-48.061596 -738.176025 29.170530 13
-50.036922 -739.516541 28.797899 13
-43.343361 -739.284241 2.481652 13
-49.283169 -736.813232 41.591919 13
-45.642105 -739.850281 0.310465 13
-46.373302 -739.561951 24.281998 13
-51.501297 -743.155579 31.609398 13
-52.465847 -736.527222 46.268745 13
-52.746479 -743.643982 49.632900 13
-56.524914 -743.409485 41.047131 13
-45.122593 -740.760986 9.869797 13
-53.678669 -742.298828 35.405010 13
-49.215046 -743.047241 43.292294 13
-49.297211 -742.723267 40.459274 13
-45.502636 -740.106750 2.786957 13
-57.296364 -740.086365 43.304485 13
-52.855312 -743.865723 51.275208 13
-46.028934 -740.220825 23.242800 13
-48.676735 -739.752258 35.345001 13
-50.962025 -744.586121 33.111614 13
-53.845333 -739.614807 37.719852 13
-46.635056 -740.046326 25.627274 13
-46.957035 -741.124573 25.828041 13
-51.256069 -741.236816 31.012394 13
-51.382221 -741.825928 46.768127 13
-48.481598 -742.474548 40.568890 13
-53.393620 -736.296082 48.990582 13
-52.242378 -744.015747 49.445179 13
-45.659779 -737.546082 33.763973 13
-47.447220 -741.258240 30.898544 13
-48.120441 -741.964600 35.031586 13
-57.833965 -739.254761 45.418465 13
-49.757336 -743.658386 45.897629 13
-55.499481 -739.825745 39.842468 13
-48.661213 -737.121338 39.778820 13
-46.021706 -739.400330 5.555876 13
-50.415390 -745.011475 33.727203 13
-51.289658 -735.771973 48.299252 13
-53.867764 -736.627075 46.385250 13
-45.950348 -741.602600 20.623323 13
-48.313126 -740.474609 41.903755 13
-46.699760 -739.080627 22.256456 13
-55.855530 -737.223755 46.201645 13
-48.258514 -744.032471 29.065523 13
-51.972713 -745.488586 35.937626 13
-44.550983 -740.588806 1.612539 13
-49.404789 -739.192322 28.266941 13
-49.763645 -744.667236 32.126087 13
-53.454575 -741.915710 34.929756 13
-52.338482 -743.945007 34.184380 13
-55.532070 -742.963867 39.241489 13
-46.638954 -740.880188 18.422279 13
-51.066315 -740.574463 31.173344 13
-52.846130 -743.709045 34.737835 13
-48.726433 -742.391541 39.517262 13
-45.744549 -738.962097 6.300530 13
-56.203312 -738.680542 42.558838 13
-44.588169 -739.492981 17.298037 13
-48.731544 -735.847046 44.163399 13
-43.739685 -739.024536 6.323319 13
-51.128433 -736.660645 44.586014 13
-49.915623 -742.652588 38.037212 13
-58.813107 -740.092712 46.750603 13
-47.287991 -739.751892 29.621428 13
-46.909077 -737.727905 29.326031 13
-48.246933 -740.942444 43.455074 13
-47.538990 -737.469238 32.917278 13
-44.279343 -738.190735 31.717316 13
-51.436752 -744.687378 33.986916 13
-50.615871 -737.411804 39.875172 13
-50.606087 -742.894592 29.425697 13
-45.020813 -738.061401 29.265730 13
-51.505985 -742.375549 31.036575 13
-53.234520 -737.884460 40.931820 13
-55.937355 -742.244202 39.895000 13
-57.869965 -742.757019 42.987114 13
-56.312092 -742.943054 40.724560 13
-51.645966 -739.368713 33.669479 13
-53.574188 -740.615479 35.874146 13
-44.167553 -739.924072 12.178739 13
-46.071419 -739.672363 7.522629 13
-46.216331 -736.342773 38.682266 13
-51.323109 -738.495850 35.923645 13
-45.909439 -737.047791 37.069416 13
-43.444172 -737.985901 1.368022 13
-45.884384 -736.651123 37.602516 13
-47.487694 -737.457214 34.038044 13
-47.973087 -741.789673 23.329790 13
-50.113033 -741.296204 43.845390 13
-49.226452 -743.338806 27.958246 13
-44.322205 -740.374634 11.069014 13
-53.482090 -744.509155 37.206470 13
-48.095512 -739.276489 21.471544 13
-53.223389 -744.139343 36.161041 13
-53.824284 -737.792419 41.854374 13
-52.205597 -741.612732 32.597904 13
-49.797504 -743.635254 29.297384 13
-55.789429 -738.222107 43.555157 13
-53.907211 -741.727539 35.954121 13
-48.479389 -739.550171 20.751665 13
-48.682327 -738.271362 30.192036 13
-51.989437 -736.773438 44.455475 13
-48.951668 -742.803955 25.903145 13
-45.390030 -737.832092 31.132484 13
-44.230835 -740.423157 0.701724 13
-48.343624 -741.450500 41.137589 13
-46.980534 -739.330688 14.665257 13
-45.521767 -740.515076 7.504756 13
-44.048759 -738.227905 2.693135 13
-47.599350 -741.080811 35.231461 13
-49.614101 -737.126404 40.467205 13
-58.389957 -742.488831 43.988716 13
-57.222328 -739.234985 44.099094 13
-46.566814 -736.241394 39.443928 13
-47.106148 -736.663025 40.312771 13
-44.356583 -737.898376 4.855183 13
-45.901493 -741.888733 24.903534 13
-48.705589 -740.144531 22.900814 13
-45.983334 -740.699219 8.817658 13
-56.842472 -737.527283 49.097099 13
-48.994678 -736.531311 42.617668 13
-44.586956 -739.761719 24.804491 13
-44.916073 -737.869873 10.531055 13
-57.022545 -737.465271 47.974682 13
-46.004375 -742.280396 24.382324 13
-49.180290 -738.255127 31.743414 13
-50.219532 -743.812378 46.500629 13
-49.203426 -744.866699 32.162399 13
-49.894947 -740.111267 28.000826 13
-50.345707 -738.502380 34.223045 13
-55.561592 -741.841370 39.376015 13
-46.866875 -739.786499 14.204334 13
-51.667767 -737.727722 39.572365 13
-52.592300 -745.491394 36.621830 13
-48.921192 -739.725769 39.089729 13
-50.831642 -738.864624 33.316956 13
-45.853477 -740.630188 7.073350 13
-43.901867 -738.288818 30.710260 13
-54.909191 -740.254028 38.371407 13
-51.738178 -738.391785 36.964321 13
-48.051487 -736.945984 39.810497 13
-48.921795 -742.577454 42.209187 13
-45.688862 -741.590393 23.739992 13
-43.174110 -738.858643 1.920290 13
-46.419682 -741.089355 23.871201 13
-58.198116 -738.578186 47.544678 13
-44.690628 -738.409180 28.304396 13
-47.600483 -739.906860 18.027185 13
-45.392536 -740.858459 16.746109 13
-50.429325 -737.752319 38.064896 13
-48.799549 -737.675476 34.134197 13
-45.505634 -738.411499 12.889470 13
-46.420937 -742.760071 27.820110 13
-50.104939 -743.189026 42.869942 13
-45.864250 -740.441895 12.974707 13
-48.250324 -739.825867 33.640442 13
-45.950359 -740.781860 11.667666 13
-48.731968 -742.212524 35.673321 13
-53.720654 -737.347412 43.237148 13
-45.648266 -737.654602 30.328930 13
-44.320530 -739.635559 24.298256 13
-43.836273 -740.313599 5.034190 13
-46.100662 -739.623108 8.792248 13
-50.021484 -740.507080 42.635544 13
-44.426720 -739.439392 26.164034 13
-51.777798 -742.051880 31.649414 13
-44.727146 -740.041260 16.383181 13
-46.857376 -743.426697 28.030903 13
-48.055851 -738.922546 24.173054 13
-47.614208 -737.396912 35.792721 13
-59.236073 -738.789429 49.891716 13
-49.539639 -742.052734 36.263924 13
-58.069790 -740.121582 44.707638 13
-52.224121 -737.474792 41.155582 13
-51.390053 -738.736267 34.882458 13
-47.341236 -736.162781 41.309685 13
-48.127949 -741.853149 33.380123 13
-52.394535 -743.984253 50.942722 13
-52.975311 -743.480652 50.109859 13
-45.052391 -740.644226 14.230051 13
-43.536804 -739.815430 2.172080 13
-47.894321 -744.090149 30.669209 13
-46.212467 -740.250671 9.195856 13
-45.421139 -740.477478 8.211268 13
-57.061588 -742.521606 41.790840 13
-58.694523 -738.390686 49.108994 13
-56.506256 -739.356140 42.306702 13
-59.285172 -740.063354 48.531406 13
-44.617855 -739.610718 21.374678 13
-54.309914 -743.014648 37.146133 13
-44.512661 -737.277405 34.044170 13
-47.198643 -741.155701 27.879704 13
-43.820683 -738.634521 28.671064 13
-49.591686 -739.629456 26.848927 13
-46.923634 -740.010864 15.297782 13
-51.040867 -745.038452 34.516674 13
-48.276794 -740.774048 40.219090 13
-46.336880 -743.007690 27.027723 13
-54.468533 -736.523987 50.010410 13
-50.351662 -740.445496 29.502712 13
-44.777168 -740.653870 3.262900 13
-44.291988 -739.059082 16.336039 13
-51.065029 -739.811279 31.886921 13
-50.031982 -738.111816 35.201942 13
-45.064507 -738.153381 12.391105 13
-52.957298 -744.083008 50.320740 13
-58.868233 -741.662903 45.563267 13
-48.976173 -739.658203 38.024406 13
-56.583900 -736.726868 49.428635 13
-44.391472 -738.916260 26.554897 13
-54.102436 -738.738708 39.700302 13
-48.567917 -742.121338 43.670826 13
-47.755764 -741.584473 32.580288 13
-49.252495 -738.572144 30.448723 13
-46.713718 -738.757446 17.858223 13
-44.877308 -740.900146 15.351310 13
-51.046917 -745.560242 34.860291 13
-50.018784 -742.388245 38.797104 13
-51.401649 -737.308960 41.073494 13
-44.073612 -739.364380 27.320726 13
-49.995823 -743.341492 43.952389 13
-51.851982 -737.092163 42.478317 13
-51.269844 -741.803894 30.715136 13
-49.393898 -735.426147 44.859325 13
-44.517933 -738.307495 12.233329 13
-52.445770 -737.277039 42.626514 13
-45.304607 -738.660156 15.973272 13
-57.245472 -741.936157 42.430611 13
-48.245544 -740.299194 37.423389 13
-48.093716 -741.757690 38.169052 13
-48.780514 -742.412109 41.144299 13
-46.017811 -738.653992 16.264095 13
-56.933342 -740.382507 42.238796 13
-57.360630 -743.582275 41.907455 13
-56.481060 -743.971985 40.956871 13
-44.850525 -740.242615 19.059483 13
-48.801849 -739.772888 37.212124 13
-52.325699 -744.301575 50.371349 13
-43.965965 -738.176636 1.817096 13
-43.703243 -738.685669 3.159363 13
-46.391689 -738.638672 21.591787 13
-43.758125 -738.873108 10.495872 13
-45.190121 -738.073914 30.102892 13
-54.171146 -740.011963 37.501228 13
-44.067406 -738.745789 29.722092 13
-47.956360 -741.671204 37.097187 13
-44.776859 -740.635071 5.000263 13
-44.669621 -740.732239 8.308607 13
-46.495865 -742.355103 23.463308 13
-46.100384 -738.645508 15.138937 13
-49.245766 -739.837280 25.196510 13
-47.501476 -740.959167 34.713806 13
-53.808704 -737.941040 41.252640 13
-48.496090 -741.283142 24.200832 13
-52.536995 -738.035950 39.728416 13
-52.072567 -736.628052 45.196365 13
-47.387062 -741.312683 29.860149 13
-54.915768 -736.254883 49.699883 13
-45.482433 -737.326294 36.122864 13
-54.719299 -738.198792 41.911430 13
-48.633381 -740.037842 39.843605 13
-51.875092 -741.777771 45.989220 13
-44.464344 -740.449158 10.155298 13
-50.379051 -738.153564 36.005661 13
-47.528950 -739.339355 29.019512 13
-51.848843 -743.317810 46.700027 13
-46.495075 -738.081909 26.385395 13
-52.542759 -742.572510 33.144047 13
-46.092701 -739.307434 4.343017 13
-44.109253 -739.043213 14.923812 13
-48.122070 -740.028137 20.155739 13
-47.112350 -737.630188 30.424614 13
-45.272213 -738.523865 23.518015 13
-59.007931 -739.886292 47.625401 13
-49.596748 -744.930603 33.689831 13
-59.004494 -739.224365 48.391148 13
-57.342564 -738.003235 47.051434 13
-47.133060 -738.237915 26.492558 13
-50.326920 -742.344971 28.770163 13
-46.471157 -742.623657 25.311979 13
-48.247547 -741.704407 31.435265 13
-46.653412 -737.343445 35.856186 13
-46.454136 -738.566101 22.658531 13
-45.460613 -737.456360 34.557930 13
-56.821045 -742.151001 41.395397 13
-46.956509 -740.225525 30.395111 13
-44.573963 -739.094177 25.153376 13
-53.077591 -742.702698 34.334930 13
-52.545967 -737.843445 40.314228 13
-50.947838 -745.176636 35.276398 13
-50.870808 -736.882629 42.845821 13
-45.147850 -738.100952 8.719235 13
-49.683331 -744.520508 31.251614 13
-49.578945 -741.793396 35.738411 13
-47.151218 -740.593628 18.377708 13
-47.605740 -741.625793 29.078390 13
-49.223366 -743.330566 46.600399 13
-44.472294 -740.299927 15.016476 13
-45.141525 -740.461914 2.003043 13
-49.433945 -743.226501 47.585888 13
-45.567322 -740.134888 4.611549 13
-58.027287 -741.914429 43.720154 13
-46.363384 -737.760437 28.752327 13
-48.442604 -737.187134 38.749660 13
-50.902115 -741.895508 40.652454 13
-51.010212 -742.989868 30.517643 13
-45.555149 -741.138123 20.248697 13
-48.338604 -737.319031 37.843201 13
-45.869778 -740.561340 12.328012 13
-43.816246 -739.140381 7.012317 13
-50.962624 -743.090881 43.518581 13
-48.701706 -742.747803 46.012436 13
-52.525040 -744.524658 35.453945 13
-44.145893 -738.695007 30.254347 13
-48.272465 -737.427246 36.706444 13
-46.295921 -740.266357 23.874235 13
-47.793331 -743.706238 28.026596 13
-44.909100 -738.583008 25.959593 13
-47.319370 -737.582642 31.322912 13
-48.014751 -740.669006 21.515791 13
-48.172966 -740.176147 36.396473 13
-45.471161 -741.018799 18.518513 13
-44.730316 -737.634399 33.141323 13
-44.590786 -738.031311 1.739824 13
-49.691723 -744.285950 30.486059 13
-45.765224 -741.570679 23.122223 13
-55.740486 -739.628357 40.388817 13
-45.100853 -738.129089 11.635061 13
-44.065365 -738.782410 8.393534 13
-53.432175 -739.757446 36.692169 13
-52.430927 -735.829773 48.790588 13
-46.790588 -739.327209 11.533154 13
-55.828068 -736.623596 48.192482 13
-54.847130 -740.899780 37.659737 13
-47.854641 -743.019043 25.891121 13
-46.055824 -740.175842 2.618848 13
-47.291389 -737.525940 32.060516 13
-58.656765 -737.973267 49.465652 13
-59.369526 -739.382385 49.856827 13
-47.159554 -740.350952 17.315268 13
-53.788879 -743.159546 36.161194 13
-56.784721 -739.788635 42.507824 13
-44.804440 -739.164490 22.312439 13
-50.673096 -737.350647 40.422489 13
-51.516964 -737.109131 42.042828 13
-54.121727 -741.646240 36.447601 13
-46.865940 -741.476501 20.832600 13
-48.779747 -744.615112 31.257359 13
-51.898483 -740.676392 32.979092 13
-50.662544 -743.547791 29.960476 13
-47.631279 -743.875488 28.832436 13
-45.392254 -740.235779 1.552060 13
-44.031128 -738.730103 7.822633 13
-47.514542 -741.089417 33.626640 13
-47.426586 -739.890869 31.276613 13
-52.685310 -736.683044 45.296398 13
-48.316910 -742.980835 26.167454 13
-45.229984 -738.303101 4.994020 13
-57.409927 -740.826660 43.093620 13
-51.692570 -737.552612 40.238213 13
-45.365471 -740.282166 4.127714 13
-45.115349 -738.171936 7.366919 13
-50.412975 -739.783386 29.759935 13
-47.604004 -738.229919 27.849049 13
-53.228722 -737.569641 41.994198 13
-50.426548 -738.368103 34.856033 13
-44.239269 -739.017273 11.842848 13
-43.529453 -738.744751 7.422283 13
-48.350548 -740.350830 38.257267 13
-58.716618 -740.825439 45.797211 13
-58.510479 -741.726379 44.631580 13
-49.728432 -739.565002 27.687092 13
-45.874580 -738.286377 22.804255 13
-50.037582 -741.804993 28.189144 13
-46.045319 -738.575745 21.079573 13
-45.785847 -740.556335 3.566206 13
-55.740433 -740.327576 39.700455 13
-44.385265 -740.945923 13.862214 13
-57.548424 -742.849365 42.561398 13
-50.428654 -736.393433 44.656536 13
-43.470455 -739.751160 3.378902 13
-51.623627 -741.426819 31.582403 13
-46.296780 -737.748108 27.985435 13
-57.325382 -742.495361 42.257999 13
-46.708088 -736.765381 38.897083 13
-56.257252 -737.349792 46.750801 13
-53.497749 -743.305542 35.682468 13
-44.729836 -740.708069 11.080308 13
-45.618141 -738.300598 24.396147 13
-50.740585 -743.640564 45.493790 13
-45.235363 -740.560303 19.420464 13
-50.815231 -735.634033 47.528797 13
-43.838905 -738.159058 1.034120 13
-55.442886 -736.719177 47.122025 13
-44.029613 -738.905212 14.227827 13
-52.243412 -743.203186 47.623978 13
-48.848579 -741.788208 25.373341 13
-52.321732 -736.216003 47.242847 13
-58.326221 -740.218689 45.294792 13
-49.174061 -742.430176 37.269173 13
-44.630737 -737.924255 11.523076 13
-50.569122 -743.065979 41.896114 13
-48.871662 -737.449341 37.145908 13
-46.205326 -738.638062 20.523928 13
-48.942963 -741.612915 25.936953 13
-52.788052 -738.474792 38.225685 13
-46.716167 -740.907104 25.408123 13
-57.573967 -737.893433 47.589828 13
-44.784298 -738.517944 15.043672 13
-49.775288 -742.036316 36.754593 13
-43.742832 -738.962646 4.334057 13
-46.489750 -739.296265 10.511512 13
-43.360836 -738.687439 5.224770 13
-48.302799 -741.805725 32.381561 13
-49.145123 -742.825378 41.555172 13
-45.774860 -739.683960 1.881949 13
-53.955818 -740.283997 36.841831 13
-47.202682 -738.388000 25.586588 13
-55.919464 -743.215698 40.202820 13
-47.629021 -741.556946 31.622791 13
-44.823792 -737.790100 33.639751 13
-44.404514 -738.226440 9.104365 13
-49.304710 -737.802795 35.566139 13
-49.845879 -741.180054 27.692596 13
-58.606606 -740.075073 46.238808 13
-51.300903 -743.838684 47.071301 13
-52.022392 -742.380188 45.275002 13
-50.308338 -738.792725 32.511799 13
-58.136379 -739.251221 46.408672 13
-44.347511 -738.190674 7.513016 13
-45.819252 -739.909912 3.236537 13
-55.222431 -736.521301 47.864166 13
-48.146996 -742.139954 38.732895 13
-47.824883 -740.218018 34.749523 13
-48.006504 -738.653625 26.153332 13
-50.158188 -743.376953 28.868408 13
-44.886875 -739.158691 21.400993 13
-45.950489 -740.728027 9.722108 13
-56.896172 -739.154724 43.367725 13
-55.118969 -737.563965 44.132431 13
-43.801304 -739.657898 7.232893 13
-48.838379 -738.145386 31.266493 13
-46.036049 -738.634399 13.789519 13
-43.402634 -738.704956 4.009576 13
-57.773643 -739.706909 44.610554 13
-54.123344 -736.104431 49.731930 13
-44.238068 -737.838745 32.434658 13
-47.460541 -740.768127 19.921543 13
-47.683189 -741.788818 33.125523 13
-48.419380 -739.810181 34.474651 13
-51.001686 -742.423279 30.034975 13
-43.719364 -739.896729 6.290730 13
-47.454861 -739.729004 30.779915 13
-48.174068 -742.540222 25.047468 13
-44.798733 -738.033508 13.436331 13
-46.560619 -742.596619 24.511213 13
-47.468319 -740.147827 32.427624 13
-48.389496 -740.938660 41.027580 13
-50.847794 -739.154602 32.002377 13
-45.834846 -737.624512 29.422894 13
-54.600845 -736.576111 46.734554 13
-44.102371 -738.861633 9.460008 13
-46.923729 -743.199402 28.751102 13
-55.186867 -740.169983 38.832981 13
-54.358955 -736.766663 45.721027 13
-47.269123 -741.693481 22.119831 13
-48.604450 -743.111084 26.757654 13
-55.744411 -741.357300 39.528358 13
-51.643349 -741.605713 45.009033 13
-43.494923 -740.094910 0.369988 13
-58.869469 -742.424438 45.312618 13
-53.396351 -736.352295 47.812878 13
-50.950237 -736.755127 43.818886 13
-44.912567 -738.106689 2.540096 13
-48.210648 -739.537659 19.227543 13
-46.277180 -738.265015 24.964525 13
-47.083073 -738.756592 21.433653 13
-47.068901 -739.747375 13.650961 13
-52.663422 -736.942261 44.258682 13
-49.382034 -743.019897 27.490501 13
-51.939774 -736.404724 46.016327 13
-56.252651 -739.611877 41.449203 13
-58.640617 -742.297791 44.481831 13
-47.942139 -739.320923 20.068073 13
-52.675838 -739.368896 36.090225 13
-44.662285 -740.658691 4.146529 13
-52.222321 -744.742493 50.638897 13
-54.529427 -743.304260 37.823219 13
-45.679211 -741.810730 22.186178 13
-47.724022 -742.393005 24.157040 13
-51.419487 -742.599243 43.671612 13
-58.524208 -738.510620 48.496258 13
-54.142265 -742.478271 36.712299 13
-46.812531 -737.341248 32.126263 13
-54.525578 -736.346191 48.936455 13
-48.872913 -739.636475 22.599897 13
-46.618343 -739.799072 26.634993 13
-48.003925 -741.566467 29.955593 13
-43.244507 -738.862122 3.307848 13
-43.964836 -739.261230 26.311937 13
-48.754719 -738.725159 28.345087 13
-44.817642 -740.771118 10.283678 13
-53.282917 -738.389404 39.107613 13
-44.271278 -740.718628 15.803185 13
-54.537785 -741.772888 37.208553 13
-48.041611 -738.034790 29.751326 13
-48.508495 -742.325928 42.653061 13
-56.226620 -737.017029 47.700401 13
-51.315159 -739.966370 32.333374 13
-46.788143 -740.995789 19.211273 13
-48.789280 -742.071350 34.553814 13
-48.187721 -742.118896 37.821331 13
-46.091488 -740.124512 8.295038 13
-48.822029 -742.361633 37.878998 13
-45.212536 -737.754272 32.038330 13
-47.782204 -742.009155 22.921658 13
-48.061207 -739.534790 31.549070 13
-50.528313 -741.210693 38.288464 13
-51.216763 -741.714111 41.671707 13
-54.488102 -736.462036 47.326233 13
-45.513599 -738.688049 15.396194 13
-54.152828 -743.988220 37.763847 13
-52.201431 -742.567261 32.512810 13
-47.618717 -741.058899 21.490015 13
-46.120522 -741.135071 18.776026 13
-45.968742 -738.621399 12.795284 13
-49.253227 -745.232605 32.614655 13
-46.941391 -738.618164 22.480368 13
-43.452900 -739.335571 5.522695 13
-47.836716 -743.487366 27.213268 13
-50.351543 -739.062439 31.474455 13
-44.747219 -739.076782 23.921638 13
-46.963299 -739.087585 15.342452 13
-48.503006 -737.547607 36.181984 13
-48.624954 -742.674866 25.223009 13
-59.424278 -741.671265 46.207932 13
-51.342407 -741.662781 45.496494 13
-50.802288 -742.589722 41.769199 13
-51.606941 -743.467834 46.155529 13
-44.900867 -740.621765 0.385581 13
-47.348293 -740.949097 32.719105 13
-55.841312 -737.915649 44.454124 13
-51.019436 -738.113770 37.377914 13
-56.433697 -738.515991 43.889164 13
-58.567421 -739.223083 46.845837 13
-48.368896 -742.193298 41.450703 13
-55.749126 -737.582520 45.014324 13
-45.079453 -739.021484 16.844131 13
-44.742195 -737.876099 8.340000 13
-48.554268 -744.475769 30.828417 13
-52.804718 -742.989624 34.031120 13
-43.880188 -739.237549 7.950631 13
-48.372452 -742.346985 35.229900 13
-48.919472 -739.526306 24.264339 13
-53.913799 -736.858398 45.282764 13
-51.342785 -744.048950 48.014050 13
-44.989578 -740.482361 21.771196 13
-50.640678 -738.035706 36.760471 13
-50.723217 -744.820496 32.721424 13
-47.176731 -737.981873 28.321218 13
-44.622581 -739.278503 15.722634 13
-46.407349 -737.552368 31.915009 13
-51.577469 -735.823059 47.876816 13
-46.580402 -737.477783 29.657520 13
-47.542065 -739.272339 18.166504 13
-49.972389 -736.828491 42.392921 13
-51.849739 -744.086426 47.967396 13
-46.196316 -736.878906 38.035213 13
-46.181812 -738.954712 11.075445 13
-45.511486 -741.175232 22.227886 13
-52.686634 -735.481018 49.308903 13
-46.834312 -737.996948 27.442009 13
-55.035778 -741.377136 37.957973 13
-55.417141 -737.117432 45.569187 13
-44.158081 -738.067444 3.711502 13
-46.817249 -740.753174 27.049383 13
-53.255928 -738.254517 39.593037 13
-46.468445 -738.955933 12.841130 13
-44.460373 -738.299133 11.127104 13
-55.330971 -738.949280 41.043892 13
-48.562984 -741.108032 43.878967 13
-57.465607 -739.957703 43.754276 13
-43.743919 -740.359375 3.933458 13
-44.693760 -739.817627 19.906717 13
-48.164818 -737.756165 31.931095 13
-50.161854 -739.179077 30.537718 13
-43.898636 -740.409790 1.696967 13
-59.140690 -740.755798 47.556702 13
-47.264889 -741.088928 30.318899 13
-48.769482 -740.382324 23.812431 13
-50.114601 -741.147461 44.391659 13
-44.540562 -739.334656 20.244635 13
-49.870796 -742.706970 39.664135 13
-51.266884 -736.448242 45.281853 13
-47.164139 -739.734619 28.254560 13
-53.035053 -741.943665 34.037682 13
-47.692638 -740.903137 36.453613 13
-53.694931 -743.517334 36.554920 13
-45.822865 -738.329529 23.349024 13
-46.795815 -737.090088 37.456898 13
-47.705654 -740.199524 33.887901 13
-46.438622 -740.646362 24.156345 13
-45.301285 -740.283936 0.154883 13
-47.447849 -739.980042 17.491411 13
-58.981167 -738.720337 49.375351 13
-51.431839 -744.448975 49.727924 13
-58.024483 -742.945312 43.441402 13
-51.836014 -744.071045 48.905537 13
-48.582767 -743.805054 28.388660 13
-44.224373 -740.229980 7.502144 13
-44.531075 -737.843140 5.814713 13
-47.966885 -741.244690 22.366039 13
-44.339375 -739.358887 25.489151 13
-46.762611 -740.330627 16.051575 13
-48.322399 -739.351562 22.051649 13
-48.310028 -741.736389 40.493542 13
-51.762257 -738.177307 37.947548 13
-49.384113 -743.353333 45.818596 13
-43.983727 -738.675110 6.708065 13
-45.298267 -740.649536 11.049101 13
-54.636963 -738.409546 41.466957 13
-47.528244 -740.762512 35.630047 13
-48.814995 -743.064087 46.565567 13
-46.575653 -739.955627 13.757575 13
-43.467983 -738.673096 6.134471 13
-50.726952 -737.230713 41.496365 13
-48.270191 -742.112427 36.093357 13
-48.377937 -739.887695 21.334244 13
-54.204308 -745.193054 38.475784 13
-43.657978 -740.286438 2.190784 13
-56.396564 -741.161011 40.960567 13
-45.193996 -740.626892 12.585820 13
-57.583401 -743.359802 42.315300 13
-44.613037 -740.553040 7.606558 13
-52.570457 -742.598694 48.235241 13
-45.015068 -740.438477 18.512745 13
-53.643009 -739.243225 37.965294 13
-47.357738 -742.834534 25.074446 13
-51.654961 -742.594971 44.670155 13
-57.252796 -737.311951 48.982265 13
-44.401653 -739.366394 13.829856 13
-52.064163 -740.207153 33.868576 13
-49.152508 -742.429199 26.260277 13
-54.108994 -743.418701 36.939770 13
-45.389854 -737.674500 32.815510 13
-49.418468 -741.297668 26.659119 13
-48.554379 -740.921814 23.678045 13
-51.006947 -742.753174 42.784496 13
-46.899670 -741.169617 24.847433 13
-49.355919 -737.276245 39.370094 13
-47.853184 -742.559509 24.667440 13
-45.482880 -740.655090 15.746453 13
-55.629673 -740.895081 39.189255 13
-44.840618 -739.377625 17.703978 13
-46.289898 -738.453491 23.639771 13
-51.079685 -741.940063 30.235970 13
-46.775887 -740.038269 29.117682 13
-45.963493 -742.027161 25.376539 13
-50.266880 -735.366150 46.270756 13
-51.332836 -743.924377 32.327614 13
-44.192085 -740.253296 4.316224 13
-44.988689 -737.929321 10.054294 13
-45.463428 -741.014771 21.370132 13
-47.888477 -737.351074 37.042454 13
-53.434467 -737.183960 43.644718 13
-58.713799 -741.198547 45.494728 13
-45.749641 -738.073364 25.764891 13
-48.756390 -739.484985 23.766212 13
-50.193470 -736.572327 43.826256 13
-59.235218 -740.185059 48.999275 13
-47.779602 -739.446594 16.804094 13
-45.331509 -740.474426 20.880991 13
-48.763470 -740.112305 23.414356 13
-53.401157 -739.507385 37.110878 13
-46.686573 -740.796936 17.393805 13
-46.229538 -741.457275 19.953165 13
-48.463547 -736.294861 43.228397 13
-52.311066 -739.896362 34.424500 13
-49.977844 -736.626770 43.113907 13
-43.182667 -739.406799 0.553055 13
-59.538208 -740.767090 48.202782 13
-51.989113 -738.170166 38.703514 13
-44.217014 -740.658752 2.614060 13
-52.021015 -735.373596 48.669170 13
-45.181049 -740.435913 19.902750 13
-45.962612 -740.073853 11.072159 13
-53.734509 -736.319458 48.153851 13
-48.494694 -742.318970 42.122025 13
-58.423256 -741.079285 44.745052 13
-48.131561 -737.574097 33.594128 13
-49.412361 -742.707764 39.979919 13
-48.631359 -741.884521 24.763754 13
-47.344204 -740.515991 18.821756 13
-44.752018 -740.666138 14.794622 13
-58.216389 -738.214111 48.244930 13
-50.574814 -735.781982 47.099567 13
-50.288490 -738.547363 33.689060 13
-50.290157 -743.218628 43.314064 13
-44.463505 -739.225952 23.344885 13
-44.359264 -740.117737 13.238889 13
-53.507431 -737.401917 42.778687 13
-51.788967 -739.361023 34.261894 13
-46.603565 -740.173767 14.984293 13
-46.005714 -739.992554 6.150004 13
-46.365959 -741.929077 21.585672 13
-43.821018 -738.510620 3.610003 13
-47.389107 -740.735046 33.311104 13
-49.011703 -739.064209 27.282764 13
-45.558319 -740.489563 13.503739 13
-45.820988 -740.179810 9.474863 13
-45.164688 -738.300232 26.383755 13
-53.946995 -742.619080 36.296494 13
-45.156059 -738.343018 3.601466 13
-48.579910 -744.290466 29.955271 13
-48.269032 -739.745544 33.176357 13
-49.568020 -745.209717 33.037739 13
-47.467499 -739.037842 19.853390 13
-43.548347 -739.023682 1.493999 13
-54.673264 -739.462219 39.045353 13
-50.481369 -744.003723 47.606449 13
-49.216133 -743.060913 45.198479 13
-53.703773 -744.100525 37.295956 13
-44.373138 -739.836060 13.921135 13
-53.162975 -744.068054 35.662163 13
-49.392708 -743.186707 43.733952 13
-55.167274 -738.057739 42.945763 13
-55.275562 -742.522278 38.886360 13
-51.129906 -739.013855 33.682205 13
-45.491005 -740.453552 8.939187 13
-53.474033 -736.591064 46.087208 13
-57.802711 -737.773010 49.300423 13
-45.665070 -738.588745 19.748180 13
-51.854088 -742.836487 45.601387 13
-44.056839 -739.179443 28.089647 13
-50.959270 -737.619019 39.298084 13
-48.900986 -736.142151 43.657066 13
-46.698753 -739.832581 27.312069 13
-44.373840 -738.399170 29.404089 13
-58.818661 -739.457275 47.594795 13
-56.122883 -737.503906 45.828629 13
-49.692879 -735.739502 45.720528 13
-49.279419 -742.589294 26.717102 13
-44.030308 -739.799927 10.505995 13
-51.384220 -741.869812 42.563889 13
-45.784790 -740.592834 14.667831 13
-49.732483 -742.662476 39.060482 13
-55.109116 -739.826050 39.165943 13
-44.862213 -740.208191 18.064087 13
-46.791782 -740.873413 26.228884 13
-50.773006 -741.436707 39.753578 13
-44.363297 -740.361023 8.492355 13
-52.254662 -740.936462 33.215179 13
-58.271435 -743.396484 42.922626 13
-44.340927 -738.675842 27.743187 13
-49.729313 -737.002686 41.476154 13
-57.543125 -739.580811 44.196316 13
-49.863754 -743.469177 44.968002 13
-48.538601 -741.904297 33.071621 13
-54.245167 -741.168640 36.471565 13
-47.379406 -737.423645 34.940777 13
-53.049782 -735.353088 49.685349 13
-52.217762 -743.341064 33.271931 13
-57.730068 -741.030396 43.375305 13
-53.611233 -736.453491 46.897125 13
-46.202618 -739.978210 12.156397 13
-43.758663 -738.723938 4.754163 13
-48.721214 -742.452026 43.253754 13
-46.741920 -739.033569 14.387798 13
-44.571301 -737.858765 31.396248 13
-45.432964 -738.819031 18.961111 13
-52.459850 -739.000916 36.389641 13
-47.673172 -740.780090 20.697462 13
-50.395943 -736.158325 45.183113 13
-50.505192 -743.529053 44.821735 13
-47.762894 -740.186768 19.391674 13
-47.423008 -741.631104 28.468294 13
-45.572098 -740.466431 10.647858 13
-46.883453 -742.879761 25.471067 13
-44.397217 -738.187012 8.625760 13
-46.681835 -737.398621 30.228411 13
-45.501904 -737.738586 31.573996 13
-47.508030 -739.898987 16.648436 13
-46.540489 -738.731201 18.665777 13
-45.207813 -738.856323 20.735249 13
-45.469631 -740.988403 19.287382 13
-56.738037 -737.386658 47.608891 13
-49.952488 -737.887695 36.899670 13
-53.453236 -744.071777 36.572803 13
-46.670086 -738.678406 20.056841 13
-45.387905 -740.361023 6.030455 13
-57.466999 -737.641296 48.099625 13
-48.943909 -742.548462 40.709862 13
-51.068687 -743.970825 31.923256 13
-52.249233 -737.620117 40.624901 13
-51.806187 -738.946289 35.117935 13
-59.647884 -739.645569 49.210957 13
-47.064369 -743.322510 27.239777 13
-48.435867 -739.032532 25.361252 13
-45.571308 -738.673157 1.874878 13
-45.471115 -738.323730 10.726200 13
-45.181568 -740.443848 1.112854 13
-53.310307 -738.048706 40.472939 13
-43.982124 -739.197021 9.134254 13
-49.153812 -740.794067 25.589773 13
-44.209160 -738.203979 4.474006 13
-49.669842 -740.617493 27.315086 13
-48.019115 -743.131653 25.462009 13
-47.311253 -740.962769 31.936380 13
-45.448238 -741.062988 11.857876 13
-44.723190 -740.660889 5.484041 13
-51.252857 -743.713440 46.346012 13
-56.106247 -741.851868 40.345428 13
-50.143787 -744.762573 32.694778 13
-56.532795 -736.454102 49.045811 13
-52.913548 -736.115723 48.613548 13
-57.912868 -738.201782 47.672897 13
-46.884426 -737.545288 31.145760 13
-49.699944 -743.561707 28.844177 13
-48.361015 -741.786499 44.523640 13
-57.646698 -739.452454 44.990700 13
-46.805885 -737.364502 35.159374 13
-52.263977 -742.146240 47.621323 13
-46.429367 -740.126160 24.859400 13
-46.999344 -742.626221 24.247524 13
-59.145691 -741.285767 47.487053 13
-48.258884 -742.255310 39.731548 13
-51.876781 -743.652588 47.711521 13
-50.753338 -742.425781 41.095905 13
-48.868988 -737.996094 32.167187 13
-44.424114 -740.395508 9.642756 13
-57.921482 -743.767883 42.529274 13
-44.870956 -738.796692 15.740003 13
-48.104038 -738.244507 28.615660 13
-47.504292 -738.858643 22.067596 13
-47.164814 -738.564819 23.987890 13
-44.738106 -739.703125 20.852856 13
-45.028328 -738.407104 14.243869 13
-49.290012 -736.395264 43.552822 13
-53.571098 -745.126404 37.924126 13
-51.259686 -738.891479 34.443996 13
-44.298252 -738.336609 29.879107 13
-49.557037 -738.701660 30.870098 13
-47.645950 -737.767578 30.393456 13
-44.283756 -740.331604 6.836548 13
-49.844223 -740.786804 43.370728 13
-52.358032 -736.104675 47.889492 13
-43.866104 -739.129944 26.959253 13
-47.130093 -739.147217 16.295658 13
-54.889187 -736.403015 48.587902 13
-49.947762 -744.967224 33.122299 13
-49.864410 -735.842468 45.229698 13
-52.859993 -736.183289 48.036476 13
-51.139664 -735.314331 47.435028 13
-48.151131 -744.128540 29.506624 13
-50.212994 -740.565308 29.054689 13
-44.285526 -740.284302 6.348932 13
-50.817616 -743.765625 46.129021 13
-50.599316 -743.094116 42.367390 13
-47.667641 -738.567566 25.631485 13
-44.133389 -739.186157 11.426308 13
-56.062466 -740.417114 40.494732 13
-44.386177 -738.938538 13.372109 13
-45.995487 -740.078674 10.187606 13
-45.597809 -740.434021 11.413379 13
-54.487663 -736.275513 49.495148 13
-45.516724 -736.865723 36.146000 13
-55.385338 -736.478699 49.470245 13
-50.073566 -739.965027 28.657610 13
-48.114265 -741.284241 39.163448 13
-52.404720 -744.756165 35.829163 13
-45.020733 -740.811035 11.797804 13
-46.060162 -738.520020 18.063118 13
-56.106590 -736.637451 49.172501 13
-46.245953 -737.629822 30.603125 13
-46.852814 -738.423035 24.582029 13
-44.370163 -738.113220 6.138507 13
-45.448017 -740.391907 6.982299 13
-55.993099 -741.158997 39.950890 13
-45.188335 -740.644104 17.149031 13
-51.593693 -736.948608 42.979706 13
-45.448555 -740.967285 10.116669 13
-45.927704 -741.844666 22.690573 13
-47.072720 -742.368286 23.407503 13
-50.768147 -739.590271 30.982695 13
-46.524879 -736.617065 39.709297 13
-47.109810 -740.247314 16.862818 13
-49.582298 -736.346191 43.912853 13
-51.053913 -735.711243 47.910172 13
-57.518555 -738.819397 45.763039 13
-48.097839 -740.619019 20.871342 13
-57.942932 -740.436951 44.302917 13
-47.715481 -738.062134 28.869532 13
-46.581924 -739.633484 12.285172 13
-46.129753 -738.726074 19.464172 13
-48.644756 -742.446472 25.636852 13
-47.356709 -741.300232 26.637831 13
-44.168785 -740.578491 3.452503 13
-58.413960 -742.915283 43.673325 13
-48.786182 -742.415833 38.484222 13
-51.216465 -737.152283 41.491077 13
-46.260315 -742.227539 26.940454 13
-44.817505 -740.760498 13.865869 13
-50.742603 -743.897644 31.204529 13
-46.323822 -738.673889 17.127871 13
-47.775566 -739.338623 19.089273 13
-47.084148 -740.886902 28.980139 13
-50.307583 -737.794189 37.617596 13
-48.203030 -737.247009 38.299778 13
-58.065525 -741.590088 44.032154 13
-44.872211 -740.212585 20.177790 13
-51.976086 -735.838806 48.924728 13
-59.314957 -741.852844 45.796227 13
-43.382767 -740.081787 1.293186 13
-54.750526 -745.157776 39.062263 13
-51.458488 -742.084961 44.948746 13
-54.240868 -741.976196 36.733662 13
-44.576935 -738.306030 14.462934 13
-52.955311 -744.499207 36.254494 13
-51.199497 -737.937561 38.234943 13
-45.844044 -737.778442 27.949606 13
-45.069519 -738.145386 6.301553 13
-54.022381 -739.493225 38.229607 13
-47.813942 -741.805115 22.464867 13
-46.382935 -737.060669 37.125511 13
-47.726894 -738.733643 24.446335 13
-51.440529 -736.196655 46.703327 13
-50.677452 -742.057739 40.239235 13
-49.861565 -742.791077 27.963642 13
-48.481327 -741.392090 29.730452 13
-47.656864 -738.760132 23.952877 13
-45.542007 -738.532043 20.251198 13
-45.482960 -740.195984 5.603723 13
-58.171261 -738.529663 47.008163 13
-46.640251 -736.980408 37.885471 13
-48.248974 -741.334900 40.163666 13
-54.007381 -737.568481 42.676361 13
-45.709236 -739.803284 2.439726 13
-51.049107 -741.500977 30.379864 13
-44.416340 -739.012207 14.468531 13
-49.075840 -739.569885 35.144787 13
-46.588512 -737.230835 36.432255 13
-45.306469 -740.420471 3.549624 13
-48.551979 -739.695312 34.907990 13
-47.481483 -739.050354 19.331062 13
-46.221851 -740.600952 15.140151 13
-50.381886 -742.963196 40.989334 13
-47.440609 -739.858582 15.465021 13
-44.835518 -737.312134 33.734718 13
-57.208382 -738.463074 45.482132 13
-43.914883 -738.101929 31.465345 13
-49.231514 -744.137268 29.688034 13
-50.327995 -744.992554 34.546658 13
-46.358574 -739.249634 8.979208 13
-49.695114 -743.847351 48.134960 13
-43.364246 -738.852173 0.690857 13
-47.493992 -738.778442 23.102108 13
-48.643978 -742.400391 44.625824 13
-49.688427 -735.356995 45.267162 13
-45.575718 -738.070129 26.260912 13
-45.392021 -740.795776 20.500465 13
-47.921215 -739.729919 32.236092 13
-44.579517 -738.033447 9.483047 13
-51.660751 -744.125305 33.215870 13
-52.699329 -737.412659 41.975357 13
-45.415619 -738.317017 23.932693 13
-48.339024 -740.393921 22.174530 13
-43.614422 -738.829163 1.914661 13
-56.928284 -736.744324 49.020775 13
-57.459839 -741.791016 42.891090 13
-56.512569 -742.165466 41.059593 13
-45.937321 -740.630737 7.615138 13
-49.505596 -737.592590 37.392986 13
-53.228062 -742.208557 34.469330 13
-45.643353 -741.171143 22.960304 13
-54.842033 -742.587402 37.919716 13
-51.748695 -740.285461 33.147530 13
-53.929520 -742.216675 35.871605 13
-53.367348 -736.671631 45.656860 13
-49.724937 -743.020874 42.392529 13
-45.873352 -738.388000 21.956345 13
-44.613628 -739.909546 22.792892 13
-47.111694 -737.459290 33.152321 13
-47.757660 -739.841003 18.450033 13
-45.819572 -739.777100 4.891091 13
-44.078449 -740.467102 5.552973 13
-50.834709 -742.065552 29.777128 13
-55.564220 -738.276184 43.134384 13
-45.285660 -740.744751 17.603643 13
-46.088081 -736.741821 38.498924 13
-49.363667 -740.785950 26.372021 13
-43.599674 -739.533997 5.073251 13
-44.694572 -741.132629 11.314128 13
-50.943707 -736.971924 42.338493 13
-47.649006 -740.698242 19.522173 13
-45.744610 -741.751831 21.708883 13
-44.995007 -739.138794 19.749712 13
-55.990707 -736.979797 47.309483 13
-45.989769 -737.778076 27.211489 13
-44.565536 -738.370911 12.884203 13
-44.277050 -738.527039 30.714308 13
-54.116570 -738.349609 40.659431 13
-45.691586 -739.784729 0.860856 13
-54.873913 -739.082642 40.208168 13
-55.357800 -741.676270 38.602951 13
-59.008274 -740.639221 46.914059 13
-43.761452 -740.164978 9.071487 13
-47.545963 -741.311279 21.889202 13
-44.346336 -740.340820 8.982281 13
-56.582283 -740.496826 41.262562 13
-57.711273 -738.684509 46.178459 13
-44.962543 -736.953369 34.902786 13
-59.066517 -742.422546 44.892193 13
-43.809540 -738.825317 28.259090 13
-46.051163 -738.968262 2.178768 13
-49.194035 -742.312927 36.154942 13
-50.776852 -738.381531 35.806259 13
-51.191166 -744.202759 48.427086 13
-53.826237 -740.646240 36.273537 13
-56.383167 -736.947266 48.416855 13
-47.525963 -743.989990 29.795267 13
-49.203785 -742.879395 42.521374 13
-48.344223 -741.397644 23.229799 13
-48.696926 -737.391846 37.591934 13
-52.907959 -736.581238 46.377781 13
-53.187515 -739.948669 36.276276 13
-50.583241 -744.321716 32.009571 13
-49.804688 -743.848755 47.543232 13
-45.292027 -740.592529 15.343651 13
-56.764400 -737.826599 46.383446 13
-49.672108 -741.968018 27.253006 13
-48.491669 -739.800110 21.847931 13
-49.317177 -738.901367 29.336731 13
-59.124916 -740.642639 48.425537 13
-48.397221 -741.770935 43.992001 13
-53.466846 -738.867126 38.400940 13
-47.936222 -738.750916 25.276968 13
-46.662258 -740.221008 26.035179 13
-49.052620 -743.875793 28.384911 13
-57.733898 -740.360352 43.883072 13
-51.140041 -741.236755 46.186905 13
-58.730022 -738.879456 48.306408 13
-57.617390 -741.480530 43.305904 13
-52.910587 -745.158203 37.363110 13
-45.562840 -737.961914 28.450922 13
-54.823391 -738.660767 40.991653 13
-44.631153 -740.645020 2.149907 13
-44.898724 -740.391479 16.200245 13
-44.805058 -738.551025 27.103872 13
-56.868317 -737.240967 48.389626 13
-50.284389 -744.290955 31.494938 13
-54.558304 -739.822021 38.391140 13
-50.292263 -741.961548 38.629055 13
-44.655556 -740.658630 12.619481 13
-44.674965 -740.627319 2.816751 13
-47.183502 -738.481873 24.875446 13
-52.708035 -740.509155 34.477856 13
-47.143280 -740.200500 29.909174 13
-48.979168 -742.932068 43.994446 13
-43.880146 -739.830505 8.451906 13
-46.848572 -740.361938 28.232674 13
-44.433163 -738.191711 10.013152 13
-50.117832 -741.406982 37.524025 13
-51.021034 -744.892578 34.105515 13
-45.259663 -736.939026 35.666435 13
-51.414661 -738.366333 36.544170 13
-52.409702 -744.440247 50.940044 13
-44.384239 -737.903809 5.355137 13
-48.543102 -740.553528 22.843008 13
-46.898067 -741.074402 19.649076 13
-48.716721 -739.772156 36.749077 13
-47.379974 -741.523865 25.624289 13
-46.930965 -736.589661 39.907497 13
-48.405655 -741.292480 41.812241 13
-56.378494 -738.768799 43.041351 13
-52.552673 -739.848938 35.060188 13
-51.122196 -739.162415 32.663479 13
-43.759098 -739.014771 5.871699 13
-48.524902 -742.502380 36.030766 13
-50.600376 -735.304504 46.685757 13
-45.143929 -740.752930 0.746892 13
-49.649551 -742.879517 41.228542 13
-50.411064 -743.408569 44.172688 13
-44.184006 -740.177917 8.117954 13
-44.280869 -739.907043 16.429932 13
-45.787979 -740.527405 6.371846 13
-51.439800 -744.226379 48.846436 13
-49.019600 -737.380005 38.045940 13
-48.319088 -738.034119 30.675743 13
-45.258865 -738.291748 1.536099 13
-44.464081 -739.878418 23.955740 13
-44.479763 -740.720520 13.508256 13
-44.356525 -738.717468 12.146079 13
-48.670868 -737.196167 39.330227 13
-44.286968 -740.799805 14.746577 13
-50.649940 -743.953430 49.279858 13
-52.532795 -743.594299 50.363293 13
-45.242004 -738.679932 22.327984 13
-49.320824 -742.206177 34.913765 13
-49.112942 -742.931580 44.538891 13
-47.667908 -736.409302 42.202930 13
-44.431385 -739.643555 15.548948 13
-50.846798 -743.427551 30.350843 13
-52.076542 -737.948425 39.580929 13
-56.177120 -738.529480 43.451241 13
-43.107025 -739.006592 1.500244 13
-50.196873 -741.362793 28.604908 13
-43.413891 -739.396362 3.687779 13
-48.209362 -738.625793 27.159758 13
-52.035347 -738.725464 36.079834 13
-43.544918 -739.906067 4.343818 13
-43.647671 -739.976318 4.796117 13
-48.730572 -741.960083 45.221008 13
-47.187420 -741.207092 28.319885 13
-47.473179 -737.119141 37.853127 13