-46.211391 -739.504395 9.334323 13
-53.155746 -744.154541 51.758499 13
-44.070278 -737.697388 31.925173 13
-53.859924 -745.502197 37.949848 13
-48.475010 -735.845581 43.649441 13
-47.918892 -740.984436 21.083092 13
-57.516754 -739.263000 44.577812 13
-45.502510 -740.140442 -0.316333 13
-50.354382 -743.545532 29.397388 13
-50.897171 -738.246826 36.203270 13
-53.348751 -735.360535 50.054165 13
-50.089569 -743.436951 44.542801 13
-44.370163 -738.718811 15.873937 13
-43.973297 -739.437317 25.803778 13
-59.726330 -739.011963 50.045601 13
-55.457237 -740.142700 39.300133 13
-45.796432 -736.554688 38.209442 13
-48.225086 -742.242676 39.237713 13
-43.277897 -738.832703 4.670876 13
-48.472866 -738.458984 28.814001 13
-47.699543 -741.774292 33.792793 13
-57.667881 -743.950562 42.184998 13
-52.919201 -742.418884 33.852863 13
-53.207405 -736.750244 45.234856 13
-47.361423 -743.012146 25.531315 13
-51.829800 -737.459473 40.748993 13
-52.323532 -741.873901 47.998646 13
-48.176975 -737.646423 32.965466 13
-56.567505 -737.125671 48.057484 13
-49.841022 -745.325806 33.396561 13
-48.076756 -738.865784 24.736471 13
-44.654594 -741.142517 12.665112 13
-44.593147 -739.358276 19.728283 13
-50.824421 -740.087219 31.466539 13
-47.780342 -739.558044 17.545031 13
-48.342632 -740.569031 42.753986 13
-43.689880 -737.206970 1.275295 13
-59.206940 -741.678040 46.892517 13
-54.906338 -738.121399 42.417984 13
-50.265678 -735.621765 46.773514 13
-46.893654 -743.654663 28.975977 13
-51.175896 -741.523071 40.930798 13
-48.456215 -736.905823 40.362888 13
-45.919331 -740.422424 3.069151 13
-49.360237 -743.679626 47.887848 13
-47.258503 -739.349609 14.159781 13
-44.825470 -737.802246 12.014235 13
-53.660561 -740.181091 36.410976 13
-49.873028 -741.564575 36.354095 13
-45.117634 -738.175049 28.687025 13
-45.168629 -737.495117 35.065346 13
-49.637924 -741.088440 27.130342 13
-45.581787 -741.127075 23.420013 13
-45.373825 -740.749817 6.407950 13
-47.139782 -740.789856 30.700226 13
-55.589157 -743.367004 39.730515 13
-56.846390 -740.884277 41.986187 13
-44.736763 -737.836060 7.222075 13
-52.083023 -744.883789 35.531540 13
-47.949905 -737.426819 36.259514 13
-46.712109 -740.242004 27.058214 13
-46.338593 -738.538147 22.132643 13
-49.200981 -739.539856 38.634460 13
-58.337975 -741.950684 44.175858 13
-43.401726 -740.168091 1.752604 13
-54.058487 -742.999023 36.648438 13
-51.986378 -739.759644 34.086361 13
-51.696278 -744.261597 49.344543 13
-51.209274 -741.064514 45.520920 13
-48.296761 -744.394043 31.280743 13
-45.440086 -741.041992 17.286587 13
-58.436703 -739.038269 47.295979 13
-51.149242 -736.846863 43.352242 13
-53.138550 -738.611816 38.615490 13
-51.496273 -743.669250 31.913971 13
-48.962109 -739.595398 34.694798 13
-46.702400 -737.383362 30.702452 13
-43.664345 -738.755798 9.789158 13
-55.832268 -737.390442 45.466160 13
-53.968788 -736.447998 47.743591 13
-49.309715 -742.989258 42.095703 13
-48.283157 -741.320190 23.665266 13
-46.052650 -737.894470 26.138474 13
-51.590549 -743.915283 46.652180 13
-45.778778 -741.652161 20.073704 13
-46.526966 -739.735229 11.836214 13
-46.978027 -738.833313 19.741236 13
-48.475452 -741.687683 44.990032 13
-51.565079 -741.998962 43.294434 13
-50.863899 -737.746338 38.568291 13
-47.737869 -740.613281 36.895706 13
-44.998783 -738.210938 3.034051 13
-44.306484 -740.775269 8.712926 13
-48.827747 -743.316284 27.362251 13
-45.231842 -740.685486 14.901038 13
-50.446198 -740.975464 29.338469 13
-50.413174 -741.513245 38.684464 13
-47.884560 -741.556030 28.558596 13
-55.449764 -736.208679 49.841095 13
-51.863068 -735.721924 48.383900 13
-45.112820 -738.664307 24.017267 13
-45.621357 -738.778137 17.816587 13
-49.307949 -738.461914 31.212383 13
-47.791927 -739.858459 32.687683 13
-48.364552 -740.313232 40.524742 13
-48.434307 -739.388977 22.601088 13
-44.061863 -738.989624 13.708960 13
-50.210789 -738.588867 33.219242 13
-48.756454 -741.858398 31.893236 13
-45.936115 -737.500122 33.048763 13
-44.657475 -740.032471 21.799599 13
-58.241608 -737.573914 49.411465 13
-54.348389 -738.636353 40.408596 13
-55.106529 -741.937805 38.189674 13
-48.655289 -737.331299 38.278946 13
-48.872997 -739.050110 26.798443 13
-46.031017 -739.371094 4.917228 13
-46.278469 -742.520630 27.289392 13
-43.615627 -739.572144 6.678952 13
-44.321228 -740.734680 4.571646 13
-45.200607 -740.930359 10.637968 13
-59.509312 -740.572083 48.670826 13
-45.839592 -741.561707 25.446556 13
-53.159714 -737.256592 43.094727 13
-50.039463 -740.655579 43.842964 13
-49.516121 -736.834167 42.163834 13
-51.940132 -741.663635 32.078766 13
-46.274021 -739.127930 7.335683 13
-49.203808 -740.393066 25.282598 13
-46.634434 -738.782837 16.113716 13
-47.167400 -741.019104 18.729862 13
-50.035507 -736.099304 44.860046 13
-43.731667 -738.366760 30.102650 13
-46.824337 -742.148071 22.249233 13
-46.569138 -736.369263 40.139256 13
-49.870144 -742.816284 40.176292 13
-56.615452 -739.095520 42.805687 13
-52.038635 -744.210876 33.695255 13
-44.033543 -739.558777 11.710292 13
-47.411835 -736.214966 41.865509 13
-56.609295 -742.610413 41.197449 13
-46.426521 -739.751221 25.117910 13
-48.193993 -742.073364 35.616894 13
-46.883209 -737.884583 27.934317 13
-55.959671 -739.460938 41.060368 13
-48.685684 -742.569519 37.427837 13
-47.137470 -737.410156 34.544689 13
-47.155823 -739.816162 28.867060 13
-58.539371 -740.304138 45.768795 13
-49.002579 -737.711121 34.658470 13
-53.201321 -743.175537 49.630215 13
-43.790825 -738.995361 27.631136 13
-51.760738 -742.805786 45.137539 13
-49.039650 -743.141541 46.116280 13
-51.970650 -736.341187 46.570305 13
-55.129036 -745.125122 39.318882 13
-42.995346 -738.963440 0.390443 13
-44.800415 -738.052673 5.365417 13
-54.529980 -743.747498 38.255131 13
-49.930019 -739.573730 28.214432 13
-45.110470 -740.739197 1.466108 13
-48.637672 -744.153320 29.500525 13
-52.492130 -738.852600 36.848763 13
-45.851986 -738.534729 13.311001 13
-48.929058 -742.111511 25.779667 13
-51.228558 -742.398376 30.503094 13
-53.673405 -741.705933 35.427731 13
-46.156326 -737.199890 36.555843 13
-54.664833 -737.294128 44.085075 13
-57.114643 -738.053467 46.553520 13
-50.146378 -744.417664 30.954199 13
-45.301609 -738.212097 10.292134 13
-47.483269 -740.521973 35.055744 13
-56.453285 -744.503052 40.797928 13
-46.622036 -742.451904 24.017057 13
-49.118999 -739.521362 36.732555 13
-50.176495 -737.229248 40.236179 13
-50.214466 -739.347778 30.009443 13
-43.252846 -738.780212 2.805103 13
-54.344696 -739.793884 37.996288 13
-47.274765 -740.334839 15.602364 13
-45.760849 -739.148560 1.775131 13
-53.102386 -743.514221 35.303047 13
-56.005207 -741.657776 39.902138 13
-48.434875 -742.019226 40.940460 13
-49.905125 -740.498169 42.059265 13
-57.505116 -742.334290 42.729233 13
-50.064285 -742.384583 28.169621 13
-48.483814 -741.666443 30.164673 13
-44.140358 -740.344482 16.308981 13
-57.615067 -740.555908 43.504379 13
-53.320347 -737.742432 41.494148 13
-47.991207 -740.685059 38.571518 13
-53.229897 -744.471741 36.677162 13
-45.971863 -740.617737 8.113808 13
-43.844341 -740.408020 0.165986 13
-48.898872 -742.634277 43.673874 13
-46.032978 -740.258362 13.463763 13
-46.758888 -738.478699 23.762842 13
-49.508179 -741.936218 34.616310 13
-44.517265 -740.165161 24.384346 13
-47.422543 -741.430176 26.061274 13
-49.508915 -737.644470 36.880787 13
-48.389935 -739.553162 20.184364 13
-50.608654 -745.212341 34.866589 13
-45.253563 -740.636047 18.888071 13
-54.548492 -736.674500 46.223061 13
-51.596420 -736.644958 44.944435 13
-56.096577 -738.186951 44.068462 13
-44.377781 -737.479492 33.534248 13
-43.586784 -738.818665 8.114137 13
-44.664158 -737.864258 8.838719 13
-45.155392 -737.801819 30.607798 13
-47.549122 -738.397278 26.187426 13
-50.676132 -743.224976 42.862389 13
-45.569866 -741.336487 21.746590 13
-52.201073 -743.481934 48.052193 13
-48.121101 -737.977112 30.286507 13
-45.653000 -738.672424 20.664539 13
-44.324905 -740.409424 3.025036 13
-45.554203 -738.585876 14.846693 13
-47.218620 -737.006653 38.857853 13
-52.065796 -742.001587 46.459438 13
-54.492981 -741.450806 36.788769 13
-50.866062 -738.636475 34.716389 13
-58.836555 -738.852905 48.770542 13
-47.551205 -738.946350 21.280704 13
-52.588711 -739.588379 35.506180 13
-59.240620 -742.058777 45.392899 13
-43.906193 -740.218445 10.309716 13
-50.784485 -744.117310 48.063915 13
-51.920315 -744.353088 50.829895 13
-52.894623 -740.932617 34.340714 13
-58.330025 -743.326660 43.481274 13
-47.452728 -741.236389 32.276752 13
-47.797874 -739.533997 31.119383 13
-48.942886 -739.926697 23.888239 13
-44.791157 -738.546021 26.645664 13
-55.307560 -736.431458 48.357983 13
-51.605919 -740.323059 32.707336 13
-46.682892 -740.997314 24.399118 13
-44.970177 -737.981018 1.314956 13
-47.337475 -743.508179 27.581055 13
-57.830318 -737.934326 48.041946 13
-50.994080 -737.083862 41.892738 13
-46.135143 -739.788147 23.687147 13
-53.017406 -738.041138 40.100132 13
-46.766880 -740.529175 17.001890 13
-54.114391 -736.273621 49.215679 13
-50.342583 -743.720398 45.943150 13
-45.059334 -740.510132 20.486071 13
-46.330948 -737.712646 29.298697 13
-48.801830 -744.804382 32.567101 13
-44.681404 -739.848328 17.737320 13
-55.795223 -737.009277 46.838661 13
-50.420109 -744.549133 32.356361 13
-49.513741 -742.606567 38.619610 13
-48.303074 -742.492981 24.475527 13
-59.020542 -740.339600 47.286152 13
-49.725857 -736.565491 43.519497 13
-47.771915 -737.636658 31.616661 13
-50.509815 -742.777649 41.415924 13
-57.895275 -739.029602 45.955875 13
-45.738796 -738.562622 19.226944 13
-44.550343 -739.164612 22.859331 13
-48.514973 -741.888062 42.327030 13
-47.930405 -739.845947 18.909807 13
-44.273350 -740.657959 7.250439 13
-44.428623 -740.352173 13.780252 13
-47.284840 -737.224365 37.439545 13
-47.024872 -741.093262 20.070669 13
-48.400070 -740.755554 22.437277 13
-52.064186 -737.991943 39.149250 13
-52.162983 -743.033630 32.907074 13
-43.710564 -738.535522 1.488963 13
-46.926144 -738.839233 18.390442 13
-56.866570 -738.267944 45.225437 13
-45.852657 -738.545166 11.587535 13
-51.496296 -738.202637 37.498928 13
-56.267475 -737.195557 49.359715 13
-47.456810 -744.046570 30.298645 13
-54.344261 -739.146912 39.172123 13
-48.995228 -742.039734 33.402172 13
-43.683590 -739.907593 5.383692 13
-45.624863 -737.911377 27.479723 13
-47.239014 -740.515869 33.750072 13
-46.802246 -738.299011 25.103765 13
-49.349850 -743.572388 28.540371 13
-46.052704 -739.842712 10.607348 13
-56.351234 -740.682251 40.782070 13
-45.946644 -737.685608 31.731176 13
-46.014011 -740.345398 22.446369 13
-50.323715 -738.916199 31.954681 13
-45.434418 -740.551514 9.406456 13
-45.870983 -740.700317 16.054331 13
-44.349285 -737.902039 4.155161 13
-44.270714 -739.751343 15.074149 13
-45.496796 -740.524902 11.895190 13
-52.278973 -737.261292 42.072578 13
-47.354801 -741.335938 27.346497 13
-53.310627 -736.471741 46.530087 13
-44.893635 -738.635498 25.299894 13
-49.941002 -742.053528 37.540222 13
-47.971821 -738.448608 27.491385 13
-43.534935 -739.884338 3.897598 13
-50.956398 -741.057678 30.509169 13
-44.128166 -738.958191 29.026518 13
-49.695244 -737.339172 39.028267 13
-50.636623 -742.294800 29.372353 13
-49.158699 -738.643005 29.906502 13
-48.350399 -741.483765 43.629730 13
-48.293377 -740.011963 35.880638 13
-45.879246 -739.508484 6.171219 13
-52.901733 -745.625549 37.073811 13
-58.175617 -740.681519 44.627289 13
-46.547970 -741.850220 21.038446 13
-48.863834 -742.929932 44.900238 13
-51.208691 -743.019409 44.020950 13
-45.904415 -740.481873 4.334319 13
-49.795509 -737.985779 35.678257 13
-47.179939 -741.013855 29.440508 13
-52.283955 -736.930481 43.928852 13
-52.704029 -736.258240 47.600929 13
-48.678909 -739.508423 21.404768 13
-47.957806 -741.587280 37.645592 13
-45.836418 -738.669434 8.421132 13
-52.913002 -735.914856 49.034893 13
-46.068676 -739.309448 3.667723 13
-49.190880 -738.160217 32.506893 13
-44.052788 -738.487854 6.252479 13
-50.855122 -736.205627 45.860146 13
-44.286785 -738.672913 10.862595 13
-46.206635 -742.704468 25.800489 13
-49.493702 -742.307678 27.048586 13
-51.205173 -741.947205 42.123295 13
-51.336479 -739.120300 33.252594 13
-44.891510 -738.074646 13.954765 13
-52.465042 -741.351562 33.263702 13
-50.941654 -744.770081 33.673664 13
-48.404976 -736.397217 42.542271 13
-50.617779 -741.876343 39.831642 13
-48.872746 -739.238831 25.593086 13
-44.835693 -741.125549 0.303343 13
-47.084881 -737.305908 32.558609 13
-45.172264 -738.782166 21.861219 13
-45.464211 -738.830261 16.488239 13
-46.428116 -740.569763 14.738260 13
-48.678719 -741.374023 24.802767 13
-47.789726 -741.729614 31.148766 13
-49.525646 -740.005615 26.448568 13
-43.976460 -739.658691 9.035624 13
-55.138721 -740.741211 38.140213 13
-48.094448 -743.852539 28.451349 13
-51.005947 -743.560059 30.733770 13
-48.399063 -740.942200 41.548733 13
-51.482815 -741.639343 44.521408 13
-46.723873 -739.344727 13.052846 13
-48.730598 -739.598389 33.410286 13
-45.927727 -739.448120 0.617456 13
-55.026443 -738.713806 41.379120 13
-47.999542 -743.300171 26.494299 13
-47.403423 -738.774536 22.663679 13
-50.249821 -744.058105 49.119694 13
-45.360237 -738.496155 4.328606 13
-53.336525 -739.301331 37.572811 13
-47.546764 -739.494690 16.393930 13
-51.760422 -738.731384 35.553509 13
-44.345844 -740.823608 11.446142 13
-47.554050 -737.893005 29.255833 13
-51.255104 -735.857300 47.381832 13
-46.345375 -737.313599 35.409416 13
-50.350536 -741.397766 44.787151 13
-57.357037 -736.808228 49.155293 13
-52.822025 -743.622375 50.690060 13
-50.015278 -741.132935 28.239790 13
-44.774666 -740.313049 22.955162 13
-44.392269 -738.739258 12.577109 13
-53.300209 -740.576050 35.384968 13
-48.544640 -740.007019 37.794392 13
-52.934006 -742.725220 48.592728 13
-49.070889 -739.637024 39.887939 13
-47.071865 -740.203064 31.749783 13
-48.909752 -735.769470 44.736118 13
-55.226372 -739.372925 40.141216 13
-45.055077 -736.923950 36.067551 13
-44.589382 -739.270752 20.933342 13
-45.258198 -740.438782 5.303717 13
-47.513931 -742.140198 23.345100 13
-46.618729 -740.624817 25.859848 13
-45.415634 -738.463989 6.315816 13
-51.155460 -737.571655 39.733418 13
-46.774509 -738.810852 17.246481 13
-49.885754 -735.304138 45.678204 13
-46.031773 -737.442566 34.223301 13
-48.193699 -741.126831 39.734581 13
-46.997822 -740.805237 28.313049 13
-46.114994 -741.080994 18.262796 13
-49.890610 -737.601257 37.952091 13
-53.468292 -737.051819 44.170292 13
-49.412624 -736.985291 41.036201 13
-53.982365 -744.446899 37.551785 13
-52.178059 -743.016052 47.019878 13
-46.650951 -738.875305 14.976504 13
-54.403645 -736.936890 45.130558 13
-52.584686 -744.301025 34.680607 13
-49.300438 -742.252991 35.670746 13
-50.197002 -743.915710 47.127132 13
-44.281887 -739.928284 12.747223 13
-44.356438 -740.695068 5.925403 13
-48.990719 -738.937561 27.953230 13
-54.474606 -742.756287 37.659664 13
-45.378414 -738.385620 22.983740 13
-55.225300 -742.992065 38.740788 13
-48.243294 -737.100220 39.296955 13
-49.264202 -738.005249 33.632053 13
-44.964561 -739.192505 18.623590 13
-56.973213 -743.649109 41.367825 13
-48.419014 -736.676086 41.469303 13
-51.729076 -742.608398 31.522184 13
-47.416428 -736.657959 40.847038 13
-48.031258 -737.501526 35.166515 13
-45.787323 -741.710571 24.329708 13
-46.909679 -743.101318 26.613605 13
-54.326378 -744.744812 38.636261 13
-43.859623 -739.887817 7.968649 13
-55.439972 -741.324219 39.033417 13
-49.697197 -744.229004 29.958267 13
-55.629086 -744.413208 40.040077 13
-59.309452 -739.846008 49.463318 13
-54.247337 -737.483154 43.098309 13
-55.775620 -738.788513 42.184036 13
-46.095612 -742.030029 23.131674 13
-47.280754 -739.829407 30.212545 13
-56.645340 -739.784180 41.963924 13
-47.926868 -738.931763 23.609461 13
-44.344692 -737.961304 2.202281 13
-48.318192 -742.253479 34.549355 13
-45.752892 -740.081360 7.161912 13
-47.759800 -741.688110 21.945118 13
-44.889370 -737.761230 32.628395 13
-47.662178 -741.142273 35.924488 13
-55.271233 -737.945007 43.417164 13
-49.222240 -742.745972 41.040024 13
-48.105042 -737.527710 34.089767 13
-51.307285 -741.257080 46.614155 13
-49.365051 -744.642883 31.662903 13
-50.314251 -741.086914 37.296406 13
-51.569397 -744.770935 34.544132 13
-47.764511 -740.356323 19.847008 13
-44.580093 -739.339294 16.734579 13
-57.220806 -739.544678 43.600052 13
-44.365814 -738.607361 14.722420 13
-48.194946 -741.977051 36.672043 13
-54.990383 -744.059326 39.172279 13
-59.134148 -739.693665 48.140038 13
-45.787960 -738.121338 24.855797 13
-48.041168 -739.947510 34.148457 13
-49.810383 -743.175415 43.471043 13
-48.368816 -737.351440 37.250481 13
-54.988552 -736.553528 47.356289 13
-45.024105 -740.691589 3.774408 13
-59.073868 -738.281677 49.631348 13
-48.794064 -742.569580 40.075016 13
-44.255241 -738.388306 31.138443 13
-46.764648 -738.044006 26.881359 13
-54.326878 -740.458679 37.186665 13
-43.444798 -739.801758 2.741073 13
-48.105476 -742.010071 32.846825 13
-56.137783 -743.485229 40.607147 13
-52.508720 -743.377502 34.190453 13
-44.739578 -738.411011 27.710617 13
-46.262032 -736.647888 39.164162 13
-59.504730 -741.132080 47.786953 13
-45.437275 -736.755798 37.243095 13
-49.930782 -738.172791 34.577698 13
-51.343884 -744.202209 32.793728 13
-58.747883 -742.713684 44.761654 13
-49.644791 -739.150391 29.129662 13
-44.111015 -740.737671 1.178699 13
-50.985199 -743.543396 45.026157 13
-44.702026 -738.159241 29.736929 13
-52.049419 -745.213379 36.521667 13
-58.879574 -741.286438 45.974628 13
-53.303616 -742.500427 34.796711 13
-50.215458 -740.005737 29.111013 13
-45.495468 -740.098022 2.160021 13
-51.381824 -740.953308 31.507797 13
-50.659935 -736.596558 44.212551 13
-46.898529 -737.473633 33.544945 13
-50.514515 -737.982605 37.241825 13
-51.181034 -739.423767 32.294086 13
-50.473228 -739.231201 31.007221 13
-49.380795 -742.362366 36.711548 13
-56.980778 -741.961426 41.942371 13
-42.923653 -738.012329 1.119353 13
-52.283813 -738.400391 38.090878 13
-44.533920 -740.832764 9.777944 13
-47.703217 -741.474915 34.835651 13
-57.400913 -741.348267 42.894600 13
-47.516422 -740.487854 17.834131 13
-49.283710 -741.229370 26.196362 13
-56.480362 -741.615234 41.119572 13
-44.006107 -738.222168 3.267738 13
-51.403328 -745.622253 35.326168 13
-49.236118 -743.049255 47.110119 13
-52.594624 -744.204163 49.913177 13
-44.279633 -740.779175 15.198485 13
-54.283714 -737.997437 41.573219 13
-46.668835 -742.974731 28.290129 13
-52.491379 -743.610596 49.090809 13
-43.318932 -738.885071 5.714001 13
-46.315487 -741.208557 19.228647 13
-46.076424 -739.615173 8.205474 13
-47.116566 -739.605774 27.731289 13
-51.797958 -741.848877 45.437244 13
-45.040417 -738.068604 12.969245 13
-58.499348 -739.616516 46.481842 13
-44.066872 -738.571655 7.293497 13
-48.562714 -740.165222 39.237293 13
-57.118793 -740.159668 42.733215 13
-47.432915 -736.762329 39.847324 13
-50.314125 -736.795410 42.762299 13
-53.699291 -736.317627 50.125919 13
-46.632408 -738.678528 21.049543 13
-48.881050 -737.637024 35.834747 13
-48.749035 -742.251404 45.740837 13
-44.523209 -737.769104 9.897332 13
-55.554996 -742.398987 39.430534 13
-53.658813 -738.520691 39.474522 13
-45.971626 -737.794556 28.398973 13
-49.125862 -744.452454 30.735994 13
-43.313171 -739.852539 0.834445 13
-53.729446 -742.827332 35.755165 13
-48.476120 -742.146851 38.282951 13
-49.844917 -741.409607 35.392555 13
-55.499447 -737.584839 44.580528 13
-49.586803 -743.471436 45.370720 13
-45.323086 -740.271667 0.643969 13
-52.324070 -736.548096 45.688393 13
-44.998871 -737.855896 31.586615 13
-52.036930 -737.067871 42.987839 13
-57.092934 -737.686523 47.438038 13
-50.490284 -740.277710 30.003805 13
-58.586475 -741.440491 45.062946 13
-44.207066 -739.433350 26.749086 13
-44.116089 -738.653320 8.913055 13
-49.240295 -737.153992 39.866253 13
-57.305996 -737.795959 49.311493 13
-51.873310 -743.035034 46.105556 13
-45.045181 -740.402283 16.645678 13
-45.019810 -740.667053 7.869396 13
-57.272354 -743.009338 42.092186 13
-46.306713 -737.049500 37.573837 13
-44.196331 -739.342896 24.889563 13
-55.907406 -740.092896 40.164314 13
-56.071651 -742.568787 40.344063 13
-53.902634 -741.053040 36.119556 13
-48.862713 -742.761658 26.478077 13
-44.449890 -739.437134 23.780451 13
-56.348583 -737.548218 46.279903 13
-50.791534 -737.260254 40.975540 13
-44.569767 -737.773376 11.007751 13
-46.218277 -742.362610 24.905502 13
-50.194077 -742.772339 39.284843 13
-46.702190 -739.266663 10.987436 13
-46.986561 -740.223938 13.837194 13
-52.963161 -744.482849 35.762272 13
-57.825172 -738.284302 47.160805 13
-49.752136 -740.050781 27.357531 13
-45.322239 -740.814575 13.765838 13
-58.087337 -739.769775 45.149090 13
-49.773659 -743.205078 27.786285 13
-48.257877 -742.775513 25.671997 13
-51.854610 -739.029541 34.646004 13
-52.137375 -740.495239 33.452400 13
-56.832172 -738.762329 44.108540 13
-46.456451 -738.812012 14.055669 13
-53.652550 -737.579102 42.345058 13
-47.698864 -738.158142 28.363869 13
-44.207874 -740.481567 2.081980 13
-51.046078 -744.374817 50.016914 13
-55.958931 -738.479248 43.073685 13
-46.554249 -739.747803 26.127516 13
-52.547131 -740.167419 34.753021 13
-49.078423 -739.568115 24.742043 13
-47.025902 -737.273376 36.236786 13
-44.066681 -738.392395 4.923956 13
-47.736935 -743.971924 29.332508 13
-49.074234 -739.535522 35.741268 13
-54.547890 -735.956177 49.979679 13
-53.565006 -743.674988 36.105019 13
-48.630032 -737.971191 31.758999 13
-47.335175 -739.445923 15.198014 13
-44.725647 -737.833069 6.253614 13
-43.633640 -738.980896 3.632943 13
-47.399242 -742.626526 24.461395 13
-45.089005 -737.420288 34.153912 13
-46.201942 -738.832031 12.392738 13
-47.681152 -741.769714 29.594833 13
-54.126183 -742.140198 36.268215 13
-51.568565 -743.962708 47.566952 13
-53.020824 -739.522949 36.437798 13
-45.412140 -738.345032 9.160250 13
-46.873180 -737.530640 31.631634 13
-45.519234 -741.215698 20.816845 13
-50.624386 -742.381165 40.598751 13
-50.698856 -744.094971 31.624693 13
-45.918701 -738.184448 23.924189 13
-52.393520 -742.145325 32.816303 13
-45.157059 -738.158081 8.110167 13
-46.203857 -740.200562 12.575301 13
-49.560410 -740.773071 42.853733 13
-50.759899 -742.964905 29.978302 13
-47.175354 -741.408936 25.195824 13
-45.599373 -737.883728 29.798706 13
-46.014145 -742.138733 26.509237 13
-48.766876 -741.274292 29.388718 13
-47.886372 -741.395142 22.837488 13
-44.851368 -740.211243 19.626417 13
-48.306892 -744.354492 30.357243 13
-51.766430 -741.818420 47.279774 13
-57.902451 -743.245850 42.683590 13
-51.651066 -744.104370 48.455814 13
-51.544300 -741.779541 31.189323 13
-48.187366 -740.156616 20.866541 13
-44.974045 -740.522766 15.739454 13
-58.864506 -739.250183 49.957874 13
-48.668106 -740.584473 23.309839 13
-57.837421 -741.401367 43.700840 13
-45.283535 -740.555725 21.389048 13
-53.723866 -738.064880 40.715485 13
-54.804852 -739.839905 38.761032 13
-58.540474 -738.475586 47.984684 13
-45.154678 -740.593079 18.004147 13
-54.300556 -743.618286 37.409115 13
-58.120983 -742.428345 43.458141 13
-53.250320 -736.281982 48.294270 13
-53.814896 -739.153076 38.412186 13
-45.657654 -741.465820 22.608248 13
-48.422928 -740.052612 36.915474 13
-48.871426 -742.659546 42.786301 13
-56.109142 -736.651489 48.652264 13
-47.779228 -739.285095 19.590528 13
-57.780296 -739.998596 44.178787 13
-47.582088 -739.054504 20.416941 13
-46.177513 -740.281738 9.811375 13
-52.669220 -737.733704 40.848667 13
-45.637527 -740.911621 12.659221 13
-47.771763 -737.149658 38.165596 13
-51.800110 -738.565613 36.415787 13
-45.363174 -740.914185 19.790598 13
-43.513409 -739.315918 1.877686 13
-49.678295 -744.960999 32.616470 13
-46.991264 -737.660461 29.897673 13
-48.317387 -741.216003 40.602139 13
-57.251774 -737.432007 48.501366 13
-45.851944 -739.557312 2.857917 13
-51.200302 -743.612244 45.883923 13
-46.909489 -741.038696 26.649952 13
-49.688953 -743.602051 46.488850 13
-45.926437 -738.438538 15.624453 13
-52.458778 -736.759277 44.787258 13
-58.286282 -738.134583 48.766518 13
-52.119869 -737.759399 39.984112 13
-44.052082 -739.336426 10.297602 13
-44.408485 -738.506836 11.721684 13
-46.319801 -740.683960 23.488100 13
-48.153229 -738.780212 25.685017 13
-55.781353 -736.726685 47.670044 13
-48.635616 -741.770935 31.029585 13
-50.037109 -745.074524 34.206902 13
-48.058807 -741.546387 38.744938 13
-48.706020 -740.748657 24.212273 13
-50.285725 -742.877502 28.836683 13
-52.773205 -744.475281 50.709206 13
-55.341843 -736.967224 46.074585 13
-47.198807 -737.370117 35.410454 13
-47.548946 -741.266724 33.129009 13
-49.347736 -743.144165 44.215408 13
-48.758381 -742.394592 41.695034 13
-48.274971 -739.504333 32.067104 13
-55.797913 -740.878784 39.646805 13
-47.270744 -738.561584 24.441120 13
-48.288738 -740.253174 21.706959 13
-52.439140 -743.247131 50.019604 13
-48.537296 -742.111694 44.240753 13
-52.451981 -742.730530 47.762634 13
-50.186436 -737.035950 41.613010 13
-44.310791 -738.343811 8.147985 13
-46.571068 -739.114746 9.995386 13
-50.145359 -743.086304 42.192516 13
-48.208885 -739.967529 35.039928 13
-44.944942 -740.667847 2.460537 13
-52.191086 -735.516418 49.171242 13
-54.474205 -736.311829 48.413979 13
-46.051125 -742.043579 21.942448 13
-44.553352 -740.918213 14.419437 13
-56.182247 -736.271606 49.440567 13
-53.352428 -744.993042 37.474995 13
-46.205803 -738.568787 23.136572 13
-45.302990 -738.211304 25.932932 13
-49.158123 -736.238953 44.044724 13
-53.206734 -741.714905 34.435047 13
-45.679691 -739.862244 1.308799 13
-45.304359 -738.829163 19.929054 13
-48.539658 -739.208679 24.108198 13
-54.993767 -736.319214 49.164768 13
-54.129280 -736.485107 46.910500 13
-50.760025 -738.691895 33.888683 13
-47.229145 -740.504822 32.919682 13
-46.394863 -740.160645 24.387499 13
-49.374443 -742.675659 39.468204 13
-54.723083 -741.471924 37.591591 13
-58.895409 -740.617249 46.466030 13
-45.843266 -740.569702 11.025336 13
-47.234715 -741.381592 21.337431 13
-46.167343 -738.716858 20.003750 13
-56.160240 -737.940369 44.905514 13
-48.940071 -736.387939 43.228149 13
-50.160919 -737.955505 36.461109 13
-50.941601 -742.707397 42.257336 13
-50.864204 -741.650513 29.928408 13
-48.310589 -741.899048 40.029907 13
-49.834293 -741.704590 27.640518 13
-44.784744 -739.994263 18.557045 13
-52.861958 -738.179199 39.306419 13
-50.518791 -738.276978 35.431767 13
-47.614338 -741.455750 30.356398 13
-44.358299 -739.522400 14.297989 13
-50.473125 -737.533691 39.272633 13
-49.974483 -743.561218 48.522221 13
-46.212090 -738.459961 16.739349 13
-49.137871 -737.427368 37.619873 13
-45.830750 -740.150513 8.784734 13
-45.084015 -738.460815 15.512597 13
-53.821346 -736.682861 45.785770 13
-44.239479 -740.342407 3.840156 13
-46.566704 -736.852783 38.368526 13
-51.627083 -738.021362 38.387878 13
-45.898598 -737.687378 30.917345 13
-47.324543 -741.122437 31.478613 13
-47.528378 -737.645203 30.827072 13
-48.041618 -740.745117 37.752098 13
-45.690289 -738.353333 1.556189 13
-46.096054 -738.708618 18.491299 13
-48.475388 -738.279846 29.612337 13
-52.387642 -744.162109 51.485149 13
-57.458584 -738.816040 45.275284 13
-45.615047 -738.763672 5.585842 13
-49.740936 -738.908264 30.494785 13
-48.134567 -738.657959 26.689037 13
-51.642307 -742.329895 44.057377 13
-44.407127 -739.649109 15.985419 13
-53.754135 -739.863586 37.160294 13
-51.488041 -736.772095 44.156216 13
-46.450111 -739.224670 21.724602 13
-44.401371 -740.770569 10.656230 13
-47.911915 -739.086670 21.996555 13
-46.463425 -740.423218 15.576789 13
-46.759113 -740.707153 17.871180 13
-47.572720 -740.141785 17.055071 13
-49.412758 -739.323486 27.334278 13
-45.798092 -738.422729 21.514196 13
-51.196739 -742.700806 43.233440 13
-50.808792 -736.389832 45.076061 13
-44.257500 -738.762146 28.242149 13
-46.800194 -738.233276 25.905066 13
-56.419022 -737.293274 47.263809 13
-43.618145 -739.588257 4.625607 13
-45.251072 -738.206421 11.114229 13
-47.014961 -740.006409 14.743003 13
-50.983604 -736.042847 46.623592 13
-43.884129 -740.324341 6.587148 13
-50.282581 -741.792603 28.660467 13
-54.475555 -742.254272 37.031105 13
-50.533577 -743.339844 43.737286 13
-45.146439 -740.679871 8.662382 13
-45.818676 -740.380432 5.853302 13
-44.184013 -737.858093 1.301015 13
-51.753601 -742.972412 32.229301 13
-48.144054 -743.614746 27.605167 13
-45.462536 -738.087524 26.724541 13
-45.061378 -739.067566 17.341131 13
-49.341812 -742.462646 37.869621 13
-49.179379 -739.498413 37.517296 13
-45.578106 -740.070496 3.688334 13
-44.488407 -740.504639 12.243230 13
-46.911076 -737.820007 28.726606 13
-51.680660 -737.238037 41.550255 13
-58.756519 -742.928894 43.988678 13
-48.721752 -738.183716 30.766088 13
-53.844662 -743.892578 36.832199 13
-45.569927 -738.366638 12.303347 13
-59.326332 -739.069885 49.352753 13
-44.094524 -739.848633 10.974203 13
-47.539261 -739.173340 18.749767 13
-45.204105 -737.551270 33.384632 13
-50.821587 -743.843506 46.593334 13
-44.541794 -739.238403 21.854006 13
-46.807575 -742.322571 23.023483 13
-49.642105 -738.539246 31.914934 13
-46.966183 -740.279846 29.507875 13
-47.774586 -741.037781 20.295786 13
-47.088581 -740.143127 16.397551 13
-50.736767 -738.973145 32.754665 13
-45.496708 -738.509094 7.100128 13
-48.795021 -737.555420 36.604637 13
-50.077991 -742.160461 38.306782 13
-46.018063 -740.784912 16.835594 13
-43.500797 -738.768921 6.783208 13
-55.149559 -737.148315 45.150261 13
-51.986332 -741.078674 32.592159 13
-50.387936 -744.800293 33.095875 13
-45.526146 -738.768005 3.582366 13
-56.424564 -740.078003 41.259750 13
-43.574829 -739.271240 7.506818 13
-46.540134 -740.561279 25.029091 13
-46.483105 -738.716064 19.150543 13
-44.649548 -739.828003 20.411343 13
-51.335350 -736.962219 42.578110 13
-45.843330 -740.464233 14.227135 13
-52.816044 -738.639282 37.566635 13
-51.709499 -739.853760 33.353722 13
-43.471680 -738.381348 0.726424 13
-48.562450 -742.034485 43.111897 13
-45.111443 -740.534851 4.542974 13
-47.765354 -740.570435 19.101757 13
-51.474270 -745.171753 35.993687 13
-50.013168 -740.389038 28.488903 13
-47.061283 -738.732239 21.955420 13
-50.994129 -744.271545 48.821239 13
-48.860428 -743.776245 27.972572 13
-44.066093 -740.382507 9.321385 13
-47.974045 -741.723145 31.984596 13
-48.901154 -739.675171 23.168211 13
-44.147247 -737.488647 32.795872 13
-46.257042 -737.581665 30.117706 13
-51.968594 -736.059937 47.650875 13
-57.366913 -738.412537 45.907883 13
-44.366322 -740.327759 5.214789 13
-47.516331 -738.568787 25.187706 13
-43.808971 -738.816406 12.077829 13
-47.538464 -741.139160 34.162018 13
-47.767250 -741.349976 36.683701 13
-49.366520 -744.109070 29.252756 13
-43.322208 -739.094177 1.077968 13
-45.868229 -739.501892 -0.133586 13
-51.900185 -743.729553 33.104282 13
-45.113052 -738.231873 2.024457 13
-51.547596 -736.465088 45.693825 13
-50.052963 -743.979065 47.895565 13
-45.605289 -737.193787 35.607265 13
-47.738445 -740.061340 33.419407 13
-47.032860 -740.083557 30.911886 13
-50.791698 -740.273743 30.732864 13
-58.473637 -738.740234 49.511837 13
-52.372272 -738.986633 35.927101 13
-43.743473 -738.532227 2.287236 13
-46.940937 -739.296936 12.292778 13
-45.429054 -740.659058 22.122185 13
-46.684734 -743.149414 27.460545 13
-49.015179 -741.225464 25.491472 13
-48.067867 -742.029419 23.854864 13
-48.951164 -742.527771 46.571281 13
-49.413872 -735.771790 45.300163 13
-48.529724 -742.189026 25.136026 13
-50.139214 -744.673706 31.669809 13
-51.297287 -740.370178 32.004704 13
-44.542477 -738.490845 13.315526 13
-44.375969 -738.457031 9.624748 13
-46.886913 -740.788635 27.565205 13
-48.380753 -741.322571 42.895210 13
-46.466824 -741.491943 20.381533 13
-47.348064 -743.676270 28.376764 13
-47.649426 -737.500244 33.485283 13
-45.092003 -740.646423 7.119321 13
-50.939377 -742.160400 41.433460 13
-50.238670 -741.476074 37.944656 13
-46.714573 -739.957031 28.285770 13
-53.161491 -739.994690 35.834583 13
-52.526455 -736.093933 48.337109 13
-48.957260 -737.213013 38.991917 13
-48.856781 -742.137573 35.097275 13
-59.025631 -741.994324 46.210350 13
-51.464546 -738.937195 34.020763 13
-49.098648 -738.907104 28.678461 13
-45.537445 -740.458374 10.167843 13
-45.641850 -741.279907 18.945665 13
-44.418987 -738.196716 30.443745 13
-45.527092 -738.413147 14.127433 13
-46.301636 -737.436157 32.399738 13
-48.761311 -742.232971 36.276176 13
-52.610641 -736.537903 46.927086 13
-49.643658 -741.191101 43.516769 13
-58.024521 -738.811890 46.683094 13
-51.848469 -744.401367 50.099072 13
-54.949688 -739.478394 39.437824 13
-44.545429 -738.983643 25.859222 13
-46.415173 -738.386169 24.443501 13
-54.975689 -738.919739 40.679741 13
-52.569725 -743.040161 33.531380 13
-48.868835 -742.544556 38.948414 13
-45.113880 -740.963440 11.369878 13
-46.865631 -742.756592 24.979319 13
-53.295860 -741.168823 34.933662 13
-49.539185 -743.011719 42.803841 13
-49.363289 -739.762817 25.758881 13
-46.078720 -739.692627 22.959816 13
-44.227032 -740.597961 8.006663 13
-47.748566 -737.529114 32.356960 13
-44.337128 -739.687073 13.458110 13
-47.709633 -736.180176 42.569424 13
-49.880493 -738.317505 33.858402 13
-44.569225 -739.095154 15.238667 13
-49.942574 -742.849487 40.912338 13
-52.943878 -737.375000 42.413036 13
-52.725803 -735.755005 49.720013 13
-43.940029 -739.702271 16.592386 13
-48.613178 -744.706543 31.867849 13
-53.491959 -735.959045 49.525337 13
-52.674164 -744.867371 36.398911 13
-50.944805 -737.862427 37.841251 13
-59.198616 -740.502686 47.975666 13
-50.740948 -745.325439 34.144272 13
-50.186329 -735.949463 45.572803 13
-47.879688 -740.962585 21.953962 13
-45.595467 -737.667786 32.363983 13
-47.268269 -739.070984 17.777992 13
-43.714924 -740.285400 4.479174 13
-54.592625 -745.417480 38.718929 13
-48.394901 -741.985291 33.885784 13
-45.733665 -739.735291 4.307505 13
-48.632164 -739.987854 38.523769 13
-56.172985 -739.243103 41.793346 13
-44.471478 -740.560425 13.069884 13
-50.285339 -743.583496 45.238861 13
-49.368824 -743.036987 26.980545 13
-44.721546 -739.036926 24.489424 13
-44.730713 -740.126892 21.056234 13
-56.391006 -737.855347 45.607914 13
-44.453285 -739.883057 25.518539 13
-56.552692 -738.776489 43.447014 13
-48.420990 -741.706482 41.630184 13
-48.601299 -737.701782 33.594765 13
-51.368443 -737.759399 39.067600 13
-56.694511 -737.066345 48.776443 13
-43.749565 -740.180359 7.318812 13
-46.775761 -737.243164 36.914482 13
-49.804394 -740.647522 27.758350 13
-51.871880 -742.175964 44.782471 13
-55.396942 -742.063721 38.824707 13
-43.941933 -738.489746 4.193946 13
-44.360641 -738.790588 27.153542 13
-48.584106 -740.042603 22.356020 13
-44.986656 -738.175903 14.680110 13
-52.826317 -741.477234 33.881981 13
-48.794609 -743.928223 28.818106 13
-49.979706 -736.319763 44.189728 13
-48.030262 -739.491760 18.216616 13
-51.415024 -735.357788 47.857349 13
-43.901722 -738.353882 29.346199 13
-52.265343 -742.308594 47.166996 13
-44.654171 -737.186951 34.696777 13
-48.571960 -741.395508 44.300301 13
-44.574429 -740.153442 23.620235 13
-58.741673 -739.690430 47.156967 13
-46.363625 -737.877014 27.433012 13
-45.796158 -739.900818 5.332672 13
-51.351871 -742.948975 30.936760 13
-53.299843 -736.464355 47.281666 13
-54.875561 -743.095886 38.132790 13
-49.366684 -737.390320 38.380783 13
-59.166534 -741.000366 47.114677 13
-46.150749 -738.153870 25.458014 13
-52.995571 -736.639648 45.911137 13
-44.652096 -740.575989 6.576068 13
-43.699150 -739.477600 5.937847 13
-52.026348 -742.398132 45.823376 13
-47.664368 -739.824219 31.799381 13
-53.052185 -743.187561 34.579662 13
-44.732658 -741.078430 13.493502 13
-47.346798 -738.156311 27.366863 13
-44.959473 -740.544678 -0.104175 13
-43.847763 -740.218506 8.639141 13
-47.468613 -741.620972 27.976677 13
-49.091354 -742.160156 34.086647 13
-46.306152 -739.084412 11.553227 13
-56.226757 -741.348938 40.516930 13
-47.363998 -739.263794 17.066465 13
-50.466942 -736.699951 43.429367 13
-46.262943 -738.495239 17.631683 13
-54.004932 -737.247986 43.705620 13
-53.776516 -736.944153 44.804073 13
-48.163429 -737.855408 31.050709 13
-50.367695 -742.099060 39.182781 13
-55.085690 -736.769592 46.694954 13
-49.244251 -741.944580 26.377148 13
-59.286873 -739.524597 48.813477 13
-47.525558 -740.215881 18.491346 13
-44.662113 -739.687683 22.396351 13
-47.666775 -741.625061 26.688133 13
-49.890923 -738.843323 31.282495 13
-49.868355 -738.513000 32.619595 13
-51.203568 -737.428223 40.434998 13
-50.829895 -735.348999 47.057251 13
-45.861416 -741.722778 21.223360 13
-58.414608 -740.777344 45.265202 13
-45.979015 -740.114868 11.620790 13
-58.717640 -739.151123 47.946037 13
-44.185959 -738.185364 5.638631 13
-48.486500 -739.545715 32.734291 13
-45.783936 -740.676208 15.331624 13
-46.526833 -740.698120 16.279833 13
-48.391907 -741.101074 42.237694 13
-48.874847 -736.633301 42.020496 13
-50.188110 -737.561157 38.569199 13
-44.914040 -738.916870 23.420916 13
-50.115414 -740.427307 43.196434 13
-52.461662 -740.439270 34.116123 13
-47.399532 -741.949402 22.590723 13
-44.732929 -740.656555 0.876252 13
-47.494370 -737.274841 36.768940 13
-48.755890 -741.891602 32.643978 13
-44.886326 -738.099792 4.641551 13
-47.223606 -740.843872 19.461086 13
-49.557926 -743.649780 47.210762 13
-51.365429 -741.558838 45.997009 13
-46.098537 -740.885620 17.600868 13
-50.857632 -743.963867 47.320625 13
-50.076260 -737.144165 40.930397 13
-54.562847 -739.045654 39.899109 13
-47.820801 -740.508850 36.175621 13
-48.329506 -738.481140 28.144413 13
-58.176277 -741.321960 44.392616 13
-43.144005 -739.732483 0.183398 13
-55.321053 -740.667603 38.839283 13
-44.566391 -737.894348 3.502939 13
-54.302284 -737.803711 42.423920 13
-47.840950 -742.957153 25.048681 13
-52.632748 -737.488647 41.535942 13
-55.774647 -736.844421 49.680500 13
-50.890892 -739.398376 31.532204 13
-45.660748 -738.527161 22.369894 13
-49.299347 -740.529968 25.960806 13
-43.860500 -738.802490 11.401097 13
-47.297691 -741.216675 28.764725 13
-58.230492 -739.624878 45.800644 13
-49.283054 -739.367737 26.348370 13
-43.708611 -739.074707 5.139647 13
-45.490318 -737.025024 36.587662 13
-46.913452 -736.689209 39.403759 13
-49.219074 -744.879456 33.128323 13
-50.416695 -743.863220 30.586903 13
-50.388863 -740.770569 44.542805 13
-48.253544 -740.421326 39.778404 13
-44.785389 -739.622131 19.131409 13
-51.068142 -738.293335 36.853821 13
-45.507759 -741.173767 17.988537 13
-54.658169 -740.381348 37.819843 13
-49.477249 -736.620056 42.901588 13
-45.165257 -740.654175 13.078657 13
-47.596004 -740.434021 34.318851 13
-44.234665 -739.352783 12.329103 13
-44.910770 -740.376221 17.383570 13
-48.151310 -735.976257 43.044785 13
-45.092075 -739.052429 19.320757 13
-52.176395 -738.498230 37.324715 13
-47.095581 -739.187378 15.824575 13
-43.919559 -739.352356 8.428403 13
-45.684311 -740.100952 6.493204 13
-48.615139 -738.992920 26.165798 13
-45.533024 -741.122375 24.132864 13
-49.502445 -737.924438 35.076000 13
-48.540501 -742.347107 45.084839 13
-43.723042 -740.291809 3.330759 13
-49.019909 -740.270630 24.587809 13
-52.255062 -739.535461 34.858959 13
-46.360962 -739.058228 8.551953 13
-43.903656 -740.094360 1.270700 13
-45.874817 -737.400391 34.932011 13
-55.662922 -738.941101 41.469574 13
-45.290215 -740.706665 3.068837 13
-46.831158 -742.952393 25.933386 13
-57.322067 -744.208252 41.673027 13
-54.437641 -738.380615 41.025059 13
-50.988029 -741.480774 40.210495 13
-47.246475 -740.608398 32.241714 13
-47.432861 -743.367859 26.922670 13
-58.741814 -742.083252 44.960243 13
-49.430988 -737.775696 36.207172 13
-44.407990 -738.155151 10.459405 13
-50.609211 -739.675659 30.530001 13
-43.950325 -739.331909 9.646169 13
-46.874386 -738.634033 23.032486 13
-47.276665 -742.556335 23.807526 13
-56.602901 -740.944824 41.377010 13
-50.016304 -741.606323 37.011166 13
-50.672291 -741.401855 39.290474 13
-57.763557 -737.720093 48.826252 13
-46.881348 -736.278320 40.726524 13
-50.783249 -743.376709 44.409828 13
-45.218533 -738.799927 21.206587 13
-45.607563 -737.824219 28.957031 13
-52.487930 -738.314087 38.715771 13
-46.135082 -739.625732 2.264879 13
-44.237339 -740.200134 11.660181 13
-48.620041 -738.796265 27.412430 13
-57.732780 -741.929443 43.266426 13
-49.973335 -741.054199 35.928120 13
-59.785728 -740.067078 49.048058 13
-49.867279 -735.665710 46.221481 13
-48.345291 -741.776672 24.406719 13
-46.048840 -742.088379 23.845137 13
-56.577843 -738.350769 44.595562 13
-53.916080 -744.835754 38.075794 13
-43.848606 -740.260803 5.919540 13
-52.967571 -737.061340 43.705219 13
-46.108643 -737.958374 26.796614 13
-51.087029 -738.601074 35.351963 13
-48.861752 -737.898010 33.012569 13
-48.408009 -739.246399 23.272913 13
-48.898144 -739.929688 40.494900 13
-47.776588 -736.527161 41.397213 13
-46.687328 -739.970215 13.247435 13
-46.959721 -740.457703 28.867523 13
-57.917770 -740.841431 44.016235 13
-44.901005 -738.992065 16.205437 13
-50.371994 -742.481750 39.926811 13
-42.982460 -738.617188 1.385988 13
-47.099403 -740.717590 30.025513 13
-57.143494 -740.821472 42.596054 13
-50.087658 -741.019226 36.678726 13
-44.573151 -738.422546 28.969702 13
-54.691944 -742.142944 37.680805 13
-47.924316 -741.755981 36.123562 13
-46.519279 -737.372131 34.780483 13
-46.379726 -742.752136 26.483271 13
-45.838699 -740.451660 4.977740 13
-45.667637 -738.706848 17.173103 13
-48.420582 -737.808228 32.361950 13
-51.249352 -742.317749 42.663116 13
-46.791550 -739.276062 13.700049 13
-47.312866 -741.085693 20.773508 13
-54.861282 -736.880554 45.658272 13
-51.466320 -744.473083 33.436314 13
-52.013027 -742.388062 32.074081 13
-52.798325 -742.131287 48.365620 13
-43.776791 -740.383667 2.671351 13
-48.746159 -739.633301 34.087276 13
-44.397434 -740.193604 14.400587 13
-46.544186 -741.479675 24.998093 13
-44.385208 -740.231506 15.712925 13
-49.043297 -744.317505 30.106564 13
-48.603195 -739.194397 24.951567 13
-45.981270 -742.082764 25.867809 13
-51.398399 -743.056946 44.642593 13
-47.260250 -743.612854 29.573656 13
-45.355736 -738.685303 18.509487 13
-53.863590 -736.346741 48.624512 13
-45.098095 -738.539429 24.665525 13
-45.477966 -740.781067 22.765306 13
-48.333675 -742.011414 37.318985 13
-50.556087 -741.614746 29.364555 13
-45.044025 -737.954834 9.554282 13
-46.837238 -741.821960 21.707293 13
-50.804070 -740.920593 45.038033 13
-47.405293 -743.152588 26.166784 13
-54.313187 -744.329956 38.097458 13
-45.171211 -740.971680 12.222466 13
-48.926174 -738.632812 29.299845 13
-44.348789 -739.221619 12.994531 13
-55.668980 -736.480957 49.079048 13
-44.554565 -738.630127 14.044260 13
-46.166317 -739.650452 9.964953 13
-57.099987 -741.401978 42.330353 13
-55.334362 -743.520020 39.157097 13
-47.989944 -741.214966 38.193024 13
-47.605164 -737.809875 29.905827 13
-52.713860 -742.006714 33.398022 13
-49.837227 -742.973022 41.635899 13
-52.817867 -744.092712 35.268581 13
-49.502777 -740.571655 26.751205 13
-55.515553 -737.858093 44.013699 13
-46.144150 -740.453674 10.456038 13
-47.078522 -737.062134 38.043411 13
-55.449120 -738.371582 42.713776 13
-53.206036 -738.838623 38.016598 13
-47.870407 -740.358521 35.528755 13
-54.156891 -740.703247 36.590649 13
-49.883408 -737.315308 39.661320 13
-58.078091 -738.193481 49.428242 13
-48.914711 -742.889099 45.547485 13
-48.019035 -736.568787 41.981560 13
-47.103939 -738.873535 19.109734 13
-45.643780 -738.821716 2.317022 13
-53.022434 -739.189697 37.016689 13
-48.761036 -736.915161 40.993237 13
-45.394581 -738.074829 28.052185 13
-51.271912 -742.198853 45.347149 13
-51.577351 -745.020630 35.117809 13
-50.694355 -740.926697 29.951487 13
-46.419781 -740.186279 14.208117 13
-46.774357 -739.903931 12.608078 13
-54.748642 -737.529846 43.480400 13
-45.955662 -739.576721 6.857226 13
-44.878311 -737.032898 35.412258 13
-55.164024 -741.310364 38.450775 13
-57.125374 -738.759216 44.677528 13
-47.329872 -738.657349 23.540770 13
-44.209827 -738.693176 10.209068 13
-55.219688 -744.503601 39.555714 13
-45.066448 -738.158936 6.767962 13
-55.187283 -738.471619 41.975761 13
-46.701874 -740.457092 26.456562 13
-48.759720 -739.755432 36.263496 13
-48.115429 -741.494141 29.240608 13
-44.953529 -739.131958 20.422464 13
-52.317486 -743.641541 33.628014 13
-45.824894 -738.562805 10.947117 13
-50.149048 -743.720215 30.034908 13
-51.161396 -743.687195 31.375019 13
-49.703159 -739.062988 29.769655 13
-52.884583 -744.565552 51.357098 13
-53.725483 -738.392578 40.081757 13
-48.177410 -740.814209 39.154762 13
-46.587730 -737.391724 32.968132 13
-44.286503 -738.135193 6.731200 13
-48.322479 -740.412415 41.156902 13
-46.156334 -738.678040 14.598265 13
-45.245850 -740.871643 16.203665 13
-56.368664 -742.088074 40.634216 13
-56.055119 -740.785706 40.223549 13
-43.669891 -740.371399 0.757875 13
-45.702209 -741.350098 24.832148 13
-45.797482 -740.112793 7.790608 13
-51.900524 -743.532471 47.273865 13
-49.434669 -737.994873 34.233238 13
-50.032352 -743.238220 28.366638 13
-54.339413 -739.443604 38.609623 13
-43.590527 -739.313049 3.093514 13
-45.061581 -739.061340 18.018105 13
-45.020443 -740.689575 5.831232 13
-46.259979 -737.472900 33.570381 13
-53.057125 -736.891663 44.613220 13
-44.510517 -737.924133 12.669474 13
-56.055637 -744.799500 40.309551 13
-46.392925 -738.862305 13.348495 13
-46.930851 -738.950989 16.663698 13
-44.486397 -737.840820 2.813787 13
-48.059483 -739.857605 19.582117 13
-50.809895 -744.344666 49.409843 13
-50.966339 -744.246399 32.298676 13
-47.328793 -739.343323 28.516602 13
-56.956402 -739.593933 42.982227 13
-56.723644 -737.633972 46.835159 13
-49.765850 -742.450500 27.623053 13
-50.843788 -741.511536 45.316540 13
-49.568573 -738.235107 33.130463 13
-48.855354 -742.648804 44.308922 13
-45.103626 -738.233459 27.234047 13
-44.368595 -740.734802 0.054824 13
-43.991142 -738.733948 13.141041 13
-59.871170 -739.455750 49.637409 13
-46.270401 -738.976257 7.961935 13
-47.854134 -741.532349 35.463276 13
-43.886150 -739.228333 10.943438 13
-50.486961 -735.847229 46.205608 13
-56.879955 -743.013733 41.588535 13
-50.304337 -744.148865 48.451225 13
-56.833260 -740.321472 41.700298 13
-53.819035 -738.891663 38.980293 13
-51.779694 -736.835571 43.553650 13
-47.934200 -738.995789 22.926756 13
-44.959736 -738.150696 4.002254 13
-52.041996 -744.662170 34.914906 13
-48.178364 -736.747559 40.908772 13
-56.859428 -744.277527 41.208115 13
-47.824913 -736.782471 40.319805 13
-55.138844 -736.729065 49.895679 13
-47.273891 -739.764587 15.875159 13
-48.383812 -737.554688 34.650066 13
-52.512226 -740.943848 33.766651 13
-53.408760 -742.987549 35.152439 13
-49.409397 -736.120300 44.600838 13
-50.409107 -742.943787 40.441364 13
-43.400417 -739.302490 4.118933 13
-44.716339 -739.970154 16.950916 13
-46.357510 -739.801086 11.156738 13
-49.059158 -737.028320 40.449905 13
-49.945431 -737.733948 37.349800 13
-44.024601 -737.810181 31.130268 13
-49.475384 -743.218079 44.808975 13
-46.639549 -737.420776 34.152592 13
-49.417843 -741.712463 26.971899 13
-55.500401 -739.240173 40.693665 13
-47.872501 -737.129639 38.781593 13
-53.912197 -735.733276 50.058544 13
-51.563965 -743.267639 45.507191 13
-55.774670 -743.793945 40.139957 13
-44.941353 -740.258423 22.289824 13
-54.692081 -744.265808 38.619328 13
-54.592754 -736.383545 47.813797 13
-51.395905 -739.736145 32.775726 13
-47.735683 -737.469543 34.627144 13
-49.735531 -742.521545 37.209721 13
-54.126446 -737.127808 44.333374 13
-48.673035 -742.544983 36.813751 13
-46.880695 -740.191711 27.742352 13
-47.600979 -738.391724 26.835035 13
-48.161823 -741.668518 39.433659 13
-50.440971 -736.981689 42.196880 13
-54.915665 -742.520386 38.356289 13
-52.141987 -742.665588 46.507412 13
-48.693890 -737.623352 35.250690 13
-56.919521 -738.007996 45.974941 13
-51.705574 -736.151123 47.079044 13
-45.805096 -741.285217 19.574257 13
-46.635681 -741.470520 19.676556 13
-54.888355 -743.597290 38.739704 13
-52.017059 -744.413513 34.289585 13
-45.063984 -738.864075 22.715828 13
-52.546883 -743.190552 48.453495 13
-51.676102 -743.579224 32.500916 13
-48.267963 -740.928894 23.026733 13
-46.284653 -742.081848 22.546164 13
-48.318237 -743.443176 27.040010 13
-54.795990 -744.658875 39.100689 13
-54.767582 -737.195496 44.678711 13
-50.122768 -739.455078 29.405764 13
-53.664314 -741.096558 35.521507 13
-46.423340 -737.602295 31.240280 13
-55.909763 -742.839844 39.819557 13
-51.406509 -736.306946 46.258091 13
-55.408554 -743.945068 39.683334 13
-47.899273 -744.165649 29.905586 13
-51.654716 -740.888123 32.105663 13
-45.077614 -737.655884 1.860583 13
-45.194729 -738.213806 5.813909 13
-57.688305 -737.311584 49.259800 13
-47.864983 -741.081848 37.253323 13
-48.258915 -737.495239 35.743858 13
-53.191067 -735.966125 50.087250 13
-52.190144 -739.094055 35.348484 13
-54.730251 -737.795227 42.906719 13
-52.848553 -743.131165 49.133064 13
-59.287239 -741.239929 46.419247 13
-46.109467 -740.738220 22.932327 13
-56.124996 -739.954773 40.752605 13
-52.860046 -740.075867 35.308620 13
-44.614338 -739.678772 23.181362 13
-45.289642 -738.394714 13.488854 13
-44.741203 -740.765442 9.141384 13
-53.380432 -745.610168 37.459919 13
-43.513493 -739.652893 1.386852 13
-45.401459 -738.257690 25.318954 13
-44.032776 -739.971069 9.763106 13
-43.623783 -738.990051 8.876694 13
-52.989227 -740.652771 34.867519 13
-48.928284 -742.749329 38.202721 13
-46.958332 -738.766663 20.532618 13
-57.584698 -738.414062 46.503159 13
-55.516079 -744.972046 39.834522 13
-47.882492 -740.449951 20.427788 13
-56.845867 -741.447083 41.659607 13
-54.575531 -741.024780 37.211575 13
-44.769699 -738.043640 31.008274 13
-46.468372 -738.723328 15.529295 13
-47.137211 -740.556885 31.277016 13
-47.613258 -736.953003 39.313511 13
-48.032768 -741.754761 34.371677 13
-46.105942 -737.293579 35.957935 13
-44.655907 -737.946228 7.854718 13
-47.860683 -737.273010 37.577522 13
-48.943005 -740.821350 24.869131 13
-56.106503 -744.084534 40.540920 13
-48.791885 -739.557190 22.068283 13
-44.673683 -741.118835 11.871737 13
-44.653206 -737.819946 32.055698 13
-44.578094 -739.366760 18.210291 13
-52.590233 -737.110474 43.240360 13
-43.876480 -738.698608 5.583190 13
-52.904297 -745.043152 36.931107 13
-48.167553 -741.640503 30.681446 13
-49.424419 -741.893433 35.221329 13
-50.209789 -740.929016 28.759197 13
-52.143909 -743.791138 48.637157 13
-48.058414 -738.171204 29.174006 13
-50.034710 -739.519897 28.783825 13
-43.344238 -739.287415 2.482339 13
-49.271461 -736.813049 41.599899 13
-45.638763 -739.845459 0.308291 13
-46.371178 -739.572144 24.282459 13
-51.504192 -743.152283 31.615591 13
-52.477463 -736.526306 46.267529 13
-52.742496 -743.642029 49.630150 13
-56.532658 -743.406128 41.059837 13
-45.116482 -740.763611 9.865561 13
-53.679764 -742.296448 35.398811 13
-49.218594 -743.036926 43.303558 13
-49.300018 -742.711853 40.454563 13
-45.511631 -740.104248 2.778449 13
-57.295521 -740.083984 43.315990 13
-52.851486 -743.856750 51.278038 13
-46.023701 -740.224854 23.236561 13
-48.662849 -739.748535 35.352318 13
-50.961971 -744.587952 33.110119 13
-53.838142 -739.626526 37.717773 13
-46.641537 -740.042603 25.634361 13
-46.954277 -741.126404 25.839327 13
-51.244896 -741.240356 31.008251 13
-51.380768 -741.816284 46.762531 13
-48.489441 -742.479675 40.560394 13
-53.389214 -736.292725 48.992245 13
-52.241974 -744.020447 49.455040 13
-45.670246 -737.548523 33.763039 13
-47.439205 -741.253540 30.877426 13
-48.134876 -741.970886 35.033218 13
-57.830280 -739.250793 45.420605 13
-49.750072 -743.656311 45.910374 13
-55.496620 -739.819214 39.849541 13
-48.660053 -737.115295 39.780979 13
-46.028286 -739.403076 5.551129 13
-50.401009 -745.019714 33.725693 13
-51.301918 -735.762573 48.294952 13
-53.871651 -736.629700 46.396355 13
-45.950977 -741.611877 20.624239 13
-48.321045 -740.464783 41.887657 13
-46.695465 -739.069763 22.259453 13
-55.862766 -737.232422 46.207275 13
-48.259769 -744.027405 29.073191 13
-51.976345 -745.492737 35.936180 13
-44.555809 -740.592224 1.619207 13
-49.403503 -739.197388 28.264393 13
-49.760635 -744.658447 32.132381 13
-53.449276 -741.915100 34.932171 13
-52.327995 -743.952576 34.183441 13
-55.533802 -742.959595 39.240696 13
-46.641247 -740.870117 18.424202 13
-51.071575 -740.578796 31.177294 13
-52.842949 -743.709534 34.722782 13
-48.744640 -742.393799 39.503639 13
-45.732395 -738.951538 6.308096 13
-56.208019 -738.677063 42.575779 13
-44.596485 -739.497498 17.311855 13
-48.734119 -735.851746 44.171627 13
-43.751713 -739.017029 6.322479 13
-51.119621 -736.652527 44.581860 13
-49.916641 -742.641296 38.044315 13
-58.811043 -740.100281 46.748508 13
-47.277985 -739.750977 29.630318 13
-46.929916 -737.731018 29.321074 13
-48.251308 -740.936462 43.447910 13
-47.545525 -737.475952 32.924988 13
-44.280903 -738.190491 31.701754 13
-51.435169 -744.690674 33.977665 13
-50.608116 -737.415222 39.898987 13
-50.610977 -742.895752 29.417866 13
-45.029881 -738.057495 29.266634 13
-51.511150 -742.388550 31.039062 13
-53.230190 -737.868469 40.924858 13
-55.934147 -742.234497 39.888554 13
-57.866539 -742.755432 42.999924 13
-56.312515 -742.944336 40.738846 13
-51.645039 -739.357544 33.671638 13
-53.581482 -740.609070 35.882847 13
-44.169415 -739.935242 12.174585 13
-46.049473 -739.676758 7.504266 13
-46.231804 -736.347717 38.678864 13
-51.337662 -738.499268 35.928043 13
-45.919987 -737.046875 37.063053 13
-43.435013 -737.992981 1.368998 13
-45.875988 -736.655701 37.601517 13
-47.491184 -737.464783 34.041222 13
-47.965401 -741.795166 23.333689 13
-50.116913 -741.294983 43.842274 13
-49.221191 -743.338379 27.954750 13
-44.325455 -740.369263 11.079858 13
-53.474640 -744.498352 37.203945 13
-48.097309 -739.269043 21.477251 13
-53.233566 -744.131104 36.160965 13
-53.821903 -737.782471 41.839153 13
-52.212368 -741.608948 32.596256 13
-49.793720 -743.644531 29.293644 13
-55.789627 -738.234131 43.559772 13
-53.925240 -741.724915 35.941437 13
-48.481720 -739.558411 20.740555 13
-48.671696 -738.277100 30.189062 13
-51.989803 -736.775085 44.463188 13
-48.952862 -742.798340 25.901518 13
-45.403152 -737.840698 31.127806 13
-44.244305 -740.421082 0.721244 13
-48.341785 -741.456238 41.126987 13
-46.982033 -739.327393 14.654268 13
-45.517998 -740.514771 7.504941 13
-44.063152 -738.245972 2.687677 13
-47.602776 -741.072815 35.226795 13
-49.625347 -737.108887 40.453323 13
-58.388737 -742.497070 43.989536 13
-57.226028 -739.220947 44.080517 13
-46.574635 -736.240173 39.447918 13
-47.121666 -736.653442 40.311901 13
-44.356750 -737.901245 4.846342 13
-45.911144 -741.891113 24.895533 13
-48.696655 -740.146912 22.912689 13
-45.987568 -740.702148 8.819720 13
-56.841919 -737.520874 49.096733 13
-48.988205 -736.535706 42.612736 13
-44.586079 -739.765625 24.804611 13
-44.919769 -737.874451 10.525912 13
-57.036400 -737.470215 47.979103 13
-46.001743 -742.277039 24.392376 13
-49.180374 -738.248474 31.735807 13
-50.213131 -743.807007 46.510445 13
-49.190811 -744.862793 32.158779 13
-49.892529 -740.119324 28.003933 13
-50.335171 -738.509644 34.228851 13
-55.556225 -741.837524 39.378670 13
-46.863670 -739.795044 14.192489 13
-51.675053 -737.722900 39.562447 13
-52.583054 -745.497192 36.610355 13
-48.925598 -739.722107 39.088284 13
-50.829056 -738.860596 33.316917 13
-45.861191 -740.638977 7.075118 13
-43.897339 -738.285095 30.706879 13
-54.900185 -740.244568 38.377151 13
-51.735405 -738.388794 36.963978 13
-48.064995 -736.944092 39.804565 13
-48.922955 -742.572937 42.206406 13
-45.694599 -741.582886 23.730585 13
-43.167290 -738.858459 1.916535 13
-46.422058 -741.094604 23.868565 13
-58.192135 -738.556519 47.554508 13
-44.698490 -738.413757 28.302153 13
-47.598831 -739.911255 18.013998 13
-45.384048 -740.868347 16.741238 13
-50.437183 -737.765320 38.068054 13
-48.809967 -737.676270 34.113449 13
-45.504074 -738.405884 12.880607 13
-46.416454 -742.759766 27.814089 13
-50.099438 -743.188965 42.875824 13
-45.856827 -740.440369 12.960128 13
-48.247231 -739.817078 33.652424 13
-45.945152 -740.779541 11.670690 13
-48.733341 -742.213196 35.673958 13
-53.724632 -737.345154 43.234398 13
-45.651814 -737.653931 30.325592 13
-44.325382 -739.611633 24.294357 13
-43.834053 -740.318054 5.037510 13
-46.111378 -739.625977 8.796938 13
-50.008347 -740.504395 42.644691 13
-44.422600 -739.443848 26.159496 13
-51.778919 -742.046265 31.636816 13
-44.726555 -740.034851 16.385614 13
-46.852600 -743.416870 28.035618 13
-48.059834 -738.928955 24.175833 13
-47.611969 -737.400818 35.803616 13
-59.241398 -738.787781 49.886055 13
-49.533424 -742.047607 36.260983 13
-58.077137 -740.119324 44.703922 13
-52.222698 -737.484741 41.151524 13
-51.389793 -738.735718 34.876396 13
-47.351364 -736.158630 41.300579 13
-48.135014 -741.858887 33.390984 13
-52.394428 -743.999878 50.940182 13
-52.979889 -743.470947 50.116165 13
-45.054497 -740.638855 14.230745 13
-43.526844 -739.805176 2.166953 13
-47.866608 -744.083069 30.661530 13
-46.206429 -740.245300 9.182888 13
-45.426109 -740.474182 8.219933 13
-57.071903 -742.523743 41.790852 13
-58.693039 -738.410095 49.105469 13
-56.517506 -739.371948 42.296494 13
-59.293747 -740.059509 48.535789 13
-44.617668 -739.614563 21.378357 13
-54.304054 -743.017822 37.144646 13
-44.516762 -737.272949 34.042492 13
-47.186474 -741.151062 27.883181 13
-43.812370 -738.639893 28.679375 13
-49.603477 -739.623657 26.845333 13
-46.930611 -740.018311 15.306572 13
-51.032417 -745.039673 34.524799 13
-48.287170 -740.776184 40.223320 13
-46.336105 -742.998474 27.025774 13
-54.475502 -736.519897 50.002876 13
-50.343769 -740.450134 29.490564 13
-44.781551 -740.661621 3.271528 13
-44.279110 -739.070801 16.339394 13
-51.065804 -739.808105 31.893017 13
-50.039780 -738.115173 35.190025 13
-45.059711 -738.166382 12.388022 13
-52.953987 -744.090454 50.326843 13
-58.855011 -741.662354 45.557907 13
-48.985107 -739.657227 38.017395 13
-56.577423 -736.747009 49.427013 13
-44.392368 -738.922485 26.550385 13
-54.108704 -738.744812 39.700737 13
-48.567867 -742.118835 43.678875 13
-47.765995 -741.577942 32.593082 13
-49.248016 -738.582397 30.449629 13
-46.713146 -738.753723 17.842974 13
-44.878628 -740.902649 15.345546 13
-51.046234 -745.553162 34.854099 13
-50.016876 -742.386719 38.803558 13
-51.388489 -737.305359 41.079762 13
-44.080875 -739.356201 27.318672 13
-50.002380 -743.346863 43.960636 13
-51.865261 -737.092834 42.478577 13
-51.266029 -741.804932 30.703230 13
-49.393707 -735.439209 44.868053 13
-44.529343 -738.310425 12.224350 13
-52.454681 -737.283875 42.633671 13
-45.311867 -738.663696 15.976860 13
-57.243553 -741.928223 42.422302 13
-48.251175 -740.302856 37.425144 13
-48.104725 -741.762146 38.152767 13
-48.779354 -742.419312 41.136177 13
-46.012115 -738.652039 16.257732 13
-56.933350 -740.385437 42.234283 13
-57.351395 -743.581116 41.901291 13
-56.483505 -743.963806 40.950043 13
-44.857533 -740.250916 19.060009 13
-48.803898 -739.759705 37.209602 13
-52.320526 -744.311340 50.385124 13
-43.968193 -738.166138 1.812347 13
-43.714939 -738.685730 3.148531 13
-46.385345 -738.627991 21.596136 13
-43.770256 -738.869690 10.508048 13
-45.175331 -738.084412 30.106430 13
-54.167038 -740.009705 37.502777 13
-44.072571 -738.746765 29.712683 13
-47.961666 -741.672485 37.102379 13
-44.772446 -740.625916 5.003677 13
-44.679596 -740.729858 8.309008 13
-46.497658 -742.342163 23.472338 13
-46.084652 -738.654297 15.129723 13
-49.255127 -739.837402 25.195303 13
-47.497986 -740.958740 34.708576 13
-53.794811 -737.940125 41.235344 13
-48.487572 -741.265747 24.198448 13
-52.530216 -738.038269 39.725269 13
-52.072475 -736.631958 45.193192 13
-47.383087 -741.313293 29.858088 13
-54.918926 -736.257019 49.704792 13
-45.492210 -737.333984 36.124031 13
-54.726322 -738.181946 41.909248 13
-48.626701 -740.043274 39.850918 13
-51.874550 -741.784729 45.986851 13
-44.449387 -740.453735 10.160773 13
-50.380379 -738.146606 36.005825 13
-47.523495 -739.351257 29.022110 13
-51.851021 -743.316711 46.695015 13
-46.494251 -738.069519 26.391045 13
-52.531494 -742.565674 33.145683 13
-46.102043 -739.303467 4.333606 13
-44.105629 -739.035034 14.932004 13
-48.111423 -740.026733 20.148491 13
-47.116039 -737.635376 30.420179 13
-45.288345 -738.522461 23.512503 13
-59.004181 -739.889404 47.614830 13
-49.592117 -744.932617 33.684505 13
-59.011395 -739.226196 48.392448 13
-57.336166 -737.998901 47.041798 13
-47.129318 -738.226624 26.493053 13
-50.328571 -742.338562 28.772144 13
-46.470425 -742.630249 25.309416 13
-48.248138 -741.703430 31.443258 13
-46.657372 -737.348083 35.856945 13
-46.459438 -738.562561 22.662426 13
-45.462402 -737.456909 34.551056 13
-56.819973 -742.150208 41.415771 13
-46.959820 -740.223816 30.392435 13
-44.582226 -739.091553 25.158916 13
-53.078049 -742.703003 34.341057 13
-52.545269 -737.839294 40.316418 13
-50.958469 -745.178406 35.275860 13
-50.880138 -736.888733 42.850414 13
-45.143185 -738.104492 8.719011 13
-49.685024 -744.523560 31.246962 13
-49.578903 -741.792419 35.743427 13
-47.159035 -740.606873 18.375368 13
-47.601196 -741.635986 29.066725 13
-49.232132 -743.339783 46.603001 13
-44.473675 -740.306580 15.011691 13
-45.145954 -740.458984 2.000482 13
-49.436039 -743.223816 47.576931 13
-45.568336 -740.135986 4.601306 13
-58.017460 -741.918579 43.712833 13
-46.371712 -737.761963 28.758499 13
-48.437038 -737.188232 38.752811 13
-50.888496 -741.898132 40.650082 13
-51.020050 -742.979309 30.519550 13
-45.555347 -741.139282 20.247169 13
-48.336956 -737.318909 37.839222 13
-45.875492 -740.564453 12.335976 13
-43.812702 -739.147522 7.013022 13
-50.963551 -743.084778 43.525185 13
-48.696819 -742.734924 46.016834 13
-52.520031 -744.525635 35.462864 13
-44.151829 -738.685608 30.256784 13
-48.264069 -737.422058 36.710762 13
-46.291157 -740.258606 23.858150 13
-47.796387 -743.714783 28.029736 13
-44.904766 -738.563599 25.962399 13
-47.328049 -737.571350 31.314281 13
-48.014038 -740.666992 21.527420 13
-48.180843 -740.180115 36.393871 13
-45.475990 -741.014282 18.503956 13
-44.734589 -737.634277 33.138935 13
-44.583050 -738.030579 1.724794 13
-49.687496 -744.280640 30.497482 13
-45.765190 -741.573425 23.119310 13
-55.744221 -739.637695 40.398865 13
-45.107044 -738.130493 11.624502 13
-44.080563 -738.782532 8.401535 13
-53.430275 -739.752502 36.690697 13
-52.436905 -735.824890 48.788815 13
-46.777950 -739.323730 11.533254 13
-55.824024 -736.631470 48.194077 13
-54.863979 -740.897217 37.650116 13
-47.849949 -743.038879 25.891634 13
-46.056652 -740.177246 2.618094 13
-47.299801 -737.522217 32.059277 13
-58.654938 -737.980408 49.474644 13
-59.372696 -739.391235 49.863228 13
-47.157169 -740.345520 17.308468 13
-53.794895 -743.155090 36.168053 13
-56.784569 -739.779602 42.504547 13
-44.804688 -739.157654 22.309767 13
-50.676899 -737.334900 40.413040 13
-51.518250 -737.106079 42.044582 13
-54.126926 -741.636902 36.445656 13
-46.868961 -741.474243 20.840599 13
-48.783791 -744.632690 31.246029 13
-51.912453 -740.676697 32.972446 13
-50.656769 -743.547363 29.959782 13
-47.628960 -743.859009 28.815691 13
-45.388283 -740.240356 1.544530 13
-44.027687 -738.742554 7.839786 13
-47.507175 -741.087891 33.630764 13
-47.435467 -739.887146 31.273849 13
-52.685581 -736.689087 45.289818 13
-48.317799 -742.984009 26.165018 13
-45.225994 -738.312378 4.990291 13
-57.415894 -740.826538 43.103954 13
-51.690727 -737.551880 40.237682 13
-45.373928 -740.286255 4.122859 13
-45.113739 -738.169861 7.356957 13
-50.402306 -739.776855 29.744419 13
-47.607533 -738.230530 27.846291 13
-53.236217 -737.577942 41.989025 13
-50.423073 -738.375610 34.856697 13
-44.236084 -739.021118 11.832560 13
-43.515209 -738.752991 7.411246 13
-48.343594 -740.340088 38.256912 13
-58.708813 -740.818665 45.808064 13
-58.497055 -741.732971 44.636681 13
-49.743687 -739.563843 27.686888 13
-45.872734 -738.307617 22.808184 13
-50.043610 -741.800537 28.182423 13
-46.036934 -738.576355 21.075666 13
-45.794720 -740.546082 3.576774 13
-55.738293 -740.341553 39.705799 13
-44.390522 -740.952820 13.887167 13
-57.558136 -742.855225 42.566589 13
-50.428219 -736.395874 44.662830 13
-43.475216 -739.765381 3.366411 13
-51.617336 -741.416016 31.573170 13
-46.294849 -737.746460 27.983494 13
-57.322903 -742.489685 42.248978 13
-46.712765 -736.755981 38.895870 13
-56.254940 -737.351624 46.748333 13
-53.502678 -743.305481 35.703953 13
-44.722839 -740.704956 11.073634 13
-45.619862 -738.304199 24.389790 13
-50.742138 -743.648193 45.497864 13
-45.236626 -740.562683 19.423027 13
-50.806496 -735.635864 47.534081 13
-43.828747 -738.156921 1.049181 13
-55.437988 -736.717773 47.120419 13
-44.036873 -738.911011 14.239816 13
-52.226601 -743.205017 47.622597 13
-48.851826 -741.782349 25.380667 13
-52.313076 -736.226135 47.243736 13
-58.332001 -740.220459 45.298702 13
-49.176544 -742.439026 37.274803 13
-44.619820 -737.927002 11.518243 13
-50.578087 -743.068909 41.884369 13
-48.868183 -737.445557 37.148952 13
-46.205723 -738.626526 20.534386 13
-48.939445 -741.608582 25.927847 13
-52.787575 -738.478149 38.225437 13
-46.720921 -740.903687 25.409266 13
-57.566711 -737.896667 47.582851 13
-44.780426 -738.506958 15.040840 13
-49.772274 -742.033142 36.757099 13
-43.754742 -738.968567 4.337122 13
-46.485989 -739.296021 10.489511 13
-43.367615 -738.675476 5.221384 13
-48.292057 -741.817932 32.385971 13
-49.132763 -742.828125 41.554771 13
-45.781368 -739.690918 1.889142 13
-53.952423 -740.289246 36.833767 13
-47.202446 -738.379211 25.590397 13
-55.924011 -743.210632 40.198132 13
-47.631359 -741.561584 31.621147 13
-44.820194 -737.792114 33.636494 13
-44.405098 -738.227112 9.104663 13
-49.304367 -737.794739 35.566513 13
-49.841496 -741.178406 27.702240 13
-58.607132 -740.062256 46.230942 13
-51.305717 -743.835449 47.071819 13
-52.019211 -742.381104 45.284710 13
-50.303909 -738.794922 32.526421 13
-58.138725 -739.253479 46.408966 13
-44.345406 -738.182617 7.498656 13
-45.811207 -739.903748 3.237336 13
-55.217796 -736.522156 47.859806 13
-48.145485 -742.151489 38.732002 13
-47.810917 -740.218872 34.746590 13
-48.010731 -738.656433 26.165123 13
-50.156151 -743.386047 28.867878 13
-44.890545 -739.158752 21.395542 13
-45.944149 -740.735168 9.731879 13
-56.903740 -739.161621 43.363880 13
-55.122234 -737.562256 44.126396 13
-43.807945 -739.663086 7.235616 13
-48.827576 -738.138794 31.275219 13
-46.037819 -738.636963 13.783567 13
-43.411564 -738.700745 3.998019 13
-57.768635 -739.721008 44.615543 13
-54.133759 -736.111938 49.735931 13
-44.228203 -737.836731 32.437569 13
-47.460533 -740.770020 19.917965 13
-47.686989 -741.781738 33.140190 13
-48.426689 -739.787292 34.464840 13
-51.003761 -742.427246 30.027069 13
-43.717575 -739.900818 6.293217 13
-47.456078 -739.715881 30.780588 13
-48.164532 -742.535889 25.053076 13
-44.803604 -738.037964 13.452118 13
-46.554535 -742.587585 24.510136 13
-47.466656 -740.151733 32.430187 13
-48.394272 -740.940430 41.027760 13
-50.847492 -739.147705 32.010754 13
-45.831146 -737.630798 29.420036 13
-54.603436 -736.575500 46.749084 13
-44.108051 -738.866577 9.467320 13
-46.912308 -743.192627 28.757696 13
-55.203087 -740.159241 38.838104 13
-54.358410 -736.771484 45.724468 13
-47.269981 -741.693665 22.121193 13
-48.604588 -743.117798 26.740395 13
-55.734463 -741.359619 39.538086 13
-51.646309 -741.605042 45.007702 13
-43.496864 -740.086243 0.373132 13
-58.864613 -742.428650 45.314056 13
-53.391483 -736.358093 47.808529 13
-50.949440 -736.757446 43.811687 13
-44.907436 -738.091064 2.532059 13
-48.218719 -739.526611 19.232038 13
-46.272072 -738.255859 24.981766 13
-47.087669 -738.760986 21.433926 13
-47.062431 -739.743774 13.657606 13
-52.668392 -736.941833 44.258316 13
-49.387802 -743.009521 27.497196 13
-51.941727 -736.408142 46.012619 13
-56.256916 -739.612610 41.448540 13
-58.639755 -742.299133 44.475677 13
-47.955078 -739.319946 20.075014 13
-52.681606 -739.374695 36.077183 13
-44.666248 -740.654358 4.143017 13
-52.218895 -744.752563 50.623913 13
-54.520607 -743.296265 37.815575 13
-45.686947 -741.798645 22.186424 13
-47.721348 -742.394653 24.152494 13
-51.417854 -742.601929 43.686951 13
-58.532097 -738.513062 48.499237 13
-54.141388 -742.471252 36.716125 13
-46.817570 -737.340271 32.120064 13
-54.526039 -736.352966 48.943745 13
-48.881615 -739.628662 22.610027 13
-46.627659 -739.787964 26.636833 13
-47.997684 -741.574585 29.966139 13
-43.241055 -738.856140 3.314040 13
-43.967598 -739.266846 26.323368 13
-48.757122 -738.724426 28.342646 13
-44.821686 -740.781799 10.293788 13
-53.285992 -738.390442 39.104900 13
-44.277153 -740.721497 15.803819 13
-54.547504 -741.767761 37.215534 13
-48.046101 -738.031250 29.758118 13
-48.520355 -742.315430 42.637428 13
-56.234051 -737.008057 47.691483 13
-51.310642 -739.957214 32.327801 13
-46.778847 -741.002014 19.197016 13
-48.794693 -742.063843 34.552254 13
-48.194565 -742.114990 37.823921 13
-46.093769 -740.121887 8.284162 13
-48.825600 -742.376282 37.871304 13
-45.202801 -737.760925 32.043633 13
-47.782131 -742.013306 22.915775 13
-48.059731 -739.536743 31.559874 13
-50.533485 -741.220825 38.290058 13
-51.205349 -741.718140 41.665470 13
-54.488819 -736.468140 47.324471 13
-45.507404 -738.683533 15.378411 13
-54.163658 -743.995422 37.757458 13
-52.201237 -742.568420 32.506420 13
-47.627460 -741.068359 21.490059 13
-46.124851 -741.134705 18.771824 13
-45.969109 -738.624329 12.788637 13
-49.247684 -745.221863 32.617256 13
-46.932747 -738.628906 22.483147 13
-43.447445 -739.332520 5.520725 13
-47.843281 -743.492371 27.212692 13
-50.344532 -739.056091 31.469561 13
-44.769020 -739.066895 23.924650 13
-46.962635 -739.102051 15.343084 13
-48.509060 -737.531738 36.191341 13
-48.623074 -742.678528 25.232527 13
-59.416580 -741.681885 46.206207 13
-51.329365 -741.659424 45.499367 13
-50.810188 -742.587280 41.776764 13
-51.613136 -743.465576 46.154781 13
-44.895107 -740.612122 0.390692 13
-47.349148 -740.955078 32.730339 13
-55.848953 -737.901672 44.452534 13
-51.017670 -738.114929 37.378906 13
-56.426746 -738.514404 43.884155 13
-58.580112 -739.231995 46.841606 13
-48.374641 -742.198120 41.448746 13
-55.765774 -737.586304 45.013245 13
-45.086872 -739.037903 16.845423 13
-44.733128 -737.858765 8.351871 13
-48.553215 -744.469299 30.832973 13
-52.819344 -742.998657 34.029972 13
-43.879253 -739.240112 7.957187 13
-48.372978 -742.348450 35.240410 13
-48.934963 -739.518616 24.260452 13
-53.910740 -736.856140 45.284393 13
-51.348053 -744.053223 48.014812 13
-44.992210 -740.475159 21.780560 13
-50.632603 -738.030762 36.751751 13
-50.726807 -744.813171 32.720833 13
-47.179035 -737.981873 28.332613 13
-44.621025 -739.288574 15.721317 13
-46.403423 -737.545105 31.918940 13
-51.590122 -735.820740 47.884041 13
-46.587196 -737.470032 29.667774 13
-47.536701 -739.262451 18.169056 13
-49.966022 -736.839844 42.386482 13
-51.835079 -744.083374 47.974380 13
-46.197220 -736.881226 38.040112 13
-46.170242 -738.952637 11.084307 13
-45.498821 -741.165833 22.227726 13
-52.690926 -735.485596 49.316696 13
-46.844177 -737.989014 27.437254 13
-55.024452 -741.369568 37.965958 13
-55.421360 -737.111084 45.573639 13
-44.167908 -738.069397 3.714796 13
-46.824585 -740.756775 27.049908 13
-53.258709 -738.244507 39.607559 13
-46.457779 -738.958679 12.858958 13
-44.461105 -738.292969 11.127212 13
-55.338806 -738.948120 41.055603 13
-48.564758 -741.091125 43.870956 13
-57.464382 -739.959167 43.754539 13
-43.741360 -740.359619 3.935561 13
-44.688320 -739.817383 19.911894 13
-48.178997 -737.753479 31.931244 13
-50.159389 -739.180786 30.543409 13
-43.913258 -740.410156 1.694387 13
-59.132336 -740.750244 47.561230 13
-47.260452 -741.086426 30.315584 13
-48.770199 -740.390076 23.812838 13
-50.122005 -741.149231 44.391342 13
-44.537289 -739.328918 20.250355 13
-49.872013 -742.707947 39.663002 13
-51.270634 -736.445496 45.284290 13
-47.170422 -739.734131 28.243168 13
-53.029915 -741.952881 34.038944 13
-47.691406 -740.896545 36.450298 13
-53.699471 -743.516113 36.563545 13
-45.826092 -738.343323 23.347160 13
-46.795231 -737.094604 37.452450 13
-47.707447 -740.198242 33.881100 13
-46.436569 -740.650879 24.154514 13
-45.306423 -740.287476 0.142294 13
-47.439045 -739.989258 17.493164 13
-58.988846 -738.726746 49.380226 13
-51.424026 -744.436829 49.731556 13
-58.019413 -742.953613 43.441109 13
-51.838898 -744.055237 48.913696 13
-48.586201 -743.817383 28.375662 13
-44.219082 -740.224304 7.490648 13
-44.532230 -737.831970 5.808733 13
-47.968918 -741.256531 22.374495 13
-44.338223 -739.369568 25.481215 13
-46.756832 -740.332825 16.044209 13
-48.330212 -739.343079 22.054380 13
-48.300915 -741.740662 40.490063 13
-51.755615 -738.172913 37.936298 13
-49.390591 -743.356628 45.821377 13
-43.986946 -738.669373 6.716077 13
-45.304787 -740.645630 11.043166 13
-54.653381 -738.418640 41.466198 13
-47.533192 -740.765686 35.622509 13
-48.822243 -743.064087 46.576241 13
-46.589214 -739.951904 13.763250 13
-43.468536 -738.665466 6.136632 13
-50.731949 -737.231323 41.492958 13
-48.271530 -742.114868 36.095070 13
-48.380009 -739.883545 21.335239 13
-54.206165 -745.195190 38.480305 13
-43.650394 -740.284485 2.192008 13
-56.387138 -741.166870 40.955437 13
-45.196651 -740.620544 12.583106 13
-57.590569 -743.349365 42.317463 13
-44.620117 -740.560730 7.603749 13
-52.568626 -742.602173 48.240784 13
-45.015049 -740.431213 18.502951 13
-53.637077 -739.244446 37.965984 13
-47.348339 -742.828430 25.076078 13
-51.646069 -742.588867 44.672749 13
-57.257534 -737.308228 48.990383 13
-44.395798 -739.348206 13.836494 13
-52.067909 -740.195984 33.856850 13
-49.154503 -742.424072 26.258587 13
-54.108959 -743.416687 36.946808 13
-45.387543 -737.675232 32.810013 13
-49.422699 -741.287231 26.662462 13
-48.554604 -740.915710 23.665262 13
-51.013577 -742.756592 42.781788 13
-46.900928 -741.175110 24.837791 13
-49.346157 -737.277832 39.380268 13
-47.858532 -742.560120 24.680304 13
-45.474792 -740.649170 15.755262 13
-55.638130 -740.889343 39.199871 13
-44.841496 -739.374207 17.708902 13
-46.281242 -738.457825 23.645304 13
-51.086708 -741.940979 30.254696 13
-46.783737 -740.036499 29.125231 13
-45.960617 -742.035522 25.386629 13
-50.268517 -735.366455 46.280029 13
-51.337811 -743.922119 32.324863 13
-44.196213 -740.250488 4.308686 13
-44.978271 -737.921021 10.047522 13
-45.457432 -741.008423 21.369293 13
-47.890911 -737.348633 37.042507 13
-53.438808 -737.187012 43.652832 13
-58.712452 -741.194397 45.496891 13
-45.741188 -738.076599 25.761761 13
-48.758945 -739.477112 23.770601 13
-50.196030 -736.567871 43.817886 13
-59.231659 -740.176636 48.999630 13
-47.779934 -739.443848 16.815594 13
-45.328884 -740.471069 20.877848 13
-48.765446 -740.118530 23.413860 13
-53.386620 -739.516602 37.108654 13
-46.688698 -740.800659 17.403896 13
-46.233494 -741.442200 19.957029 13
-48.453739 -736.304016 43.241375 13
-52.307278 -739.897095 34.426495 13
-49.980984 -736.630005 43.109482 13
-43.180065 -739.404358 0.543369 13
-59.536781 -740.771301 48.201221 13
-51.985477 -738.167969 38.693893 13
-44.217628 -740.653381 2.607533 13
-52.024002 -735.373962 48.675812 13
-45.179260 -740.429138 19.902328 13
-45.955078 -740.070557 11.075660 13
-53.741211 -736.325317 48.162231 13
-48.497940 -742.319397 42.126026 13
-58.400616 -741.080872 44.748585 13
-48.144150 -737.575867 33.591415 13
-49.422043 -742.706604 39.986588 13
-48.641365 -741.879944 24.771595 13
-47.350121 -740.512634 18.825502 13
-44.752090 -740.666565 14.793271 13
-58.214119 -738.211121 48.229332 13
-50.565075 -735.789429 47.098045 13
-50.284206 -738.536804 33.683712 13
-50.288071 -743.222107 43.318504 13
-44.471756 -739.239136 23.341522 13
-44.349125 -740.117859 13.243077 13
-53.507240 -737.403870 42.781151 13
-51.802666 -739.368591 34.260342 13
-46.597137 -740.177429 14.989173 13
-46.006035 -739.992310 6.151109 13
-46.372826 -741.920288 21.580309 13
-43.821495 -738.503113 3.609841 13
-47.390182 -740.748413 33.296371 13
-49.003242 -739.060730 27.288681 13
-45.570850 -740.499451 13.504070 13
-45.816002 -740.172241 9.465878 13
-45.165577 -738.289917 26.381689 13
-53.953979 -742.619812 36.299644 13
-45.149937 -738.351013 3.611673 13
-48.584530 -744.291992 29.971588 13
-48.268406 -739.736145 33.167446 13
-49.559929 -745.215210 33.034809 13
-47.462173 -739.043274 19.847027 13
-43.547047 -739.019958 1.492902 13
-54.673965 -739.470886 39.035557 13
-50.485943 -743.992554 47.616798 13
-49.209316 -743.063049 45.203278 13
-53.725758 -744.085999 37.297489 13
-44.367989 -739.822144 13.921659 13
-53.170097 -744.063232 35.668980 13
-49.380962 -743.182251 43.740200 13
-55.164639 -738.056519 42.942177 13
-55.265404 -742.525452 38.886436 13
-51.136478 -739.010620 33.675987 13
-45.483513 -740.447693 8.934219 13
-53.470535 -736.583130 46.093952 13
-57.788994 -737.777893 49.300446 13
-45.660629 -738.581604 19.740236 13
-51.848618 -742.833557 45.598133 13
-44.065056 -739.181091 28.092615 13
-50.965351 -737.614868 39.295902 13
-48.900726 -736.135132 43.657818 13
-46.694290 -739.842224 27.319256 13
-44.381912 -738.403748 29.404127 13
-58.798695 -739.460510 47.597042 13
-56.131714 -737.492859 45.831367 13
-49.695171 -735.739868 45.730408 13
-49.277626 -742.599731 26.722345 13
-44.033497 -739.785400 10.498922 13
-51.387886 -741.870728 42.543686 13
-45.783710 -740.602905 14.670370 13
-49.733768 -742.677124 39.067154 13
-55.121181 -739.814575 39.171951 13
-44.865433 -740.202576 18.063334 13
-46.796410 -740.883057 26.231342 13
-50.780418 -741.425598 39.757339 13
-44.357422 -740.362305 8.492104 13
-52.260128 -740.928223 33.216339 13
-58.277145 -743.405334 42.917091 13
-44.343861 -738.670959 27.763290 13
-49.736408 -737.005737 41.478733 13
-57.552837 -739.581360 44.198997 13
-49.856091 -743.468567 44.964775 13
-48.538956 -741.912476 33.080627 13
-54.248722 -741.164551 36.477066 13
-47.379086 -737.418823 34.946545 13
-53.049854 -735.364990 49.693024 13
-52.217400 -743.338257 33.267700 13
-57.736423 -741.023682 43.376781 13
-53.615261 -736.440613 46.901176 13
-46.212055 -739.981750 12.158822 13
-43.755039 -738.725769 4.766767 13
-48.718079 -742.458557 43.249962 13
-46.739819 -739.025940 14.389035 13
-44.579792 -737.846680 31.396332 13
-45.428238 -738.819763 18.963593 13
-52.459221 -738.994019 36.393665 13
-47.675331 -740.776550 20.694386 13
-50.391197 -736.152405 45.178326 13
-50.500153 -743.534241 44.811447 13
-47.762997 -740.178833 19.394535 13
-47.426071 -741.626648 28.466078 13
-45.578465 -740.467834 10.652114 13
-46.901562 -742.870422 25.478502 13
-44.395924 -738.186951 8.633927 13
-46.673698 -737.398926 30.222198 13
-45.504173 -737.735596 31.584221 13
-47.504120 -739.897400 16.650385 13
-46.534874 -738.741577 18.672104 13
-45.214191 -738.848938 20.733068 13
-45.475227 -740.992126 19.280621 13
-56.745003 -737.378662 47.610569 13
-49.951706 -737.887573 36.904884 13
-53.467731 -744.074280 36.583321 13
-46.663651 -738.689331 20.061115 13
-45.378178 -740.368042 6.034521 13
-57.468636 -737.632812 48.099121 13
-48.930038 -742.543152 40.720169 13
-51.074234 -743.967834 31.918766 13
-52.257740 -737.612854 40.622326 13
-51.791409 -738.956848 35.113293 13
-59.646187 -739.638245 49.209629 13
-47.054546 -743.328308 27.250502 13
-48.437897 -739.021301 25.359615 13
-45.572277 -738.678284 1.873927 13
-45.468914 -738.326965 10.732258 13
-45.183617 -740.441956 1.113976 13
-53.311691 -738.055237 40.484169 13
-43.978497 -739.190857 9.127366 13
-49.157898 -740.790955 25.588146 13
-44.209259 -738.207458 4.481004 13
-49.674168 -740.634705 27.303186 13
-48.027760 -743.110840 25.473177 13
-47.318268 -740.947571 31.930815 13
-45.429031 -741.072754 11.857401 13
-44.726307 -740.658081 5.473054 13
-51.252865 -743.716614 46.339268 13
-56.108730 -741.855103 40.340965 13
-50.146637 -744.763000 32.705460 13
-56.527645 -736.449463 49.048965 13
-52.899288 -736.120056 48.601364 13
-57.916023 -738.199341 47.675499 13
-46.881050 -737.555115 31.156445 13
-49.705696 -743.553589 28.858803 13
-48.373062 -741.785278 44.514633 13
-57.643456 -739.438782 44.990582 13
-46.814671 -737.361450 35.153385 13
-52.256004 -742.149048 47.617455 13
-46.420788 -740.126526 24.854506 13
-46.988686 -742.624512 24.242403 13
-59.149601 -741.287048 47.484619 13
-48.267227 -742.242798 39.737782 13
-51.883091 -743.656555 47.713192 13
-50.748463 -742.433533 41.101223 13
-48.864471 -737.991272 32.167110 13
-44.427750 -740.395386 9.638352 13
-57.918278 -743.762451 42.526699 13
-44.871017 -738.805786 15.748260 13
-48.118801 -738.240112 28.613834 13
-47.508907 -738.854248 22.073435 13
-47.173256 -738.560547 23.975071 13
-44.730171 -739.698181 20.862026 13
-45.036861 -738.401794 14.246235 13
-49.289310 -736.390503 43.550385 13
-53.562977 -745.117371 37.924858 13
-51.250008 -738.892212 34.434685 13
-44.297958 -738.342285 29.874306 13
-49.557594 -738.701843 30.867781 13
-47.647926 -737.774170 30.407122 13
-44.282249 -740.321228 6.832251 13
-49.843517 -740.796143 43.384327 13
-52.364475 -736.094116 47.892216 13
-43.867779 -739.136780 26.968437 13
-47.135151 -739.142090 16.290977 13
-54.884132 -736.402710 48.595737 13
-49.937492 -744.958496 33.115265 13
-49.878571 -735.837708 45.229652 13
-52.866356 -736.202087 48.046654 13
-51.128368 -735.317932 47.428844 13
-48.141079 -744.135437 29.504169 13
-50.214771 -740.578064 29.061504 13
-44.285172 -740.287903 6.350255 13
-50.816856 -743.764282 46.137012 13
-50.581734 -743.084229 42.353401 13
-47.663540 -738.576477 25.631287 13
-44.131958 -739.207886 11.424340 13
-56.061436 -740.418396 40.493019 13
-44.402058 -738.942871 13.372516 13
-45.984997 -740.081482 10.187449 13
-45.598633 -740.450623 11.407256 13
-54.492443 -736.270691 49.490704 13
-45.522076 -736.865479 36.159901 13
-55.391987 -736.490356 49.487061 13
-50.064903 -739.965210 28.656635 13
-48.115902 -741.291138 39.163528 13
-52.393002 -744.771240 35.828476 13
-45.027000 -740.812927 11.796281 13
-46.062279 -738.510132 18.059132 13
-56.110085 -736.646362 49.166737 13
-46.244259 -737.637390 30.599823 13
-46.859303 -738.427063 24.584976 13
-44.360935 -738.113770 6.138679 13
-45.443962 -740.395020 6.982466 13
-55.999290 -741.162048 39.959507 13
-45.189426 -740.663086 17.143238 13
-51.585167 -736.935181 42.976685 13
-45.444637 -740.962097 10.126831 13
-45.923454 -741.842957 22.689629 13
-47.073524 -742.370483 23.401804 13
-50.770630 -739.584473 30.977636 13
-46.523544 -736.615356 39.724617 13
-47.110939 -740.233459 16.856220 13
-49.588413 -736.332092 43.914280 13
-51.059490 -735.704285 47.909138 13
-57.534462 -738.820740 45.767467 13
-48.084171 -740.619934 20.860746 13
-57.937870 -740.429871 44.302002 13
-47.712803 -738.063843 28.862085 13
-46.582603 -739.637451 12.291224 13
-46.137093 -738.721680 19.473295 13
-48.641556 -742.437805 25.630646 13
-47.348808 -741.305298 26.623888 13
-44.159721 -740.578613 3.452403 13
-58.407764 -742.917786 43.675964 13
-48.787037 -742.414795 38.480373 13
-51.208981 -737.163208 41.497303 13
-46.259953 -742.225830 26.945490 13
-44.830605 -740.758667 13.855574 13
-50.744759 -743.895996 31.205151 13
-46.326679 -738.677979 17.123150 13
-47.774937 -739.332825 19.108637 13
-47.100849 -740.884705 28.986065 13
-50.311867 -737.788208 37.616425 13
-48.204723 -737.247742 38.288528 13
-58.068916 -741.593140 44.037754 13
-44.862038 -740.211060 20.176136 13
-51.982536 -735.841492 48.926147 13
-59.326466 -741.843018 45.792885 13
-43.384865 -740.081604 1.295050 13
-54.736729 -745.150452 39.062931 13
-51.457493 -742.086060 44.941528 13
-54.237587 -741.980957 36.732765 13
-44.584545 -738.301453 14.452025 13
-52.958775 -744.497986 36.245827 13
-51.214958 -737.934814 38.223923 13
-45.844635 -737.768555 27.942633 13
-45.088852 -738.145142 6.284490 13
-54.032509 -739.513428 38.220863 13
-47.819256 -741.802795 22.464668 13
-46.382458 -737.071411 37.114586 13
-47.734196 -738.741760 24.454193 13
-51.448811 -736.202698 46.707928 13
-50.694160 -742.057739 40.240532 13
-49.857449 -742.789673 27.954967 13
-48.478725 -741.390808 29.727049 13
-47.659832 -738.764954 23.944674 13
-45.533257 -738.532593 20.252048 13
-45.479832 -740.201416 5.612004 13
-58.171516 -738.533936 47.013096 13
-46.641376 -736.971619 37.891346 13
-48.245495 -741.333252 40.161934 13
-54.009476 -737.578125 42.684948 13
-45.713276 -739.798767 2.456098 13
-51.047569 -741.498962 30.380110 13
-44.420132 -739.013367 14.470792 13
-49.073460 -739.566284 35.144314 13
-46.597137 -737.230530 36.440849 13
-45.306808 -740.404053 3.553352 13
-48.553253 -739.707642 34.894978 13
-47.481808 -739.051331 19.332319 13
-46.230389 -740.594177 15.136606 13
-50.373524 -742.973755 40.971809 13
-47.442043 -739.848816 15.450670 13
-44.839901 -737.311340 33.722130 13
-57.212383 -738.464722 45.492371 13
-43.916306 -738.098572 31.457560 13
-49.233688 -744.137329 29.691090 13
-50.315296 -745.008240 34.557091 13
-46.353447 -739.262390 8.986328 13
-49.687191 -743.853394 48.149364 13
-43.382774 -738.856934 0.696003 13
-47.506409 -738.779297 23.120283 13
-48.643829 -742.398071 44.626743 13
-49.682537 -735.360779 45.271793 13
-45.574478 -738.070984 26.260563 13
-45.402740 -740.794250 20.498125 13
-47.918247 -739.743530 32.241211 13
-44.577797 -738.034729 9.486764 13
-51.664242 -744.127563 33.215538 13
-52.696953 -737.409485 41.980549 13
-45.416138 -738.323608 23.930639 13
-48.338406 -740.394165 22.163591 13
-43.615810 -738.841125 1.908539 13
-56.921005 -736.737671 49.016048 13
-57.458218 -741.794189 42.887077 13
-56.504108 -742.189880 41.059189 13
-45.945427 -740.619141 7.616052 13
-49.505508 -737.590698 37.401077 13
-53.229942 -742.196655 34.464378 13
-45.642647 -741.181458 22.948774 13
-54.827919 -742.578003 37.912899 13
-51.756447 -740.291199 33.134609 13
-53.933613 -742.215515 35.878029 13
-53.376118 -736.684143 45.643463 13
-49.734730 -743.027527 42.390507 13
-45.867878 -738.392700 21.957392 13
-44.598274 -739.904175 22.791142 13
-47.110455 -737.472534 33.143192 13
-47.763641 -739.839294 18.449888 13
-45.821079 -739.770752 4.895472 13
-44.096413 -740.473022 5.535479 13
-50.836372 -742.070129 29.773417 13
-55.556786 -738.265686 43.134609 13
-45.285683 -740.742676 17.608126 13
-46.088173 -736.740723 38.492188 13
-49.365753 -740.789734 26.370642 13
-43.588467 -739.532959 5.073929 13
-44.699135 -741.132996 11.324550 13
-50.949760 -736.961304 42.336269 13
-47.645702 -740.685669 19.509575 13
-45.742119 -741.762146 21.708025 13
-45.003769 -739.140015 19.738840 13
-55.984589 -736.988770 47.311314 13
-45.976227 -737.783569 27.211126 13
-44.562717 -738.370911 12.885576 13
-44.261009 -738.527710 30.726662 13
-54.101486 -738.343323 40.639000 13
-45.685608 -739.780823 0.862331 13
-54.886539 -739.081055 40.207569 13
-55.352943 -741.678284 38.605095 13
-59.008041 -740.643860 46.905323 13
-43.765083 -740.164612 9.068710 13
-47.556320 -741.307129 21.887701 13
-44.343327 -740.345032 8.986196 13
-56.580002 -740.497681 41.262711 13
-57.716309 -738.684998 46.173378 13
-44.953876 -736.938232 34.902039 13
-59.070572 -742.423340 44.902039 13
-43.810478 -738.837036 28.256786 13
-46.040596 -738.959778 2.176100 13
-49.199963 -742.313110 36.148537 13
-50.791809 -738.387878 35.802437 13
-51.187721 -744.196594 48.429268 13
-53.820637 -740.642517 36.282505 13
-56.371582 -736.942627 48.414970 13
-47.516457 -744.000244 29.791271 13
-49.208279 -742.884949 42.520844 13
-48.351078 -741.396484 23.226997 13
-48.686211 -737.398560 37.582710 13
-52.911610 -736.575256 46.370831 13
-53.185886 -739.941711 36.278030 13
-50.588154 -744.336243 32.011875 13
-49.808029 -743.840698 47.535439 13
-45.282372 -740.594116 15.330146 13
-56.752937 -737.832703 46.382244 13
-49.667038 -741.951599 27.250259 13
-48.484509 -739.798279 21.840729 13
-49.325375 -738.913940 29.325760 13
-59.119404 -740.647217 48.421764 13
-48.396442 -741.763367 43.987907 13
-53.471165 -738.872009 38.408718 13
-47.927921 -738.739441 25.274065 13
-46.666626 -740.218506 26.027433 13
-49.051472 -743.875916 28.392473 13
-57.743702 -740.358582 43.888817 13
-51.123650 -741.237366 46.181393 13
-58.739746 -738.887695 48.301022 13
-57.622620 -741.490662 43.306732 13
-52.924938 -745.167236 37.359402 13
-45.559696 -737.968811 28.457773 13
-54.817520 -738.642761 40.989578 13
-44.635834 -740.650330 2.150623 13
-44.908493 -740.385803 16.197334 13
-44.807934 -738.545288 27.116589 13
-56.865723 -737.244263 48.383221 13
-50.292416 -744.302795 31.501049 13
-54.555614 -739.829041 38.392025 13
-50.302776 -741.963989 38.633293 13
-44.656918 -740.659546 12.617791 13
-44.680450 -740.631714 2.816250 13
-47.191853 -738.479858 24.868027 13
-52.711834 -740.508301 34.474728 13
-47.138798 -740.199951 29.903946 13
-48.976845 -742.938354 43.993092 13
-43.876194 -739.830017 8.455381 13
-46.851017 -740.366272 28.231039 13
-44.433887 -738.201416 10.014842 13
-50.126781 -741.406616 37.519775 13
-51.036266 -744.877075 34.114563 13
-45.244656 -736.935608 35.665516 13
-51.412285 -738.372681 36.537132 13
-52.410007 -744.440369 50.945351 13
-44.378723 -737.903564 5.356645 13
-48.537033 -740.555115 22.840994 13
-46.898457 -741.073486 19.645529 13
-48.728859 -739.764648 36.738724 13
-47.387764 -741.519531 25.627468 13
-46.929173 -736.582581 39.895439 13
-48.406151 -741.292480 41.825298 13
-56.377785 -738.765381 43.034416 13
-52.552006 -739.849915 35.067474 13
-51.124039 -739.164612 32.657551 13
-43.767914 -739.017761 5.859921 13
-48.527416 -742.499634 36.029346 13
-50.596333 -735.297913 46.685181 13
-45.137772 -740.749207 0.746254 13
-49.641453 -742.875549 41.236515 13
-50.421432 -743.412537 44.172539 13
-44.165054 -740.172119 8.126182 13
-44.292370 -739.910828 16.421762 13
-45.786407 -740.523926 6.376649 13
-51.436947 -744.234741 48.841827 13
-49.027451 -737.379639 38.048538 13
-48.308895 -738.039307 30.674158 13
-45.242622 -738.297913 1.531109 13
-44.462624 -739.874939 23.943117 13
-44.470131 -740.727234 13.531518 13
-44.356228 -738.711365 12.136485 13
-48.666927 -737.205627 39.319447 13
-44.288540 -740.801514 14.756889 13
-50.653450 -743.949768 49.275852 13
-52.532356 -743.600159 50.360043 13
-45.253132 -738.676758 22.341293 13
-49.315388 -742.196350 34.912720 13
-49.118542 -742.933777 44.539360 13
-47.663654 -736.412292 42.194637 13
-44.423748 -739.645630 15.543785 13
-50.840546 -743.432495 30.354918 13
-52.087231 -737.940186 39.579128 13
-56.170383 -738.535034 43.438065 13
-43.108524 -739.024414 1.499386 13
-50.201015 -741.363647 28.601534 13
-43.413025 -739.401855 3.686816 13
-48.209385 -738.625732 27.151285 13
-52.018021 -738.728821 36.086189 13
-43.549541 -739.899048 4.343273 13
-43.650940 -739.984619 4.804185 13
-48.729473 -741.958862 45.214256 13
-47.196762 -741.205139 28.323700 13
-47.470436 -737.107178 37.854794 13