-46.222824 -739.509216 9.332442 13
-53.150352 -744.153381 51.747349 13
-44.075878 -737.698364 31.922871 13
-53.851360 -745.501831 37.954975 13
-48.467751 -735.836609 43.646198 13
-47.928829 -740.985596 21.084269 13
-57.507217 -739.251770 44.592072 13
-45.502701 -740.143738 -0.322390 13
-50.357384 -743.543030 29.402695 13
-50.902496 -738.244629 36.217102 13
-53.339497 -735.359985 50.051708 13
-50.078716 -743.437378 44.553780 13
-44.374409 -738.718811 15.876348 13
-43.971397 -739.439392 25.807301 13
-59.738983 -739.009277 50.041912 13
-55.447113 -740.147095 39.304459 13
-45.792488 -736.548279 38.211536 13
-48.227089 -742.240967 39.240593 13
-43.270042 -738.829712 4.671175 13
-48.477543 -738.458191 28.815647 13
-47.696918 -741.779846 33.786270 13
-57.666729 -743.959167 42.198093 13
-52.909222 -742.404846 33.845055 13
-53.207958 -736.758972 45.231281 13
-47.363651 -743.010254 25.522530 13
-51.820877 -737.478149 40.754913 13
-52.322311 -741.870789 47.995186 13
-48.172520 -737.634583 32.979637 13
-56.554569 -737.128845 48.057533 13
-49.839783 -745.325562 33.406776 13
-48.069103 -738.857178 24.734411 13
-44.655727 -741.138184 12.667871 13
-44.599056 -739.361511 19.728163 13
-50.829971 -740.075012 31.473320 13
-47.783012 -739.549988 17.547028 13
-48.341801 -740.568604 42.750790 13
-43.682175 -737.201111 1.280167 13
-59.211681 -741.670349 46.912739 13
-54.916859 -738.122314 42.421635 13
-50.255226 -735.620422 46.776764 13
-46.896263 -743.650696 28.974768 13
-51.177471 -741.521240 40.937607 13
-48.449608 -736.907898 40.368290 13
-45.907188 -740.428833 3.062311 13
-49.360523 -743.688843 47.886864 13
-47.253830 -739.369995 14.158001 13
-44.825832 -737.804749 12.009113 13
-53.667469 -740.178284 36.414974 13
-49.869217 -741.564819 36.354412 13
-45.102631 -738.173096 28.681910 13
-45.169048 -737.488159 35.069660 13
-49.643909 -741.091614 27.127573 13
-45.594055 -741.121277 23.419641 13
-45.383762 -740.764282 6.403114 13
-47.137203 -740.790161 30.696173 13
-55.583405 -743.367371 39.731148 13
-56.855923 -740.879395 41.993603 13
-44.723812 -737.836304 7.213908 13
-52.073780 -744.904785 35.528900 13
-47.962135 -737.429932 36.255524 13
-46.725803 -740.233826 27.060453 13
-46.350098 -738.538696 22.129063 13
-49.206657 -739.542053 38.631283 13
-58.346554 -741.954773 44.161346 13
-43.401955 -740.171814 1.751677 13
-54.054657 -743.003662 36.654076 13
-51.993725 -739.754150 34.077114 13
-51.689747 -744.257629 49.350468 13
-51.198849 -741.057800 45.529182 13
-48.301594 -744.390564 31.274933 13
-45.445618 -741.034180 17.295532 13
-58.430161 -739.026978 47.289997 13
-51.143112 -736.846436 43.354095 13
-53.138489 -738.601562 38.627750 13
-51.498455 -743.665710 31.920666 13
-48.952152 -739.585022 34.706718 13
-46.706978 -737.381775 30.703892 13
-43.672749 -738.737366 9.777957 13
-55.837082 -737.393982 45.468880 13
-53.963680 -736.436951 47.747601 13
-49.296368 -742.987549 42.083553 13
-48.282028 -741.325073 23.656570 13
-46.053722 -737.880920 26.151445 13
-51.596016 -743.910034 46.653214 13
-45.779724 -741.654846 20.059280 13
-46.526005 -739.719788 11.837323 13
-46.977192 -738.832214 19.740429 13
-48.478180 -741.692261 44.998234 13
-51.559570 -741.998840 43.308987 13
-50.859776 -737.739258 38.566113 13
-47.743496 -740.599792 36.898190 13
-44.993645 -738.208435 3.026947 13
-44.306736 -740.762207 8.714253 13
-48.832973 -743.323059 27.360830 13
-45.238609 -740.674072 14.904737 13
-50.451687 -740.984863 29.328890 13
-50.418495 -741.520081 38.677925 13
-47.891834 -741.561890 28.558937 13
-55.451794 -736.200684 49.850674 13
-51.863415 -735.733093 48.378845 13
-45.117142 -738.668762 24.029875 13
-45.616634 -738.784607 17.824642 13
-49.313011 -738.463867 31.214272 13
-47.805683 -739.867859 32.687328 13
-48.362106 -740.307129 40.529022 13
-48.428074 -739.392456 22.611471 13
-44.065407 -738.993042 13.715631 13
-50.220356 -738.576111 33.222439 13
-48.756725 -741.855652 31.893074 13
-45.940750 -737.484253 33.042641 13
-44.660774 -740.038452 21.794216 13
-58.239273 -737.576111 49.419209 13
-54.337864 -738.646240 40.406071 13
-55.104122 -741.950195 38.182323 13
-48.663765 -737.325623 38.283783 13
-48.872719 -739.056702 26.783207 13
-46.020538 -739.367493 4.917428 13
-46.284077 -742.518127 27.293041 13
-43.609295 -739.570312 6.680133 13
-44.324837 -740.729187 4.565253 13
-45.189289 -740.921631 10.642835 13
-59.494106 -740.564453 48.664326 13
-45.830814 -741.555115 25.458485 13
-53.157764 -737.261414 43.093098 13
-50.044437 -740.654602 43.851276 13
-49.524216 -736.836060 42.151192 13
-51.938221 -741.655029 32.077015 13
-46.285492 -739.122314 7.339614 13
-49.211014 -740.381287 25.295450 13
-46.631275 -738.782837 16.106056 13
-47.158772 -741.014893 18.729000 13
-50.043240 -736.104980 44.861485 13
-43.734791 -738.367249 30.094870 13
-46.823101 -742.148010 22.250206 13
-46.570942 -736.376038 40.135048 13
-49.863060 -742.825195 40.175407 13
-56.613621 -739.100769 42.805527 13
-52.037861 -744.208374 33.692139 13
-44.040302 -739.543457 11.716305 13
-47.408504 -736.214233 41.868637 13
-56.617500 -742.611633 41.199986 13
-46.417614 -739.739197 25.123137 13
-48.187016 -742.065857 35.610382 13
-46.874310 -737.884521 27.944241 13
-55.941128 -739.459839 41.054623 13
-48.686947 -742.567993 37.433708 13
-47.127377 -737.416626 34.531075 13
-47.163864 -739.824097 28.864227 13
-58.539009 -740.319397 45.769489 13
-49.019970 -737.707642 34.671913 13
-53.195168 -743.175476 49.627949 13
-43.788807 -738.990784 27.629740 13
-51.749416 -742.805969 45.133793 13
-49.034622 -743.146912 46.124828 13
-51.967800 -736.348694 46.570583 13
-55.131599 -745.128784 39.323036 13
-42.999733 -738.967529 0.399300 13
-44.799915 -738.050659 5.361180 13
-54.530396 -743.741516 38.253307 13
-49.926064 -739.582153 28.220146 13
-45.110767 -740.748352 1.465883 13
-48.636723 -744.159180 29.495749 13
-52.505127 -738.864441 36.849449 13
-45.857639 -738.541809 13.312789 13
-48.920624 -742.110840 25.776930 13
-51.223289 -742.408020 30.507732 13
-53.660778 -741.692078 35.440861 13
-46.144478 -737.198303 36.560047 13
-54.660229 -737.294617 44.084373 13
-57.115440 -738.044067 46.557709 13
-50.133423 -744.423584 30.961777 13
-45.310650 -738.215088 10.291002 13
-47.454918 -740.526978 35.057014 13
-56.467548 -744.492188 40.804356 13
-46.622768 -742.459229 24.008821 13
-49.125740 -739.520569 36.734280 13
-50.179085 -737.233154 40.231064 13
-50.215504 -739.349426 30.006819 13
-43.266830 -738.784180 2.810267 13
-54.334610 -739.795410 37.986050 13
-47.281807 -740.343079 15.602663 13
-45.760021 -739.144409 1.771676 13
-53.107948 -743.524536 35.303852 13
-55.996109 -741.654358 39.913540 13
-48.432816 -741.997131 40.934444 13
-49.909698 -740.490601 42.056789 13
-57.502052 -742.330811 42.721455 13
-50.059593 -742.385559 28.165270 13
-48.493832 -741.667419 30.164017 13
-44.139019 -740.340332 16.313459 13
-57.617271 -740.557312 43.503334 13
-53.319206 -737.742798 41.499519 13
-47.995831 -740.697998 38.568161 13
-53.230469 -744.474426 36.680733 13
-45.957123 -740.607910 8.121393 13
-43.842537 -740.417542 0.153951 13
-48.909599 -742.628052 43.677185 13
-46.025230 -740.264404 13.468716 13
-46.773388 -738.473267 23.759325 13
-49.503418 -741.933777 34.621323 13
-44.506035 -740.170227 24.385826 13
-47.417831 -741.442688 26.065807 13
-49.507614 -737.641907 36.884220 13
-48.403133 -739.545715 20.183945 13
-50.607834 -745.206360 34.857029 13
-45.245712 -740.632324 18.896879 13
-54.547569 -736.675171 46.218784 13
-51.592438 -736.633606 44.940323 13
-56.089497 -738.191711 44.058414 13
-44.375511 -737.474731 33.534615 13
-43.578342 -738.808777 8.122313 13
-44.662346 -737.859741 8.846266 13
-45.166187 -737.804260 30.603788 13
-47.553062 -738.397339 26.189566 13
-50.671215 -743.231201 42.864002 13
-45.566151 -741.334656 21.733213 13
-52.191940 -743.478882 48.052040 13
-48.104870 -737.970764 30.288321 13
-45.651657 -738.668396 20.658136 13
-44.326756 -740.419006 3.029259 13
-45.546646 -738.598145 14.853802 13
-47.219437 -736.995728 38.862358 13
-52.059685 -741.998108 46.451195 13
-54.477497 -741.440002 36.784351 13
-50.869373 -738.641541 34.713200 13
-58.839397 -738.853149 48.772839 13
-47.549355 -738.932495 21.289616 13
-52.584911 -739.584961 35.511257 13
-59.245895 -742.061523 45.404488 13
-43.901890 -740.207397 10.299499 13
-50.785454 -744.112000 48.063274 13
-51.912045 -744.352600 50.834827 13
-52.901478 -740.941223 34.342056 13
-58.328255 -743.333801 43.469467 13
-47.454567 -741.245605 32.272427 13
-47.807877 -739.536133 31.117338 13
-48.944118 -739.924316 23.890678 13
-44.795307 -738.542725 26.642729 13
-55.300957 -736.422607 48.368164 13
-51.601357 -740.327271 32.698132 13
-46.687500 -741.002686 24.405886 13
-44.975998 -737.989502 1.304240 13
-47.330334 -743.496033 27.589396 13
-57.829700 -737.931763 48.044758 13
-50.985897 -737.072693 41.893612 13
-46.130966 -739.787781 23.696613 13
-53.016216 -738.049744 40.111504 13
-46.761143 -740.528259 16.981520 13
-54.110432 -736.268005 49.227814 13
-50.351326 -743.716309 45.936523 13
-45.040512 -740.500732 20.488815 13
-46.330101 -737.705994 29.298738 13
-48.797058 -744.821594 32.567188 13
-44.681545 -739.855957 17.747322 13
-55.793808 -737.002686 46.844242 13
-50.425220 -744.544983 32.363144 13
-49.518646 -742.616943 38.625805 13
-48.311348 -742.494080 24.479143 13
-59.019371 -740.327515 47.292271 13
-49.730625 -736.566528 43.525490 13
-47.788399 -737.631348 31.613239 13
-50.505817 -742.779724 41.411724 13
-57.901489 -739.033325 45.957497 13
-45.722393 -738.547241 19.215872 13
-44.545933 -739.167664 22.867727 13
-48.506332 -741.873779 42.323856 13
-47.932732 -739.831726 18.899250 13
-44.283653 -740.647461 7.258545 13
-44.409203 -740.345398 13.779161 13
-47.286510 -737.218140 37.445465 13
-47.031826 -741.085571 20.075294 13
-48.391182 -740.765076 22.439646 13
-52.053417 -737.984192 39.154808 13
-52.159294 -743.044373 32.900196 13
-43.717060 -738.537048 1.487988 13
-46.920452 -738.844360 18.390265 13
-56.867966 -738.275696 45.232460 13
-45.858044 -738.548279 11.579825 13
-51.498821 -738.193909 37.477318 13
-56.267662 -737.197510 49.363400 13
-47.456856 -744.050354 30.296909 13
-54.343391 -739.156738 39.173443 13
-48.979862 -742.037354 33.391979 13
-43.679787 -739.910095 5.393789 13
-45.631229 -737.916382 27.484211 13
-47.242531 -740.515076 33.763927 13
-46.805008 -738.298157 25.098856 13
-49.359001 -743.577759 28.554691 13
-46.048679 -739.836914 10.610768 13
-56.340523 -740.679810 40.772224 13
-45.947285 -737.673401 31.742308 13
-46.029400 -740.336670 22.462976 13
-50.320862 -738.916626 31.953686 13
-45.432346 -740.549377 9.404545 13
-45.854465 -740.704041 16.057499 13
-44.342487 -737.905029 4.148808 13
-44.277241 -739.755676 15.085445 13
-45.490753 -740.530334 11.899222 13
-52.277435 -737.262695 42.089058 13
-47.364292 -741.332397 27.344231 13
-53.318634 -736.481079 46.534142 13
-44.897499 -738.636597 25.299395 13
-49.931911 -742.053345 37.536739 13
-47.972912 -738.431396 27.495291 13
-43.542782 -739.893005 3.898452 13
-50.954819 -741.057129 30.505222 13
-44.131168 -738.942444 29.019852 13
-49.685474 -737.333435 39.027431 13
-50.631519 -742.303284 29.372255 13
-49.154202 -738.648682 29.903378 13
-48.361073 -741.494690 43.635803 13
-48.293324 -740.006470 35.894379 13
-45.874348 -739.501221 6.161274 13
-52.907970 -745.621826 37.078533 13
-58.161957 -740.672791 44.628071 13
-46.556019 -741.852966 21.037149 13
-48.856880 -742.930603 44.897442 13
-51.220699 -743.022766 44.026489 13
-45.911705 -740.477600 4.330044 13
-49.789978 -737.977539 35.684689 13
-47.171211 -741.027405 29.449505 13
-52.286087 -736.929688 43.916039 13
-52.705860 -736.260132 47.589176 13
-48.684452 -739.501038 21.396887 13
-47.946163 -741.576477 37.643955 13
-45.831944 -738.672119 8.415251 13
-52.917152 -735.908875 49.023586 13
-46.075863 -739.319214 3.672320 13
-49.192013 -738.168274 32.505749 13
-44.066391 -738.498779 6.250799 13
-50.857098 -736.195557 45.858856 13
-44.288128 -738.673035 10.855339 13
-46.184395 -742.702271 25.795435 13
-49.496471 -742.314697 27.038073 13
-51.212757 -741.940979 42.114262 13
-51.346722 -739.117310 33.257805 13
-44.889786 -738.085510 13.951460 13
-52.471321 -741.364990 33.262466 13
-50.937489 -744.772522 33.672108 13
-48.416756 -736.397766 42.543507 13
-50.618942 -741.871460 39.823227 13
-48.870670 -739.241943 25.593983 13
-44.836693 -741.108704 0.289439 13
-47.084629 -737.303711 32.564072 13
-45.175835 -738.788513 21.866713 13
-45.468006 -738.819763 16.486866 13
-46.441841 -740.568054 14.734559 13
-48.682842 -741.374268 24.806913 13
-47.788532 -741.730957 31.151419 13
-49.533413 -740.003418 26.429710 13
-43.984802 -739.648132 9.028035 13
-55.141354 -740.734741 38.146538 13
-48.102341 -743.853210 28.457045 13
-51.006763 -743.559082 30.738091 13
-48.406784 -740.942017 41.556137 13
-51.476219 -741.642883 44.506180 13
-46.708241 -739.340576 13.047563 13
-48.725452 -739.610413 33.411594 13
-45.929192 -739.454773 0.630649 13
-55.035244 -738.704590 41.376572 13
-48.006641 -743.292542 26.501791 13
-47.410198 -738.761536 22.662884 13
-50.243744 -744.054932 49.126907 13
-45.353470 -738.489624 4.328637 13
-53.345600 -739.299927 37.567371 13
-47.543495 -739.491821 16.390388 13
-51.762203 -738.744263 35.561943 13
-44.360054 -740.825989 11.466827 13
-47.538486 -737.889404 29.262756 13
-51.252407 -735.857178 47.383064 13
-46.334419 -737.328979 35.411385 13
-50.343342 -741.401794 44.795231 13
-57.353439 -736.806091 49.151752 13
-52.824425 -743.624695 50.690998 13
-50.010777 -741.132385 28.244324 13
-44.772644 -740.314270 22.962626 13
-44.398113 -738.730530 12.576060 13
-53.297928 -740.584839 35.377167 13
-48.548363 -740.011292 37.789101 13
-52.933544 -742.723877 48.583485 13
-49.074844 -739.634888 39.895584 13
-47.065708 -740.184692 31.747189 13
-48.903114 -735.766907 44.727268 13
-55.222176 -739.384583 40.144180 13
-45.065353 -736.926636 36.074913 13
-44.584740 -739.254456 20.932196 13
-45.258339 -740.442078 5.296352 13
-47.508961 -742.137939 23.344414 13
-46.615391 -740.637146 25.865759 13
-45.412724 -738.469238 6.325694 13
-51.155712 -737.559021 39.732624 13
-46.771255 -738.812195 17.252541 13
-49.886402 -735.300110 45.672726 13
-46.024933 -737.448853 34.227982 13
-48.201965 -741.119629 39.737309 13
-46.991821 -740.797791 28.308546 13
-46.118435 -741.073608 18.263996 13
-49.895618 -737.596863 37.946262 13
-53.460892 -737.040466 44.167175 13
-49.406216 -736.972717 41.036583 13
-53.983410 -744.458496 37.530476 13
-52.169338 -743.008850 47.015007 13
-46.654453 -738.872375 14.969959 13
-54.399437 -736.945374 45.137169 13
-52.579479 -744.296509 34.693188 13
-49.299248 -742.260193 35.668175 13
-50.213112 -743.902588 47.131794 13
-44.279228 -739.934998 12.751450 13
-44.367290 -740.696167 5.913393 13
-48.984047 -738.937134 27.941221 13
-54.477459 -742.757080 37.656605 13
-45.376595 -738.386230 22.983044 13
-55.234749 -742.993286 38.736538 13
-48.239849 -737.098022 39.298851 13
-49.266430 -738.008057 33.627670 13
-44.962406 -739.189941 18.623753 13
-56.965282 -743.650757 41.376850 13
-48.408665 -736.668274 41.469036 13
-51.730995 -742.592407 31.529533 13
-47.426552 -736.647217 40.844009 13
-48.033051 -737.509216 35.162502 13
-45.782902 -741.712280 24.327993 13
-46.905910 -743.110596 26.607773 13
-54.329212 -744.752075 38.639675 13
-43.858658 -739.882996 7.964939 13
-55.447063 -741.322449 39.029285 13
-49.697205 -744.228455 29.959719 13
-55.628197 -744.412476 40.045525 13
-59.318825 -739.847290 49.456894 13
-54.250774 -737.473877 43.088741 13
-55.768059 -738.780762 42.184784 13
-46.095905 -742.029663 23.124437 13
-47.283314 -739.837708 30.213381 13
-56.633389 -739.783386 41.958336 13
-47.919956 -738.923523 23.614592 13
-44.336880 -737.960144 2.214973 13
-48.307316 -742.245728 34.554966 13
-45.759262 -740.086914 7.171683 13
-47.771114 -741.699097 21.947861 13
-44.889683 -737.755737 32.633190 13
-47.651375 -741.136841 35.914570 13
-55.262604 -737.942200 43.424736 13
-49.222370 -742.724365 41.031906 13
-48.120346 -737.524719 34.094280 13
-51.306137 -741.246887 46.618328 13
-49.360878 -744.636230 31.666887 13
-50.323170 -741.088379 37.294144 13
-51.569839 -744.760864 34.534153 13
-47.767136 -740.364685 19.835810 13
-44.574581 -739.349792 16.727926 13
-57.212017 -739.544189 43.598778 13
-44.366543 -738.606140 14.719638 13
-48.194092 -741.982788 36.679119 13
-54.976509 -744.055786 39.180332 13
-59.127518 -739.694153 48.144161 13
-45.782681 -738.114319 24.863131 13
-48.043823 -739.933044 34.163136 13
-49.795620 -743.189514 43.476353 13
-48.357521 -737.350708 37.260056 13
-54.988392 -736.552490 47.367271 13
-45.023148 -740.689697 3.781444 13
-59.064987 -738.285583 49.630936 13
-48.796329 -742.563660 40.050537 13
-44.258163 -738.377197 31.138901 13
-46.777649 -738.051208 26.879917 13
-54.325287 -740.464539 37.186707 13
-43.448906 -739.800476 2.740746 13
-48.111492 -742.001892 32.831169 13
-56.142879 -743.484985 40.616806 13
-52.494312 -743.385193 34.196281 13
-44.743095 -738.407104 27.711941 13
-46.279736 -736.658203 39.178097 13
-59.496479 -741.134399 47.783314 13
-45.430008 -736.750000 37.248020 13
-49.934689 -738.167847 34.578182 13
-51.352177 -744.205627 32.797943 13
-58.754654 -742.721558 44.757214 13
-49.641869 -739.129883 29.132927 13
-44.104439 -740.737122 1.176145 13
-50.997467 -743.545532 45.011860 13
-44.704254 -738.162231 29.740265 13
-52.044392 -745.219727 36.511589 13
-58.882874 -741.288208 45.980946 13
-53.307880 -742.490784 34.804600 13
-50.226604 -739.993652 29.116377 13
-45.515110 -740.095581 2.156762 13
-51.380333 -740.949463 31.502598 13
-50.642151 -736.598083 44.208382 13
-46.890778 -737.465454 33.549675 13
-50.520668 -737.984558 37.236938 13
-51.176567 -739.421753 32.302055 13
-50.466434 -739.228943 31.009331 13
-49.377628 -742.363403 36.715435 13
-56.970867 -741.962952 41.939034 13
-42.935432 -738.010559 1.116525 13
-52.287762 -738.393677 38.092205 13
-44.525917 -740.822266 9.779028 13
-47.715294 -741.485596 34.840252 13
-57.392006 -741.349670 42.896618 13
-47.527870 -740.488708 17.832329 13
-49.285156 -741.226074 26.194536 13
-56.482075 -741.611267 41.120808 13
-44.010300 -738.223572 3.263190 13
-51.402264 -745.603760 35.330620 13
-49.238117 -743.050537 47.111008 13
-52.594292 -744.214966 49.916840 13
-44.283234 -740.771973 15.206136 13
-54.283203 -738.003296 41.569435 13
-46.652744 -742.969727 28.292740 13
-52.491898 -743.614319 49.094070 13
-43.308914 -738.876038 5.709804 13
-46.326748 -741.211853 19.231125 13
-46.077057 -739.617920 8.195216 13
-47.113892 -739.621582 27.716537 13
-51.805679 -741.842285 45.431164 13
-45.043427 -738.064453 12.973699 13
-58.506836 -739.611511 46.485180 13
-44.065067 -738.564636 7.288997 13
-48.560566 -740.165405 39.226780 13
-57.127941 -740.149353 42.739033 13
-47.423973 -736.760193 39.838833 13
-50.312969 -736.796814 42.759495 13
-53.704273 -736.315247 50.127262 13
-46.634697 -738.684631 21.040691 13
-48.882927 -737.640991 35.832291 13
-48.739220 -742.257080 45.740269 13
-44.527470 -737.761169 9.896355 13
-55.564762 -742.403381 39.442657 13
-53.653568 -738.529724 39.469521 13
-45.966381 -737.783020 28.390146 13
-49.127823 -744.454529 30.733332 13
-43.311916 -739.852234 0.829306 13
-53.722973 -742.823853 35.757881 13
-48.477955 -742.146606 38.278233 13
-49.844776 -741.412903 35.394516 13
-55.486580 -737.581238 44.582069 13
-49.583008 -743.469360 45.378384 13
-45.322636 -740.267029 0.651401 13
-52.326817 -736.537109 45.688629 13
-45.010113 -737.848755 31.574028 13
-52.027611 -737.081055 42.996548 13
-57.100994 -737.688782 47.447300 13
-50.489445 -740.287231 30.006001 13
-58.581593 -741.431580 45.069759 13
-44.198410 -739.427063 26.743879 13
-44.108829 -738.637878 8.922537 13
-49.233829 -737.150513 39.867298 13
-57.318012 -737.788330 49.309124 13
-51.874668 -743.045166 46.099785 13
-45.046093 -740.414185 16.661257 13
-45.012936 -740.668945 7.879451 13
-57.268223 -743.007324 42.086670 13
-46.322968 -737.053101 37.573631 13
-44.204967 -739.351501 24.876919 13
-55.912991 -740.088135 40.164257 13
-56.075893 -742.572449 40.341682 13
-53.908550 -741.065552 36.120464 13
-48.863998 -742.766602 26.468836 13
-44.441315 -739.434509 23.786463 13
-56.349739 -737.543823 46.271194 13
-50.803478 -737.253357 40.970200 13
-44.569607 -737.782532 11.006829 13
-46.223907 -742.368408 24.909449 13
-50.190624 -742.765930 39.279686 13
-46.712185 -739.271423 10.980434 13
-46.978905 -740.217957 13.841687 13
-52.971378 -744.488708 35.763287 13
-57.834629 -738.293091 47.173100 13
-49.754463 -740.052734 27.353979 13
-45.327858 -740.818115 13.764602 13
-58.079639 -739.773132 45.151211 13
-49.765602 -743.196594 27.781162 13
-48.263920 -742.773071 25.671581 13
-51.871696 -739.034607 34.649010 13
-52.145546 -740.488953 33.445965 13
-56.838619 -738.761169 44.113712 13
-46.459198 -738.814453 14.061904 13
-53.648266 -737.579224 42.358826 13
-47.710892 -738.159668 28.366564 13
-44.214775 -740.486511 2.085436 13
-51.037964 -744.377686 50.007668 13
-55.955040 -738.479797 43.069069 13
-46.548706 -739.745605 26.132820 13
-52.546356 -740.173767 34.752914 13
-49.083305 -739.565186 24.742569 13
-47.037952 -737.274048 36.251244 13
-44.062889 -738.382751 4.914144 13
-47.735012 -743.990051 29.336739 13
-49.062737 -739.531738 35.745934 13
-54.551617 -735.957153 49.977745 13
-53.563946 -743.678589 36.119320 13
-48.633564 -737.971008 31.767036 13
-47.340492 -739.441406 15.195584 13
-44.733902 -737.846191 6.261121 13
-43.632183 -738.985840 3.647717 13
-47.397964 -742.631958 24.462551 13
-45.081451 -737.419128 34.158398 13
-46.196339 -738.825928 12.384748 13
-47.686153 -741.780334 29.605200 13
-54.127216 -742.156677 36.269325 13
-51.570091 -743.971191 47.562244 13
-53.023109 -739.525208 36.439415 13
-45.425777 -738.352722 9.170886 13
-46.868763 -737.532043 31.639517 13
-45.510448 -741.209839 20.819050 13
-50.624165 -742.380920 40.593510 13
-50.703857 -744.091919 31.624132 13
-45.918774 -738.191406 23.929983 13
-52.386501 -742.145996 32.829391 13
-45.147446 -738.155884 8.109050 13
-46.197155 -740.189575 12.582077 13
-49.557568 -740.765808 42.850712 13
-50.767071 -742.968506 29.971907 13
-47.165173 -741.403870 25.199547 13
-45.603798 -737.875916 29.804766 13
-46.027767 -742.154846 26.509569 13
-48.763752 -741.275146 29.388716 13
-47.898590 -741.386597 22.844435 13
-44.851898 -740.205017 19.618246 13
-48.302277 -744.358215 30.358822 13
-51.762562 -741.824646 47.292679 13
-57.903221 -743.242493 42.678253 13
-51.644657 -744.111084 48.463184 13
-51.538872 -741.780457 31.191841 13
-48.191666 -740.146973 20.864115 13
-44.975319 -740.509399 15.753651 13
-58.857552 -739.241821 49.944996 13
-48.675041 -740.588684 23.327318 13
-57.834938 -741.399963 43.682594 13
-45.284824 -740.557800 21.373285 13
-53.729851 -738.072998 40.708183 13
-54.807076 -739.839844 38.757210 13
-58.541039 -738.476807 47.979065 13
-45.143524 -740.601135 18.005146 13
-54.306587 -743.634399 37.411243 13
-58.107475 -742.420715 43.459656 13
-53.237595 -736.286011 48.284000 13
-53.822239 -739.155884 38.415882 13
-45.660400 -741.467529 22.605850 13
-48.426315 -740.041199 36.915398 13
-48.870895 -742.659119 42.777187 13
-56.116554 -736.649780 48.649002 13
-47.785545 -739.282593 19.577955 13
-57.781147 -739.999756 44.174446 13
-47.581696 -739.066223 20.416330 13
-46.173557 -740.266296 9.798572 13
-52.664391 -737.730469 40.857491 13
-45.626247 -740.921021 12.670796 13
-47.775894 -737.158752 38.167522 13
-51.790794 -738.565918 36.426140 13
-45.369473 -740.919556 19.788546 13
-43.510876 -739.308899 1.880266 13
-49.683628 -744.961792 32.617371 13
-46.986927 -737.658081 29.893700 13
-48.294903 -741.215088 40.599232 13
-57.255096 -737.432617 48.507263 13
-45.863285 -739.552612 2.861424 13
-51.214108 -743.620972 45.881924 13
-46.929028 -741.044617 26.657404 13
-49.678612 -743.611267 46.480793 13
-45.913517 -738.444031 15.626746 13
-52.468506 -736.755432 44.792580 13
-58.288506 -738.138977 48.754662 13
-52.131271 -737.762878 39.993843 13
-44.054359 -739.327515 10.304693 13
-44.394852 -738.498962 11.727695 13
-46.337391 -740.670410 23.496532 13
-48.144352 -738.773926 25.671354 13
-55.778145 -736.727356 47.664452 13
-48.640152 -741.777039 31.017262 13
-50.045120 -745.075012 34.206291 13
-48.058151 -741.539551 38.754215 13
-48.713478 -740.742310 24.210733 13
-50.288296 -742.877808 28.845379 13
-52.777912 -744.489990 50.711422 13
-55.341873 -736.972107 46.089676 13
-47.204098 -737.373657 35.410080 13
-47.546890 -741.260254 33.120968 13
-49.342285 -743.136841 44.210663 13
-48.762432 -742.393799 41.690948 13
-48.276730 -739.503967 32.067844 13
-55.795933 -740.876160 39.643654 13
-47.275261 -738.561218 24.439329 13
-48.290878 -740.237732 21.709412 13
-52.439220 -743.257263 50.018566 13
-48.536011 -742.109741 44.236969 13
-52.461567 -742.734192 47.773071 13
-50.185230 -737.042236 41.619122 13
-44.307133 -738.340759 8.146473 13
-46.570393 -739.117188 9.999810 13
-50.137337 -743.080933 42.191456 13
-48.204350 -739.968872 35.058941 13
-44.948009 -740.673828 2.464087 13
-52.176056 -735.513794 49.165524 13
-54.475319 -736.315857 48.413578 13
-46.053467 -742.047485 21.939213 13
-44.548874 -740.917786 14.426181 13
-56.181366 -736.273071 49.425167 13
-53.346016 -744.996399 37.466648 13
-46.198345 -738.565125 23.138435 13
-45.306290 -738.208069 25.928986 13
-49.154148 -736.234253 44.041744 13
-53.217400 -741.708374 34.433346 13
-45.670811 -739.858093 1.312950 13
-45.302013 -738.833252 19.927258 13
-48.531311 -739.222046 24.104862 13
-54.985733 -736.326599 49.159561 13
-54.126823 -736.480835 46.910862 13
-50.754635 -738.695557 33.877075 13
-47.233105 -740.499939 32.922901 13
-46.388924 -740.147644 24.379744 13
-49.380146 -742.676086 39.475060 13
-54.733944 -741.476379 37.582745 13
-58.896038 -740.622437 46.474197 13
-45.848846 -740.572571 11.027443 13
-47.231064 -741.375854 21.340895 13
-46.168522 -738.713257 20.005417 13
-56.163742 -737.948792 44.912701 13
-48.930084 -736.381531 43.235710 13
-50.155838 -737.962646 36.469059 13
-50.936829 -742.715637 42.263756 13
-50.860546 -741.643494 29.933235 13
-48.314022 -741.898682 40.024231 13
-49.840199 -741.703613 27.649855 13
-44.790295 -740.006226 18.563292 13
-52.852608 -738.192932 39.303574 13
-50.525276 -738.279785 35.435467 13
-47.616283 -741.470093 30.351257 13
-44.359024 -739.526733 14.292686 13
-50.472992 -737.533997 39.269871 13
-49.982380 -743.566772 48.523834 13
-46.216572 -738.458496 16.739525 13
-49.143375 -737.429138 37.619171 13
-45.825165 -740.138733 8.786420 13
-45.073460 -738.463318 15.515760 13
-53.819233 -736.686646 45.780491 13
-44.236042 -740.343201 3.837352 13
-46.574619 -736.843323 38.369530 13
-51.625900 -738.033325 38.398159 13
-45.903687 -737.675781 30.912725 13
-47.315998 -741.127991 31.479063 13
-47.535423 -737.635742 30.824631 13
-48.022652 -740.732422 37.747631 13
-45.686279 -738.349731 1.549188 13
-46.096706 -738.705933 18.481239 13
-48.476460 -738.281555 29.614115 13
-52.377453 -744.162537 51.481800 13
-57.458347 -738.819641 45.268559 13
-45.605915 -738.748962 5.601562 13
-49.745327 -738.904358 30.496807 13
-48.139156 -738.642212 26.683891 13
-51.653481 -742.339355 44.063023 13
-44.398891 -739.648193 15.987218 13
-53.763542 -739.849304 37.163887 13
-51.493923 -736.781067 44.151821 13
-46.437084 -739.233276 21.729406 13
-44.392117 -740.768066 10.656312 13
-47.908279 -739.098083 21.986473 13
-46.470879 -740.424255 15.584419 13
-46.747528 -740.710083 17.863049 13
-47.576885 -740.147095 17.055809 13
-49.412636 -739.322083 27.344490 13
-45.791542 -738.421082 21.516884 13
-51.197197 -742.699097 43.239079 13
-50.806320 -736.385498 45.084873 13
-44.259338 -738.767456 28.242872 13
-46.797787 -738.234253 25.897076 13
-56.413200 -737.303101 47.273590 13
-43.617001 -739.584106 4.637136 13
-45.239285 -738.207886 11.118127 13
-47.013054 -740.006531 14.740942 13
-50.984470 -736.045959 46.621876 13
-43.878807 -740.320007 6.579397 13
-50.283062 -741.793274 28.663631 13
-54.470745 -742.250854 37.026470 13
-50.541016 -743.357117 43.747223 13
-45.136162 -740.674561 8.657964 13
-45.824448 -740.389404 5.848036 13
-44.180611 -737.851440 1.306996 13
-51.751579 -742.974792 32.236553 13
-48.136055 -743.618835 27.611809 13
-45.467865 -738.089722 26.732361 13
-45.066570 -739.079590 17.343571 13
-49.325565 -742.464294 37.869602 13
-49.191910 -739.494324 37.515484 13
-45.584831 -740.081726 3.689455 13
-44.482838 -740.510925 12.231933 13
-46.907135 -737.823853 28.725821 13
-51.683945 -737.238953 41.543747 13
-58.765305 -742.929199 43.982029 13
-48.716461 -738.181091 30.765841 13
-53.851341 -743.898865 36.832695 13
-45.581020 -738.361694 12.304140 13
-59.339081 -739.064514 49.347347 13
-44.098076 -739.845642 10.975673 13
-47.539207 -739.172363 18.752981 13
-45.204060 -737.556580 33.385345 13
-50.814926 -743.847656 46.584400 13
-44.537853 -739.237427 21.839834 13
-46.824886 -742.332336 23.028370 13
-49.639427 -738.528503 31.924118 13
-46.959446 -740.268982 29.499205 13
-47.782124 -741.036926 20.300713 13
-47.092808 -740.149109 16.389549 13
-50.730877 -738.981689 32.754074 13
-45.492905 -738.507935 7.097011 13
-48.779312 -737.563599 36.598595 13
-50.088478 -742.163452 38.297455 13
-46.029465 -740.783264 16.851818 13
-43.508465 -738.764526 6.777035 13
-55.154907 -737.160034 45.141312 13
-51.977341 -741.077759 32.596554 13
-50.391399 -744.794128 33.097866 13
-45.519928 -738.759766 3.588876 13
-56.436974 -740.072937 41.248657 13
-43.581993 -739.274109 7.498059 13
-46.531433 -740.567322 25.039587 13
-46.480785 -738.718384 19.157749 13
-44.653461 -739.822510 20.411053 13
-51.331146 -736.950134 42.569115 13
-45.844463 -740.457886 14.217669 13
-52.805416 -738.632690 37.562450 13
-51.712151 -739.861877 33.343948 13
-43.476807 -738.382263 0.720279 13
-48.567894 -742.032593 43.110481 13
-45.122532 -740.550415 4.547398 13
-47.772758 -740.565613 19.094538 13
-51.479092 -745.179565 35.987930 13
-50.012672 -740.383972 28.492062 13
-47.057552 -738.730713 21.953175 13
-50.990440 -744.286743 48.813583 13
-48.859009 -743.779053 27.973368 13
-44.068722 -740.382019 9.342834 13
-47.982914 -741.712463 31.983965 13
-48.903496 -739.666687 23.171999 13
-44.161556 -737.500183 32.800728 13
-46.249477 -737.582703 30.113222 13
-51.954441 -736.066101 47.652931 13
-57.379265 -738.414246 45.907600 13
-44.379704 -740.336853 5.219381 13
-47.531612 -738.579224 25.196980 13
-43.811325 -738.808533 12.082697 13
-47.539242 -741.129456 34.169609 13
-47.773750 -741.343933 36.675674 13
-49.348080 -744.111450 29.269091 13
-43.329708 -739.094360 1.070624 13
-45.871494 -739.500183 -0.138262 13
-51.888302 -743.731750 33.102539 13
-45.113514 -738.225525 2.025820 13
-51.543625 -736.470520 45.688293 13
-50.050674 -743.980713 47.888050 13
-45.607727 -737.189697 35.611042 13
-47.740776 -740.065002 33.427578 13
-47.023022 -740.084778 30.916185 13
-50.787857 -740.267334 30.740509 13
-58.456291 -738.737854 49.506630 13
-52.368645 -738.984314 35.935566 13
-43.750572 -738.541565 2.285268 13
-46.936634 -739.284912 12.285586 13
-45.422070 -740.662964 22.126743 13
-46.678272 -743.152527 27.455734 13
-49.024166 -741.220154 25.472052 13
-48.059860 -742.038025 23.857286 13
-48.951694 -742.528137 46.564465 13
-49.410572 -735.763306 45.309937 13
-48.532051 -742.189819 25.130322 13
-50.125977 -744.669861 31.660978 13
-51.293282 -740.360596 32.010841 13
-44.532696 -738.492920 13.324275 13
-44.363892 -738.446655 9.643602 13
-46.886803 -740.785461 27.561892 13
-48.390732 -741.331177 42.891365 13
-46.470394 -741.489624 20.378126 13
-47.349380 -743.669373 28.380049 13
-47.649872 -737.507629 33.482418 13
-45.091606 -740.656921 7.115780 13
-50.942616 -742.177002 41.430351 13
-50.228832 -741.473694 37.942978 13
-46.712330 -739.956299 28.295061 13
-53.163456 -740.001648 35.837322 13
-52.526245 -736.079285 48.334919 13
-48.964485 -737.227356 38.988586 13
-48.853382 -742.127991 35.079369 13
-59.022404 -741.983398 46.205540 13
-51.463314 -738.943542 34.025002 13
-49.094742 -738.899475 28.683300 13
-45.529297 -740.457886 10.162597 13
-45.641972 -741.285339 18.942966 13
-44.429409 -738.194702 30.440372 13
-45.528610 -738.413513 14.124858 13
-46.323730 -737.452515 32.400543 13
-48.762791 -742.228271 36.285839 13
-52.607105 -736.544434 46.915440 13
-49.654488 -741.187683 43.514252 13
-58.020237 -738.809875 46.667637 13
-51.844700 -744.406616 50.086132 13
-54.941784 -739.474792 39.451271 13
-44.548138 -738.982666 25.855904 13
-46.409458 -738.376221 24.442102 13
-54.976936 -738.922668 40.671799 13
-52.567047 -743.035461 33.518791 13
-48.852299 -742.538940 38.945293 13
-45.112122 -740.959045 11.371514 13
-46.877991 -742.772522 24.972664 13
-53.296944 -741.166748 34.930000 13
-49.539524 -743.007324 42.806160 13
-49.378384 -739.758423 25.760624 13
-46.085938 -739.704163 22.959822 13
-44.231594 -740.592468 8.021969 13
-47.745213 -737.526489 32.355759 13
-44.339237 -739.687012 13.458988 13
-47.705044 -736.183350 42.572849 13
-49.890007 -738.312500 33.865757 13
-44.566544 -739.094482 15.243035 13
-49.941696 -742.843567 40.904728 13
-52.945278 -737.369202 42.402531 13
-52.737556 -735.765686 49.731232 13
-43.935043 -739.694641 16.589766 13
-48.599922 -744.707947 31.868572 13
-53.489555 -735.961548 49.523411 13
-52.689392 -744.874573 36.396984 13
-50.951923 -737.859009 37.849388 13
-59.203194 -740.498779 47.986366 13
-50.737232 -745.318237 34.137554 13
-50.206059 -735.957581 45.566547 13
-47.875191 -740.962708 21.959967 13
-45.588779 -737.666077 32.370705 13
-47.256538 -739.079163 17.796709 13
-43.721466 -740.291321 4.477350 13
-54.594639 -745.420349 38.720623 13
-48.389126 -741.984070 33.880890 13
-45.742657 -739.715942 4.304452 13
-48.618145 -739.987061 38.523994 13
-56.179417 -739.238586 41.792450 13
-44.478146 -740.560974 13.067302 13
-50.284981 -743.586731 45.241646 13
-49.371510 -743.031311 26.980015 13
-44.722389 -739.043762 24.488255 13
-44.737587 -740.118713 21.058052 13
-56.405842 -737.856995 45.597012 13
-44.452019 -739.891052 25.519928 13
-56.548470 -738.775940 43.444771 13
-48.405113 -741.711365 41.633759 13
-48.612579 -737.704224 33.595062 13
-51.371616 -737.769470 39.071789 13
-56.693958 -737.061584 48.777245 13
-43.752735 -740.173096 7.324730 13
-46.787235 -737.244385 36.922123 13
-49.802597 -740.657715 27.750662 13
-51.883774 -742.162537 44.780109 13
-55.394196 -742.075012 38.835293 13
-43.935398 -738.489868 4.197919 13
-44.357243 -738.785278 27.158703 13
-48.589844 -740.053528 22.357294 13
-44.990719 -738.191040 14.705050 13
-52.832798 -741.478699 33.864353 13
-48.799812 -743.935669 28.828897 13
-49.981865 -736.328674 44.188091 13
-48.030361 -739.484924 18.224657 13
-51.417995 -735.351929 47.857616 13
-43.913155 -738.358582 29.351488 13
-52.269066 -742.316406 47.172756 13
-44.655174 -737.182190 34.683868 13
-48.587013 -741.383606 44.294346 13
-44.575317 -740.149780 23.612061 13
-58.743786 -739.684753 47.157494 13
-46.347618 -737.885132 27.440128 13
-45.795120 -739.890015 5.330524 13
-51.353016 -742.955444 30.935482 13
-53.298672 -736.473145 47.282703 13
-54.892925 -743.091125 38.122231 13
-49.368416 -737.396545 38.384457 13
-59.172657 -741.007751 47.119911 13
-46.142464 -738.152710 25.464479 13
-52.996696 -736.647827 45.915791 13
-44.649696 -740.585388 6.569288 13
-43.698063 -739.466003 5.939320 13
-52.022556 -742.396423 45.827644 13
-47.676693 -739.830627 31.787600 13
-53.061081 -743.177368 34.593636 13
-44.734203 -741.083008 13.492284 13
-47.344711 -738.151611 27.375992 13
-44.956577 -740.540771 -0.113987 13
-43.861038 -740.229187 8.637984 13
-47.476128 -741.626099 27.981651 13
-49.089283 -742.164612 34.089993 13
-46.315796 -739.081665 11.550808 13
-56.228191 -741.352539 40.526070 13
-47.360302 -739.257385 17.079144 13
-50.467197 -736.702209 43.445343 13
-46.268791 -738.496704 17.621653 13
-54.007629 -737.239014 43.706505 13
-53.771553 -736.944214 44.821186 13
-48.165291 -737.850464 31.057072 13
-50.381531 -742.112183 39.183613 13
-55.081360 -736.752197 46.687496 13
-49.241550 -741.945190 26.380785 13
-59.281471 -739.511780 48.818604 13
-47.525074 -740.214050 18.491003 13
-44.662380 -739.677429 22.405474 13
-47.662338 -741.631592 26.683527 13
-49.901188 -738.831726 31.276819 13
-49.870018 -738.520203 32.627975 13
-51.203098 -737.422974 40.432465 13
-50.832325 -735.345398 47.054253 13
-45.866756 -741.720520 21.236382 13
-58.417484 -740.767761 45.270798 13
-45.979630 -740.112427 11.596208 13
-58.713825 -739.142883 47.941826 13
-44.182510 -738.182495 5.641206 13
-48.495808 -739.553040 32.722309 13
-45.784286 -740.682312 15.336647 13
-46.535225 -740.705872 16.263374 13
-48.396301 -741.104431 42.235546 13
-48.874329 -736.636536 42.015404 13
-50.186275 -737.557068 38.577129 13
-44.920753 -738.921753 23.431583 13
-50.106380 -740.432800 43.198929 13
-52.471981 -740.432495 34.124981 13
-47.399975 -741.940491 22.596977 13
-44.730423 -740.660645 0.864140 13
-47.497906 -737.275391 36.767475 13
-48.770252 -741.881531 32.654861 13
-44.885498 -738.098083 4.632532 13
-47.226120 -740.842896 19.459219 13
-49.549919 -743.646057 47.197643 13
-51.376484 -741.552673 45.987915 13
-46.105099 -740.885254 17.594114 13
-50.869503 -743.975098 47.328327 13
-50.078194 -737.138550 40.936592 13
-54.552906 -739.038696 39.887409 13
-47.821785 -740.527283 36.175999 13
-48.329620 -738.483765 28.139738 13
-58.176655 -741.327271 44.396458 13
-43.142052 -739.735352 0.184283 13
-55.312054 -740.672668 38.829670 13
-44.568413 -737.883362 3.501791 13
-54.301590 -737.806885 42.418194 13
-47.840084 -742.952332 25.041985 13
-52.629116 -737.491211 41.542778 13
-55.781204 -736.831909 49.673103 13
-50.899715 -739.403931 31.540680 13
-45.657337 -738.521667 22.381035 13
-49.301632 -740.530212 25.962402 13
-43.855114 -738.807007 11.401474 13
-47.300423 -741.234070 28.744137 13
-58.234779 -739.623108 45.798370 13
-49.289238 -739.370728 26.350998 13
-43.699215 -739.074463 5.129539 13
-45.496212 -737.032471 36.588646 13
-46.896915 -736.689209 39.395428 13
-49.225861 -744.870422 33.118317 13
-50.418175 -743.872742 30.596804 13
-50.384998 -740.763123 44.551689 13
-48.247742 -740.419067 39.780331 13
-44.777340 -739.621826 19.138863 13
-51.071182 -738.295471 36.858967 13
-45.514046 -741.181396 17.992640 13
-54.669472 -740.383362 37.821571 13
-49.482925 -736.617676 42.907509 13
-45.171589 -740.657349 13.080009 13
-47.596405 -740.425964 34.324669 13
-44.240646 -739.356995 12.325519 13
-44.918953 -740.371155 17.385212 13
-48.147369 -735.971619 43.036182 13
-45.095753 -739.045166 19.323740 13
-52.169819 -738.508057 37.320564 13
-47.091110 -739.190002 15.810489 13
-43.930393 -739.344727 8.433480 13
-45.684055 -740.110535 6.489444 13
-48.625549 -738.985229 26.160133 13
-45.538929 -741.118713 24.135313 13
-49.511932 -737.934082 35.069572 13
-48.541893 -742.343384 45.091770 13
-43.728462 -740.284912 3.341157 13
-49.019520 -740.278137 24.565096 13
-52.248085 -739.532104 34.873371 13
-46.360512 -739.067139 8.570140 13
-43.911602 -740.091553 1.268095 13
-45.852901 -737.395935 34.944019 13
-55.657539 -738.950806 41.460205 13
-45.291878 -740.707703 3.068743 13
-46.840080 -742.950623 25.931787 13
-57.316540 -744.207886 41.674191 13
-54.424015 -738.376953 41.013985 13
-50.986984 -741.470276 40.209934 13
-47.259647 -740.602051 32.246094 13
-47.439171 -743.357788 26.921690 13
-58.744656 -742.081360 44.951954 13
-49.444462 -737.782043 36.212036 13
-44.405811 -738.149109 10.459919 13
-50.620880 -739.667419 30.516241 13
-43.957924 -739.343262 9.640868 13
-46.882198 -738.638062 23.031673 13
-47.262253 -742.551514 23.808212 13
-56.613491 -740.942261 41.371288 13
-50.011436 -741.602722 37.007164 13
-50.661152 -741.403931 39.291519 13
-57.765057 -737.717529 48.827820 13
-46.872459 -736.280762 40.737465 13
-50.782887 -743.375366 44.412106 13
-45.221336 -738.795532 21.212397 13
-45.620865 -737.814758 28.957264 13
-52.494762 -738.310425 38.724525 13
-46.129314 -739.635925 2.263273 13
-44.242943 -740.188660 11.671265 13
-48.615807 -738.797119 27.400042 13
-57.722244 -741.929993 43.262367 13
-49.968422 -741.050537 35.923893 13
-59.779198 -740.069702 49.044258 13
-49.870136 -735.660339 46.222332 13
-48.342186 -741.757568 24.409975 13
-46.045067 -742.086487 23.842377 13
-56.566216 -738.353821 44.591274 13
-53.904457 -744.833801 38.066433 13
-43.848431 -740.268372 5.927678 13
-52.970188 -737.061584 43.692719 13
-46.114716 -737.959961 26.801300 13
-51.092419 -738.602905 35.352047 13
-48.872845 -737.894470 33.025196 13
-48.386372 -739.241760 23.264620 13
-48.910255 -739.936707 40.489929 13
-47.775326 -736.532532 41.389290 13
-46.687557 -739.968628 13.252412 13
-46.959156 -740.447754 28.869164 13
-57.924778 -740.831238 44.011456 13
-44.905525 -739.003723 16.198259 13
-50.367714 -742.486877 39.925865 13
-42.983444 -738.609802 1.384231 13
-47.094215 -740.726868 30.028341 13
-57.145111 -740.818665 42.597477 13
-50.087574 -741.016541 36.673805 13
-44.574635 -738.420654 28.963711 13
-54.688782 -742.136719 37.679443 13
-47.916409 -741.761230 36.125473 13
-46.518982 -737.386780 34.780262 13
-46.378662 -742.761841 26.490639 13
-45.844513 -740.439148 4.983562 13
-45.669525 -738.702515 17.173096 13
-48.424664 -737.801819 32.374401 13
-51.250469 -742.314941 42.659130 13
-46.798584 -739.278564 13.693051 13
-47.325073 -741.080627 20.769461 13
-54.858982 -736.872864 45.663410 13
-51.459026 -744.472351 33.428276 13
-52.012951 -742.396484 32.079090 13
-52.807251 -742.136719 48.355045 13
-43.780781 -740.391541 2.670614 13
-48.737755 -739.630432 34.082748 13
-44.396984 -740.186646 14.406991 13
-46.549549 -741.483704 24.991959 13
-44.386982 -740.227051 15.708734 13
-49.047623 -744.317322 30.102156 13
-48.599476 -739.187988 24.964190 13
-45.979958 -742.088806 25.861694 13
-51.399456 -743.059814 44.646530 13
-47.268852 -743.612854 29.569761 13
-45.353897 -738.678955 18.509268 13
-53.869362 -736.350037 48.629856 13
-45.096935 -738.551331 24.675920 13
-45.476364 -740.791748 22.744633 13
-48.326477 -742.015076 37.341236 13
-50.561344 -741.610168 29.355581 13
-45.044659 -737.943298 9.557152 13
-46.823555 -741.818542 21.692413 13
-50.805672 -740.926880 45.027843 13
-47.404148 -743.149658 26.175217 13
-54.305302 -744.328186 38.099579 13
-45.170860 -740.975708 12.224602 13
-48.924229 -738.627197 29.294518 13
-44.354218 -739.212830 13.000373 13
-55.672607 -736.479614 49.078594 13
-44.551628 -738.634094 14.046833 13
-46.176624 -739.646057 9.970622 13
-57.095856 -741.401794 42.331104 13
-55.341270 -743.525513 39.152241 13
-47.990021 -741.214661 38.199425 13
-47.620701 -737.803345 29.907778 13
-52.708538 -742.008789 33.392498 13
-49.833176 -742.962891 41.639645 13
-52.829544 -744.093567 35.265350 13
-49.492176 -740.570068 26.750700 13
-55.515118 -737.863525 44.007870 13
-46.150963 -740.459229 10.461678 13
-47.087776 -737.057678 38.040611 13
-55.440773 -738.378113 42.701088 13
-53.200993 -738.834412 38.027439 13
-47.879448 -740.356873 35.533024 13
-54.149426 -740.707886 36.596924 13
-49.877537 -737.312866 39.659245 13
-58.094612 -738.197632 49.439671 13
-48.919422 -742.891663 45.536304 13
-48.018044 -736.562256 41.985188 13
-47.106827 -738.866150 19.111507 13
-45.648506 -738.817139 2.310841 13
-53.014400 -739.182861 37.017693 13
-48.772472 -736.917603 40.988560 13
-45.397240 -738.080383 28.046253 13
-51.268925 -742.199463 45.344128 13
-51.581806 -745.025940 35.117771 13
-50.689854 -740.915100 29.943598 13
-46.424168 -740.189209 14.199994 13
-46.779957 -739.904785 12.604847 13
-54.751217 -737.537842 43.474022 13
-45.948742 -739.568054 6.837172 13
-44.888340 -737.038391 35.420311 13
-55.163071 -741.307678 38.448917 13
-57.129139 -738.762512 44.678394 13
-47.329643 -738.666016 23.534784 13
-44.194798 -738.693115 10.196054 13
-55.212025 -744.515442 39.554134 13
-45.063606 -738.152893 6.760261 13
-55.176712 -738.475830 41.957420 13
-46.703369 -740.455872 26.458004 13
-48.760105 -739.749268 36.258053 13
-48.119457 -741.502319 29.222683 13
-44.959789 -739.124084 20.424578 13
-52.315361 -743.642334 33.629807 13
-45.820637 -738.564514 10.957067 13
-50.154675 -743.725403 30.030174 13
-51.172497 -743.673523 31.369143 13
-49.703060 -739.060852 29.760435 13
-52.890125 -744.576599 51.350651 13
-53.713547 -738.398987 40.084335 13
-48.169014 -740.807861 39.163994 13
-46.591503 -737.392090 32.969337 13
-44.281742 -738.131409 6.715843 13
-48.320175 -740.408020 41.147770 13
-46.161743 -738.679382 14.589314 13
-45.246220 -740.860779 16.205864 13
-56.381023 -742.092957 40.633278 13
-56.044010 -740.784729 40.226479 13
-43.658413 -740.378296 0.772247 13
-45.695930 -741.351624 24.839640 13
-45.807495 -740.100891 7.796595 13
-51.903759 -743.522156 47.270359 13
-49.424206 -738.001343 34.230881 13
-50.034039 -743.218079 28.372644 13
-54.337318 -739.445435 38.619999 13
-43.585323 -739.313782 3.104512 13
-45.068333 -739.066284 18.012201 13
-45.023636 -740.677124 5.840159 13
-46.263447 -737.478577 33.576691 13
-53.048882 -736.907471 44.626595 13
-44.515697 -737.923096 12.677901 13
-56.053143 -744.804138 40.312843 13
-46.392696 -738.860840 13.353861 13
-46.943314 -738.938904 16.648373 13
-44.489178 -737.839355 2.804082 13
-48.063999 -739.862000 19.587248 13
-50.794830 -744.342346 49.410667 13
-50.963688 -744.246094 32.292278 13
-47.330040 -739.328247 28.502401 13
-56.957905 -739.594604 42.981625 13
-56.726040 -737.630859 46.839130 13
-49.768929 -742.453491 27.613405 13
-50.827301 -741.531067 45.320557 13
-49.561584 -738.232727 33.123913 13
-48.845585 -742.654846 44.318554 13
-45.104584 -738.236328 27.226706 13
-44.373692 -740.738159 0.058538 13
-43.976589 -738.738953 13.127048 13
-59.870808 -739.459656 49.640453 13
-46.261795 -738.961548 7.957926 13
-47.842583 -741.536865 35.471245 13
-43.879921 -739.214844 10.945983 13
-50.495495 -735.830627 46.207726 13
-56.885902 -743.031433 41.586239 13
-50.299835 -744.145752 48.456108 13
-56.841457 -740.310974 41.696598 13
-53.815365 -738.877258 38.978596 13
-51.782372 -736.842896 43.555412 13
-47.940395 -738.989441 22.919987 13
-44.952431 -738.143494 4.003244 13
-52.044182 -744.660950 34.911217 13
-48.170448 -736.760986 40.907547 13
-56.867065 -744.277283 41.215546 13
-47.833324 -736.769531 40.312107 13
-55.150932 -736.737427 49.885052 13
-47.275471 -739.770020 15.880861 13
-48.379292 -737.560242 34.648598 13
-52.519596 -740.940979 33.756989 13
-53.405655 -742.991638 35.146416 13
-49.398685 -736.118530 44.608601 13
-50.414581 -742.938721 40.453617 13
-43.400402 -739.307251 4.124032 13
-44.719719 -739.970581 16.952585 13
-46.353176 -739.796570 11.140191 13
-49.056938 -737.025208 40.445808 13
-49.947327 -737.737610 37.341793 13
-44.022148 -737.800049 31.126820 13
-49.476295 -743.212646 44.812141 13
-46.638195 -737.434509 34.152134 13
-49.417034 -741.714722 26.952980 13
-55.504539 -739.242981 40.698170 13
-47.874306 -737.125671 38.799042 13
-53.904850 -735.738037 50.061752 13
-51.570126 -743.265808 45.510021 13
-55.780975 -743.792053 40.138546 13
-44.928421 -740.267639 22.292803 13
-54.699806 -744.258911 38.617428 13
-54.595318 -736.376526 47.809555 13
-51.403923 -739.731567 32.762131 13
-47.735073 -737.471436 34.625126 13
-49.732410 -742.524048 37.202686 13
-54.133987 -737.130310 44.332718 13
-48.677673 -742.551880 36.808182 13
-46.886448 -740.203979 27.729057 13
-47.593170 -738.389099 26.844080 13
-48.154396 -741.656616 39.445496 13
-50.445393 -736.973206 42.189873 13
-54.928249 -742.512817 38.365608 13
-52.139099 -742.665955 46.510712 13
-48.689495 -737.634399 35.249317 13
-56.907852 -738.000793 45.971352 13
-51.708389 -736.146729 47.070278 13
-45.794563 -741.294312 19.575335 13
-46.632595 -741.476501 19.674562 13
-54.894150 -743.598450 38.743813 13
-52.019829 -744.418762 34.283367 13
-45.066494 -738.860229 22.726702 13
-52.559395 -743.179993 48.457226 13
-51.682587 -743.566284 32.486721 13
-48.266022 -740.922913 23.013075 13
-46.292831 -742.092468 22.541813 13
-48.315155 -743.441467 27.033575 13
-54.791256 -744.660950 39.108749 13
-54.751949 -737.196960 44.678852 13
-50.127701 -739.455261 29.413115 13
-53.654266 -741.100891 35.523617 13
-46.419376 -737.594055 31.237360 13
-55.897610 -742.837830 39.828369 13
-51.404350 -736.297241 46.252048 13
-55.405273 -743.949219 39.677235 13
-47.905518 -744.171265 29.918695 13
-51.656826 -740.890869 32.113792 13
-45.088181 -737.647766 1.853023 13
-45.189529 -738.215393 5.818133 13
-57.685806 -737.311890 49.267849 13
-47.869789 -741.081665 37.263378 13
-48.248604 -737.497131 35.735260 13
-53.188114 -735.961670 50.083920 13
-52.186527 -739.098938 35.337505 13
-54.733570 -737.795044 42.915943 13
-52.847923 -743.126099 49.136868 13
-59.275951 -741.218323 46.426479 13
-46.098843 -740.726013 22.921181 13
-56.122009 -739.964172 40.752209 13
-52.859135 -740.089417 35.308243 13
-44.618370 -739.664917 23.187658 13
-45.295135 -738.391541 13.483515 13
-44.743164 -740.762756 9.128397 13
-53.381355 -745.598877 37.455132 13
-43.518444 -739.653442 1.383482 13
-45.406895 -738.255310 25.311468 13
-44.027901 -739.960144 9.765903 13
-43.635563 -738.993469 8.870554 13
-52.984783 -740.661377 34.865635 13
-48.927559 -742.753662 38.193993 13
-46.961468 -738.780762 20.536850 13
-57.592834 -738.404968 46.510612 13
-55.524200 -744.972961 39.839039 13
-47.866703 -740.451843 20.427212 13
-56.853115 -741.434143 41.674751 13
-54.559586 -741.021240 37.224564 13
-44.778408 -738.045288 31.004103 13
-46.478409 -738.729980 15.525268 13
-47.133842 -740.554871 31.271460 13
-47.629292 -736.960632 39.312172 13
-48.039417 -741.747437 34.379715 13
-46.106602 -737.289307 35.952011 13
-44.652740 -737.933167 7.849241 13
-47.860157 -737.281433 37.573860 13
-48.935204 -740.817810 24.873941 13
-56.096775 -744.093872 40.537716 13
-48.799133 -739.562622 22.064169 13
-44.671761 -741.122131 11.867908 13
-44.650085 -737.810486 32.055969 13
-44.567062 -739.368774 18.198757 13
-52.598576 -737.110229 43.234833 13
-43.880848 -738.699097 5.581171 13
-52.904053 -745.039124 36.933739 13
-48.160294 -741.633667 30.685274 13
-49.415382 -741.889404 35.225681 13
-50.211273 -740.934143 28.768551 13
-52.142643 -743.793152 48.629898 13
-48.056751 -738.174927 29.165768 13
-50.038628 -739.521118 28.791834 13
-43.340439 -739.281555 2.481394 13
-49.272278 -736.826111 41.590366 13
-45.636627 -739.861816 0.297435 13
-46.372620 -739.566772 24.286821 13
-51.506634 -743.150146 31.618187 13
-52.469688 -736.520508 46.258739 13
-52.750908 -743.651123 49.621807 13
-56.520988 -743.406250 41.055222 13
-45.113811 -740.760803 9.864539 13
-53.683201 -742.293457 35.405716 13
-49.211517 -743.034912 43.306046 13
-49.301357 -742.713318 40.452820 13
-45.497822 -740.100952 2.796918 13
-57.298290 -740.078613 43.301323 13
-52.845814 -743.863037 51.280518 13
-46.023182 -740.222351 23.246656 13
-48.676769 -739.759338 35.341209 13
-50.958641 -744.589233 33.107140 13
-53.837837 -739.629639 37.728954 13
-46.635887 -740.041443 25.621817 13
-46.962605 -741.121460 25.833868 13
-51.246254 -741.236572 31.009701 13
-51.378231 -741.816528 46.757198 13
-48.481148 -742.474731 40.563965 13
-53.388294 -736.301819 48.992893 13
-52.244484 -744.022522 49.438656 13
-45.671738 -737.555420 33.758751 13
-47.434597 -741.262695 30.888308 13
-48.129814 -741.962341 35.033566 13
-57.841324 -739.260559 45.420223 13
-49.760887 -743.651367 45.902103 13
-55.502888 -739.819397 39.841316 13
-48.657120 -737.132568 39.787678 13
-46.034817 -739.391968 5.551778 13
-50.407658 -745.019531 33.733635 13
-51.292419 -735.767273 48.300297 13
-53.872726 -736.628479 46.385880 13
-45.952442 -741.601624 20.627256 13
-48.327965 -740.475098 41.883545 13
-46.702900 -739.065247 22.255184 13
-55.870647 -737.229492 46.208523 13
-48.250835 -744.018555 29.061178 13
-51.966545 -745.481934 35.928616 13
-44.563366 -740.592285 1.616302 13
-49.404118 -739.191284 28.269030 13
-49.758865 -744.663635 32.130878 13
-53.447540 -741.913574 34.928574 13
-52.336468 -743.948303 34.183292 13
-55.536911 -742.965576 39.235104 13
-46.649277 -740.879944 18.433313 13
-51.073700 -740.575745 31.177311 13
-52.843731 -743.705444 34.743443 13
-48.743053 -742.398560 39.516285 13
-45.741173 -738.949951 6.292890 13
-56.208897 -738.679565 42.562588 13
-44.585918 -739.493530 17.305727 13
-48.737137 -735.844971 44.175694 13
-43.746532 -739.028748 6.318551 13
-51.115742 -736.656067 44.575207 13
-49.907288 -742.648438 38.032249 13
-58.816216 -740.091736 46.758125 13
-47.284325 -739.758789 29.626240 13
-46.916561 -737.736511 29.324669 13
-48.251175 -740.951660 43.446098 13
-47.547050 -737.473572 32.919949 13
-44.290123 -738.194763 31.715897 13
-51.438629 -744.689148 33.985874 13
-50.611248 -737.418091 39.880947 13
-50.589531 -742.899353 29.423937 13
-45.024910 -738.047668 29.278000 13
-51.506371 -742.378662 31.038486 13
-53.219452 -737.877258 40.938728 13
-55.945251 -742.240112 39.885727 13
-57.871731 -742.756958 42.992718 13
-56.303917 -742.948242 40.733120 13
-51.652122 -739.365234 33.669563 13
-53.582050 -740.612000 35.885880 13
-44.173508 -739.924500 12.168959 13
-46.058285 -739.668152 7.520240 13
-46.229790 -736.341675 38.686604 13
-51.334930 -738.501282 35.925880 13
-45.917088 -737.045166 37.062748 13
-43.445518 -737.990662 1.365719 13
-45.884525 -736.663452 37.607475 13
-47.484043 -737.466675 34.042656 13
-47.966248 -741.787964 23.326807 13
-50.110294 -741.300720 43.837856 13
-49.227177 -743.345581 27.962984 13
-44.316895 -740.370911 11.069815 13
-53.472633 -744.497131 37.207401 13
-48.102135 -739.271179 21.477070 13
-53.232506 -744.137024 36.166481 13
-53.818523 -737.778137 41.847698 13
-52.205788 -741.618408 32.595085 13
-49.796299 -743.640320 29.293383 13
-55.789661 -738.216736 43.557743 13
-53.909809 -741.734436 35.949409 13
-48.475033 -739.549377 20.749519 13
-48.669540 -738.270508 30.196804 13
-51.989723 -736.775452 44.459202 13
-48.943672 -742.804626 25.899540 13
-45.394073 -737.837891 31.123659 13
-44.239315 -740.416077 0.696229 13
-48.345642 -741.448181 41.124374 13
-46.977413 -739.330566 14.666572 13
-45.513420 -740.513733 7.506434 13
-44.061951 -738.235596 2.693265 13
-47.592514 -741.068542 35.222683 13
-49.617554 -737.121399 40.454212 13
-58.393543 -742.491211 43.993717 13
-57.222900 -739.224915 44.084648 13
-46.568764 -736.239990 39.440792 13
-47.116386 -736.657593 40.319118 13
-44.354904 -737.897461 4.850736 13
-45.899746 -741.888733 24.903439 13
-48.701916 -740.148193 22.906166 13
-45.981190 -740.702332 8.819216 13
-56.837753 -737.527466 49.088398 13
-48.994572 -736.532593 42.616398 13
-44.592239 -739.767273 24.797979 13
-44.914799 -737.871887 10.534326 13
-57.032719 -737.463501 47.980221 13
-46.005920 -742.282227 24.385153 13
-49.179119 -738.246826 31.737944 13
-50.215797 -743.803589 46.521587 13
-49.201351 -744.856384 32.157734 13
-49.905178 -740.120911 28.006580 13
-50.337627 -738.504028 34.221096 13
-55.570000 -741.828491 39.381207 13
-46.862572 -739.790466 14.195855 13
-51.675613 -737.729065 39.552792 13
-52.586193 -745.489746 36.620129 13
-48.933311 -739.728394 39.097557 13
-50.830513 -738.865234 33.317341 13
-45.864002 -740.634521 7.072397 13
-43.912834 -738.281128 30.715252 13
-54.909893 -740.242371 38.372314 13
-51.732498 -738.392700 36.962894 13
-48.062424 -736.938477 39.806190 13
-48.913223 -742.567932 42.208580 13
-45.689896 -741.577698 23.733541 13
-43.165550 -738.860046 1.921631 13
-46.418312 -741.093811 23.867558 13
-58.194653 -738.573486 47.542557 13
-44.698940 -738.413391 28.307775 13
-47.600147 -739.910461 18.013041 13
-45.384720 -740.869568 16.750273 13
-50.435589 -737.761658 38.067802 13
-48.804195 -737.684204 34.133553 13
-45.504669 -738.407471 12.891346 13
-46.428341 -742.762878 27.824852 13
-50.107185 -743.190002 42.869820 13
-45.865772 -740.448975 12.966074 13
-48.254608 -739.812439 33.651714 13
-45.945251 -740.785828 11.670049 13
-48.728729 -742.221497 35.679909 13
-53.715343 -737.350525 43.223789 13
-45.647026 -737.648132 30.325178 13
-44.323116 -739.624390 24.303450 13
-43.833790 -740.324097 5.034900 13
-46.105389 -739.614624 8.794860 13
-50.015827 -740.504883 42.639473 13
-44.420826 -739.443909 26.152515 13
-51.757935 -742.044189 31.645943 13
-44.720207 -740.029358 16.393023 13
-46.854530 -743.418335 28.027132 13
-48.055683 -738.918579 24.165554 13
-47.609070 -737.400879 35.800587 13
-59.240738 -738.775513 49.891754 13
-49.535423 -742.050659 36.263561 13
-58.077168 -740.111084 44.707191 13
-52.218224 -737.480286 41.157780 13
-51.385258 -738.736633 34.877968 13
-47.352711 -736.170044 41.303364 13
-48.139484 -741.853577 33.379662 13
-52.409096 -743.994080 50.940094 13
-52.973728 -743.474548 50.109047 13
-45.041840 -740.639343 14.235355 13
-43.528652 -739.803711 2.172373 13
-47.878090 -744.086975 30.664118 13
-46.207607 -740.256470 9.185850 13
-45.417534 -740.476807 8.215178 13
-57.064629 -742.530884 41.777390 13
-58.695145 -738.415100 49.111610 13
-56.511578 -739.370972 42.300175 13
-59.295406 -740.053894 48.532799 13
-44.610142 -739.603455 21.369308 13
-54.316868 -743.014771 37.150799 13
-44.507305 -737.277222 34.052570 13
-47.196003 -741.149414 27.891285 13
-43.811291 -738.640625 28.682175 13
-49.610413 -739.622803 26.848192 13
-46.927250 -740.011719 15.306425 13
-51.045815 -745.043701 34.529205 13
-48.282063 -740.772217 40.211582 13
-46.344025 -743.006714 27.027790 13
-54.475178 -736.509033 50.011391 13
-50.342880 -740.454834 29.489281 13
-44.787548 -740.662720 3.265080 13
-44.284271 -739.066528 16.341520 13
-51.067509 -739.813843 31.892956 13
-50.033382 -738.110046 35.199646 13
-45.059380 -738.154968 12.386814 13
-52.962276 -744.093140 50.318573 13
-58.853779 -741.658325 45.556355 13
-48.982059 -739.663208 38.010754 13
-56.571995 -736.743469 49.430077 13
-44.401375 -738.923279 26.553885 13
-54.102127 -738.756958 39.704449 13
-48.568470 -742.133179 43.675453 13
-47.759548 -741.579041 32.587326 13
-49.251572 -738.575745 30.442390 13
-46.706223 -738.758118 17.858152 13
-44.881081 -740.895874 15.341441 13
-51.047276 -745.548279 34.865257 13
-50.023365 -742.381042 38.802994 13
-51.384869 -737.305298 41.074860 13
-44.075924 -739.361938 27.320505 13
-49.995789 -743.354736 43.965771 13
-51.851639 -737.088135 42.473053 13
-51.276199 -741.803711 30.699574 13
-49.398689 -735.435669 44.852070 13
-44.523483 -738.305054 12.230553 13
-52.449341 -737.266296 42.643074 13
-45.310505 -738.653442 15.969874 13
-57.239731 -741.929993 42.426575 13
-48.242733 -740.311279 37.427280 13
-48.100380 -741.759949 38.171280 13
-48.781471 -742.415894 41.144989 13
-46.018322 -738.654053 16.264288 13
-56.941692 -740.384583 42.234833 13
-57.358479 -743.580627 41.916069 13
-56.478214 -743.959900 40.961971 13
-44.848011 -740.238892 19.055458 13
-48.805141 -739.766907 37.208263 13
-52.324577 -744.312134 50.383553 13
-43.967407 -738.166992 1.812389 13
-43.713272 -738.681091 3.155697 13
-46.384541 -738.641968 21.585241 13
-43.761192 -738.870789 10.500633 13
-45.184582 -738.085571 30.097605 13
-54.170334 -740.020264 37.499973 13
-44.057537 -738.748657 29.716364 13
-47.956280 -741.668396 37.097691 13
-44.776272 -740.634155 5.001645 13
-44.677334 -740.741028 8.303007 13
-46.501289 -742.358093 23.463326 13
-46.088596 -738.650513 15.128872 13
-49.243305 -739.834656 25.195515 13
-47.508503 -740.955811 34.707523 13
-53.789772 -737.949829 41.244274 13
-48.499905 -741.279968 24.204300 13
-52.530254 -738.041565 39.721046 13
-52.080521 -736.643494 45.204700 13
-47.383698 -741.303833 29.867462 13
-54.924206 -736.258240 49.699306 13
-45.490147 -737.339050 36.133423 13
-54.714264 -738.187927 41.915504 13
-48.641132 -740.037231 39.846775 13
-51.877426 -741.789856 45.993690 13
-44.455112 -740.437988 10.151400 13
-50.377037 -738.161133 36.010033 13
-47.522522 -739.345581 29.021976 13
-51.850655 -743.316467 46.698284 13
-46.504379 -738.078003 26.390991 13
-52.528820 -742.584045 33.147038 13
-46.090164 -739.304321 4.338697 13
-44.115242 -739.037537 14.932863 13
-48.129253 -740.025940 20.160982 13
-47.120071 -737.631042 30.426861 13
-45.286186 -738.528076 23.511919 13
-59.010857 -739.894836 47.622002 13
-49.592838 -744.937317 33.687641 13
-58.999908 -739.226685 48.397465 13
-57.340740 -737.999084 47.044247 13
-47.138493 -738.229309 26.495609 13
-50.330414 -742.350403 28.779453 13
-46.470234 -742.626709 25.322441 13
-48.243507 -741.706543 31.433826 13
-46.660961 -737.350891 35.852448 13
-46.465763 -738.565857 22.653109 13
-45.456280 -737.465088 34.545540 13
-56.819084 -742.156738 41.411419 13
-46.966286 -740.209106 30.397667 13
-44.589214 -739.093628 25.154768 13
-53.078384 -742.703735 34.342140 13
-52.547775 -737.833130 40.317532 13
-50.956341 -745.171326 35.269608 13
-50.868843 -736.888428 42.854568 13
-45.143463 -738.103760 8.719501 13
-49.697468 -744.520752 31.251993 13
-49.580132 -741.796814 35.734795 13
-47.152870 -740.602112 18.368637 13
-47.603329 -741.629944 29.085068 13
-49.226990 -743.335632 46.587761 13
-44.473392 -740.304871 15.013721 13
-45.143764 -740.465759 2.003178 13
-49.445389 -743.224670 47.583881 13
-45.576317 -740.142822 4.601372 13
-58.024105 -741.914856 43.722229 13
-46.367645 -737.763611 28.754547 13
-48.445278 -737.184448 38.759670 13
-50.884411 -741.894531 40.648842 13
-50.999664 -742.987366 30.517084 13
-45.550102 -741.140137 20.242577 13
-48.345062 -737.317810 37.837997 13
-45.879288 -740.560852 12.330775 13
-43.814331 -739.144043 7.010577 13
-50.970188 -743.090393 43.530437 13
-48.686386 -742.748413 46.014072 13
-52.528358 -744.525452 35.449471 13
-44.151207 -738.681641 30.251350 13
-48.260014 -737.417236 36.711803 13
-46.310974 -740.262085 23.864693 13
-47.791561 -743.709656 28.028162 13
-44.906021 -738.579224 25.970966 13
-47.314156 -737.586792 31.329094 13
-48.014275 -740.669189 21.510860 13
-48.183170 -740.175171 36.390018 13
-45.461620 -741.018005 18.503536 13
-44.725975 -737.638550 33.145878 13
-44.583569 -738.022400 1.728342 13
-49.692265 -744.285278 30.497044 13
-45.766499 -741.586426 23.129158 13
-55.741852 -739.627197 40.385048 13
-45.108791 -738.127808 11.638703 13
-44.073425 -738.776306 8.395870 13
-53.440033 -739.756165 36.690643 13
-52.434742 -735.824219 48.790970 13
-46.794235 -739.330261 11.545368 13
-55.826649 -736.628113 48.195080 13
-54.853767 -740.902832 37.657791 13
-47.855927 -743.027222 25.903307 13
-46.056385 -740.170654 2.621992 13
-47.290192 -737.533875 32.062164 13
-58.652710 -737.978210 49.468197 13
-59.379910 -739.379150 49.866249 13
-47.153217 -740.347656 17.310116 13
-53.785187 -743.161072 36.171238 13
-56.772541 -739.778503 42.512859 13
-44.805752 -739.174316 22.306116 13
-50.686184 -737.329468 40.418404 13
-51.515205 -737.101624 42.037079 13
-54.126469 -741.650635 36.435913 13
-46.872665 -741.457825 20.836582 13
-48.777905 -744.621826 31.241158 13
-51.904842 -740.684082 32.966698 13
-50.658939 -743.551025 29.961031 13
-47.625252 -743.862915 28.821518 13
-45.389870 -740.232605 1.564279 13
-44.024441 -738.739380 7.836516 13
-47.518730 -741.097656 33.634777 13
-47.429424 -739.895569 31.271997 13
-52.683693 -736.683350 45.285492 13
-48.315376 -742.975342 26.160355 13
-45.230259 -738.306458 4.998791 13
-57.406132 -740.820557 43.095856 13
-51.695660 -737.538574 40.235050 13
-45.371128 -740.283508 4.135587 13
-45.119118 -738.171509 7.362262 13
-50.401581 -739.775635 29.751356 13
-47.602215 -738.232056 27.837223 13
-53.236679 -737.586304 42.001942 13
-50.423470 -738.367859 34.855015 13
-44.237427 -739.018005 11.840644 13
-43.513290 -738.750610 7.410803 13
-48.333424 -740.356079 38.248280 13
-58.714199 -740.823730 45.806206 13
-58.500416 -741.732178 44.632683 13
-49.736542 -739.567078 27.689274 13
-45.868614 -738.285645 22.803143 13
-50.038467 -741.799194 28.187075 13
-46.050240 -738.572632 21.077133 13
-45.795471 -740.551331 3.575409 13
-55.733677 -740.335449 39.700691 13
-44.396893 -740.957397 13.879942 13
-57.556190 -742.860718 42.570396 13
-50.435295 -736.401733 44.657162 13
-43.471180 -739.756226 3.356220 13
-51.618420 -741.421570 31.575134 13
-46.300343 -737.744080 27.987362 13
-57.324825 -742.487000 42.251431 13
-46.705261 -736.755798 38.887520 13
-56.248158 -737.366821 46.765327 13
-53.502949 -743.307556 35.692837 13
-44.730896 -740.704163 11.075975 13
-45.623013 -738.308777 24.384390 13
-50.732933 -743.650818 45.484673 13
-45.235435 -740.567322 19.425793 13
-50.795208 -735.629028 47.535122 13
-43.833652 -738.167725 1.035199 13
-55.437576 -736.719727 47.113743 13
-44.037727 -738.909119 14.231479 13
-52.227528 -743.191895 47.620411 13
-48.840755 -741.786499 25.379236 13
-52.310093 -736.231567 47.243385 13
-58.322311 -740.214966 45.291389 13
-49.175461 -742.418396 37.268986 13
-44.616928 -737.934082 11.517079 13
-50.576359 -743.065002 41.896385 13
-48.866764 -737.465698 37.150761 13
-46.208385 -738.636841 20.525452 13
-48.935078 -741.616699 25.926172 13
-52.798599 -738.482605 38.228050 13
-46.714539 -740.893188 25.405870 13
-57.566727 -737.892151 47.598850 13
-44.777229 -738.517578 15.049388 13
-49.776920 -742.029297 36.759949 13
-43.748901 -738.958862 4.331203 13
-46.495449 -739.290771 10.501931 13
-43.356331 -738.684814 5.214334 13
-48.303974 -741.810852 32.382401 13
-49.138702 -742.833862 41.541023 13
-45.783726 -739.683655 1.877734 13
-53.953793 -740.286377 36.836117 13
-47.193012 -738.389282 25.596420 13
-55.917732 -743.212402 40.209328 13
-47.629772 -741.561646 31.631485 13
-44.818935 -737.786011 33.639820 13
-44.405983 -738.224854 9.102332 13
-49.304024 -737.789246 35.562016 13
-49.846664 -741.184387 27.695332 13
-58.616638 -740.064453 46.243668 13
-51.304863 -743.832092 47.064529 13
-52.021320 -742.389648 45.278053 13
-50.303112 -738.784790 32.524216 13
-58.144829 -739.246765 46.417480 13
-44.345516 -738.185303 7.502484 13
-45.804531 -739.910400 3.240360 13
-55.224659 -736.535767 47.872196 13
-48.144581 -742.153625 38.741680 13
-47.819675 -740.231079 34.744549 13
-48.005383 -738.660767 26.158823 13
-50.161648 -743.374390 28.869957 13
-44.892120 -739.160828 21.401237 13
-45.953663 -740.733093 9.719011 13
-56.890179 -739.148071 43.363438 13
-55.120327 -737.555603 44.130672 13
-43.805511 -739.665100 7.232171 13
-48.819000 -738.141479 31.269253 13
-46.037579 -738.640686 13.789037 13
-43.402252 -738.708618 4.002266 13
-57.771702 -739.716125 44.609108 13
-54.119152 -736.102783 49.736095 13
-44.231297 -737.842163 32.436680 13
-47.458355 -740.774292 19.917198 13
-47.676781 -741.782288 33.140991 13
-48.435658 -739.788330 34.466766 13
-51.008030 -742.418762 30.036894 13
-43.714008 -739.898621 6.296512 13
-47.459595 -739.722107 30.772131 13
-48.165039 -742.535889 25.051924 13
-44.802078 -738.045959 13.442525 13
-46.554932 -742.592407 24.514984 13
-47.460114 -740.141785 32.425255 13
-48.393871 -740.932800 41.028774 13
-50.851440 -739.153320 32.003086 13
-45.831684 -737.621765 29.422899 13
-54.608181 -736.591431 46.734810 13
-44.104977 -738.866760 9.451949 13
-46.924320 -743.197632 28.747297 13
-55.192093 -740.163269 38.838657 13
-54.348541 -736.758789 45.722507 13
-47.268658 -741.686279 22.115364 13
-48.602623 -743.112793 26.749271 13
-55.735531 -741.358337 39.532024 13
-51.641647 -741.608398 45.007229 13
-43.496700 -740.095520 0.364783 13
-58.868298 -742.421692 45.326214 13
-53.404751 -736.352478 47.808472 13
-50.944321 -736.752502 43.814663 13
-44.911518 -738.101318 2.544284 13
-48.217354 -739.528198 19.229961 13
-46.272594 -738.266968 24.980307 13
-47.080654 -738.757324 21.429188 13
-47.076328 -739.748718 13.663276 13
-52.668129 -736.935974 44.262917 13
-49.389008 -743.016296 27.503445 13
-51.949211 -736.404419 46.005863 13
-56.268784 -739.618713 41.450756 13
-58.635838 -742.302002 44.484627 13
-47.951103 -739.310730 20.078344 13
-52.685570 -739.380005 36.086166 13
-44.663826 -740.664734 4.137532 13
-52.228306 -744.738953 50.642441 13
-54.529911 -743.296326 37.815956 13
-45.685696 -741.799072 22.195930 13
-47.713753 -742.395630 24.154865 13
-51.418163 -742.592957 43.673988 13
-58.540688 -738.513550 48.500805 13
-54.141968 -742.474609 36.716343 13
-46.826401 -737.330994 32.110119 13
-54.538223 -736.345703 48.945221 13
-48.890102 -739.628662 22.610558 13
-46.618675 -739.802795 26.641531 13
-47.997395 -741.567749 29.951204 13
-43.238819 -738.865723 3.317147 13
-43.958378 -739.266357 26.316975 13
-48.762058 -738.715393 28.351461 13
-44.817360 -740.773254 10.294884 13
-53.281437 -738.378845 39.111935 13
-44.282753 -740.711060 15.796595 13
-54.540260 -741.766968 37.208126 13
-48.045391 -738.028625 29.757191 13
-48.515015 -742.328430 42.636700 13
-56.219463 -737.016541 47.699871 13
-51.311367 -739.963440 32.325264 13
-46.785484 -740.996033 19.198229 13
-48.782799 -742.070129 34.559235 13
-48.191486 -742.111633 37.813602 13
-46.080784 -740.120300 8.290154 13
-48.822044 -742.356628 37.876942 13
-45.200275 -737.762268 32.049606 13
-47.783657 -742.004395 22.911528 13
-48.066185 -739.531311 31.552223 13
-50.538937 -741.210754 38.283710 13
-51.212006 -741.709412 41.663643 13
-54.473114 -736.450073 47.324604 13
-45.516209 -738.673828 15.383201 13
-54.159565 -744.000793 37.770882 13
-52.194412 -742.563660 32.497620 13
-47.627571 -741.058594 21.485514 13
-46.111088 -741.125671 18.750490 13
-45.975044 -738.619568 12.795818 13
-49.256134 -745.228271 32.623402 13
-46.941582 -738.608215 22.462666 13
-43.449444 -739.326416 5.516114 13
-47.841591 -743.490662 27.207726 13
-50.347679 -739.064514 31.462830 13
-44.767902 -739.079163 23.929718 13
-46.960518 -739.101501 15.338049 13
-48.510975 -737.545349 36.185421 13
-48.613388 -742.682800 25.221781 13
-59.410069 -741.677185 46.218475 13
-51.329739 -741.663818 45.508644 13
-50.813198 -742.588318 41.777508 13
-51.608685 -743.464478 46.158035 13
-44.899265 -740.616882 0.388454 13
-47.345726 -740.946960 32.711590 13
-55.854927 -737.912659 44.455635 13
-51.013000 -738.106934 37.378078 13
-56.434784 -738.522949 43.881657 13
-58.573627 -739.237061 46.846333 13
-48.374336 -742.187866 41.448681 13
-55.753654 -737.576721 45.009907 13
-45.086090 -739.031311 16.847258 13
-44.743893 -737.878723 8.343802 13
-48.552715 -744.465210 30.819033 13
-52.811165 -742.997009 34.031082 13
-43.879356 -739.240601 7.942811 13
-48.377079 -742.347107 35.226711 13
-48.938736 -739.522888 24.260717 13
-53.912380 -736.855957 45.290447 13
-51.342083 -744.045959 48.000359 13
-44.994644 -740.478210 21.786407 13
-50.632267 -738.027771 36.759411 13
-50.723454 -744.809814 32.729321 13
-47.178631 -737.977417 28.324560 13
-44.612926 -739.283325 15.715659 13
-46.412956 -737.560913 31.923576 13
-51.584755 -735.830261 47.883698 13
-46.586720 -737.480896 29.657684 13
-47.540310 -739.267578 18.166574 13
-49.968094 -736.830627 42.399685 13
-51.845024 -744.089172 47.972847 13
-46.202827 -736.886597 38.035732 13
-46.168941 -738.955627 11.074352 13
-45.515598 -741.165894 22.227543 13
-52.689369 -735.484863 49.309296 13
-46.838703 -737.989990 27.447607 13
-55.034939 -741.367249 37.958832 13
-55.425369 -737.121338 45.574268 13
-44.157158 -738.064270 3.720682 13
-46.810295 -740.743530 27.047087 13
-53.262497 -738.243713 39.600407 13
-46.460690 -738.960144 12.853400 13
-44.462971 -738.299500 11.129717 13
-55.334412 -738.948425 41.055382 13
-48.562096 -741.106140 43.878880 13
-57.479458 -739.950684 43.753117 13
-43.749744 -740.361633 3.931149 13
-44.692947 -739.821167 19.908758 13
-48.173191 -737.750427 31.938366 13
-50.167259 -739.166077 30.538671 13
-43.909882 -740.414551 1.701188 13
-59.131664 -740.759888 47.559464 13
-47.268147 -741.086182 30.316574 13
-48.770382 -740.397400 23.810555 13
-50.114254 -741.157654 44.386753 13
-44.532059 -739.321899 20.244274 13
-49.870785 -742.705444 39.673714 13
-51.266853 -736.450745 45.279133 13
-47.160019 -739.735718 28.247696 13
-53.032200 -741.954041 34.035831 13
-47.682495 -740.909363 36.440022 13
-53.691086 -743.505859 36.550255 13
-45.825668 -738.335327 23.343555 13
-46.797977 -737.094482 37.451881 13
-47.707054 -740.199524 33.890491 13
-46.437569 -740.638733 24.150976 13
-45.315662 -740.290466 0.146954 13
-47.435165 -739.984253 17.498585 13
-58.982029 -738.715027 49.376522 13
-51.437302 -744.447205 49.734554 13
-58.008045 -742.949341 43.440231 13
-51.823353 -744.055420 48.905319 13
-48.579365 -743.807434 28.390831 13
-44.220631 -740.221130 7.493944 13
-44.522835 -737.832642 5.800977 13
-47.980286 -741.241943 22.368738 13
-44.337898 -739.358459 25.497902 13
-46.757969 -740.323181 16.056128 13
-48.320469 -739.358032 22.049660 13
-48.306610 -741.744080 40.485752 13
-51.770466 -738.172363 37.944286 13
-49.375565 -743.355652 45.815868 13
-43.988594 -738.676331 6.718203 13
-45.306557 -740.646973 11.035179 13
-54.642040 -738.418213 41.464359 13
-47.538254 -740.758301 35.633324 13
-48.820755 -743.051697 46.571899 13
-46.577541 -739.958069 13.752786 13
-43.460915 -738.664734 6.147416 13
-50.741638 -737.233215 41.496078 13
-48.274139 -742.116272 36.100548 13
-48.377434 -739.890991 21.336908 13
-54.211414 -745.198730 38.467865 13
-43.650185 -740.281372 2.186916 13
-56.383255 -741.163635 40.950489 13
-45.187237 -740.624268 12.590034 13
-57.589417 -743.360840 42.307648 13
-44.624958 -740.556030 7.594139 13
-52.570904 -742.598572 48.228268 13
-45.021107 -740.439087 18.508606 13
-53.635002 -739.243042 37.974819 13
-47.355175 -742.835876 25.073782 13
-51.658142 -742.588013 44.661381 13
-57.270554 -737.304932 48.978931 13
-44.401680 -739.351990 13.830480 13
-52.062077 -740.195679 33.861458 13
-49.145721 -742.428772 26.258085 13
-54.096889 -743.406189 36.941959 13
-45.394142 -737.679810 32.820084 13
-49.421017 -741.295837 26.665411 13
-48.545448 -740.921570 23.673216 13
-51.006767 -742.759033 42.772640 13
-46.904533 -741.167480 24.854670 13
-49.347748 -737.275757 39.366917 13
-47.850285 -742.569031 24.669416 13
-45.487160 -740.660095 15.748255 13
-55.632420 -740.890015 39.186054 13
-44.853340 -739.389038 17.704414 13
-46.286907 -738.443237 23.645227 13
-51.093781 -741.932495 30.250725 13
-46.781170 -740.040955 29.115160 13
-45.953640 -742.038940 25.376934 13
-50.261059 -735.361694 46.276432 13
-51.332989 -743.922546 32.329151 13
-44.195225 -740.251343 4.320146 13
-44.990715 -737.923218 10.043898 13
-45.464176 -741.015015 21.379496 13
-47.886566 -737.355347 37.030602 13
-53.429806 -737.179321 43.646667 13
-58.710106 -741.190735 45.490322 13
-45.742756 -738.074402 25.759882 13
-48.760902 -739.483093 23.765669 13
-50.202900 -736.573914 43.833202 13
-59.228359 -740.173645 49.005859 13
-47.781006 -739.452881 16.818022 13
-45.333614 -740.472168 20.880569 13
-48.765369 -740.118774 23.409044 13
-53.390984 -739.501953 37.106129 13
-46.683994 -740.794983 17.390440 13
-46.228802 -741.435059 19.974613 13
-48.452625 -736.295532 43.234238 13
-52.298264 -739.888245 34.419064 13
-49.978012 -736.631042 43.116890 13
-43.165371 -739.404663 0.542755 13
-59.535080 -740.774841 48.213970 13
-51.992802 -738.161682 38.700027 13
-44.224350 -740.650024 2.611587 13
-52.016647 -735.364136 48.667427 13
-45.182228 -740.426392 19.899258 13
-45.939667 -740.072815 11.076906 13
-53.739849 -736.311340 48.165211 13
-48.493622 -742.332458 42.122414 13
-58.407639 -741.070740 44.740589 13
-48.150246 -737.574341 33.591522 13
-49.411133 -742.699951 39.986645 13
-48.639126 -741.876099 24.766811 13
-47.341629 -740.506409 18.826595 13
-44.753315 -740.664185 14.794931 13
-58.225456 -738.215698 48.231331 13
-50.580265 -735.790039 47.101868 13
-50.290493 -738.536926 33.694618 13
-50.289360 -743.219177 43.319187 13
-44.468884 -739.229126 23.334063 13
-44.353088 -740.114380 13.243644 13
-53.507107 -737.402710 42.794804 13
-51.795372 -739.362549 34.266602 13
-46.600861 -740.175110 14.995478 13
-46.003548 -739.983704 6.148733 13
-46.374702 -741.923950 21.593197 13
-43.827084 -738.502869 3.615151 13
-47.382248 -740.741333 33.317329 13
-48.999249 -739.060303 27.280331 13
-45.561073 -740.499268 13.491035 13
-45.818096 -740.176514 9.464455 13
-45.168652 -738.294983 26.381145 13
-53.934418 -742.621094 36.305771 13
-45.150318 -738.351257 3.605514 13
-48.574345 -744.288208 29.954369 13
-48.276024 -739.748291 33.167614 13
-49.566528 -745.218506 33.019405 13
-47.473152 -739.036438 19.857224 13
-43.544346 -739.016968 1.493793 13
-54.674320 -739.479309 39.037430 13
-50.483097 -744.001465 47.613529 13
-49.212650 -743.056091 45.188931 13
-53.712784 -744.097412 37.297623 13
-44.369560 -739.833130 13.923818 13
-53.154839 -744.064758 35.669659 13
-49.388607 -743.179443 43.735931 13
-55.162689 -738.054565 42.941875 13
-55.265903 -742.529236 38.887306 13
-51.145061 -739.005127 33.665863 13
-45.479416 -740.447815 8.940269 13
-53.459694 -736.585938 46.093212 13
-57.797832 -737.775391 49.305958 13
-45.659996 -738.586548 19.747608 13
-51.842403 -742.838196 45.604996 13
-44.061996 -739.170532 28.101076 13
-50.965649 -737.620178 39.295589 13
-48.908009 -736.135437 43.661808 13
-46.700325 -739.843079 27.312216 13
-44.381107 -738.405151 29.406622 13
-58.795971 -739.460571 47.599979 13
-56.128670 -737.498596 45.836052 13
-49.690819 -735.730286 45.723103 13
-49.275143 -742.590759 26.715557 13
-44.039852 -739.793579 10.506555 13
-51.394035 -741.875549 42.557274 13
-45.778938 -740.593750 14.675888 13
-49.740993 -742.664978 39.066597 13
-55.117451 -739.824158 39.159119 13
-44.876259 -740.210754 18.056671 13
-46.797482 -740.876404 26.227131 13
-50.777794 -741.433289 39.763580 13
-44.362568 -740.354858 8.498196 13
-52.255295 -740.927917 33.219955 13
-58.275261 -743.403870 42.923340 13
-44.349400 -738.675598 27.743645 13
-49.732944 -736.997559 41.481678 13
-57.537674 -739.580933 44.193134 13
-49.864063 -743.473206 44.968117 13
-48.544086 -741.917236 33.073654 13
-54.248383 -741.157104 36.485229 13
-47.376064 -737.416138 34.939243 13
-53.049538 -735.359253 49.688316 13
-52.207825 -743.341858 33.271835 13
-57.735432 -741.035217 43.372139 13
-53.616035 -736.448181 46.902023 13
-46.212608 -739.983521 12.157048 13
-43.761585 -738.719177 4.745057 13
-48.720863 -742.464294 43.244015 13
-46.740543 -739.028687 14.383874 13
-44.568176 -737.847839 31.407820 13
-45.422421 -738.820984 18.951109 13
-52.462429 -739.006348 36.395863 13
-47.675190 -740.784485 20.694979 13
-50.392162 -736.152832 45.179947 13
-50.495865 -743.535767 44.815041 13
-47.767494 -740.173706 19.382645 13
-47.426105 -741.637024 28.477360 13
-45.572506 -740.472778 10.644856 13
-46.898407 -742.872925 25.480541 13
-44.394691 -738.190125 8.631426 13
-46.673069 -737.412476 30.221037 13
-45.508907 -737.744263 31.583960 13
-47.499287 -739.900085 16.654467 13
-46.536793 -738.741821 18.668688 13
-45.216763 -738.846191 20.733702 13
-45.466640 -740.997070 19.277958 13
-56.744450 -737.380859 47.606987 13
-49.955421 -737.880737 36.901379 13
-53.477856 -744.078064 36.573162 13
-46.669426 -738.685547 20.063202 13
-45.385509 -740.365417 6.028312 13
-57.464859 -737.633484 48.101959 13
-48.938408 -742.548401 40.713650 13
-51.067474 -743.974976 31.926502 13
-52.260735 -737.622559 40.623741 13
-51.806961 -738.955017 35.116714 13
-59.654224 -739.635376 49.208549 13
-47.054115 -743.331848 27.236710 13
-48.448112 -739.027039 25.365646 13
-45.575954 -738.673645 1.880255 13
-45.475784 -738.325989 10.724482 13
-45.177643 -740.447449 1.106996 13
-53.309528 -738.055176 40.477337 13
-43.981930 -739.202637 9.129789 13
-49.160854 -740.782776 25.603645 13
-44.201813 -738.214722 4.472130 13
-49.678516 -740.630554 27.305309 13
-48.027821 -743.118835 25.471273 13
-47.309891 -740.959351 31.926161 13
-45.436127 -741.061584 11.861190 13
-44.721916 -740.651794 5.481568 13
-51.256317 -743.723450 46.337948 13
-56.105358 -741.858032 40.323559 13
-50.136574 -744.773438 32.695541 13
-56.536854 -736.447388 49.045677 13
-52.907772 -736.115967 48.613338 13
-57.910393 -738.194641 47.669712 13
-46.880886 -737.553711 31.153326 13
-49.704029 -743.545654 28.846264 13
-48.360031 -741.780396 44.521683 13
-57.644337 -739.438721 44.986485 13
-46.814182 -737.373352 35.141956 13
-52.260323 -742.154236 47.621639 13
-46.429726 -740.133118 24.853611 13
-46.986969 -742.627136 24.247520 13
-59.137547 -741.286011 47.483784 13
-48.254925 -742.248901 39.731556 13
-51.879478 -743.641296 47.716454 13
-50.755333 -742.429993 41.101181 13
-48.867859 -737.986572 32.176491 13
-44.435444 -740.390808 9.645159 13
-57.912014 -743.767700 42.526119 13
-44.872711 -738.810730 15.752223 13
-48.105782 -738.242737 28.616032 13
-47.513039 -738.857788 22.074612 13
-47.168304 -738.563110 23.985676 13
-44.727772 -739.698608 20.853527 13
-45.034016 -738.404968 14.246070 13
-49.285797 -736.390137 43.544781 13
-53.577259 -745.137085 37.928642 13
-51.252815 -738.898438 34.432404 13
-44.286854 -738.341003 29.873819 13
-49.559124 -738.711487 30.870502 13
-47.646404 -737.763672 30.401791 13
-44.273685 -740.329041 6.834560 13
-49.838905 -740.793091 43.367573 13
-52.366215 -736.088257 47.882992 13
-43.880520 -739.127380 26.966423 13
-47.131443 -739.146118 16.287395 13
-54.889473 -736.396973 48.592823 13
-49.940220 -744.965332 33.113232 13
-49.878197 -735.842834 45.241741 13
-52.862240 -736.189392 48.040833 13
-51.140369 -735.313782 47.431644 13
-48.138260 -744.130615 29.497704 13
-50.221710 -740.580261 29.056969 13
-44.293823 -740.290710 6.357722 13
-50.820557 -743.761353 46.129028 13
-50.581711 -743.088745 42.359032 13
-47.661346 -738.568176 25.632559 13
-44.138748 -739.195129 11.421796 13
-56.060028 -740.416565 40.488586 13
-44.386959 -738.931458 13.367208 13
-45.989513 -740.087646 10.196547 13
-45.603344 -740.440063 11.406348 13
-54.485043 -736.265381 49.499935 13
-45.511692 -736.860413 36.148018 13
-55.390034 -736.476562 49.488323 13
-50.074001 -739.960876 28.656481 13
-48.108307 -741.289124 39.156700 13
-52.405712 -744.765625 35.819088 13
-45.018730 -740.807800 11.795528 13
-46.065716 -738.513245 18.064547 13
-56.114471 -736.651123 49.172134 13
-46.252300 -737.625305 30.597363 13
-46.855980 -738.425598 24.585995 13
-44.374504 -738.106140 6.133508 13
-45.457851 -740.390625 6.988663 13
-56.000706 -741.163513 39.957390 13
-45.194550 -740.671082 17.150253 13
-51.594002 -736.943054 42.967213 13
-45.447803 -740.966370 10.113808 13
-45.918518 -741.843689 22.694134 13
-47.085464 -742.363464 23.398872 13
-50.772804 -739.590271 30.973509 13
-46.524685 -736.609802 39.722477 13
-47.099953 -740.238586 16.859119 13
-49.582012 -736.334961 43.920082 13
-51.059052 -735.704956 47.909519 13
-57.517834 -738.809509 45.767456 13
-48.101112 -740.605591 20.867886 13
-57.938118 -740.440674 44.301414 13
-47.712879 -738.056152 28.860458 13
-46.583988 -739.627075 12.284337 13
-46.141010 -738.715393 19.469250 13
-48.622665 -742.443909 25.636312 13
-47.361252 -741.302368 26.629597 13
-44.168892 -740.563354 3.448126 13
-58.412319 -742.912720 43.674538 13
-48.791748 -742.411011 38.480015 13
-51.210995 -737.159546 41.497833 13
-46.246521 -742.221069 26.944008 13
-44.820614 -740.759644 13.853244 13
-50.737362 -743.900879 31.207224 13
-46.338745 -738.680298 17.127407 13
-47.774792 -739.339661 19.098034 13
-47.095974 -740.887329 28.984224 13
-50.313332 -737.796570 37.616386 13
-48.206017 -737.245544 38.291538 13
-58.080807 -741.587402 44.038040 13
-44.874722 -740.227478 20.184034 13
-51.971638 -735.849426 48.927784 13
-59.319672 -741.850037 45.803833 13
-43.379917 -740.090637 1.292802 13
-54.747433 -745.153076 39.056816 13
-51.467983 -742.082581 44.948391 13
-54.241093 -741.983398 36.726402 13
-44.578762 -738.309204 14.452120 13
-52.963345 -744.493164 36.257477 13
-51.197155 -737.938416 38.241264 13
-45.840492 -737.774475 27.937115 13
-45.085587 -738.152466 6.303077 13
-54.036217 -739.502747 38.213905 13
-47.807144 -741.801270 22.475710 13
-46.385033 -737.060181 37.113968 13
-47.716839 -738.744385 24.450857 13
-51.453350 -736.191711 46.711124 13
-50.693523 -742.050720 40.245235 13
-49.860950 -742.791687 27.965500 13
-48.482861 -741.386414 29.721903 13
-47.659458 -738.758057 23.939392 13
-45.546993 -738.534790 20.242704 13
-45.486588 -740.198792 5.612649 13
-58.178631 -738.531250 46.992264 13
-46.637920 -736.988464 37.887207 13
-48.247559 -741.331238 40.157497 13
-54.004623 -737.573181 42.677223 13
-45.705410 -739.788818 2.445023 13
-51.046989 -741.503052 30.386837 13
-44.416874 -739.011108 14.461984 13
-49.074245 -739.573792 35.146118 13
-46.588406 -737.228088 36.437271 13
-45.304585 -740.411072 3.545601 13
-48.551334 -739.700500 34.893463 13
-47.488377 -739.050903 19.323359 13
-46.228737 -740.591980 15.145058 13
-50.384636 -742.959656 40.993870 13
-47.450558 -739.849548 15.451788 13
-44.837757 -737.314026 33.721317 13
-57.208664 -738.462830 45.487858 13
-43.911068 -738.096985 31.472754 13
-49.230350 -744.139160 29.686922 13
-50.328671 -745.004333 34.555973 13
-46.356766 -739.256409 8.980214 13
-49.685070 -743.843689 48.138901 13
-43.378590 -738.860535 0.679946 13
-47.491177 -738.777710 23.100880 13
-48.642750 -742.401428 44.636658 13
-49.684456 -735.353455 45.263031 13
-45.583275 -738.070801 26.254238 13
-45.389282 -740.796387 20.503323 13
-47.921028 -739.726379 32.237976 13
-44.576508 -738.040283 9.474328 13
-51.664551 -744.128052 33.211929 13
-52.698322 -737.409180 41.980888 13
-45.415436 -738.327759 23.933359 13
-48.333084 -740.397827 22.171612 13
-43.615509 -738.834717 1.905137 13
-56.925274 -736.742310 49.009895 13
-57.466564 -741.791138 42.899063 13
-56.500404 -742.188965 41.058403 13
-45.949432 -740.632874 7.616041 13
-49.501816 -737.589050 37.400848 13
-53.229221 -742.197144 34.458752 13
-45.647903 -741.176086 22.952314 13
-54.836571 -742.579834 37.920650 13
-51.760658 -740.294373 33.140968 13
-53.927448 -742.214600 35.874386 13
-53.368248 -736.670776 45.655304 13
-49.749355 -743.028137 42.411942 13
-45.872364 -738.388062 21.955015 13
-44.596386 -739.900085 22.798534 13
-47.110275 -737.448303 33.153748 13
-47.772652 -739.828918 18.451157 13
-45.815639 -739.781067 4.901589 13
-44.092422 -740.466003 5.545930 13
-50.831829 -742.062988 29.779547 13
-55.562969 -738.276245 43.131279 13
-45.280930 -740.750122 17.597736 13
-46.076134 -736.738098 38.500282 13
-49.364357 -740.788269 26.373930 13
-43.597492 -739.538635 5.074612 13
-44.685875 -741.135376 11.314973 13
-50.947845 -736.967529 42.343853 13
-47.657810 -740.689026 19.514702 13
-45.736252 -741.757751 21.704676 13
-45.004234 -739.145691 19.753307 13
-55.977482 -736.986938 47.316738 13
-45.989429 -737.777222 27.210688 13
-44.574467 -738.376404 12.873490 13
-44.264023 -738.529663 30.720314 13
-54.106964 -738.346313 40.656631 13
-45.685886 -739.784302 0.863574 13
-54.880714 -739.087219 40.210293 13
-55.361340 -741.686584 38.598614 13
-59.017956 -740.637207 46.913387 13
-43.764809 -740.160828 9.068775 13
-47.544590 -741.302917 21.877691 13
-44.341869 -740.347046 8.983239 13
-56.573334 -740.504700 41.262138 13
-57.717533 -738.692200 46.177139 13
-44.966827 -736.941406 34.906189 13
-59.068996 -742.423523 44.902348 13
-43.808411 -738.832275 28.253916 13
-46.043312 -738.967285 2.182858 13
-49.199223 -742.321594 36.157444 13
-50.786884 -738.381897 35.798336 13
-51.195930 -744.198181 48.417622 13
-53.823296 -740.646423 36.273670 13
-56.379829 -736.947937 48.424755 13
-47.522888 -743.997986 29.786964 13
-49.208477 -742.888916 42.516254 13
-48.348202 -741.390442 23.227497 13
-48.692646 -737.389954 37.576107 13
-52.899689 -736.576111 46.370518 13
-53.179974 -739.945374 36.271599 13
-50.586391 -744.323853 32.014946 13
-49.807514 -743.834778 47.544640 13
-45.282734 -740.600525 15.335656 13
-56.755253 -737.831116 46.376728 13
-49.665955 -741.958679 27.244394 13
-48.485401 -739.791138 21.848053 13
-49.321693 -738.904480 29.339233 13
-59.118038 -740.648987 48.422123 13
-48.394604 -741.770203 43.984783 13
-53.468590 -738.867981 38.391590 13
-47.924877 -738.747681 25.271461 13
-46.665470 -740.213745 26.044718 13
-49.048164 -743.872986 28.386768 13
-57.733227 -740.370056 43.883205 13
-51.133354 -741.238586 46.186054 13
-58.719837 -738.887390 48.307777 13
-57.614841 -741.483948 43.305637 13
-52.920349 -745.167053 37.352398 13
-45.560413 -737.965820 28.444517 13
-54.813530 -738.652954 40.997398 13
-44.624336 -740.655029 2.152371 13
-44.899006 -740.384094 16.201904 13
-44.814510 -738.546814 27.119097 13
-56.869606 -737.243774 48.390759 13
-50.284374 -744.289368 31.491032 13
-54.559246 -739.828796 38.388428 13
-50.304443 -741.965454 38.632019 13
-44.647381 -740.656433 12.618166 13
-44.680656 -740.640320 2.815956 13
-47.179211 -738.473511 24.876089 13
-52.709877 -740.517761 34.476036 13
-47.135998 -740.192505 29.903358 13
-48.971306 -742.930481 43.998093 13
-43.872410 -739.832642 8.441440 13
-46.860138 -740.369995 28.226648 13
-44.434681 -738.183228 10.021859 13
-50.125732 -741.413025 37.518700 13
-51.022400 -744.892944 34.106449 13
-45.245152 -736.943115 35.666248 13
-51.416721 -738.376221 36.531509 13
-52.399376 -744.433716 50.946407 13
-44.386192 -737.913025 5.345183 13
-48.549576 -740.553467 22.847391 13
-46.888088 -741.072571 19.633829 13
-48.729305 -739.764160 36.743462 13
-47.389454 -741.525085 25.624594 13
-46.923080 -736.589539 39.906822 13
-48.403545 -741.305908 41.817451 13
-56.372952 -738.770081 43.038033 13
-52.556641 -739.861572 35.051289 13
-51.125290 -739.161377 32.653561 13
-43.762882 -739.011963 5.856348 13
-48.532848 -742.497375 36.021828 13
-50.603352 -735.307739 46.683914 13
-45.141144 -740.736084 0.749193 13
-49.658272 -742.881104 41.234909 13
-50.416908 -743.404724 44.166698 13
-44.180317 -740.171692 8.127468 13
-44.290825 -739.914795 16.430046 13
-45.786507 -740.521545 6.374295 13
-51.438423 -744.233826 48.847660 13
-49.032986 -737.382202 38.044647 13
-48.307930 -738.038574 30.669014 13
-45.258804 -738.289062 1.541988 13
-44.461643 -739.869019 23.941532 13
-44.476788 -740.724548 13.516931 13
-44.354031 -738.710693 12.134843 13
-48.674561 -737.201599 39.330284 13
-44.282726 -740.810913 14.750932 13
-50.658836 -743.942322 49.269207 13
-52.528927 -743.594543 50.360569 13
-45.242970 -738.683411 22.345680 13
-49.319241 -742.214111 34.915119 13
-49.105576 -742.932251 44.529640 13
-47.663174 -736.403015 42.201378 13
-44.428688 -739.641968 15.545672 13
-50.843651 -743.435547 30.359232 13
-52.090790 -737.943848 39.584927 13
-56.169121 -738.538940 43.450462 13
-43.102871 -739.015259 1.503211 13
-50.199009 -741.364197 28.612648 13
-43.421074 -739.402588 3.687168 13
-48.207413 -738.628174 27.156981 13
-52.027714 -738.712463 36.085842 13
-43.542259 -739.902710 4.345058 13
-43.635517 -739.973938 4.797161 13
-48.735001 -741.944214 45.217484 13
-47.189110 -741.203491 28.324270 13
-47.472645 -737.119629 37.857010 13