-46.215099 -739.505127 9.335049 13
-53.148159 -744.151001 51.746727 13
-44.082272 -737.691711 31.918816 13
-53.860115 -745.500793 37.955357 13
-48.469414 -735.846619 43.654427 13
-47.926548 -740.977539 21.082649 13
-57.517464 -739.257385 44.582054 13
-45.497124 -740.139282 -0.330899 13
-50.353508 -743.541748 29.411232 13
-50.890255 -738.244141 36.208176 13
-53.358871 -735.355774 50.048958 13
-50.083549 -743.446533 44.547165 13
-44.376476 -738.727478 15.872308 13
-43.965435 -739.436279 25.811192 13
-59.740131 -739.012573 50.037041 13
-55.451927 -740.135620 39.307796 13
-45.801083 -736.545593 38.213730 13
-48.210934 -742.239319 39.247364 13
-43.270748 -738.838074 4.667800 13
-48.472260 -738.461792 28.811171 13
-47.707287 -741.783203 33.798306 13
-57.659431 -743.956299 42.179146 13
-52.921040 -742.400757 33.844791 13
-53.210518 -736.755249 45.237225 13
-47.359344 -743.009277 25.530254 13
-51.831398 -737.469604 40.741459 13
-52.328247 -741.880676 47.996254 13
-48.177029 -737.639404 32.968975 13
-56.562832 -737.131775 48.055588 13
-49.850616 -745.325806 33.413437 13
-48.071102 -738.861328 24.728247 13
-44.645767 -741.143555 12.676193 13
-44.579441 -739.356323 19.728371 13
-50.815643 -740.086182 31.469255 13
-47.780727 -739.546387 17.555408 13
-48.329006 -740.576538 42.750305 13
-43.689571 -737.195007 1.276873 13
-59.208366 -741.679810 46.902359 13
-54.912758 -738.119324 42.420975 13
-50.255169 -735.620483 46.780159 13
-46.906563 -743.653259 28.981237 13
-51.175682 -741.525574 40.932468 13
-48.445511 -736.908447 40.370914 13
-45.907730 -740.420532 3.071169 13
-49.353931 -743.676941 47.884201 13
-47.248981 -739.372681 14.159243 13
-44.825066 -737.808594 12.019886 13
-53.655201 -740.185791 36.418629 13
-49.876129 -741.557007 36.350204 13
-45.124096 -738.183472 28.686771 13
-45.171028 -737.489502 35.070934 13
-49.632744 -741.085999 27.135798 13
-45.586609 -741.120361 23.421974 13
-45.377705 -740.767517 6.406748 13
-47.140560 -740.793762 30.700914 13
-55.588593 -743.365356 39.732315 13
-56.848194 -740.873596 41.988174 13
-44.725563 -737.846985 7.212502 13
-52.076668 -744.886597 35.539764 13
-47.962265 -737.434570 36.268044 13
-46.718945 -740.228638 27.057905 13
-46.342670 -738.537292 22.130018 13
-49.205681 -739.538269 38.631676 13
-58.345787 -741.952393 44.183224 13
-43.403820 -740.168030 1.737705 13
-54.055740 -742.992737 36.653088 13
-51.990906 -739.760925 34.076683 13
-51.684307 -744.266357 49.353336 13
-51.197483 -741.054688 45.526520 13
-48.297874 -744.388611 31.280392 13
-45.446941 -741.039124 17.288664 13
-58.444912 -739.036804 47.293896 13
-51.155983 -736.852905 43.360012 13
-53.140369 -738.607971 38.616241 13
-51.500755 -743.662415 31.920345 13
-48.962788 -739.583496 34.709286 13
-46.702118 -737.386108 30.708952 13
-43.673031 -738.735107 9.784450 13
-55.827705 -737.392395 45.473076 13
-53.966560 -736.442688 47.743092 13
-49.296143 -742.986389 42.083904 13
-48.278500 -741.329468 23.667194 13
-46.045368 -737.894714 26.143839 13
-51.603706 -743.914307 46.650047 13
-45.784077 -741.656860 20.054489 13
-46.520073 -739.729126 11.825833 13
-46.987133 -738.840149 19.736429 13
-48.470547 -741.675354 44.993198 13
-51.568020 -741.999451 43.301857 13
-50.855648 -737.744263 38.558750 13
-47.747025 -740.603271 36.909740 13
-45.002296 -738.209595 3.042978 13
-44.294964 -740.768005 8.712070 13
-48.838524 -743.322144 27.351772 13
-45.241070 -740.679871 14.898600 13
-50.443623 -740.976685 29.343229 13
-50.423756 -741.509155 38.688648 13
-47.886650 -741.555969 28.555225 13
-55.451782 -736.207153 49.850639 13
-51.869110 -735.721313 48.378933 13
-45.123974 -738.662720 24.027199 13
-45.621136 -738.783203 17.819296 13
-49.312862 -738.459778 31.209965 13
-47.804478 -739.853271 32.682156 13
-48.366165 -740.312805 40.515999 13
-48.419926 -739.400208 22.612627 13
-44.056198 -738.979248 13.697166 13
-50.220753 -738.580261 33.220570 13
-48.763908 -741.866394 31.884249 13
-45.938587 -737.493347 33.049110 13
-44.652939 -740.038513 21.796947 13
-58.234276 -737.567749 49.420906 13
-54.350502 -738.643677 40.407784 13
-55.111790 -741.949646 38.189854 13
-48.657894 -737.338196 38.285870 13
-48.872238 -739.048645 26.800158 13
-46.013554 -739.364502 4.917139 13
-46.275650 -742.520142 27.295952 13
-43.615204 -739.585022 6.683329 13
-44.320877 -740.730652 4.564807 13
-45.195534 -740.930054 10.640627 13
-59.493706 -740.570190 48.656429 13
-45.836582 -741.566589 25.461710 13
-53.154415 -737.260681 43.104290 13
-50.044685 -740.659180 43.851250 13
-49.518757 -736.847778 42.152866 13
-51.931835 -741.666992 32.071335 13
-46.276245 -739.120728 7.340147 13
-49.207718 -740.399353 25.286730 13
-46.627129 -738.777527 16.104280 13
-47.151428 -741.016235 18.719997 13
-50.035091 -736.116821 44.865944 13
-43.742599 -738.373108 30.090099 13
-46.818996 -742.141785 22.261305 13
-46.564861 -736.376282 40.134106 13
-49.871986 -742.813965 40.177223 13
-56.602283 -739.106262 42.804947 13
-52.029221 -744.212769 33.703835 13
-44.049160 -739.560913 11.706804 13
-47.408470 -736.219910 41.853642 13
-56.623619 -742.614197 41.194324 13
-46.422256 -739.740662 25.124514 13
-48.185204 -742.067749 35.613480 13
-46.879353 -737.883606 27.933584 13
-55.940315 -739.458069 41.063519 13
-48.685024 -742.571289 37.432781 13
-47.134552 -737.415039 34.534794 13
-47.155205 -739.826050 28.865063 13
-58.531338 -740.319458 45.774593 13
-48.988232 -737.710144 34.664600 13
-53.199039 -743.175293 49.637569 13
-43.797028 -739.008118 27.633841 13
-51.750347 -742.799927 45.133183 13
-49.025520 -743.140625 46.125057 13
-51.981312 -736.347290 46.574402 13
-55.119270 -745.113708 39.328339 13
-43.004452 -738.967712 0.392274 13
-44.798729 -738.045471 5.365770 13
-54.543663 -743.737854 38.262131 13
-49.923672 -739.579773 28.221975 13
-45.106270 -740.746887 1.463075 13
-48.632362 -744.151123 29.503902 13
-52.508064 -738.850281 36.843555 13
-45.856033 -738.539246 13.315638 13
-48.929298 -742.107849 25.780783 13
-51.228897 -742.395386 30.497923 13
-53.661011 -741.705688 35.436424 13
-46.159084 -737.202332 36.564144 13
-54.659924 -737.297180 44.084942 13
-57.116276 -738.046814 46.541367 13
-50.140999 -744.418274 30.963570 13
-45.301327 -738.211853 10.292489 13
-47.476135 -740.517700 35.061852 13
-56.460560 -744.496643 40.800632 13
-46.620724 -742.455078 24.015783 13
-49.114460 -739.527588 36.734337 13
-50.173832 -737.236023 40.225464 13
-50.206909 -739.356140 30.000652 13
-43.253159 -738.780090 2.803693 13
-54.352634 -739.800293 37.994522 13
-47.276237 -740.341125 15.603177 13
-45.750626 -739.142334 1.775397 13
-53.099735 -743.510986 35.313026 13
-56.002209 -741.651978 39.900921 13
-48.432430 -742.016479 40.932617 13
-49.902519 -740.501770 42.062698 13
-57.500210 -742.343140 42.712788 13
-50.067989 -742.389282 28.168621 13
-48.489845 -741.670959 30.159580 13
-44.137405 -740.341248 16.308619 13
-57.622932 -740.545105 43.502781 13
-53.317257 -737.737671 41.491570 13
-47.987461 -740.698792 38.567665 13
-53.240143 -744.476074 36.669704 13
-45.960747 -740.628113 8.120000 13
-43.851002 -740.408203 0.161999 13
-48.903927 -742.635376 43.675663 13
-46.031876 -740.269287 13.471204 13
-46.760300 -738.487122 23.759396 13
-49.510056 -741.934509 34.624500 13
-44.522106 -740.165710 24.383648 13
-47.430225 -741.440430 26.065773 13
-49.513149 -737.647705 36.887623 13
-48.407734 -739.559570 20.187929 13
-50.609940 -745.195312 34.855934 13
-45.248589 -740.638245 18.892527 13
-54.545784 -736.675354 46.219109 13
-51.581703 -736.630493 44.940796 13
-56.088863 -738.179260 44.069672 13
-44.376530 -737.489929 33.531956 13
-43.582466 -738.814148 8.121244 13
-44.675816 -737.861206 8.852229 13
-45.160946 -737.812683 30.603037 13
-47.558891 -738.402588 26.191376 13
-50.666378 -743.231934 42.847656 13
-45.563591 -741.341797 21.732092 13
-52.199841 -743.487061 48.060890 13
-48.117336 -737.975281 30.280460 13
-45.653042 -738.666077 20.665779 13
-44.323555 -740.409912 3.011610 13
-45.554928 -738.587219 14.848969 13
-47.214535 -736.999573 38.857269 13
-52.052643 -742.004517 46.467480 13
-54.472961 -741.447510 36.789825 13
-50.864250 -738.642151 34.710751 13
-58.843075 -738.842285 48.772984 13
-47.552315 -738.932129 21.286371 13
-52.581917 -739.586365 35.505753 13
-59.238544 -742.054016 45.394974 13
-43.911625 -740.208557 10.310234 13
-50.793159 -744.113220 48.069096 13
-51.916946 -744.354248 50.837254 13
-52.896976 -740.938477 34.344513 13
-58.322544 -743.338623 43.468227 13
-47.456921 -741.242859 32.269814 13
-47.798557 -739.534851 31.122286 13
-48.945492 -739.928467 23.896683 13
-44.792988 -738.547913 26.649284 13
-55.304432 -736.418518 48.362724 13
-51.609623 -740.338562 32.707386 13
-46.681885 -740.990906 24.400322 13
-44.961922 -737.985046 1.300189 13
-47.335129 -743.498962 27.593138 13
-57.840279 -737.926880 48.047379 13
-50.989708 -737.087585 41.886391 13
-46.130932 -739.786987 23.694683 13
-53.021580 -738.051697 40.107613 13
-46.773537 -740.535156 16.990574 13
-54.108227 -736.268188 49.224792 13
-50.345371 -743.708557 45.944698 13
-45.049126 -740.497620 20.493589 13
-46.331150 -737.710510 29.292152 13
-48.806831 -744.808411 32.580833 13
-44.683380 -739.857605 17.741188 13
-55.796055 -737.004150 46.846771 13
-50.422993 -744.544250 32.355385 13
-49.521923 -742.608521 38.628117 13
-48.314346 -742.483948 24.474312 13
-59.026108 -740.333862 47.295971 13
-49.732994 -736.552612 43.528934 13
-47.789127 -737.639526 31.610979 13
-50.519817 -742.783997 41.413712 13
-57.898434 -739.030029 45.960087 13
-45.727257 -738.554443 19.228411 13
-44.555405 -739.160828 22.860332 13
-48.510197 -741.887634 42.337902 13
-47.926003 -739.831665 18.913031 13
-44.278660 -740.645569 7.246471 13
-44.418739 -740.346985 13.779556 13
-47.276081 -737.215698 37.453243 13
-47.025166 -741.089294 20.075481 13
-48.399757 -740.769348 22.430799 13
-52.051090 -737.999390 39.141838 13
-52.166542 -743.042969 32.912399 13
-43.710476 -738.531738 1.476029 13
-46.918404 -738.848328 18.396151 13
-56.861134 -738.275146 45.227039 13
-45.859856 -738.544922 11.587949 13
-51.498508 -738.201294 37.476192 13
-56.279030 -737.202148 49.360939 13
-47.459316 -744.045654 30.297951 13
-54.344139 -739.159424 39.175335 13
-48.982025 -742.035706 33.395969 13
-43.680603 -739.904541 5.392337 13
-45.635143 -737.909851 27.488037 13
-47.242580 -740.509888 33.752048 13
-46.795795 -738.295898 25.099991 13
-49.356422 -743.579407 28.546494 13
-46.044701 -739.843323 10.612090 13
-56.355396 -740.684204 40.778984 13
-45.942818 -737.679138 31.736198 13
-46.014854 -740.347656 22.451880 13
-50.317768 -738.925171 31.959549 13
-45.431965 -740.546875 9.406745 13
-45.867184 -740.700439 16.051712 13
-44.339603 -737.900757 4.150149 13
-44.271049 -739.744690 15.081239 13
-45.486729 -740.524658 11.900999 13
-52.263779 -737.254395 42.083290 13
-47.359726 -741.337830 27.357719 13
-53.311699 -736.482178 46.536491 13
-44.899040 -738.634216 25.297733 13
-49.930115 -742.048401 37.536255 13
-47.986935 -738.432983 27.487537 13
-43.546181 -739.891846 3.887673 13
-50.963078 -741.059265 30.507246 13
-44.138748 -738.943726 29.022261 13
-49.701286 -737.337646 39.020893 13
-50.628887 -742.288269 29.364044 13
-49.167160 -738.637756 29.898239 13
-48.355400 -741.492859 43.635159 13
-48.284420 -740.007629 35.895348 13
-45.879967 -739.503723 6.174403 13
-52.906174 -745.626465 37.084438 13
-58.173733 -740.673218 44.621513 13
-46.549358 -741.856567 21.037457 13
-48.862934 -742.915100 44.904289 13
-51.209877 -743.016113 44.016922 13
-45.914989 -740.469910 4.340440 13
-49.786690 -737.984192 35.684135 13
-47.173405 -741.010925 29.441305 13
-52.277378 -736.925659 43.927788 13
-52.706211 -736.251892 47.611385 13
-48.687778 -739.496826 21.399740 13
-47.954288 -741.585388 37.643978 13
-45.833435 -738.675171 8.410814 13
-52.915710 -735.914978 49.037586 13
-46.063480 -739.310303 3.676802 13
-49.200165 -738.178040 32.507397 13
-44.062141 -738.497437 6.251190 13
-50.848061 -736.195435 45.852573 13
-44.288219 -738.679260 10.846495 13
-46.198948 -742.712341 25.791811 13
-49.486408 -742.313660 27.045198 13
-51.204540 -741.941589 42.121101 13
-51.336437 -739.120178 33.242245 13
-44.886776 -738.077698 13.953364 13
-52.472885 -741.353699 33.266899 13
-50.938435 -744.760193 33.675438 13
-48.409702 -736.398499 42.542992 13
-50.607162 -741.876892 39.835144 13
-48.879990 -739.234802 25.592690 13
-44.832706 -741.108765 0.295245 13
-47.087982 -737.309143 32.560986 13
-45.170677 -738.785095 21.869030 13
-45.475304 -738.824524 16.498755 13
-46.425003 -740.565369 14.734940 13
-48.679787 -741.373779 24.802130 13
-47.781219 -741.714539 31.152025 13
-49.540501 -740.007324 26.440540 13
-43.975372 -739.659485 9.044065 13
-55.135921 -740.737183 38.142567 13
-48.091389 -743.853333 28.460896 13
-50.995384 -743.564331 30.735851 13
-48.402649 -740.948730 41.551991 13
-51.490749 -741.649353 44.505119 13
-46.709576 -739.348694 13.055807 13
-48.725025 -739.606506 33.406517 13
-45.941368 -739.443115 0.632023 13
-55.032803 -738.699463 41.382900 13
-48.005493 -743.288879 26.505707 13
-47.413063 -738.768860 22.660578 13
-50.249222 -744.066956 49.115025 13
-45.350613 -738.497192 4.326827 13
-53.337749 -739.301208 37.554855 13
-47.531975 -739.487915 16.389606 13
-51.753227 -738.736511 35.557320 13
-44.357033 -740.818420 11.467341 13
-47.539322 -737.885742 29.261000 13
-51.259335 -735.858765 47.374699 13
-46.338715 -737.316528 35.400570 13
-50.354149 -741.390320 44.791958 13
-57.350830 -736.804382 49.155972 13
-52.825901 -743.623840 50.700817 13
-50.012398 -741.132446 28.230326 13
-44.769150 -740.312378 22.955580 13
-44.387310 -738.734802 12.570952 13
-53.290768 -740.585571 35.383892 13
-48.544937 -740.016052 37.785267 13
-52.937668 -742.721313 48.585629 13
-49.073997 -739.642395 39.887169 13
-47.070934 -740.197021 31.747936 13
-48.912434 -735.753845 44.735825 13
-55.218189 -739.371277 40.140530 13
-45.064327 -736.918091 36.074146 13
-44.587967 -739.269470 20.931957 13
-45.262276 -740.443054 5.299201 13
-47.505653 -742.137939 23.344572 13
-46.623161 -740.636047 25.843727 13
-45.403999 -738.464722 6.327984 13
-51.162109 -737.565430 39.726044 13
-46.775127 -738.805359 17.238667 13
-49.883263 -735.303101 45.676189 13
-46.021957 -737.449829 34.237000 13
-48.193764 -741.123352 39.737274 13
-46.990433 -740.804626 28.313494 13
-46.132591 -741.075378 18.260082 13
-49.899628 -737.604431 37.947521 13
-53.463047 -737.042358 44.171860 13
-49.407722 -736.969482 41.048241 13
-53.983791 -744.455444 37.534401 13
-52.182549 -743.014343 47.020119 13
-46.641819 -738.868713 14.970460 13
-54.403957 -736.950806 45.133911 13
-52.577023 -744.298096 34.680290 13
-49.296646 -742.250671 35.685181 13
-50.202839 -743.910034 47.122726 13
-44.280251 -739.921265 12.752659 13
-44.348667 -740.700012 5.923888 13
-48.991997 -738.934448 27.940975 13
-54.477642 -742.748962 37.658485 13
-45.375633 -738.378296 22.980787 13
-55.232075 -742.998718 38.734882 13
-48.237518 -737.104858 39.276016 13
-49.262276 -738.011230 33.625351 13
-44.970612 -739.182129 18.627001 13
-56.972149 -743.651062 41.380455 13
-48.413857 -736.661621 41.467701 13
-51.728806 -742.595703 31.529011 13
-47.421005 -736.657288 40.848370 13
-48.036629 -737.510376 35.168934 13
-45.789707 -741.708191 24.324194 13
-46.910881 -743.114502 26.615881 13
-54.327129 -744.740173 38.631924 13
-43.864483 -739.886169 7.966225 13
-55.441502 -741.316772 39.022434 13
-49.700642 -744.222351 29.954826 13
-55.629456 -744.413513 40.043957 13
-59.311008 -739.857483 49.459251 13
-54.252113 -737.474304 43.092983 13
-55.780571 -738.772766 42.180744 13
-46.093876 -742.031250 23.133577 13
-47.280762 -739.826843 30.214390 13
-56.638638 -739.784180 41.958340 13
-47.921349 -738.924316 23.615494 13
-44.342030 -737.961243 2.207918 13
-48.325096 -742.246948 34.552013 13
-45.752739 -740.078491 7.166588 13
-47.770241 -741.692139 21.955431 13
-44.891685 -737.763977 32.636230 13
-47.655102 -741.138916 35.916569 13
-55.267738 -737.947388 43.415024 13
-49.217480 -742.739014 41.038315 13
-48.114902 -737.539490 34.098263 13
-51.305305 -741.250244 46.605839 13
-49.365356 -744.642212 31.660765 13
-50.307789 -741.084290 37.282425 13
-51.571251 -744.767944 34.539532 13
-47.769295 -740.357056 19.842741 13
-44.557842 -739.344849 16.742849 13
-57.212318 -739.542542 43.596550 13
-44.369820 -738.610596 14.714597 13
-48.190170 -741.984375 36.688850 13
-54.977867 -744.059387 39.175282 13
-59.137886 -739.694885 48.122890 13
-45.783688 -738.121887 24.857265 13
-48.033600 -739.936707 34.153942 13
-49.800247 -743.177612 43.466282 13
-48.362835 -737.352722 37.262180 13
-54.991722 -736.546692 47.367424 13
-45.026310 -740.692932 3.777950 13
-59.064911 -738.290466 49.642818 13
-48.787899 -742.565613 40.067921 13
-44.255428 -738.381714 31.135326 13
-46.770718 -738.047485 26.883228 13
-54.317516 -740.465393 37.195858 13
-43.440670 -739.807129 2.739930 13
-48.103203 -742.015930 32.847256 13
-56.148155 -743.483276 40.606594 13
-52.500370 -743.384705 34.182358 13
-44.734718 -738.410339 27.708879 13
-46.266056 -736.636292 39.168251 13
-59.499050 -741.144409 47.781803 13
-45.456455 -736.754028 37.238712 13
-49.930344 -738.183594 34.577076 13
-51.336365 -744.191223 32.801910 13
-58.756252 -742.712708 44.755489 13
-49.643864 -739.136292 29.137119 13
-44.102177 -740.735779 1.170886 13
-50.998676 -743.547974 45.018635 13
-44.703232 -738.160156 29.741497 13
-52.047573 -745.213196 36.506470 13
-58.875584 -741.282288 45.982983 13
-53.315361 -742.487976 34.803181 13
-50.216694 -739.987183 29.114115 13
-45.504913 -740.093933 2.155478 13
-51.384026 -740.956360 31.507515 13
-50.650585 -736.591614 44.210445 13
-46.889309 -737.462280 33.539677 13
-50.507347 -737.994080 37.234615 13
-51.179470 -739.430054 32.278278 13
-50.463493 -739.227478 31.004168 13
-49.376873 -742.367432 36.705463 13
-56.966019 -741.949829 41.950504 13
-42.925255 -738.020020 1.124542 13
-52.293587 -738.402893 38.083382 13
-44.532665 -740.826111 9.770668 13
-47.711006 -741.486267 34.839607 13
-57.388992 -741.345398 42.891102 13
-47.523525 -740.487854 17.837635 13
-49.293125 -741.223572 26.198750 13
-56.479206 -741.613525 41.120029 13
-44.011143 -738.232422 3.264982 13
-51.398960 -745.611816 35.327316 13
-49.245148 -743.047546 47.111553 13
-52.590469 -744.208801 49.909191 13
-44.283787 -740.767212 15.201984 13
-54.284420 -738.004578 41.569260 13
-46.658249 -742.966003 28.295927 13
-52.487480 -743.620178 49.090408 13
-43.318455 -738.883972 5.712304 13
-46.319756 -741.207581 19.224443 13
-46.074753 -739.619385 8.203726 13
-47.111961 -739.614502 27.722706 13
-51.805046 -741.842529 45.442329 13
-45.041111 -738.070923 12.962653 13
-58.508759 -739.618958 46.497177 13
-44.056011 -738.562195 7.305909 13
-48.557774 -740.157104 39.225822 13
-57.121468 -740.163574 42.739704 13
-47.421696 -736.761108 39.842880 13
-50.305931 -736.790039 42.769890 13
-53.695354 -736.324097 50.126080 13
-46.634647 -738.681641 21.043459 13
-48.886391 -737.632629 35.833302 13
-48.727592 -742.257935 45.739204 13
-44.528595 -737.751404 9.906824 13
-55.560272 -742.406982 39.438244 13
-53.651566 -738.523438 39.467472 13
-45.964802 -737.781189 28.406473 13
-49.121880 -744.463440 30.732630 13
-43.309841 -739.860596 0.838554 13
-53.731251 -742.821777 35.749641 13
-48.480568 -742.148621 38.284164 13
-49.841663 -741.418884 35.395348 13
-55.480759 -737.576294 44.582546 13
-49.584061 -743.466431 45.377914 13
-45.314514 -740.265503 0.638545 13
-52.325668 -736.546265 45.698082 13
-45.009163 -737.858093 31.576023 13
-52.030895 -737.072327 42.994766 13
-57.102905 -737.683655 47.441708 13
-50.482239 -740.286072 30.005180 13
-58.579597 -741.441956 45.075500 13
-44.200100 -739.423584 26.743887 13
-44.117722 -738.653625 8.924636 13
-49.242271 -737.142090 39.858650 13
-57.308315 -737.794556 49.313408 13
-51.871220 -743.038513 46.099392 13
-45.034946 -740.410889 16.661152 13
-45.025669 -740.669556 7.869301 13
-57.252731 -743.015442 42.080631 13
-46.312504 -737.048523 37.574196 13
-44.184372 -739.367310 24.880167 13
-55.908943 -740.083496 40.165047 13
-56.072216 -742.577454 40.343773 13
-53.904232 -741.057617 36.123348 13
-48.861950 -742.760010 26.474401 13
-44.443020 -739.438538 23.776224 13
-56.350681 -737.540039 46.276871 13
-50.797249 -737.250793 40.967258 13
-44.570862 -737.788635 11.018265 13
-46.230682 -742.365234 24.906807 13
-50.191147 -742.772522 39.287354 13
-46.717964 -739.271606 10.978336 13
-46.987110 -740.210449 13.832402 13
-52.965591 -744.501526 35.765034 13
-57.827351 -738.287415 47.167564 13
-49.755524 -740.055237 27.358139 13
-45.320656 -740.806458 13.778723 13
-58.076797 -739.776917 45.150879 13
-49.777554 -743.204041 27.783428 13
-48.266106 -742.777588 25.674393 13
-51.868542 -739.026184 34.650673 13
-52.140697 -740.492310 33.455467 13
-56.839394 -738.758057 44.106281 13
-46.461842 -738.817139 14.047748 13
-53.648548 -737.581909 42.353859 13
-47.713516 -738.169617 28.362625 13
-44.212742 -740.484558 2.081500 13
-51.045780 -744.367981 50.009148 13
-55.956936 -738.479370 43.071293 13
-46.563019 -739.743835 26.136425 13
-52.550850 -740.180786 34.761414 13
-49.077785 -739.566284 24.753439 13
-47.033989 -737.273560 36.240524 13
-44.056110 -738.388672 4.925478 13
-47.742378 -743.982971 29.335310 13
-49.072052 -739.534973 35.746029 13
-54.553020 -735.959106 49.982815 13
-53.566010 -743.676270 36.109272 13
-48.633320 -737.974060 31.768246 13
-47.336452 -739.445740 15.207417 13
-44.726421 -737.837585 6.255183 13
-43.623272 -738.996216 3.639029 13
-47.397316 -742.627563 24.468269 13
-45.088596 -737.432190 34.158230 13
-46.199623 -738.830872 12.400484 13
-47.682980 -741.771667 29.593321 13
-54.130379 -742.149841 36.270794 13
-51.566952 -743.963440 47.565315 13
-53.020180 -739.525635 36.443916 13
-45.418507 -738.344604 9.164076 13
-46.865307 -737.526855 31.640896 13
-45.520180 -741.210022 20.820192 13
-50.622620 -742.382080 40.604561 13
-50.704472 -744.092285 31.631264 13
-45.916195 -738.193909 23.925461 13
-52.389221 -742.139954 32.821789 13
-45.155766 -738.154602 8.112985 13
-46.202766 -740.192322 12.576248 13
-49.553078 -740.767273 42.843693 13
-50.753242 -742.963806 29.982185 13
-47.161259 -741.406799 25.189470 13
-45.599289 -737.880005 29.805786 13
-46.027180 -742.142334 26.516783 13
-48.759701 -741.280518 29.401543 13
-47.898251 -741.395935 22.834875 13
-44.852783 -740.210022 19.609158 13
-48.307568 -744.359863 30.355389 13
-51.757793 -741.815674 47.285477 13
-57.905624 -743.250366 42.688442 13
-51.653980 -744.102112 48.457191 13
-51.538742 -741.777527 31.190788 13
-48.193619 -740.150574 20.863298 13
-44.969494 -740.516052 15.746210 13
-58.862862 -739.246887 49.949215 13
-48.674847 -740.591248 23.332834 13
-57.834873 -741.406616 43.673985 13
-45.294636 -740.551331 21.375340 13
-53.726444 -738.074768 40.721764 13
-54.808014 -739.844177 38.763718 13
-58.541843 -738.468567 47.983372 13
-45.139107 -740.593567 17.995468 13
-54.301044 -743.620544 37.406815 13
-58.122982 -742.425903 43.458576 13
-53.248917 -736.289551 48.295250 13
-53.805916 -739.149597 38.418839 13
-45.660248 -741.461914 22.616434 13
-48.419563 -740.055603 36.915821 13
-48.872860 -742.658875 42.779240 13
-56.122910 -736.649414 48.645050 13
-47.782562 -739.279480 19.585014 13
-57.777325 -740.006409 44.175880 13
-47.577473 -739.061768 20.418997 13
-46.166218 -740.256165 9.809071 13
-52.658829 -737.729919 40.855644 13
-45.640499 -740.916504 12.671698 13
-47.773186 -737.150208 38.171368 13
-51.795391 -738.553162 36.425037 13
-45.364639 -740.922974 19.793394 13
-43.521538 -739.302124 1.887369 13
-49.680683 -744.967102 32.617233 13
-46.985092 -737.656555 29.897495 13
-48.301010 -741.204285 40.595978 13
-57.251663 -737.427307 48.504078 13
-45.854488 -739.558960 2.858556 13
-51.204556 -743.617981 45.879402 13
-46.919975 -741.036743 26.657089 13
-49.689445 -743.618225 46.493267 13
-45.914452 -738.454712 15.623806 13
-52.470249 -736.745789 44.785633 13
-58.284985 -738.135803 48.761871 13
-52.126354 -737.757507 39.985275 13
-44.050491 -739.331421 10.294408 13
-44.400711 -738.508118 11.723541 13
-46.330399 -740.670593 23.486866 13
-48.139668 -738.780701 25.680141 13
-55.779331 -736.732605 47.671638 13
-48.652664 -741.779785 31.023907 13
-50.036869 -745.078979 34.211311 13
-48.053455 -741.548523 38.749382 13
-48.722969 -740.743042 24.210363 13
-50.292240 -742.886353 28.830816 13
-52.777782 -744.485168 50.709835 13
-55.345875 -736.962463 46.079857 13
-47.204163 -737.379089 35.412174 13
-47.538769 -741.261780 33.121155 13
-49.354332 -743.142883 44.210873 13
-48.745266 -742.391235 41.697609 13
-48.283833 -739.498718 32.061752 13
-55.795940 -740.865601 39.653717 13
-47.274487 -738.563049 24.443279 13
-48.288944 -740.244263 21.704735 13
-52.442806 -743.245850 50.025230 13
-48.540329 -742.111206 44.228951 13
-52.459896 -742.728149 47.770813 13
-50.186806 -737.030823 41.618824 13
-44.305614 -738.344116 8.148842 13
-46.571575 -739.114380 10.011433 13
-50.137241 -743.068542 42.186314 13
-48.209961 -739.971069 35.047047 13
-44.937710 -740.662537 2.463879 13
-52.179611 -735.519104 49.181126 13
-54.470177 -736.313538 48.417458 13
-46.049297 -742.039734 21.935368 13
-44.559601 -740.914368 14.425204 13
-56.169453 -736.268677 49.429028 13
-53.349842 -745.005371 37.472050 13
-46.211945 -738.564575 23.127966 13
-45.307529 -738.207153 25.926619 13
-49.155182 -736.230103 44.048367 13
-53.207214 -741.714783 34.427410 13
-45.675041 -739.862122 1.314423 13
-45.289574 -738.828430 19.936230 13
-48.540234 -739.217163 24.107870 13
-54.987186 -736.309204 49.161556 13
-54.125858 -736.480042 46.909237 13
-50.750607 -738.694885 33.878139 13
-47.233692 -740.507019 32.919563 13
-46.388954 -740.151001 24.391855 13
-49.370304 -742.671753 39.478371 13
-54.725986 -741.477356 37.576176 13
-58.881001 -740.622375 46.468559 13
-45.850227 -740.562195 11.031545 13
-47.237949 -741.388611 21.343044 13
-46.157398 -738.707153 20.006744 13
-56.170731 -737.940979 44.908886 13
-48.939972 -736.371582 43.234680 13
-50.164639 -737.960510 36.471302 13
-50.939995 -742.720520 42.260181 13
-50.857113 -741.637451 29.928818 13
-48.313301 -741.908936 40.034203 13
-49.845760 -741.702454 27.643711 13
-44.798199 -739.994202 18.559464 13
-52.869530 -738.189636 39.315102 13
-50.522469 -738.291382 35.429420 13
-47.612267 -741.462280 30.358530 13
-44.367123 -739.520020 14.298090 13
-50.467045 -737.535828 39.261425 13
-49.980785 -743.564087 48.531094 13
-46.204464 -738.454895 16.741594 13
-49.145061 -737.427856 37.626732 13
-45.827587 -740.149780 8.785909 13
-45.084881 -738.459839 15.511196 13
-53.819950 -736.672119 45.780128 13
-44.245888 -740.349182 3.838420 13
-46.579830 -736.850037 38.361874 13
-51.629005 -738.037903 38.391434 13
-45.910534 -737.682495 30.910906 13
-47.306145 -741.126953 31.479126 13
-47.528862 -737.647827 30.824362 13
-48.031261 -740.734985 37.760315 13
-45.692577 -738.367249 1.555516 13
-46.092518 -738.702698 18.480661 13
-48.468002 -738.276306 29.613291 13
-52.379860 -744.153625 51.480976 13
-57.451736 -738.824463 45.269608 13
-45.606125 -738.756348 5.598389 13
-49.740475 -738.909119 30.489796 13
-48.135559 -738.647400 26.690216 13
-51.643925 -742.342834 44.051258 13
-44.392426 -739.640930 15.986271 13
-53.761715 -739.855896 37.167305 13
-51.496876 -736.781494 44.152981 13
-46.447639 -739.227966 21.732382 13
-44.401428 -740.777649 10.657875 13
-47.904671 -739.099182 21.996119 13
-46.468807 -740.415710 15.582529 13
-46.760975 -740.713196 17.870243 13
-47.575401 -740.144958 17.054377 13
-49.405083 -739.326355 27.345339 13
-45.799461 -738.418396 21.504879 13
-51.195721 -742.707336 43.219425 13
-50.803932 -736.388184 45.062595 13
-44.247776 -738.761169 28.247082 13
-46.805527 -738.233459 25.911873 13
-56.425163 -737.292542 47.276382 13
-43.619881 -739.577637 4.636854 13
-45.241283 -738.216919 11.113791 13
-47.015594 -740.012329 14.742481 13
-50.987404 -736.044556 46.630444 13
-43.883442 -740.318909 6.584515 13
-50.272953 -741.790161 28.652702 13
-54.472385 -742.263245 37.038841 13
-50.535397 -743.355713 43.741356 13
-45.136162 -740.688110 8.658736 13
-45.824707 -740.395630 5.859629 13
-44.175018 -737.856934 1.312074 13
-51.768242 -742.973816 32.230125 13
-48.131329 -743.618835 27.604179 13
-45.457344 -738.086609 26.728405 13
-45.057476 -739.071228 17.345606 13
-49.333977 -742.464355 37.870068 13
-49.190685 -739.490967 37.523418 13
-45.580467 -740.063660 3.695386 13
-44.487190 -740.502625 12.237538 13
-46.911449 -737.818176 28.723757 13
-51.678574 -737.240845 41.541901 13
-58.761761 -742.920532 43.991901 13
-48.735390 -738.187256 30.770342 13
-53.848583 -743.891602 36.833031 13
-45.579536 -738.361328 12.309933 13
-59.326767 -739.077209 49.353558 13
-44.088367 -739.835876 10.975619 13
-47.542648 -739.174500 18.751961 13
-45.220528 -737.554443 33.381561 13
-50.822800 -743.842651 46.588356 13
-44.540806 -739.245483 21.841896 13
-46.816681 -742.321167 23.020206 13
-49.638134 -738.533997 31.922329 13
-46.955864 -740.270569 29.511831 13
-47.768177 -741.043640 20.312178 13
-47.083725 -740.131897 16.402151 13
-50.736397 -738.977356 32.756920 13
-45.490952 -738.512207 7.102837 13
-48.786377 -737.557190 36.612316 13
-50.084183 -742.156677 38.302959 13
-46.031429 -740.773010 16.842962 13
-43.505032 -738.760071 6.778766 13
-55.166561 -737.150757 45.141872 13
-51.987064 -741.075256 32.595394 13
-50.389843 -744.795776 33.097221 13
-45.528797 -738.770081 3.587298 13
-56.442013 -740.077454 41.253605 13
-43.572895 -739.270386 7.500049 13
-46.541641 -740.565308 25.038754 13
-46.487049 -738.718384 19.151995 13
-44.646626 -739.823486 20.411474 13
-51.329945 -736.951904 42.569786 13
-45.840668 -740.465271 14.217274 13
-52.801937 -738.635437 37.560802 13
-51.706947 -739.856506 33.350189 13
-43.471043 -738.380493 0.733793 13
-48.555264 -742.039917 43.106796 13
-45.125481 -740.542236 4.544408 13
-47.765255 -740.567688 19.086802 13
-51.478172 -745.165588 35.993382 13
-50.018410 -740.396729 28.494165 13
-47.056187 -738.731995 21.961517 13
-50.996677 -744.284058 48.817181 13
-48.850193 -743.779724 27.979870 13
-44.070126 -740.393188 9.331239 13
-47.974632 -741.709656 31.981419 13
-48.898075 -739.678650 23.162275 13
-44.156467 -737.497925 32.806519 13
-46.248032 -737.579651 30.109419 13
-51.961903 -736.067200 47.654690 13
-57.374283 -738.407715 45.922157 13
-44.372990 -740.331116 5.219281 13
-47.524113 -738.582031 25.192852 13
-43.816833 -738.818176 12.085826 13
-47.538506 -741.133362 34.163273 13
-47.780819 -741.341003 36.680817 13
-49.352291 -744.110107 29.257460 13
-43.332714 -739.095276 1.069485 13
-45.871250 -739.499939 -0.143307 13
-51.891434 -743.722412 33.112297 13
-45.120880 -738.224915 2.025303 13
-51.536461 -736.463379 45.688309 13
-50.050468 -743.991333 47.895466 13
-45.609829 -737.196655 35.610298 13
-47.739971 -740.062073 33.414104 13
-47.023018 -740.073425 30.916342 13
-50.790386 -740.270081 30.747696 13
-58.465504 -738.734375 49.501274 13
-52.370438 -738.998779 35.925873 13
-43.744549 -738.536621 2.287149 13
-46.932285 -739.284241 12.287054 13
-45.420742 -740.660278 22.123262 13
-46.678516 -743.155640 27.451591 13
-49.018555 -741.221680 25.485485 13
-48.073425 -742.025635 23.855085 13
-48.942398 -742.530762 46.567181 13
-49.422703 -735.777100 45.306755 13
-48.537273 -742.184509 25.137915 13
-50.142082 -744.661499 31.667595 13
-51.306549 -740.363098 31.999279 13
-44.522366 -738.493530 13.318058 13
-44.373886 -738.459473 9.634186 13
-46.892082 -740.787842 27.568392 13
-48.386642 -741.313782 42.888767 13
-46.457615 -741.496643 20.383722 13
-47.343315 -743.674072 28.381426 13
-47.649261 -737.498108 33.491230 13
-45.097404 -740.649963 7.120593 13
-50.952202 -742.163574 41.447052 13
-50.233540 -741.474915 37.950493 13
-46.707340 -739.961853 28.297340 13
-53.156994 -740.002258 35.836094 13
-52.534809 -736.098022 48.331642 13
-48.957146 -737.208008 38.994785 13
-48.860485 -742.143372 35.077442 13
-59.024132 -741.992493 46.209858 13
-51.454754 -738.947571 34.025642 13
-49.097977 -738.899048 28.679764 13
-45.537926 -740.451050 10.169525 13
-45.628887 -741.273987 18.940269 13
-44.428158 -738.198669 30.440067 13
-45.525291 -738.416687 14.120000 13
-46.318027 -737.445618 32.397785 13
-48.766495 -742.238892 36.282669 13
-52.615028 -736.546936 46.923569 13
-49.647373 -741.196106 43.512299 13
-58.019936 -738.813293 46.671787 13
-51.842247 -744.407837 50.099251 13
-54.945133 -739.474182 39.448090 13
-44.560871 -738.980408 25.863924 13
-46.408127 -738.385864 24.438848 13
-54.978268 -738.926270 40.670776 13
-52.569378 -743.036804 33.529045 13
-48.860054 -742.555176 38.955315 13
-45.114349 -740.964783 11.368853 13
-46.881271 -742.763550 24.972593 13
-53.293842 -741.174011 34.936707 13
-49.532291 -743.008545 42.807682 13
-49.380180 -739.762695 25.759441 13
-46.082355 -739.696533 22.956261 13
-44.237061 -740.591675 8.010182 13
-47.751408 -737.530212 32.349220 13
-44.345028 -739.690186 13.459475 13
-47.706837 -736.184814 42.579464 13
-49.895462 -738.308105 33.864838 13
-44.566185 -739.101074 15.244673 13
-49.952488 -742.847351 40.903107 13
-52.940922 -737.361816 42.411869 13
-52.743858 -735.770447 49.732414 13
-43.942226 -739.686035 16.592916 13
-48.606644 -744.710876 31.865999 13
-53.491650 -735.952820 49.518993 13
-52.672901 -744.869873 36.409790 13
-50.952198 -737.855652 37.845032 13
-59.195580 -740.493713 47.988560 13
-50.730946 -745.318237 34.140839 13
-50.200684 -735.950989 45.570496 13
-47.883358 -740.968384 21.959887 13
-45.596188 -737.663574 32.366142 13
-47.270325 -739.079590 17.793980 13
-43.718327 -740.279785 4.488872 13
-54.600342 -745.421936 38.725918 13
-48.385849 -741.980347 33.877949 13
-45.742516 -739.724548 4.297175 13
-48.621891 -739.982361 38.535042 13
-56.180367 -739.242126 41.797085 13
-44.462700 -740.569214 13.070987 13
-50.282398 -743.586548 45.246685 13
-49.367355 -743.032471 26.974407 13
-44.720692 -739.036072 24.488407 13
-44.730488 -740.126465 21.069651 13
-56.404644 -737.861633 45.598625 13
-44.450073 -739.879028 25.525377 13
-56.553345 -738.784302 43.442081 13
-48.426964 -741.702820 41.630032 13
-48.620422 -737.700256 33.593929 13
-51.383327 -737.768250 39.057953 13
-56.701534 -737.068909 48.782940 13
-43.743523 -740.179688 7.322631 13
-46.781986 -737.248169 36.915821 13
-49.805984 -740.656067 27.750498 13
-51.879551 -742.176697 44.777298 13
-55.393608 -742.069702 38.832722 13
-43.938866 -738.499878 4.188853 13
-44.360882 -738.791687 27.158459 13
-48.590801 -740.043091 22.361731 13
-44.990536 -738.187805 14.694119 13
-52.829327 -741.473328 33.877243 13
-48.795357 -743.947754 28.823463 13
-49.983410 -736.320190 44.194023 13
-48.025116 -739.485779 18.220139 13
-51.424061 -735.351807 47.855305 13
-43.903458 -738.354248 29.362772 13
-52.268944 -742.310852 47.171612 13
-44.655617 -737.184143 34.685822 13
-48.571457 -741.396240 44.308361 13
-44.556587 -740.152893 23.612503 13
-58.746269 -739.687195 47.160885 13
-46.360977 -737.883789 27.425713 13
-45.798244 -739.893555 5.338362 13
-51.350758 -742.951721 30.942852 13
-53.308258 -736.467896 47.286922 13
-54.883301 -743.094910 38.129490 13
-49.370831 -737.394775 38.378445 13
-59.165409 -741.002563 47.106842 13
-46.141273 -738.154480 25.463034 13
-53.001373 -736.636230 45.924381 13
-44.648224 -740.570801 6.572108 13
-43.693905 -739.463562 5.941959 13
-52.024338 -742.399048 45.823418 13
-47.662998 -739.825928 31.786047 13
-53.055351 -743.195374 34.594341 13
-44.719635 -741.086548 13.505725 13
-47.337261 -738.155273 27.361769 13
-44.957947 -740.541321 -0.116367 13
-43.859386 -740.222168 8.640388 13
-47.492085 -741.628235 27.980762 13
-49.087055 -742.158325 34.088848 13
-46.304089 -739.085266 11.547710 13
-56.226116 -741.349609 40.518150 13
-47.362946 -739.257019 17.058445 13
-50.464066 -736.690552 43.450306 13
-46.268093 -738.495483 17.621794 13
-54.019066 -737.243713 43.714439 13
-53.775455 -736.941101 44.809597 13
-48.165779 -737.852722 31.055145 13
-50.377022 -742.097656 39.177197 13
-55.090614 -736.761536 46.697430 13
-49.240726 -741.951416 26.385275 13
-59.287369 -739.524048 48.815853 13
-47.529495 -740.222961 18.489702 13
-44.677223 -739.693420 22.395611 13
-47.671619 -741.641357 26.685934 13
-49.900410 -738.836060 31.283695 13
-49.864586 -738.510620 32.619659 13
-51.197491 -737.416260 40.426094 13
-50.830730 -735.347656 47.046089 13
-45.866703 -741.710815 21.229950 13
-58.415497 -740.780823 45.264805 13
-45.984177 -740.122437 11.608206 13
-58.713478 -739.142395 47.931305 13
-44.188034 -738.179871 5.636505 13
-48.492008 -739.541382 32.730762 13
-45.780125 -740.675171 15.340430 13
-46.526558 -740.706421 16.261480 13
-48.397285 -741.101624 42.240871 13
-48.866653 -736.636353 42.019936 13
-50.188995 -737.553223 38.577347 13
-44.910084 -738.922913 23.412285 13
-50.101444 -740.441772 43.191620 13
-52.463669 -740.423523 34.111774 13
-47.389561 -741.940186 22.604753 13
-44.725597 -740.659790 0.868639 13
-47.502853 -737.267090 36.766354 13
-48.753216 -741.877625 32.655609 13
-44.882366 -738.102356 4.631929 13
-47.227390 -740.836060 19.460552 13
-49.552067 -743.649780 47.215183 13
-51.370102 -741.563660 46.001842 13
-46.098743 -740.878784 17.598074 13
-50.859756 -743.971252 47.320812 13
-50.077065 -737.144043 40.935097 13
-54.563740 -739.034058 39.889820 13
-47.825024 -740.510376 36.173061 13
-48.330681 -738.487732 28.137987 13
-58.175632 -741.319702 44.394203 13
-43.146557 -739.721191 0.176883 13
-55.315819 -740.682434 38.836582 13
-44.578117 -737.886597 3.509615 13
-54.300446 -737.806213 42.440315 13
-47.838932 -742.954163 25.040133 13
-52.638897 -737.489990 41.549458 13
-55.770836 -736.835083 49.677933 13
-50.895020 -739.412476 31.543001 13
-45.665520 -738.524231 22.378448 13
-49.303177 -740.528748 25.957449 13
-43.857647 -738.793274 11.401452 13
-47.291714 -741.232666 28.767897 13
-58.231121 -739.621033 45.794781 13
-49.297203 -739.367493 26.343710 13
-43.712254 -739.070129 5.143425 13
-45.484165 -737.023499 36.594669 13
-46.917374 -736.698242 39.395527 13
-49.235325 -744.867554 33.120834 13
-50.403694 -743.869324 30.595064 13
-50.390434 -740.763916 44.543877 13
-48.241058 -740.411926 39.772545 13
-44.777645 -739.621460 19.132839 13
-51.077793 -738.288330 36.859993 13
-45.502140 -741.178284 17.993923 13
-54.661640 -740.385498 37.814064 13
-49.481071 -736.606079 42.899612 13
-45.166473 -740.646667 13.082801 13
-47.593750 -740.429016 34.313633 13
-44.243851 -739.348389 12.322498 13
-44.914768 -740.384460 17.378426 13
-48.152164 -735.975647 43.038467 13
-45.098171 -739.052246 19.328922 13
-52.170326 -738.508606 37.321056 13
-47.090492 -739.185425 15.818716 13
-43.920551 -739.339722 8.432197 13
-45.688583 -740.094055 6.490350 13
-48.620190 -738.986145 26.156818 13
-45.530384 -741.120361 24.144577 13
-49.507423 -737.921204 35.077908 13
-48.548363 -742.340271 45.075779 13
-43.741638 -740.288330 3.326435 13
-49.019096 -740.277100 24.590830 13
-52.247395 -739.527832 34.869320 13
-46.366924 -739.060669 8.556310 13
-43.908035 -740.107544 1.275741 13
-45.870815 -737.408264 34.937386 13
-55.656246 -738.951599 41.464016 13
-45.297516 -740.720459 3.061580 13
-46.826180 -742.961121 25.941410 13
-57.315018 -744.209778 41.662621 13
-54.439266 -738.381836 41.015713 13
-50.989326 -741.474060 40.199154 13
-47.240566 -740.604797 32.241959 13
-47.436565 -743.360168 26.916918 13
-58.739082 -742.075500 44.953403 13
-49.435196 -737.781555 36.218864 13
-44.409958 -738.155701 10.472045 13
-50.614037 -739.666382 30.519199 13
-43.954075 -739.343689 9.630743 13
-46.875275 -738.641968 23.024048 13
-47.268826 -742.544067 23.814379 13
-56.608307 -740.945312 41.374229 13
-50.000130 -741.605164 37.004120 13
-50.672703 -741.399353 39.276600 13
-57.764610 -737.724731 48.827423 13
-46.883781 -736.287109 40.735287 13
-50.782997 -743.380371 44.408554 13
-45.213406 -738.798401 21.206093 13
-45.622490 -737.828735 28.963711 13
-52.495564 -738.313538 38.713131 13
-46.137199 -739.625610 2.255968 13
-44.231010 -740.192261 11.669725 13
-48.624542 -738.790039 27.413334 13
-57.723503 -741.928528 43.266220 13
-49.966209 -741.037842 35.921402 13
-59.788502 -740.074951 49.040283 13
-49.869930 -735.660034 46.237629 13
-48.349625 -741.758301 24.410124 13
-46.044235 -742.088562 23.839411 13
-56.577503 -738.342712 44.588745 13
-53.902596 -744.842834 38.059338 13
-43.853477 -740.246338 5.926662 13
-52.968487 -737.057190 43.694836 13
-46.108688 -737.958923 26.794725 13
-51.104607 -738.591309 35.364029 13
-48.865803 -737.891235 33.024975 13
-48.386059 -739.242981 23.275579 13
-48.908272 -739.930237 40.494827 13
-47.767052 -736.530151 41.398129 13
-46.694012 -739.972168 13.256615 13
-46.957981 -740.449585 28.866028 13
-57.915943 -740.828369 44.012611 13
-44.903809 -738.985962 16.208220 13
-50.370010 -742.471069 39.930473 13
-42.972092 -738.609619 1.390111 13
-47.101700 -740.722229 30.013889 13
-57.152237 -740.814453 42.603130 13
-50.088943 -741.007141 36.685005 13
-44.576435 -738.420471 28.961494 13
-54.686386 -742.124451 37.686790 13
-47.923294 -741.760437 36.115967 13
-46.518330 -737.367432 34.776745 13
-46.379246 -742.735901 26.477011 13
-45.831848 -740.444092 4.985616 13
-45.668697 -738.704712 17.171745 13
-48.415485 -737.817444 32.352283 13
-51.257435 -742.323486 42.666721 13
-46.799992 -739.274353 13.694686 13
-47.314976 -741.087280 20.760777 13
-54.854862 -736.882568 45.667183 13
-51.467712 -744.460632 33.430660 13
-52.007271 -742.391296 32.078152 13
-52.795410 -742.147766 48.359467 13
-43.774849 -740.386658 2.680970 13
-48.732803 -739.643860 34.098232 13
-44.392494 -740.192200 14.404996 13
-46.550972 -741.470154 24.989248 13
-44.386677 -740.224976 15.711941 13
-49.038700 -744.319031 30.108170 13
-48.608303 -739.184570 24.959267 13
-45.977249 -742.088806 25.866016 13
-51.395779 -743.062500 44.644924 13
-47.256710 -743.615051 29.577854 13
-45.357124 -738.684204 18.509787 13
-53.861332 -736.342346 48.626369 13
-45.097713 -738.549744 24.669859 13
-45.483200 -740.784302 22.753967 13
-48.331688 -742.017517 37.340130 13
-50.557613 -741.610046 29.350285 13
-45.046082 -737.953918 9.550648 13
-46.830318 -741.816833 21.695824 13
-50.807674 -740.922180 45.037830 13
-47.404385 -743.144409 26.174122 13
-54.299301 -744.343872 38.101746 13
-45.163761 -740.968689 12.229095 13
-48.924240 -738.634277 29.297752 13
-44.360596 -739.219177 13.001698 13
-55.667435 -736.478821 49.084759 13
-44.555206 -738.627991 14.049473 13
-46.185207 -739.638123 9.961108 13
-57.097443 -741.410156 42.320667 13
-55.342999 -743.521973 39.159439 13
-47.985981 -741.221802 38.186531 13
-47.611607 -737.800476 29.914976 13
-52.717930 -741.999634 33.392166 13
-49.834137 -742.968689 41.630939 13
-52.815090 -744.092407 35.256569 13
-49.512100 -740.575684 26.738565 13
-55.518013 -737.873291 43.996304 13
-46.149284 -740.451965 10.454633 13
-47.082817 -737.060181 38.049393 13
-55.435162 -738.371704 42.712475 13
-53.210152 -738.848450 38.018166 13
-47.884659 -740.366028 35.531555 13
-54.153763 -740.700073 36.595852 13
-49.879776 -737.307739 39.659691 13
-58.086994 -738.185364 49.440876 13
-48.918839 -742.886597 45.547428 13
-48.011669 -736.558594 41.985752 13
-47.104061 -738.864197 19.111523 13
-45.645973 -738.822021 2.308860 13
-53.025955 -739.192871 37.018688 13
-48.777382 -736.914856 40.979584 13
-45.393307 -738.085083 28.062250 13
-51.263569 -742.195251 45.358585 13
-51.572662 -745.023682 35.119144 13
-50.693836 -740.916626 29.946053 13
-46.420750 -740.196716 14.205915 13
-46.780926 -739.903137 12.611226 13
-54.756603 -737.530640 43.473469 13
-45.951294 -739.565063 6.848705 13
-44.892982 -737.032166 35.401775 13
-55.160282 -741.305664 38.457794 13
-57.131130 -738.758362 44.668270 13
-47.329350 -738.656677 23.546833 13
-44.201031 -738.690247 10.200465 13
-55.212868 -744.515869 39.553658 13
-45.059792 -738.157227 6.767041 13
-55.183987 -738.469055 41.955170 13
-46.697777 -740.451965 26.461853 13
-48.758427 -739.740417 36.253380 13
-48.128132 -741.492249 29.226942 13
-44.962959 -739.130127 20.424461 13
-52.315594 -743.648682 33.630463 13
-45.818775 -738.571716 10.954861 13
-50.152290 -743.729187 30.029335 13
-51.165039 -743.677124 31.373068 13
-49.707203 -739.065552 29.769365 13
-52.885880 -744.578430 51.353161 13
-53.709148 -738.396851 40.094460 13
-48.177429 -740.818970 39.162472 13
-46.587650 -737.402100 32.957497 13
-44.293724 -738.134216 6.715677 13
-48.332790 -740.412720 41.154812 13
-46.157486 -738.681030 14.595785 13
-45.254784 -740.866333 16.192858 13
-56.378685 -742.095154 40.629360 13
-56.053814 -740.797241 40.223164 13
-43.659203 -740.380615 0.762495 13
-45.692860 -741.347778 24.833508 13
-45.798103 -740.094421 7.803075 13
-51.902290 -743.518982 47.271389 13
-49.420765 -738.000732 34.239498 13
-50.036572 -743.230286 28.374884 13
-54.335598 -739.450195 38.614460 13
-43.592144 -739.300110 3.103062 13
-45.065601 -739.079102 18.010677 13
-45.022591 -740.681519 5.833661 13
-46.268024 -737.473816 33.572571 13
-53.052071 -736.899597 44.630333 13
-44.496098 -737.924561 12.666596 13
-56.050720 -744.806702 40.301945 13
-46.391102 -738.859924 13.361588 13
-46.936756 -738.950073 16.657930 13
-44.475990 -737.839050 2.819184 13
-48.053825 -739.856079 19.596020 13
-50.810738 -744.341858 49.411766 13
-50.970623 -744.247070 32.301014 13
-47.324951 -739.337646 28.510204 13
-56.955914 -739.586487 42.977219 13
-56.721809 -737.635864 46.836224 13
-49.770687 -742.453613 27.620306 13
-50.828949 -741.526184 45.313251 13
-49.555367 -738.237976 33.135082 13
-48.846470 -742.650818 44.304779 13
-45.094509 -738.224487 27.229824 13
-44.371037 -740.731384 0.062185 13
-43.985703 -738.737732 13.135389 13
-59.870804 -739.461670 49.636768 13
-46.265465 -738.969360 7.948393 13
-47.849514 -741.538818 35.483246 13
-43.879261 -739.215393 10.942744 13
-50.490925 -735.828308 46.210468 13
-56.886436 -743.014404 41.593468 13
-50.302784 -744.147400 48.442787 13
-56.838951 -740.317200 41.700684 13
-53.808304 -738.887573 38.978230 13
-51.774254 -736.847961 43.554173 13
-47.940617 -738.978882 22.918219 13
-44.961502 -738.152954 3.989547 13
-52.052731 -744.667664 34.904274 13
-48.175716 -736.766541 40.895714 13
-56.869118 -744.279968 41.212658 13
-47.839016 -736.771729 40.310719 13
-55.142170 -736.727417 49.888504 13
-47.274349 -739.772888 15.877584 13
-48.390919 -737.558899 34.656273 13
-52.522770 -740.948853 33.764095 13
-53.409500 -742.996643 35.151913 13
-49.406223 -736.117798 44.605488 13
-50.416481 -742.946106 40.455784 13
-43.402359 -739.296631 4.119142 13
-44.716930 -739.975769 16.943781 13
-46.360046 -739.807983 11.138622 13
-49.057461 -737.026672 40.447765 13
-49.936131 -737.737000 37.347958 13
-44.032402 -737.803772 31.129799 13
-49.470016 -743.221252 44.811794 13
-46.643848 -737.432312 34.153236 13
-49.426685 -741.706848 26.952232 13
-55.500347 -739.253235 40.691624 13
-47.883545 -737.131775 38.789764 13
-53.914627 -735.740112 50.057297 13
-51.558613 -743.265259 45.508362 13
-55.780785 -743.790344 40.138794 13
-44.933933 -740.268616 22.295906 13
-54.699257 -744.255127 38.616386 13
-54.596180 -736.381104 47.815506 13
-51.397049 -739.733215 32.774864 13
-47.731716 -737.476990 34.624310 13
-49.737293 -742.522217 37.207729 13
-54.122597 -737.130371 44.332615 13
-48.671543 -742.553101 36.819756 13
-46.884327 -740.201416 27.748699 13
-47.601379 -738.388123 26.836315 13
-48.164238 -741.660645 39.438869 13
-50.444675 -736.979919 42.193428 13
-54.915985 -742.524963 38.359150 13
-52.145325 -742.660156 46.502739 13
-48.694809 -737.614807 35.248165 13
-56.901421 -738.006714 45.968815 13
-51.699959 -736.151794 47.080311 13
-45.802345 -741.292542 19.572508 13
-46.638111 -741.476624 19.680983 13
-54.881741 -743.591370 38.736900 13
-52.009876 -744.413208 34.276020 13
-45.052811 -738.863647 22.728640 13
-52.550774 -743.181885 48.451504 13
-51.680325 -743.570374 32.489704 13
-48.268703 -740.917419 23.016325 13
-46.292278 -742.090271 22.547937 13
-48.322803 -743.441406 27.040913 13
-54.779072 -744.660034 39.106922 13
-54.750458 -737.207153 44.683823 13
-50.132935 -739.453979 29.398548 13
-53.656143 -741.104675 35.525558 13
-46.419395 -737.592346 31.231831 13
-55.890732 -742.852600 39.822136 13
-51.392960 -736.305664 46.273239 13
-55.403320 -743.937134 39.677700 13
-47.916836 -744.177490 29.918678 13
-51.653099 -740.892090 32.115555 13
-45.082882 -737.646851 1.849862 13
-45.193336 -738.203735 5.816049 13
-57.694195 -737.312317 49.268436 13
-47.868965 -741.083496 37.251385 13
-48.246552 -737.507507 35.743298 13
-53.183414 -735.960571 50.086018 13
-52.189701 -739.106873 35.349575 13
-54.722996 -737.798523 42.918575 13
-52.845119 -743.138489 49.135658 13
-59.281628 -741.222473 46.424652 13
-46.113068 -740.724060 22.927172 13
-56.115589 -739.949036 40.742844 13
-52.864494 -740.082153 35.306217 13
-44.612488 -739.685120 23.189445 13
-45.295574 -738.385559 13.482625 13
-44.747360 -740.761047 9.132711 13
-53.385307 -745.606201 37.458424 13
-43.522640 -739.650208 1.377099 13
-45.399441 -738.248474 25.317793 13
-44.031387 -739.968018 9.770392 13
-43.632843 -738.997620 8.873270 13
-52.979729 -740.656677 34.870834 13
-48.923077 -742.754883 38.186508 13
-46.952732 -738.775085 20.543818 13
-57.595905 -738.408630 46.513500 13
-55.513493 -744.964539 39.842957 13
-47.874668 -740.446045 20.427368 13
-56.849674 -741.431396 41.664669 13
-54.573734 -741.024109 37.220428 13
-44.776810 -738.044617 31.000887 13
-46.465553 -738.723633 15.531513 13
-47.136650 -740.555481 31.275326 13
-47.622948 -736.956299 39.303238 13
-48.028183 -741.755066 34.372898 13
-46.095417 -737.289734 35.959953 13
-44.658836 -737.934692 7.842828 13
-47.860954 -737.268250 37.580112 13
-48.938259 -740.825989 24.874292 13
-56.101822 -744.092102 40.538113 13
-48.799091 -739.561279 22.067633 13
-44.670689 -741.115479 11.863400 13
-44.658356 -737.802979 32.058559 13
-44.577576 -739.364624 18.205826 13
-52.576107 -737.115662 43.242435 13
-43.873119 -738.693176 5.581841 13
-52.891815 -745.045532 36.935558 13
-48.160622 -741.624512 30.680367 13
-49.432056 -741.893860 35.234955 13
-50.204601 -740.944702 28.769411 13
-52.144115 -743.779480 48.637550 13
-48.061085 -738.179504 29.159018 13
-50.032139 -739.506836 28.798681 13
-43.340389 -739.285217 2.480656 13
-49.274555 -736.814636 41.594021 13
-45.642067 -739.854797 0.314176 13
-46.375469 -739.565613 24.294691 13
-51.512146 -743.150940 31.623606 13
-52.461510 -736.526489 46.263874 13
-52.744736 -743.643433 49.624641 13
-56.516792 -743.405457 41.058182 13
-45.114861 -740.759644 9.867208 13
-53.677216 -742.302490 35.408504 13
-49.217113 -743.037598 43.299217 13
-49.305847 -742.731262 40.455315 13
-45.498333 -740.094666 2.777004 13
-57.291050 -740.090820 43.302860 13
-52.850262 -743.867737 51.279480 13
-46.026783 -740.209290 23.237255 13
-48.673042 -739.749329 35.349800 13
-50.960640 -744.584656 33.097485 13
-53.851894 -739.619202 37.718201 13
-46.626820 -740.050964 25.631422 13
-46.949364 -741.109375 25.830608 13
-51.257946 -741.236450 30.999552 13
-51.375519 -741.825256 46.752987 13
-48.492691 -742.479614 40.565701 13
-53.395626 -736.299377 48.990788 13
-52.243839 -744.018188 49.447124 13
-45.661407 -737.546875 33.759422 13
-47.445934 -741.257935 30.875357 13
-48.122173 -741.964478 35.027454 13
-57.846302 -739.256409 45.416847 13
-49.751179 -743.649963 45.905651 13
-55.498474 -739.815857 39.847454 13
-48.651730 -737.130310 39.783550 13
-46.018913 -739.391602 5.558876 13
-50.398899 -745.014282 33.731392 13
-51.292618 -735.774963 48.298397 13
-53.871719 -736.631653 46.384300 13
-45.942265 -741.613159 20.628630 13
-48.323544 -740.479126 41.894691 13
-46.698483 -739.078064 22.260319 13
-55.865196 -737.228088 46.208889 13
-48.264145 -744.021729 29.050579 13
-51.968918 -745.491333 35.939075 13
-44.559162 -740.581482 1.617391 13
-49.409393 -739.192200 28.267653 13
-49.750648 -744.660828 32.123207 13
-53.444641 -741.912231 34.922836 13
-52.336937 -743.952698 34.167381 13
-55.535091 -742.965149 39.232864 13
-46.635891 -740.877075 18.437325 13
-51.062504 -740.575134 31.186377 13
-52.849682 -743.716125 34.739647 13
-48.736832 -742.397522 39.517124 13
-45.732716 -738.962341 6.286164 13
-56.197971 -738.682800 42.572971 13
-44.599621 -739.495605 17.303816 13
-48.736649 -735.849365 44.176991 13
-43.745052 -739.017395 6.313401 13
-51.121151 -736.649658 44.584194 13
-49.919865 -742.656738 38.039841 13
-58.819027 -740.099548 46.756264 13
-47.284950 -739.754578 29.635361 13
-46.926075 -737.738953 29.319561 13
-48.255783 -740.948608 43.451588 13
-47.542908 -737.478333 32.923332 13
-44.297554 -738.193054 31.717201 13
-51.438889 -744.679504 33.985844 13
-50.620518 -737.418701 39.892792 13
-50.611904 -742.903625 29.413021 13
-45.017067 -738.064636 29.274734 13
-51.505150 -742.384094 31.030922 13
-53.215927 -737.882080 40.924377 13
-55.939972 -742.249756 39.880409 13
-57.862514 -742.748413 42.986038 13
-56.310173 -742.949341 40.735062 13
-51.647816 -739.360229 33.667366 13
-53.578815 -740.611511 35.888641 13
-44.169800 -739.918518 12.169268 13
-46.056171 -739.660950 7.517361 13
-46.228210 -736.340027 38.677742 13
-51.324596 -738.498291 35.924522 13
-45.916618 -737.042480 37.063412 13
-43.433853 -737.992432 1.372583 13
-45.884312 -736.649658 37.606670 13
-47.495918 -737.459534 34.042847 13
-47.980328 -741.794617 23.328228 13
-50.113960 -741.298523 43.847328 13
-49.227985 -743.336060 27.961479 13
-44.320698 -740.370117 11.072950 13
-53.477417 -744.500793 37.205959 13
-48.095573 -739.270813 21.479925 13
-53.236530 -744.127869 36.163857 13
-53.819103 -737.778687 41.857235 13
-52.212540 -741.602173 32.594757 13
-49.804798 -743.653137 29.293480 13
-55.788662 -738.219604 43.559235 13
-53.913914 -741.733215 35.944603 13
-48.475388 -739.542419 20.747107 13
-48.670898 -738.270569 30.203285 13
-51.994431 -736.781677 44.450623 13
-48.944195 -742.804443 25.909525 13
-45.394993 -737.837036 31.122292 13
-44.237072 -740.413940 0.702945 13
-48.339371 -741.441345 41.136112 13
-46.977745 -739.336487 14.659363 13
-45.515423 -740.514465 7.515915 13
-44.064301 -738.227844 2.689844 13
-47.596172 -741.073181 35.234615 13
-49.622620 -737.114075 40.458130 13
-58.392937 -742.500977 43.989342 13
-57.227242 -739.218872 44.088310 13
-46.570026 -736.252747 39.441963 13
-47.114899 -736.665955 40.319633 13
-44.352081 -737.906311 4.854260 13
-45.898811 -741.893738 24.893778 13
-48.706844 -740.152039 22.911579 13
-45.985134 -740.696594 8.818381 13
-56.838451 -737.525208 49.094795 13
-48.984013 -736.525391 42.611851 13
-44.588875 -739.762207 24.807812 13
-44.920963 -737.860657 10.529654 13
-57.035973 -737.464478 47.976486 13
-46.004608 -742.279724 24.388586 13
-49.182571 -738.256104 31.731880 13
-50.218185 -743.819092 46.511150 13
-49.205364 -744.862976 32.159046 13
-49.889210 -740.117798 27.998146 13
-50.344254 -738.503174 34.232506 13
-55.559364 -741.837280 39.370296 13
-46.866150 -739.796326 14.194892 13
-51.672573 -737.732605 39.560764 13
-52.591637 -745.505981 36.619629 13
-48.933224 -739.722473 39.098427 13
-50.832603 -738.863770 33.318203 13
-45.855995 -740.636414 7.072056 13
-43.901009 -738.281494 30.720312 13
-54.905678 -740.250671 38.372185 13
-51.724201 -738.387451 36.968632 13
-48.052750 -736.943848 39.808739 13
-48.914112 -742.569031 42.207680 13
-45.698486 -741.582886 23.743036 13
-43.164459 -738.860352 1.927531 13
-46.427574 -741.089722 23.879866 13
-58.186634 -738.563965 47.544235 13
-44.686050 -738.408752 28.312231 13
-47.598251 -739.906006 18.017355 13
-45.382954 -740.869446 16.750849 13
-50.442253 -737.773376 38.060913 13
-48.806278 -737.686157 34.138512 13
-45.511238 -738.410156 12.884937 13
-46.417553 -742.758484 27.823179 13
-50.106995 -743.189636 42.876411 13
-45.859619 -740.439087 12.959495 13
-48.254177 -739.810913 33.649700 13
-45.953259 -740.778259 11.672688 13
-48.722309 -742.212524 35.665340 13
-53.716934 -737.340271 43.234962 13
-45.642197 -737.654907 30.328569 13
-44.323177 -739.622681 24.298885 13
-43.833645 -740.324097 5.033827 13
-46.098824 -739.617188 8.793228 13
-50.018917 -740.508484 42.634525 13
-44.419884 -739.439819 26.159666 13
-51.778851 -742.047363 31.633621 13
-44.715912 -740.026489 16.391678 13
-46.853195 -743.423645 28.019991 13
-48.049564 -738.915283 24.169901 13
-47.607353 -737.403137 35.796612 13
-59.235252 -738.778137 49.886700 13
-49.537479 -742.052551 36.261269 13
-58.077335 -740.113281 44.705330 13
-52.222294 -737.482727 41.156219 13
-51.391258 -738.733032 34.883724 13
-47.346672 -736.163025 41.312332 13
-48.130482 -741.853088 33.376091 13
-52.410732 -743.985718 50.956673 13
-52.978909 -743.471863 50.108356 13
-45.056980 -740.628357 14.232838 13
-43.524055 -739.811279 2.171940 13
-47.883121 -744.079102 30.664213 13
-46.213348 -740.246155 9.188455 13
-45.412834 -740.470032 8.219128 13
-57.067497 -742.529236 41.788975 13
-58.684280 -738.406128 49.117359 13
-56.517761 -739.355652 42.301483 13
-59.292473 -740.060669 48.539589 13
-44.625496 -739.608459 21.375843 13
-54.302212 -743.022461 37.143459 13
-44.513920 -737.283875 34.043480 13
-47.183437 -741.152954 27.892078 13
-43.806427 -738.637695 28.676678 13
-49.594425 -739.634399 26.845528 13
-46.929527 -740.007874 15.307307 13
-51.035324 -745.029114 34.525314 13
-48.292168 -740.776123 40.218800 13
-46.339367 -743.014893 27.033970 13
-54.474640 -736.511353 50.008026 13
-50.343613 -740.452026 29.493729 13
-44.776100 -740.666077 3.262873 13
-44.276901 -739.063843 16.348558 13
-51.068089 -739.805786 31.898830 13
-50.028896 -738.116333 35.195835 13
-45.070652 -738.161194 12.393516 13
-52.962238 -744.081238 50.319817 13
-58.864529 -741.656555 45.557144 13
-48.968620 -739.654846 38.019764 13
-56.576756 -736.739807 49.422920 13
-44.397453 -738.936646 26.551441 13
-54.103703 -738.754333 39.698841 13
-48.571785 -742.118896 43.676331 13
-47.769676 -741.581726 32.591614 13
-49.262363 -738.588867 30.446568 13
-46.702351 -738.755432 17.848524 13
-44.883991 -740.897583 15.349996 13
-51.047729 -745.560669 34.864487 13
-50.026802 -742.384338 38.795498 13
-51.387630 -737.299561 41.078632 13
-44.085136 -739.364868 27.311935 13
-49.992882 -743.343445 43.956623 13
-51.860657 -737.082764 42.470909 13
-51.261269 -741.807373 30.711676 13
-49.400749 -735.428345 44.860989 13
-44.517948 -738.304871 12.235335 13
-52.454212 -737.273682 42.625828 13
-45.310307 -738.653259 15.975889 13
-57.244614 -741.927490 42.424351 13
-48.246536 -740.303284 37.423904 13
-48.109951 -741.759460 38.158081 13
-48.779453 -742.412476 41.147610 13
-46.023960 -738.652161 16.264996 13
-56.928394 -740.395691 42.237831 13
-57.342518 -743.589600 41.910320 13
-56.470383 -743.966553 40.954491 13
-44.848934 -740.243530 19.058304 13
-48.810760 -739.773987 37.209072 13
-52.323627 -744.317871 50.385014 13
-43.970646 -738.168945 1.809525 13
-43.706825 -738.673157 3.154616 13
-46.391815 -738.634521 21.582363 13
-43.758526 -738.864441 10.490204 13
-45.173996 -738.093445 30.112055 13
-54.163761 -740.011475 37.501366 13
-44.059544 -738.735291 29.713533 13
-47.956825 -741.664551 37.098183 13
-44.772152 -740.630981 4.989454 13
-44.673519 -740.731262 8.309256 13
-46.496185 -742.365234 23.476582 13
-46.092888 -738.657410 15.135773 13
-49.244625 -739.835449 25.194271 13
-47.512280 -740.953857 34.712814 13
-53.802113 -737.944580 41.244167 13
-48.494503 -741.275146 24.200769 13
-52.537872 -738.036499 39.727238 13
-52.082470 -736.631775 45.197586 13
-47.376743 -741.316711 29.856852 13
-54.920876 -736.264465 49.705231 13
-45.491547 -737.331299 36.133362 13
-54.711353 -738.187439 41.909100 13
-48.635685 -740.037903 39.836174 13
-51.871315 -741.795349 45.987492 13
-44.457558 -740.440247 10.153375 13
-50.382217 -738.158936 36.009850 13
-47.518791 -739.337952 29.012676 13
-51.855186 -743.315002 46.698307 13
-46.500301 -738.081604 26.387751 13
-52.531937 -742.567505 33.152653 13
-46.098244 -739.302612 4.334932 13
-44.114094 -739.035583 14.928974 13
-48.118801 -740.020203 20.149858 13
-47.108540 -737.624939 30.421394 13
-45.277264 -738.531982 23.510662 13
-59.019009 -739.893616 47.619328 13
-49.602516 -744.926453 33.681656 13
-59.008713 -739.231812 48.384377 13
-57.336506 -737.998779 47.040920 13
-47.134911 -738.227173 26.489862 13
-50.329525 -742.336670 28.776201 13
-46.471760 -742.621216 25.328869 13
-48.242802 -741.692505 31.433460 13
-46.654236 -737.347961 35.851639 13
-46.468346 -738.568970 22.659662 13
-45.458412 -737.457581 34.555420 13
-56.821102 -742.152100 41.414909 13
-46.959068 -740.212830 30.390474 13
-44.577297 -739.096375 25.154682 13
-53.093388 -742.700012 34.331596 13
-52.550442 -737.834656 40.309612 13
-50.965683 -745.166016 35.269779 13
-50.868004 -736.894836 42.854252 13
-45.151081 -738.098022 8.721319 13
-49.692375 -744.520630 31.237858 13
-49.576260 -741.795288 35.749649 13
-47.153435 -740.600403 18.368711 13
-47.604778 -741.637939 29.080198 13
-49.223114 -743.334167 46.596344 13
-44.478790 -740.293945 15.016558 13
-45.142399 -740.474060 1.993579 13
-49.432495 -743.218201 47.581909 13
-45.575554 -740.135864 4.615538 13
-58.016563 -741.924316 43.721531 13
-46.361042 -737.767212 28.756851 13
-48.452835 -737.190552 38.758450 13
-50.887772 -741.898315 40.651272 13
-51.013779 -742.994690 30.516060 13
-45.552879 -741.135010 20.243866 13
-48.340820 -737.312012 37.842861 13
-45.865242 -740.557922 12.331126 13
-43.825592 -739.141296 7.014295 13
-50.961426 -743.088806 43.529827 13
-48.699757 -742.747192 46.006012 13
-52.522057 -744.518250 35.447586 13
-44.154682 -738.689148 30.250868 13
-48.263199 -737.418030 36.707954 13
-46.301216 -740.258606 23.868780 13
-47.799614 -743.726440 28.029974 13
-44.912891 -738.578247 25.968014 13
-47.309834 -737.579773 31.320860 13
-48.011021 -740.674561 21.517746 13
-48.180973 -740.173523 36.394897 13
-45.467033 -741.007141 18.507195 13
-44.732430 -737.638245 33.147976 13
-44.583443 -738.029907 1.733965 13
-49.682976 -744.280701 30.487328 13
-45.763409 -741.582214 23.127441 13
-55.750889 -739.629456 40.400635 13
-45.103424 -738.123962 11.646707 13
-44.069294 -738.781677 8.396750 13
-53.432396 -739.766663 36.693558 13
-52.442871 -735.814880 48.790203 13
-46.789051 -739.325684 11.537545 13
-55.833664 -736.629150 48.195599 13
-54.849922 -740.888733 37.664185 13
-47.851658 -743.030457 25.898674 13
-46.062717 -740.175537 2.615801 13
-47.304985 -737.532471 32.072414 13
-58.659149 -737.985535 49.478966 13
-59.369228 -739.376709 49.857582 13
-47.147762 -740.344116 17.305689 13
-53.799679 -743.159485 36.160767 13
-56.785091 -739.772949 42.511494 13
-44.817635 -739.171448 22.305401 13
-50.679401 -737.334412 40.426277 13
-51.515560 -737.103027 42.038971 13
-54.123714 -741.643066 36.441280 13
-46.870716 -741.476257 20.844284 13
-48.781670 -744.621765 31.238184 13
-51.902180 -740.679688 32.967724 13
-50.652718 -743.544128 29.963549 13
-47.630363 -743.862671 28.814196 13
-45.387318 -740.236877 1.550129 13
-44.029324 -738.736206 7.835183 13
-47.514774 -741.088196 33.636116 13
-47.433212 -739.890503 31.279703 13
-52.671734 -736.678833 45.288315 13
-48.320705 -742.982178 26.164030 13
-45.231533 -738.308899 4.998559 13
-57.412872 -740.825256 43.092098 13
-51.691231 -737.543701 40.240669 13
-45.364639 -740.287109 4.145940 13
-45.116116 -738.170898 7.366277 13
-50.397560 -739.782654 29.754904 13
-47.608734 -738.237549 27.844189 13
-53.236633 -737.579041 42.000084 13
-50.428467 -738.372681 34.861000 13
-44.231941 -739.020386 11.839008 13
-43.525703 -738.750427 7.417802 13
-48.345951 -740.339172 38.250038 13
-58.716915 -740.818787 45.809860 13
-58.509659 -741.721252 44.634651 13
-49.742542 -739.562012 27.689993 13
-45.872749 -738.293579 22.800125 13
-50.035847 -741.798462 28.198042 13
-46.047688 -738.565674 21.068218 13
-45.785168 -740.542908 3.578990 13
-55.733734 -740.343262 39.694317 13
-44.391258 -740.954773 13.874762 13
-57.547249 -742.851318 42.569710 13
-50.420418 -736.392761 44.663700 13
-43.475212 -739.759583 3.361973 13
-51.617359 -741.423584 31.576769 13
-46.299126 -737.744629 27.978865 13
-57.321125 -742.500549 42.252556 13
-46.703667 -736.765503 38.888496 13
-56.260395 -737.361877 46.756512 13
-53.500244 -743.298706 35.698925 13
-44.735153 -740.703430 11.069337 13
-45.628704 -738.294556 24.390295 13
-50.740467 -743.649841 45.501797 13
-45.232883 -740.561829 19.426865 13
-50.803558 -735.626587 47.534866 13
-43.827698 -738.157227 1.044303 13
-55.436886 -736.727966 47.122116 13
-44.048012 -738.910400 14.237495 13
-52.234386 -743.201111 47.622337 13
-48.845280 -741.783569 25.374264 13
-52.314144 -736.213318 47.241302 13
-58.311501 -740.224426 45.294807 13
-49.172245 -742.419739 37.275646 13
-44.623203 -737.921509 11.515419 13
-50.576710 -743.060669 41.900169 13
-48.869053 -737.459778 37.158302 13
-46.204937 -738.634094 20.533529 13
-48.930447 -741.600830 25.928717 13
-52.793636 -738.476379 38.226250 13
-46.718025 -740.897827 25.404446 13
-57.564003 -737.899902 47.596954 13
-44.783340 -738.522766 15.042396 13
-49.784008 -742.036865 36.758221 13
-43.747715 -738.957397 4.326066 13
-46.490768 -739.287964 10.493550 13
-43.368851 -738.687439 5.215723 13
-48.299217 -741.810791 32.388561 13
-49.140537 -742.830750 41.549068 13
-45.774036 -739.685120 1.880484 13
-53.953491 -740.289612 36.837296 13
-47.193592 -738.382507 25.596329 13
-55.920750 -743.214783 40.198807 13
-47.642189 -741.563904 31.613382 13
-44.820030 -737.793152 33.647228 13
-44.393097 -738.226135 9.103869 13
-49.307827 -737.789246 35.565861 13
-49.839607 -741.181519 27.696733 13
-58.605312 -740.065430 46.241489 13
-51.302685 -743.834412 47.068336 13
-52.018276 -742.386719 45.289932 13
-50.305676 -738.795105 32.523884 13
-58.140427 -739.258301 46.403671 13
-44.355553 -738.184753 7.496273 13
-45.814194 -739.911987 3.238977 13
-55.225792 -736.531860 47.859055 13
-48.141605 -742.160217 38.741570 13
-47.825203 -740.225464 34.748123 13
-48.018867 -738.653137 26.177011 13
-50.150974 -743.378174 28.870243 13
-44.895798 -739.166626 21.406336 13
-45.949017 -740.742615 9.720375 13
-56.899673 -739.152527 43.364010 13
-55.118515 -737.552612 44.121483 13
-43.804649 -739.664429 7.230994 13
-48.823643 -738.132629 31.264822 13
-46.032818 -738.637085 13.795173 13
-43.406403 -738.699036 4.003716 13
-57.772114 -739.710815 44.606148 13
-54.129654 -736.103699 49.727776 13
-44.248848 -737.845642 32.437485 13
-47.457844 -740.763367 19.916790 13
-47.682995 -741.790833 33.149681 13
-48.424595 -739.799194 34.472088 13
-51.013241 -742.421753 30.033287 13
-43.723255 -739.896240 6.295701 13
-47.460426 -739.721985 30.786575 13
-48.168335 -742.532776 25.052364 13
-44.803230 -738.042908 13.441744 13
-46.554909 -742.594116 24.512762 13
-47.456909 -740.151306 32.420074 13
-48.384277 -740.938904 41.029217 13
-50.842621 -739.154358 32.004047 13
-45.830666 -737.621765 29.420551 13
-54.603512 -736.581482 46.728336 13
-44.100571 -738.862671 9.468938 13
-46.922337 -743.194153 28.750090 13
-55.193932 -740.172546 38.831635 13
-54.358994 -736.765198 45.733009 13
-47.275475 -741.691772 22.110769 13
-48.604324 -743.115479 26.744453 13
-55.728001 -741.365601 39.522636 13
-51.645542 -741.613403 45.005268 13
-43.493286 -740.096375 0.363712 13
-58.859276 -742.416870 45.318600 13
-53.410137 -736.345642 47.805473 13
-50.943943 -736.744568 43.812981 13
-44.909889 -738.101135 2.547027 13
-48.211296 -739.535217 19.230465 13
-46.268753 -738.266785 24.975567 13
-47.087025 -738.761047 21.421700 13
-47.057957 -739.732483 13.655423 13
-52.669937 -736.935730 44.253155 13
-49.388393 -743.006165 27.503279 13
-51.941074 -736.411560 46.015991 13
-56.268993 -739.607788 41.447201 13
-58.626110 -742.299133 44.487263 13
-47.957012 -739.319275 20.081848 13
-52.690796 -739.383118 36.077644 13
-44.670052 -740.656189 4.143177 13
-52.238731 -744.735962 50.646084 13
-54.526123 -743.297607 37.818787 13
-45.676483 -741.804199 22.194111 13
-47.710232 -742.393005 24.158813 13
-51.421795 -742.598755 43.680054 13
-58.537708 -738.516235 48.497807 13
-54.139153 -742.481445 36.708035 13
-46.819561 -737.344543 32.125401 13
-54.530792 -736.351257 48.950447 13
-48.883881 -739.625916 22.602049 13
-46.633945 -739.802795 26.637579 13
-47.989967 -741.575806 29.947599 13
-43.240677 -738.859253 3.309035 13
-43.967609 -739.268555 26.318989 13
-48.764473 -738.727539 28.342356 13
-44.810371 -740.771057 10.287858 13
-53.284214 -738.380249 39.109081 13
-44.278954 -740.720947 15.795142 13
-54.544876 -741.773926 37.216225 13
-48.048367 -738.028442 29.745169 13
-48.521652 -742.316406 42.643215 13
-56.214069 -737.007629 47.692764 13
-51.313496 -739.960938 32.327793 13
-46.782711 -740.996155 19.197922 13
-48.788868 -742.058289 34.561901 13
-48.193272 -742.115479 37.828156 13
-46.086128 -740.105286 8.285272 13
-48.815598 -742.360840 37.875057 13
-45.227341 -737.761841 32.029263 13
-47.776928 -742.004639 22.920235 13
-48.067646 -739.542236 31.561529 13
-50.534016 -741.212524 38.293797 13
-51.212681 -741.711731 41.659988 13
-54.488049 -736.469421 47.321217 13
-45.511993 -738.680786 15.377609 13
-54.168118 -743.990356 37.762550 13
-52.202316 -742.558777 32.510372 13
-47.618935 -741.060852 21.491707 13
-46.123631 -741.133484 18.770224 13
-45.971062 -738.619385 12.792556 13
-49.247906 -745.234192 32.620937 13
-46.940071 -738.617126 22.483723 13
-43.449093 -739.331177 5.525263 13
-47.841125 -743.485840 27.210358 13
-50.350784 -739.070923 31.472698 13
-44.770508 -739.075134 23.923290 13
-46.966946 -739.102112 15.344301 13
-48.512470 -737.549988 36.183708 13
-48.612633 -742.680481 25.222099 13
-59.421482 -741.683472 46.221302 13
-51.329613 -741.665833 45.503071 13
-50.804981 -742.577881 41.774582 13
-51.615005 -743.466797 46.155403 13
-44.895409 -740.618347 0.385447 13
-47.347885 -740.952881 32.728130 13
-55.854565 -737.895081 44.453415 13
-51.010437 -738.117188 37.381748 13
-56.429840 -738.518433 43.891495 13
-58.575134 -739.228943 46.858212 13
-48.382877 -742.189331 41.440445 13
-55.751457 -737.582458 45.008308 13
-45.090988 -739.028564 16.841789 13
-44.746521 -737.873230 8.347949 13
-48.560741 -744.451294 30.825476 13
-52.816250 -742.997314 34.035915 13
-43.874374 -739.235901 7.948819 13
-48.374939 -742.354858 35.230846 13
-48.931225 -739.532715 24.270998 13
-53.906372 -736.860107 45.286430 13
-51.340912 -744.053284 48.012814 13
-44.997513 -740.477966 21.791519 13
-50.634212 -738.041748 36.758156 13
-50.733681 -744.827393 32.730755 13
-47.181046 -737.973022 28.321255 13
-44.620289 -739.287537 15.733144 13
-46.404896 -737.553345 31.912895 13
-51.578629 -735.831848 47.884617 13
-46.593441 -737.476318 29.663031 13
-47.538200 -739.272888 18.156115 13
-49.969318 -736.834534 42.394489 13
-51.844391 -744.086914 47.970444 13
-46.209774 -736.886841 38.030762 13
-46.175617 -738.961548 11.085996 13
-45.515656 -741.174805 22.231138 13
-52.694126 -735.488281 49.319199 13
-46.849159 -737.992493 27.439964 13
-55.037769 -741.375610 37.963699 13
-55.410740 -737.116150 45.567917 13
-44.168575 -738.065125 3.721934 13
-46.822292 -740.761536 27.058451 13
-53.261147 -738.257812 39.594574 13
-46.459118 -738.964600 12.847395 13
-44.469704 -738.297302 11.120830 13
-55.329105 -738.951843 41.052101 13
-48.555485 -741.093567 43.866936 13
-57.472553 -739.959167 43.755280 13
-43.755474 -740.356140 3.929880 13
-44.693836 -739.814575 19.910238 13
-48.156975 -737.761963 31.927378 13
-50.152679 -739.175476 30.527819 13
-43.915791 -740.408936 1.703229 13
-59.133289 -740.762939 47.554718 13
-47.267796 -741.094971 30.320593 13
-48.765167 -740.389709 23.810844 13
-50.120934 -741.145386 44.381790 13
-44.527973 -739.327026 20.240622 13
-49.873077 -742.703735 39.661049 13
-51.253330 -736.452820 45.281738 13
-47.168049 -739.728882 28.250473 13
-53.032410 -741.948059 34.032310 13
-47.678005 -740.900269 36.448612 13
-53.695663 -743.508911 36.554260 13
-45.816761 -738.331909 23.343119 13
-46.795959 -737.096680 37.460083 13
-47.704605 -740.202576 33.895153 13
-46.436024 -740.651428 24.159349 13
-45.311020 -740.287964 0.141299 13
-47.443642 -739.983459 17.494705 13
-58.980045 -738.726074 49.373222 13
-51.432632 -744.450317 49.736885 13
-58.025944 -742.943176 43.440208 13
-51.842354 -744.065308 48.911301 13
-48.587353 -743.814087 28.385952 13
-44.233616 -740.221375 7.501679 13
-44.532902 -737.824402 5.812921 13
-47.965355 -741.247681 22.378366 13
-44.345585 -739.357971 25.482929 13
-46.762451 -740.326965 16.042974 13
-48.321220 -739.355408 22.044451 13
-48.301674 -741.735840 40.506138 13
-51.760845 -738.171875 37.947163 13
-49.377014 -743.356628 45.826717 13
-43.976566 -738.671204 6.710103 13
-45.303219 -740.648560 11.039143 13
-54.647694 -738.414917 41.464237 13
-47.528568 -740.755859 35.622864 13
-48.825504 -743.059753 46.573742 13
-46.585285 -739.956421 13.763135 13
-43.459980 -738.665527 6.150867 13
-50.735954 -737.226990 41.496010 13
-48.274036 -742.114746 36.100006 13
-48.375717 -739.888000 21.340904 13
-54.200573 -745.192261 38.474659 13
-43.658051 -740.281006 2.200938 13
-56.402683 -741.167175 40.952538 13
-45.199081 -740.626282 12.587620 13
-57.590382 -743.353394 42.318382 13
-44.627457 -740.557800 7.602150 13
-52.562813 -742.602539 48.241192 13
-45.018135 -740.442444 18.492214 13
-53.623672 -739.248718 37.954098 13
-47.359108 -742.832703 25.074917 13
-51.657402 -742.600647 44.675674 13
-57.256905 -737.309326 48.977509 13
-44.397694 -739.358643 13.837875 13
-52.068222 -740.195496 33.868347 13
-49.152874 -742.429260 26.256838 13
-54.098007 -743.417419 36.935734 13
-45.399338 -737.674683 32.812469 13
-49.428745 -741.299500 26.673126 13
-48.551151 -740.920349 23.678493 13
-51.012405 -742.755615 42.781910 13
-46.892273 -741.163696 24.840879 13
-49.344715 -737.274597 39.376991 13
-47.848518 -742.564270 24.676376 13
-45.484966 -740.664612 15.749428 13
-55.637592 -740.898010 39.192596 13
-44.856838 -739.383972 17.708347 13
-46.276649 -738.449890 23.640215 13
-51.080524 -741.934143 30.240435 13
-46.779221 -740.029846 29.117920 13
-45.965458 -742.031189 25.370335 13
-50.266567 -735.371094 46.273453 13
-51.342850 -743.928162 32.321369 13
-44.196812 -740.245056 4.317190 13
-44.981247 -737.921875 10.046779 13
-45.465683 -741.003235 21.381582 13
-47.887321 -737.350525 37.036362 13
-53.432972 -737.181702 43.643517 13
-58.704765 -741.190735 45.493279 13
-45.756104 -738.082825 25.763012 13
-48.758415 -739.488342 23.770624 13
-50.203140 -736.580017 43.829014 13
-59.238945 -740.173584 48.998123 13
-47.784988 -739.454163 16.813240 13
-45.331211 -740.471680 20.880379 13
-48.762711 -740.123291 23.408443 13
-53.389648 -739.508423 37.110104 13
-46.684509 -740.799500 17.400072 13
-46.229179 -741.441528 19.965563 13
-48.458111 -736.292847 43.236813 13
-52.308487 -739.900513 34.419048 13
-49.976017 -736.634705 43.110340 13
-43.179523 -739.399292 0.549599 13
-59.540722 -740.762573 48.198410 13
-51.992039 -738.166321 38.692879 13
-44.227299 -740.659241 2.618061 13
-52.022587 -735.376343 48.671467 13
-45.181259 -740.439453 19.899796 13
-45.945648 -740.073059 11.073353 13
-53.742973 -736.315491 48.155521 13
-48.495274 -742.319336 42.125801 13
-58.425838 -741.080566 44.750084 13
-48.137291 -737.573364 33.582928 13
-49.417809 -742.694275 39.977558 13
-48.637856 -741.880188 24.770901 13
-47.345760 -740.511597 18.829227 13
-44.753517 -740.656738 14.788889 13
-58.215405 -738.207275 48.235012 13
-50.568653 -735.788635 47.110256 13
-50.287365 -738.537354 33.686520 13
-50.303673 -743.215515 43.318916 13
-44.455715 -739.237671 23.344828 13
-44.351528 -740.119507 13.238961 13
-53.508053 -737.402100 42.789150 13
-51.796814 -739.358276 34.260399 13
-46.608982 -740.180969 14.982907 13
-46.003216 -740.000732 6.148422 13
-46.382328 -741.934204 21.581209 13
-43.814041 -738.515442 3.612759 13
-47.383911 -740.737732 33.305893 13
-49.001408 -739.062744 27.281931 13
-45.555359 -740.487793 13.501517 13
-45.821064 -740.183350 9.471349 13
-45.165348 -738.283081 26.379202 13
-53.950050 -742.625061 36.294422 13
-45.156929 -738.346375 3.614423 13
-48.577351 -744.289551 29.964220 13
-48.264290 -739.745117 33.174660 13
-49.564651 -745.215393 33.030991 13
-47.460011 -739.043152 19.843384 13
-43.545815 -739.020264 1.494453 13
-54.677441 -739.469116 39.040417 13
-50.469322 -743.997925 47.616390 13
-49.210560 -743.059937 45.193233 13
-53.710201 -744.090515 37.304573 13
-44.368073 -739.824890 13.919902 13
-53.165848 -744.058960 35.660465 13
-49.387527 -743.189575 43.742443 13
-55.168404 -738.064636 42.937428 13
-55.276772 -742.526367 38.892128 13
-51.128777 -739.018616 33.676392 13
-45.486435 -740.457458 8.942932 13
-53.463543 -736.587158 46.092712 13
-57.794250 -737.770386 49.308865 13
-45.655819 -738.583618 19.748863 13
-51.864323 -742.823486 45.615822 13
-44.066895 -739.175903 28.088221 13
-50.964573 -737.610779 39.307503 13
-48.904987 -736.123413 43.654549 13
-46.701382 -739.832886 27.309351 13
-44.384033 -738.409485 29.406317 13
-58.808571 -739.456482 47.595222 13
-56.126629 -737.500793 45.826469 13
-49.690678 -735.743347 45.730469 13
-49.269566 -742.585815 26.713711 13
-44.028866 -739.793579 10.499449 13
-51.379360 -741.868591 42.544781 13
-45.773830 -740.595337 14.680120 13
-49.723572 -742.671265 39.066162 13
-55.119350 -739.823730 39.162907 13
-44.880867 -740.204346 18.060812 13
-46.797050 -740.875366 26.228016 13
-50.776558 -741.433228 39.753410 13
-44.357437 -740.351318 8.489493 13
-52.255001 -740.933105 33.217960 13
-58.273411 -743.405518 42.918819 13
-44.341148 -738.672058 27.741028 13
-49.728512 -736.997559 41.483944 13
-57.544445 -739.595398 44.203358 13
-49.864075 -743.459656 44.966637 13
-48.532963 -741.918213 33.073463 13
-54.248783 -741.159363 36.474113 13
-47.378391 -737.427124 34.940208 13
-53.043659 -735.365295 49.692139 13
-52.217548 -743.344666 33.267647 13
-57.742397 -741.032288 43.364155 13
-53.614128 -736.446960 46.908825 13
-46.214592 -739.978760 12.166360 13
-43.751045 -738.728516 4.747868 13
-48.720577 -742.453369 43.257961 13
-46.730640 -739.022461 14.396956 13
-44.574127 -737.853638 31.398371 13
-45.426182 -738.820496 18.948265 13
-52.462261 -739.001953 36.385757 13
-47.668209 -740.791992 20.691847 13
-50.392208 -736.154297 45.177174 13
-50.491196 -743.535889 44.810955 13
-47.767971 -740.178162 19.394037 13
-47.416668 -741.619690 28.464140 13
-45.577221 -740.460022 10.658015 13
-46.886990 -742.878418 25.477905 13
-44.393532 -738.183411 8.630058 13
-46.669388 -737.405884 30.230906 13
-45.497120 -737.734924 31.585289 13
-47.505402 -739.904419 16.649652 13
-46.525608 -738.748291 18.662874 13
-45.214695 -738.846375 20.729803 13
-45.472477 -740.986267 19.283442 13
-56.747704 -737.380798 47.605972 13
-49.957409 -737.888977 36.900414 13
-53.468605 -744.083313 36.577145 13
-46.672962 -738.682434 20.067419 13
-45.380524 -740.364807 6.031732 13
-57.463402 -737.643066 48.100071 13
-48.935757 -742.556335 40.715767 13
-51.065182 -743.972168 31.919371 13
-52.261478 -737.617798 40.621742 13
-51.802910 -738.957153 35.114639 13
-59.654358 -739.636169 49.210506 13
-47.058002 -743.335083 27.236250 13
-48.450630 -739.016541 25.355635 13
-45.565392 -738.682068 1.865325 13
-45.463833 -738.327942 10.726023 13
-45.178856 -740.445984 1.104454 13
-53.320259 -738.041382 40.477779 13
-43.973213 -739.197571 9.125474 13
-49.166142 -740.785278 25.588335 13
-44.207489 -738.214233 4.471004 13
-49.680485 -740.627991 27.295385 13
-48.026878 -743.123718 25.465813 13
-47.309669 -740.962585 31.928640 13
-45.436165 -741.061707 11.862046 13
-44.724857 -740.653137 5.471702 13
-51.248337 -743.715820 46.340206 13
-56.112411 -741.856750 40.332653 13
-50.145115 -744.758179 32.703072 13
-56.532108 -736.450989 49.044621 13
-52.911549 -736.121704 48.611973 13
-57.909481 -738.201904 47.670704 13
-46.878876 -737.545349 31.143358 13
-49.706676 -743.548157 28.857227 13
-48.359791 -741.781433 44.524578 13
-57.646355 -739.455994 44.994637 13
-46.808247 -737.372681 35.158134 13
-52.255917 -742.149780 47.621021 13
-46.420368 -740.129272 24.866419 13
-46.983944 -742.628235 24.237221 13
-59.155704 -741.278015 47.481922 13
-48.254940 -742.254456 39.732594 13
-51.878544 -743.661865 47.712955 13
-50.750149 -742.431213 41.097534 13
-48.870770 -737.991028 32.174774 13
-44.433201 -740.387817 9.643782 13
-57.918213 -743.764221 42.529755 13
-44.869160 -738.804077 15.748256 13
-48.100815 -738.246582 28.619982 13
-47.509872 -738.849609 22.079851 13
-47.167042 -738.558838 23.988258 13
-44.717442 -739.710632 20.862484 13
-45.037094 -738.403870 14.247232 13
-49.291576 -736.396729 43.542789 13
-53.570293 -745.129333 37.919098 13
-51.254211 -738.893372 34.440559 13
-44.289856 -738.341309 29.872931 13
-49.553474 -738.704285 30.870434 13
-47.646927 -737.766052 30.393066 13
-44.271610 -740.326538 6.824849 13
-49.843506 -740.781860 43.376331 13
-52.359814 -736.107239 47.891422 13
-43.870594 -739.135803 26.971167 13
-47.144444 -739.145081 16.290394 13
-54.878178 -736.398560 48.589581 13
-49.940544 -744.957458 33.122906 13
-49.871979 -735.841492 45.227081 13
-52.881111 -736.190247 48.038933 13
-51.129391 -735.318665 47.432571 13
-48.137291 -744.124390 29.498461 13
-50.218246 -740.577820 29.065737 13
-44.293507 -740.282166 6.346482 13
-50.817047 -743.763672 46.134678 13
-50.582443 -743.089172 42.356884 13
-47.660603 -738.585388 25.625723 13
-44.131496 -739.195435 11.420379 13
-56.067116 -740.408813 40.495579 13
-44.396427 -738.939636 13.370649 13
-45.990757 -740.080933 10.198606 13
-45.596317 -740.449341 11.404469 13
-54.485504 -736.275269 49.500877 13
-45.520733 -736.870300 36.160252 13
-55.403084 -736.478088 49.487438 13
-50.069672 -739.963135 28.660086 13
-48.114761 -741.286987 39.162426 13
-52.406925 -744.762085 35.839195 13
-45.026886 -740.813354 11.798355 13
-46.063358 -738.517944 18.053585 13
-56.114117 -736.639282 49.165859 13
-46.242592 -737.629333 30.606647 13
-46.850941 -738.423462 24.593395 13
-44.362804 -738.104553 6.133974 13
-45.448322 -740.395935 6.985764 13
-55.994835 -741.175537 39.952354 13
-45.189606 -740.659119 17.138655 13
-51.590992 -736.937195 42.981289 13
-45.443058 -740.977295 10.120697 13
-45.933266 -741.845276 22.692772 13
-47.074806 -742.367554 23.399378 13
-50.771393 -739.586365 30.974745 13
-46.528515 -736.602844 39.726326 13
-47.102592 -740.246887 16.862745 13
-49.589024 -736.342407 43.912838 13
-51.059643 -735.704773 47.903690 13
-57.531155 -738.813660 45.767582 13
-48.088867 -740.617981 20.867926 13
-57.948730 -740.427551 44.303787 13
-47.709854 -738.065063 28.864540 13
-46.591301 -739.626587 12.297695 13
-46.147751 -738.714355 19.461824 13
-48.643246 -742.437988 25.629454 13
-47.352852 -741.296997 26.629923 13
-44.164177 -740.581360 3.445380 13
-58.411095 -742.922363 43.677055 13
-48.795639 -742.412598 38.490440 13
-51.206223 -737.162781 41.493416 13
-46.252907 -742.220459 26.927238 13
-44.819710 -740.768860 13.859605 13
-50.750347 -743.888672 31.206884 13
-46.320042 -738.684265 17.116484 13
-47.776791 -739.349548 19.114691 13
-47.082890 -740.887207 28.983923 13
-50.314007 -737.788879 37.621662 13
-48.195038 -737.251770 38.292442 13
-58.072105 -741.598267 44.030243 13
-44.875458 -740.219360 20.177345 13
-51.972412 -735.848877 48.929859 13
-59.312786 -741.848694 45.808956 13
-43.379177 -740.089355 1.285415 13
-54.742626 -745.157898 39.059311 13
-51.458569 -742.084167 44.944534 13
-54.240421 -741.977478 36.742710 13
-44.586864 -738.297852 14.454430 13
-52.956619 -744.495667 36.255913 13
-51.208286 -737.931519 38.224014 13
-45.840397 -737.778137 27.940186 13
-45.084984 -738.152832 6.302993 13
-54.029305 -739.509583 38.206459 13
-47.814743 -741.807617 22.468281 13
-46.387875 -737.057800 37.116592 13
-47.735725 -738.738342 24.455469 13
-51.447735 -736.205139 46.706879 13
-50.693832 -742.065002 40.240959 13
-49.858482 -742.794373 27.956234 13
-48.480648 -741.394653 29.735332 13
-47.652405 -738.756042 23.940784 13
-45.539757 -738.528320 20.242449 13
-45.478695 -740.192322 5.612780 13
-58.177299 -738.530884 47.006992 13
-46.642326 -736.976624 37.884083 13
-48.251396 -741.324219 40.164837 13
-54.001404 -737.572327 42.688309 13
-45.710445 -739.798950 2.443942 13
-51.045677 -741.502747 30.375763 13
-44.412533 -739.005859 14.472916 13
-49.065048 -739.570862 35.150631 13
-46.593201 -737.233032 36.446476 13
-45.305904 -740.421448 3.549343 13
-48.557697 -739.699707 34.908287 13
-47.493324 -739.053345 19.330837 13
-46.219891 -740.585999 15.143097 13
-50.376381 -742.966431 40.979866 13
-47.440170 -739.852051 15.450974 13
-44.832272 -737.306641 33.727909 13
-57.200474 -738.465698 45.483879 13
-43.900726 -738.096863 31.469326 13
-49.230637 -744.141418 29.698751 13
-50.317501 -745.005432 34.546768 13
-46.361046 -739.243958 8.988337 13
-49.692986 -743.850342 48.143036 13
-43.372059 -738.868958 0.688040 13
-47.493145 -738.785889 23.096588 13
-48.642494 -742.396973 44.627819 13
-49.682964 -735.364990 45.267666 13
-45.578636 -738.066589 26.259144 13
-45.390793 -740.798950 20.492893 13
-47.926636 -739.726257 32.235844 13
-44.564545 -738.039185 9.476650 13
-51.667690 -744.120605 33.211662 13
-52.694416 -737.403259 41.983334 13
-45.409420 -738.320007 23.949749 13
-48.343239 -740.390808 22.168718 13
-43.619644 -738.828125 1.914511 13
-56.938503 -736.743347 49.022163 13
-57.467457 -741.784973 42.897655 13
-56.504112 -742.192383 41.063614 13
-45.949753 -740.619507 7.608838 13
-49.509472 -737.586914 37.389915 13
-53.220608 -742.202759 34.455826 13
-45.640678 -741.173584 22.948111 13
-54.833355 -742.577942 37.913330 13
-51.759525 -740.279663 33.155579 13
-53.928558 -742.214050 35.881165 13
-53.374908 -736.671448 45.644463 13
-49.730888 -743.025146 42.400547 13
-45.875946 -738.382141 21.958158 13
-44.607449 -739.900940 22.792355 13
-47.109207 -737.461121 33.151390 13
-47.773422 -739.835632 18.455812 13
-45.816059 -739.769714 4.900638 13
-44.084396 -740.458313 5.549827 13
-50.833755 -742.063171 29.769354 13
-55.554901 -738.279480 43.122066 13
-45.287971 -740.749023 17.613716 13
-46.071903 -736.733826 38.503098 13
-49.355053 -740.792603 26.379908 13
-43.596092 -739.531921 5.079824 13
-44.702816 -741.127686 11.319301 13
-50.945259 -736.968872 42.353737 13
-47.653343 -740.695557 19.512074 13
-45.742405 -741.743896 21.704485 13
-44.998951 -739.141602 19.752148 13
-55.989868 -736.994934 47.314461 13
-45.981483 -737.775024 27.212940 13
-44.564053 -738.389099 12.879841 13
-44.263954 -738.528503 30.720974 13
-54.107098 -738.343750 40.655727 13
-45.692036 -739.783997 0.862152 13
-54.884724 -739.086243 40.213875 13
-55.358925 -741.682556 38.600067 13
-59.010853 -740.636536 46.905991 13
-43.756084 -740.154236 9.075360 13
-47.547085 -741.294373 21.886438 13
-44.340385 -740.347229 8.978230 13
-56.587498 -740.502991 41.263500 13
-57.719299 -738.688354 46.175854 13
-44.958885 -736.949036 34.908642 13
-59.067024 -742.431763 44.897610 13
-43.808418 -738.831055 28.255713 13
-46.049065 -738.963928 2.189838 13
-49.193192 -742.316406 36.147720 13
-50.788055 -738.391357 35.794262 13
-51.191059 -744.195496 48.420219 13
-53.823536 -740.652222 36.273891 13
-56.379105 -736.947327 48.421028 13
-47.511593 -743.992554 29.791849 13
-49.211109 -742.888794 42.517593 13
-48.344898 -741.388367 23.223629 13
-48.689247 -737.388733 37.591171 13
-52.912010 -736.582520 46.368866 13
-53.176044 -739.938538 36.274620 13
-50.591866 -744.329956 32.009735 13
-49.806755 -743.843994 47.529202 13
-45.286739 -740.587341 15.343014 13
-56.757637 -737.830017 46.376102 13
-49.669746 -741.961426 27.253775 13
-48.495018 -739.791809 21.852243 13
-49.325962 -738.909912 29.328051 13
-59.123268 -740.649048 48.420441 13
-48.391838 -741.771362 43.987434 13
-53.453957 -738.879639 38.405823 13
-47.920261 -738.750244 25.274437 13
-46.669678 -740.220581 26.043360 13
-49.047501 -743.870605 28.397268 13
-57.728817 -740.361816 43.888493 13
-51.128792 -741.228638 46.181530 13
-58.727032 -738.898193 48.303089 13
-57.608353 -741.474121 43.313553 13
-52.925972 -745.172180 37.359779 13
-45.558746 -737.960571 28.457010 13
-54.815506 -738.654419 40.996231 13
-44.629757 -740.640930 2.156525 13
-44.901390 -740.388245 16.200399 13
-44.813087 -738.553894 27.105629 13
-56.870514 -737.233093 48.382996 13
-50.288849 -744.292603 31.488842 13
-54.552696 -739.817261 38.377777 13
-50.293941 -741.955688 38.622402 13
-44.643311 -740.669922 12.617522 13
-44.682076 -740.630310 2.822054 13
-47.187969 -738.487732 24.873528 13
-52.704887 -740.515991 34.474686 13
-47.134003 -740.200134 29.913183 13
-48.986774 -742.934082 43.992050 13
-43.878029 -739.836853 8.455769 13
-46.847610 -740.373901 28.229258 13
-44.439495 -738.198975 10.017186 13
-50.129093 -741.420166 37.517624 13
-51.032204 -744.888733 34.106705 13
-45.248577 -736.931946 35.664139 13
-51.415642 -738.370850 36.529541 13
-52.403706 -744.444946 50.946026 13
-44.380951 -737.895142 5.364349 13
-48.541618 -740.556641 22.846323 13
-46.901493 -741.071167 19.649813 13
-48.718399 -739.774353 36.729473 13
-47.381516 -741.520630 25.617289 13
-46.924919 -736.588562 39.917713 13
-48.412525 -741.303772 41.816975 13
-56.378479 -738.772949 43.044098 13
-52.557785 -739.855957 35.062363 13
-51.122475 -739.171387 32.654453 13
-43.758587 -739.025085 5.862496 13
-48.527748 -742.501282 36.022148 13
-50.589211 -735.301880 46.683525 13
-45.145603 -740.744690 0.742846 13
-49.647438 -742.875122 41.234829 13
-50.406212 -743.413879 44.162952 13
-44.172714 -740.178955 8.118913 13
-44.281361 -739.905579 16.423134 13
-45.790627 -740.521179 6.375421 13
-51.433514 -744.230469 48.844158 13
-49.030293 -737.378601 38.052029 13
-48.318359 -738.034607 30.672979 13
-45.260395 -738.281982 1.532194 13
-44.474777 -739.879944 23.942516 13
-44.476536 -740.715271 13.510446 13
-44.360287 -738.711182 12.137403 13
-48.676807 -737.201843 39.332081 13
-44.279522 -740.793396 14.742754 13
-50.654243 -743.943604 49.279003 13
-52.531116 -743.595032 50.361633 13
-45.247284 -738.669678 22.333744 13
-49.326088 -742.202698 34.917171 13
-49.117287 -742.941406 44.532951 13
-47.668255 -736.402283 42.191212 13
-44.427345 -739.642151 15.551566 13
-50.844112 -743.430481 30.349413 13
-52.086941 -737.951050 39.579300 13
-56.172958 -738.541321 43.448105 13
-43.110107 -739.019348 1.499201 13
-50.198513 -741.361572 28.610546 13
-43.419312 -739.395447 3.695984 13
-48.206337 -738.629150 27.162348 13
-52.025291 -738.725952 36.087822 13
-43.538658 -739.906921 4.343763 13
-43.633694 -739.994263 4.798067 13
-48.735493 -741.946838 45.228302 13
-47.184582 -741.209229 28.315784 13
-47.466900 -737.123169 37.848831 13