-46.223614 -739.496765 9.334886 13
-53.149715 -744.144226 51.746578 13
-44.081207 -737.690552 31.931883 13
-53.857620 -745.494995 37.950199 13
-48.463966 -735.847351 43.656437 13
-47.920876 -740.989319 21.087477 13
-57.514160 -739.266235 44.589485 13
-45.503025 -740.148438 -0.331511 13
-50.363068 -743.548035 29.388760 13
-50.904808 -738.251465 36.213017 13
-53.353867 -735.360962 50.058292 13
-50.078922 -743.442505 44.548523 13
-44.368782 -738.724670 15.876505 13
-43.960754 -739.439453 25.805916 13
-59.724251 -739.010925 50.049625 13
-55.453213 -740.136597 39.299999 13
-45.796688 -736.550659 38.204018 13
-48.225323 -742.242981 39.245327 13
-43.268913 -738.826294 4.670372 13
-48.474422 -738.454102 28.807476 13
-47.707027 -741.783813 33.795605 13
-57.656086 -743.959229 42.186069 13
-52.924389 -742.405762 33.849384 13
-53.195721 -736.748108 45.242748 13
-47.364353 -743.011230 25.541508 13
-51.821815 -737.462341 40.754345 13
-52.326443 -741.883911 48.002682 13
-48.173908 -737.651245 32.971912 13
-56.553993 -737.129211 48.054916 13
-49.840176 -745.334106 33.399502 13
-48.075954 -738.867310 24.728098 13
-44.647980 -741.145935 12.657016 13
-44.585175 -739.356567 19.728415 13
-50.834412 -740.098206 31.469908 13
-47.775257 -739.553955 17.543922 13
-48.326939 -740.571960 42.755630 13
-43.693901 -737.196045 1.283473 13
-59.202015 -741.688660 46.891075 13
-54.908737 -738.125671 42.418385 13
-50.258507 -735.624207 46.780243 13
-46.899685 -743.651184 28.987984 13
-51.180305 -741.520081 40.943127 13
-48.459328 -736.907898 40.372360 13
-45.906326 -740.429626 3.067894 13
-49.359806 -743.678345 47.881462 13
-47.245674 -739.369934 14.156982 13
-44.821220 -737.799377 12.011853 13
-53.666931 -740.173706 36.413811 13
-49.877491 -741.554688 36.358463 13
-45.125916 -738.194031 28.691391 13
-45.164009 -737.491028 35.070740 13
-49.637543 -741.082642 27.125404 13
-45.581619 -741.117310 23.409920 13
-45.378857 -740.770081 6.409040 13
-47.128407 -740.784668 30.688078 13
-55.588757 -743.362183 39.731804 13
-56.853619 -740.881409 41.994423 13
-44.721909 -737.839600 7.215476 13
-52.085670 -744.900085 35.543137 13
-47.950764 -737.435852 36.276657 13
-46.714428 -740.243774 27.055937 13
-46.333820 -738.541382 22.123529 13
-49.207146 -739.538940 38.630257 13
-58.354862 -741.947144 44.170052 13
-43.404697 -740.164795 1.731609 13
-54.050781 -742.988220 36.643440 13
-52.001980 -739.763916 34.067234 13
-51.679127 -744.262024 49.340000 13
-51.209576 -741.064453 45.526901 13
-48.293617 -744.397400 31.274754 13
-45.449539 -741.042725 17.294741 13
-58.440399 -739.022400 47.296120 13
-51.143291 -736.842957 43.354103 13
-53.154709 -738.601685 38.622368 13
-51.499638 -743.666626 31.916449 13
-48.956211 -739.589539 34.702675 13
-46.702232 -737.377808 30.700619 13
-43.672955 -738.746826 9.785020 13
-55.821007 -737.383972 45.465782 13
-53.971092 -736.444275 47.752316 13
-49.294029 -742.986694 42.082336 13
-48.278004 -741.322937 23.657824 13
-46.047775 -737.890259 26.144503 13
-51.593193 -743.913696 46.648476 13
-45.779247 -741.658142 20.068611 13
-46.522663 -739.720581 11.829589 13
-46.983410 -738.837280 19.739103 13
-48.482086 -741.682983 44.996738 13
-51.555256 -741.991272 43.299366 13
-50.860687 -737.734924 38.566502 13
-47.727463 -740.605103 36.905758 13
-45.001724 -738.208923 3.036817 13
-44.307804 -740.772522 8.705529 13
-48.827171 -743.315125 27.358873 13
-45.245667 -740.682556 14.905294 13
-50.446720 -740.977417 29.342783 13
-50.418900 -741.514526 38.677715 13
-47.886749 -741.553528 28.557938 13
-55.452141 -736.203369 49.844841 13
-51.873848 -735.730347 48.381413 13
-45.126564 -738.656372 24.031609 13
-45.618935 -738.778564 17.822910 13
-49.307198 -738.455688 31.213461 13
-47.808090 -739.854858 32.680382 13
-48.358875 -740.308105 40.538502 13
-48.435795 -739.391296 22.612152 13
-44.062595 -738.987000 13.718800 13
-50.209126 -738.582886 33.221405 13
-48.755161 -741.864868 31.893627 13
-45.934853 -737.491272 33.054543 13
-44.656651 -740.031799 21.786522 13
-58.244194 -737.565063 49.417164 13
-54.335220 -738.634277 40.410126 13
-55.105610 -741.956787 38.181541 13
-48.675095 -737.337219 38.283096 13
-48.865292 -739.046936 26.803444 13
-46.017033 -739.365112 4.907416 13
-46.277424 -742.523010 27.292227 13
-43.614529 -739.567871 6.686094 13
-44.321724 -740.734009 4.574081 13
-45.192657 -740.913940 10.640960 13
-59.491241 -740.577942 48.662712 13
-45.844307 -741.560852 25.451212 13
-53.153484 -737.256653 43.109756 13
-50.040131 -740.656494 43.850311 13
-49.513309 -736.831848 42.158623 13
-51.932903 -741.676514 32.072208 13
-46.282291 -739.125305 7.336666 13
-49.212479 -740.393616 25.296741 13
-46.623013 -738.784424 16.106932 13
-47.147675 -741.016174 18.727087 13
-50.039555 -736.106995 44.868298 13
-43.739403 -738.365356 30.090773 13
-46.824699 -742.140137 22.250248 13
-46.570709 -736.372375 40.126194 13
-49.870903 -742.814331 40.179398 13
-56.611294 -739.097656 42.797852 13
-52.026627 -744.219971 33.697884 13
-44.040371 -739.554321 11.708167 13
-47.408871 -736.222046 41.867222 13
-56.620529 -742.624023 41.200294 13
-46.419247 -739.745178 25.118402 13
-48.189461 -742.066711 35.608936 13
-46.872208 -737.882935 27.937714 13
-55.947811 -739.463501 41.060581 13
-48.683460 -742.572083 37.433006 13
-47.126606 -737.415833 34.532341 13
-47.160622 -739.824036 28.868757 13
-58.540848 -740.312073 45.766331 13
-49.007362 -737.710754 34.667370 13
-53.193008 -743.171448 49.628323 13
-43.797070 -739.007202 27.627811 13
-51.747456 -742.800903 45.144615 13
-49.041561 -743.140259 46.123852 13
-51.975594 -736.353271 46.576412 13
-55.131741 -745.125977 39.329254 13
-43.001453 -738.964294 0.399737 13
-44.807171 -738.049500 5.368161 13
-54.538742 -743.735413 38.258369 13
-49.918308 -739.573303 28.208048 13
-45.112434 -740.742188 1.461587 13
-48.638084 -744.152527 29.502495 13
-52.503445 -738.854004 36.838173 13
-45.848591 -738.538025 13.310824 13
-48.932087 -742.118103 25.788404 13
-51.232765 -742.406494 30.507153 13
-53.665524 -741.704468 35.439358 13
-46.151741 -737.199036 36.556133 13
-54.665070 -737.289917 44.091385 13
-57.107975 -738.048706 46.545876 13
-50.147209 -744.419128 30.955769 13
-45.302834 -738.204346 10.286319 13
-47.468220 -740.524841 35.056831 13
-56.454159 -744.493958 40.800236 13
-46.611675 -742.439819 24.020918 13
-49.117546 -739.528870 36.736107 13
-50.176548 -737.225098 40.230621 13
-50.208752 -739.351440 30.010986 13
-43.256996 -738.786255 2.818306 13
-54.341476 -739.799011 37.995838 13
-47.269402 -740.348083 15.599867 13
-45.762798 -739.131470 1.772062 13
-53.112225 -743.514893 35.310749 13
-56.001362 -741.656616 39.911709 13
-48.443027 -742.009155 40.933243 13
-49.905064 -740.495300 42.059162 13
-57.501450 -742.331482 42.717743 13
-50.064056 -742.380676 28.162411 13
-48.489563 -741.666565 30.165283 13
-44.139622 -740.331482 16.312332 13
-57.611145 -740.548218 43.498646 13
-53.310406 -737.742493 41.495583 13
-47.978111 -740.691284 38.568840 13
-53.223858 -744.468384 36.673046 13
-45.963203 -740.622192 8.122643 13
-43.857098 -740.403137 0.171292 13
-48.904087 -742.637146 43.666992 13
-46.031815 -740.274109 13.475755 13
-46.764957 -738.479736 23.767561 13
-49.503345 -741.929382 34.627556 13
-44.511562 -740.156860 24.391098 13
-47.421310 -741.440613 26.061871 13
-49.505562 -737.650635 36.872864 13
-48.397671 -739.557434 20.174540 13
-50.612568 -745.209106 34.848381 13
-45.246777 -740.643005 18.887619 13
-54.551826 -736.681091 46.216686 13
-51.579758 -736.644653 44.941067 13
-56.091473 -738.196472 44.054012 13
-44.368397 -737.491333 33.536438 13
-43.573429 -738.809265 8.123005 13
-44.675484 -737.868103 8.838102 13
-45.163292 -737.809570 30.597677 13
-47.553707 -738.406799 26.190390 13
-50.670856 -743.234558 42.864281 13
-45.562550 -741.342773 21.753626 13
-52.200527 -743.493164 48.056602 13
-48.119884 -737.975830 30.290424 13
-45.655518 -738.662231 20.666573 13
-44.314812 -740.407776 3.023654 13
-45.556538 -738.595093 14.849528 13
-47.221565 -737.007935 38.859379 13
-52.071049 -742.007019 46.460754 13
-54.488052 -741.443970 36.792648 13
-50.875923 -738.637817 34.711338 13
-58.827469 -738.850098 48.773003 13
-47.552082 -738.931641 21.294527 13
-52.582520 -739.585999 35.511211 13
-59.243370 -742.058472 45.392857 13
-43.898945 -740.211975 10.311139 13
-50.791306 -744.119385 48.070415 13
-51.916241 -744.367432 50.830650 13
-52.904247 -740.937988 34.335777 13
-58.322197 -743.333557 43.469967 13
-47.454597 -741.241089 32.268280 13
-47.794113 -739.539856 31.122608 13
-48.937332 -739.932434 23.888340 13
-44.795574 -738.541321 26.640614 13
-55.305862 -736.431458 48.367313 13
-51.599613 -740.333984 32.702351 13
-46.684971 -740.992065 24.395130 13
-44.971771 -737.979370 1.306819 13
-47.333179 -743.504333 27.581676 13
-57.830070 -737.940063 48.044411 13
-50.992958 -737.085205 41.895981 13
-46.133541 -739.785889 23.682560 13
-53.026520 -738.042908 40.118484 13
-46.761227 -740.530396 16.979441 13
-54.105358 -736.280151 49.230785 13
-50.350189 -743.722656 45.939857 13
-45.046921 -740.509644 20.484062 13
-46.333824 -737.712891 29.297815 13
-48.804951 -744.806885 32.564564 13
-44.685032 -739.854309 17.749756 13
-55.791115 -737.006592 46.839901 13
-50.418312 -744.548706 32.359737 13
-49.511513 -742.608826 38.625290 13
-48.316822 -742.479858 24.471138 13
-59.019341 -740.336731 47.284077 13
-49.726166 -736.564697 43.531563 13
-47.780739 -737.638550 31.609766 13
-50.513004 -742.787781 41.409927 13
-57.899570 -739.031494 45.966637 13
-45.734665 -738.560669 19.221069 13
-44.548443 -739.166809 22.859955 13
-48.502586 -741.886597 42.333248 13
-47.931786 -739.838928 18.909891 13
-44.286152 -740.641846 7.249942 13
-44.424644 -740.354980 13.773015 13
-47.278194 -737.222351 37.439972 13
-47.023918 -741.088684 20.084982 13
-48.392464 -740.765747 22.433493 13
-52.064240 -737.994751 39.154118 13
-52.158504 -743.035889 32.912384 13
-43.704918 -738.539246 1.493856 13
-46.927910 -738.838318 18.374355 13
-56.865307 -738.270874 45.227032 13
-45.858612 -738.539917 11.589459 13
-51.501648 -738.194885 37.489979 13
-56.279922 -737.196960 49.366123 13
-47.456459 -744.045288 30.303581 13
-54.341637 -739.147034 39.177406 13
-48.980370 -742.042114 33.396900 13
-43.679649 -739.905884 5.390865 13
-45.632534 -737.912109 27.487247 13
-47.238739 -740.515015 33.757980 13
-46.797836 -738.297974 25.099228 13
-49.343296 -743.579895 28.547052 13
-46.049519 -739.851135 10.608064 13
-56.350258 -740.685425 40.773106 13
-45.949451 -737.673340 31.733780 13
-46.031975 -740.343506 22.451397 13
-50.324074 -738.916321 31.958035 13
-45.430134 -740.545288 9.413327 13
-45.859016 -740.700500 16.046225 13
-44.345909 -737.898438 4.150569 13
-44.268616 -739.745911 15.088611 13
-45.498817 -740.515137 11.899402 13
-52.276951 -737.266724 42.076447 13
-47.363667 -741.333008 27.336411 13
-53.318787 -736.494812 46.537121 13
-44.897472 -738.628052 25.296721 13
-49.935871 -742.050415 37.537029 13
-47.982933 -738.437927 27.483490 13
-43.541237 -739.889648 3.904371 13
-50.962021 -741.067932 30.517607 13
-44.133278 -738.957397 29.024801 13
-49.695740 -737.333130 39.032139 13
-50.647316 -742.298279 29.377884 13
-49.161407 -738.648621 29.909435 13
-48.358467 -741.481934 43.631042 13
-48.282597 -740.017273 35.890991 13
-45.873505 -739.511169 6.171335 13
-52.907158 -745.629089 37.088627 13
-58.166855 -740.677673 44.619831 13
-46.550762 -741.865051 21.038897 13
-48.873108 -742.927856 44.899551 13
-51.220749 -743.025024 44.024498 13
-45.912415 -740.469116 4.336220 13
-49.788982 -737.974121 35.686001 13
-47.176739 -741.021301 29.444580 13
-52.284203 -736.916382 43.912067 13
-52.702301 -736.262817 47.593590 13
-48.671333 -739.505432 21.401773 13
-47.956665 -741.578796 37.637772 13
-45.841686 -738.667664 8.423821 13
-52.916222 -735.926086 49.028957 13
-46.066338 -739.316650 3.680122 13
-49.196987 -738.161804 32.508060 13
-44.047474 -738.498718 6.240623 13
-50.857330 -736.188354 45.859386 13
-44.296658 -738.682312 10.856868 13
-46.193939 -742.703735 25.808432 13
-49.490589 -742.313293 27.047018 13
-51.211754 -741.931946 42.125237 13
-51.338696 -739.119751 33.254402 13
-44.892345 -738.070740 13.948580 13
-52.475899 -741.359253 33.265015 13
-50.943676 -744.768066 33.672470 13
-48.407951 -736.386230 42.537750 13
-50.601452 -741.879822 39.833572 13
-48.879307 -739.241516 25.587078 13
-44.843002 -741.111938 0.297528 13
-47.081326 -737.298889 32.557121 13
-45.166771 -738.780823 21.866705 13
-45.474712 -738.834351 16.477694 13
-46.439110 -740.563477 14.730445 13
-48.675381 -741.363525 24.807756 13
-47.785080 -741.722168 31.146975 13
-49.534088 -740.011597 26.441082 13
-43.975082 -739.665344 9.038282 13
-55.134861 -740.742798 38.144066 13
-48.093063 -743.856628 28.458569 13
-51.002846 -743.569824 30.741415 13
-48.410275 -740.943237 41.550568 13
-51.488701 -741.643372 44.502682 13
-46.708954 -739.342896 13.050470 13
-48.724087 -739.615662 33.405396 13
-45.943295 -739.458984 0.625485 13
-55.024704 -738.702026 41.382919 13
-48.000778 -743.292908 26.489590 13
-47.419216 -738.766663 22.661606 13
-50.249283 -744.071228 49.127033 13
-45.356842 -738.494080 4.328919 13
-53.346310 -739.300842 37.560917 13
-47.534641 -739.488342 16.388676 13
-51.760410 -738.733582 35.556946 13
-44.352871 -740.812561 11.460507 13
-47.539482 -737.893494 29.260532 13
-51.252934 -735.857727 47.382687 13
-46.335800 -737.324280 35.406361 13
-50.352112 -741.398010 44.794403 13
-57.350025 -736.802612 49.160957 13
-52.814148 -743.622437 50.699532 13
-50.010685 -741.136536 28.235413 13
-44.773220 -740.313843 22.945789 13
-44.393936 -738.724792 12.567961 13
-53.300552 -740.582214 35.379391 13
-48.545055 -740.011414 37.795124 13
-52.925968 -742.729309 48.585182 13
-49.073185 -739.638733 39.891457 13
-47.066002 -740.194092 31.750530 13
-48.913067 -735.761902 44.729328 13
-55.220745 -739.377502 40.139729 13
-45.067291 -736.932617 36.082130 13
-44.592751 -739.252563 20.921970 13
-45.259167 -740.448608 5.307769 13
-47.501419 -742.137268 23.345627 13
-46.614594 -740.640198 25.857225 13
-45.416859 -738.469971 6.329197 13
-51.159805 -737.562378 39.728741 13
-46.780720 -738.815491 17.239273 13
-49.887482 -735.305176 45.666718 13
-46.027416 -737.442139 34.244751 13
-48.197594 -741.124695 39.732555 13
-46.988850 -740.807678 28.313225 13
-46.124172 -741.065186 18.263659 13
-49.893906 -737.603943 37.943367 13
-53.470661 -737.041504 44.162769 13
-49.406212 -736.972168 41.046368 13
-53.989647 -744.455566 37.539696 13
-52.180328 -743.013977 47.015434 13
-46.645973 -738.880920 14.974561 13
-54.398876 -736.934143 45.132206 13
-52.581242 -744.300293 34.683548 13
-49.290913 -742.252808 35.674274 13
-50.208519 -743.908447 47.133263 13
-44.285099 -739.928772 12.756158 13
-44.356541 -740.690063 5.923622 13
-48.993645 -738.933777 27.936773 13
-54.485485 -742.749023 37.654739 13
-45.369579 -738.374023 22.986950 13
-55.229477 -742.991882 38.735020 13
-48.235966 -737.101624 39.284122 13
-49.263287 -738.007019 33.620461 13
-44.961052 -739.204224 18.623049 13
-56.969578 -743.665222 41.364117 13
-48.414722 -736.674988 41.473179 13
-51.730366 -742.600037 31.527184 13
-47.419109 -736.646423 40.837009 13
-48.035748 -737.512573 35.171276 13
-45.794521 -741.708557 24.312574 13
-46.904358 -743.109741 26.603142 13
-54.332424 -744.751099 38.632710 13
-43.864319 -739.886108 7.963206 13
-55.446369 -741.323914 39.026310 13
-49.698498 -744.224976 29.947977 13
-55.632915 -744.412659 40.048771 13
-59.314861 -739.841858 49.465309 13
-54.245872 -737.476318 43.090897 13
-55.781170 -738.773254 42.181866 13
-46.104900 -742.040649 23.122047 13
-47.284664 -739.820740 30.211809 13
-56.639923 -739.788391 41.975075 13
-47.927502 -738.930969 23.605028 13
-44.342621 -737.976746 2.208418 13
-48.318310 -742.254883 34.550819 13
-45.748219 -740.088257 7.172934 13
-47.760693 -741.692993 21.957411 13
-44.898857 -737.758362 32.632683 13
-47.662094 -741.147400 35.927128 13
-55.269596 -737.954102 43.412888 13
-49.224644 -742.731445 41.041187 13
-48.112431 -737.531616 34.095650 13
-51.303398 -741.249756 46.612183 13
-49.365520 -744.637390 31.661545 13
-50.306812 -741.081421 37.298622 13
-51.564648 -744.778259 34.525898 13
-47.772537 -740.375366 19.838781 13
-44.572140 -739.341675 16.732658 13
-57.207893 -739.540771 43.596977 13
-44.375031 -738.607483 14.722997 13
-48.189056 -741.980896 36.684395 13
-54.978065 -744.064392 39.178131 13
-59.128685 -739.683289 48.139568 13
-45.777245 -738.121033 24.858284 13
-48.040356 -739.931091 34.163998 13
-49.786472 -743.175110 43.472458 13
-48.360687 -737.358948 37.253056 13
-54.982830 -736.554565 47.362850 13
-45.015732 -740.704590 3.780612 13
-59.064278 -738.284241 49.624207 13
-48.795364 -742.569946 40.063133 13
-44.266830 -738.381897 31.149437 13
-46.782135 -738.052124 26.883665 13
-54.339035 -740.462769 37.190948 13
-43.444210 -739.803772 2.740581 13
-48.106262 -742.011658 32.831738 13
-56.150818 -743.476624 40.610271 13
-52.483646 -743.380920 34.194160 13
-44.746128 -738.418640 27.700077 13
-46.265736 -736.640930 39.156750 13
-59.503769 -741.139526 47.778137 13
-45.453121 -736.741211 37.241886 13
-49.939800 -738.173706 34.587429 13
-51.343464 -744.200745 32.792088 13
-58.745796 -742.718079 44.760620 13
-49.651581 -739.149902 29.132397 13
-44.118752 -740.730103 1.169885 13
-50.998501 -743.548279 45.028843 13
-44.697929 -738.166382 29.747753 13
-52.044582 -745.217957 36.500000 13
-58.870583 -741.292786 45.987358 13
-53.310795 -742.492065 34.797436 13
-50.231396 -739.986328 29.109854 13
-45.502365 -740.099792 2.152425 13
-51.376774 -740.949890 31.492277 13
-50.652119 -736.595764 44.212681 13
-46.888668 -737.461670 33.542965 13
-50.513218 -737.974976 37.238129 13
-51.183876 -739.411743 32.282745 13
-50.475468 -739.224976 31.001724 13
-49.373898 -742.362671 36.705807 13
-56.974354 -741.959290 41.950703 13
-42.929169 -738.006653 1.125285 13
-52.290749 -738.398193 38.084969 13
-44.523670 -740.832520 9.767702 13
-47.704399 -741.478699 34.839203 13
-57.388382 -741.340576 42.890705 13
-47.520260 -740.489746 17.835417 13
-49.285915 -741.228638 26.193766 13
-56.491077 -741.620361 41.126598 13
-44.006721 -738.228271 3.262787 13
-51.396568 -745.607849 35.332375 13
-49.239685 -743.042542 47.111893 13
-52.595451 -744.209412 49.927422 13
-44.297562 -740.774170 15.205016 13
-54.285896 -737.998962 41.574055 13
-46.663670 -742.961609 28.298147 13
-52.492645 -743.617615 49.085136 13
-43.316914 -738.877136 5.711591 13
-46.315361 -741.207275 19.227726 13
-46.071594 -739.614746 8.214707 13
-47.119133 -739.618652 27.719074 13
-51.801872 -741.853027 45.435802 13
-45.036427 -738.069336 12.975513 13
-58.498726 -739.622070 46.492928 13
-44.060760 -738.565552 7.293351 13
-48.553017 -740.168945 39.222893 13
-57.113430 -740.150269 42.749901 13
-47.424160 -736.764282 39.847050 13
-50.320908 -736.795288 42.755596 13
-53.705498 -736.311279 50.114777 13
-46.634003 -738.685425 21.043816 13
-48.878742 -737.638367 35.832363 13
-48.739887 -742.249084 45.730843 13
-44.532249 -737.769348 9.900432 13
-55.563358 -742.392090 39.445179 13
-53.657139 -738.515686 39.471359 13
-45.972008 -737.787537 28.391211 13
-49.119232 -744.434387 30.735662 13
-43.308525 -739.859802 0.833737 13
-53.728100 -742.825989 35.750912 13
-48.473843 -742.145081 38.269859 13
-49.834743 -741.418640 35.400890 13
-55.485996 -737.579773 44.587643 13
-49.583744 -743.479980 45.371880 13
-45.317329 -740.277222 0.635857 13
-52.317509 -736.540466 45.689537 13
-45.010227 -737.848999 31.577419 13
-52.034142 -737.075928 43.000313 13
-57.094421 -737.699524 47.443085 13
-50.489735 -740.282776 29.999926 13
-58.579216 -741.436829 45.074100 13
-44.205616 -739.419983 26.737032 13
-44.116928 -738.650696 8.921720 13
-49.241440 -737.148743 39.864712 13
-57.311749 -737.788757 49.304409 13
-51.863525 -743.046326 46.095432 13
-45.044838 -740.411438 16.649391 13
-45.023724 -740.669495 7.871248 13
-57.267769 -743.000122 42.081558 13
-46.311520 -737.046814 37.575214 13
-44.193096 -739.348633 24.875574 13
-55.899277 -740.093689 40.169289 13
-56.061798 -742.570374 40.340858 13
-53.908207 -741.057495 36.130592 13
-48.858410 -742.759399 26.478401 13
-44.451172 -739.435486 23.784279 13
-56.349960 -737.544678 46.272472 13
-50.805069 -737.262634 40.973957 13
-44.564728 -737.772949 11.011756 13
-46.226677 -742.359192 24.914984 13
-50.181046 -742.767151 39.284931 13
-46.712494 -739.272949 10.973973 13
-46.989025 -740.219299 13.840216 13
-52.966892 -744.487061 35.764400 13
-57.823643 -738.281250 47.160686 13
-49.750877 -740.055359 27.363668 13
-45.323452 -740.809509 13.773449 13
-58.084270 -739.772217 45.144180 13
-49.777504 -743.201477 27.776007 13
-48.270374 -742.775879 25.671091 13
-51.856884 -739.041077 34.661530 13
-52.138908 -740.491455 33.453495 13
-56.833401 -738.752441 44.106060 13
-46.460899 -738.810364 14.059515 13
-53.663288 -737.575867 42.358128 13
-47.705975 -738.164978 28.359392 13
-44.208252 -740.484375 2.080086 13
-51.039345 -744.374084 50.014912 13
-55.953911 -738.473145 43.062759 13
-46.556232 -739.750671 26.135273 13
-52.544559 -740.168518 34.748020 13
-49.088463 -739.569458 24.743109 13
-47.032234 -737.272461 36.241646 13
-44.059227 -738.383667 4.911557 13
-47.729790 -743.976257 29.332949 13
-49.064388 -739.533813 35.737411 13
-54.549152 -735.953186 49.985764 13
-53.561516 -743.674377 36.116909 13
-48.622269 -737.980164 31.764826 13
-47.341469 -739.441040 15.200998 13
-44.731682 -737.839111 6.263700 13
-43.633137 -738.975891 3.636825 13
-47.397011 -742.634338 24.468857 13
-45.091072 -737.423950 34.153240 13
-46.192253 -738.839600 12.390697 13
-47.686016 -741.777527 29.601038 13
-54.124054 -742.162170 36.277496 13
-51.571022 -743.968079 47.559013 13
-53.023766 -739.521240 36.450302 13
-45.425468 -738.338501 9.157743 13
-46.882137 -737.527527 31.641232 13
-45.535812 -741.212097 20.822384 13
-50.631580 -742.368530 40.603947 13
-50.706139 -744.089478 31.620281 13
-45.908329 -738.193848 23.928463 13
-52.391979 -742.153625 32.825676 13
-45.150379 -738.154297 8.111540 13
-46.206791 -740.188538 12.574504 13
-49.565678 -740.767517 42.833305 13
-50.765926 -742.970581 29.969223 13
-47.160278 -741.399170 25.198383 13
-45.604336 -737.882690 29.798487 13
-46.022243 -742.143372 26.515814 13
-48.770706 -741.280640 29.388243 13
-47.889038 -741.400085 22.846186 13
-44.853241 -740.216858 19.613516 13
-48.299351 -744.350403 30.358923 13
-51.760174 -741.823914 47.295174 13
-57.893497 -743.234070 42.676311 13
-51.648796 -744.104065 48.458088 13
-51.539490 -741.773254 31.181334 13
-48.188957 -740.154419 20.863079 13
-44.971848 -740.511475 15.749764 13
-58.846535 -739.252563 49.950989 13
-48.667732 -740.594604 23.327749 13
-57.832901 -741.401184 43.680832 13
-45.270950 -740.548157 21.385633 13
-53.725811 -738.077454 40.715744 13
-54.804405 -739.833374 38.758331 13
-58.540104 -738.465027 47.991623 13
-45.146671 -740.592041 18.001751 13
-54.310089 -743.619507 37.406498 13
-58.108917 -742.430786 43.457058 13
-53.252949 -736.284119 48.289429 13
-53.809544 -739.158813 38.414139 13
-45.663795 -741.470032 22.607033 13
-48.421047 -740.041748 36.912041 13
-48.862053 -742.658875 42.784554 13
-56.120945 -736.653503 48.638897 13
-47.777130 -739.277100 19.576275 13
-57.775795 -739.994446 44.165234 13
-47.581989 -739.063721 20.422173 13
-46.164143 -740.260193 9.810591 13
-52.668316 -737.723755 40.848511 13
-45.637432 -740.919434 12.665052 13
-47.766960 -737.163452 38.166023 13
-51.788746 -738.561646 36.419231 13
-45.369534 -740.917786 19.777845 13
-43.516499 -739.310059 1.879471 13
-49.679779 -744.961243 32.617138 13
-46.993702 -737.657471 29.889006 13
-48.300491 -741.204041 40.592506 13
-57.254353 -737.426575 48.497940 13
-45.856861 -739.554443 2.861750 13
-51.220604 -743.616577 45.891232 13
-46.923260 -741.042908 26.661900 13
-49.680466 -743.608643 46.497028 13
-45.921375 -738.446350 15.617187 13
-52.465263 -736.752258 44.782219 13
-58.281796 -738.134521 48.757877 13
-52.115532 -737.757568 39.996128 13
-44.047699 -739.333557 10.304303 13
-44.406109 -738.499390 11.730562 13
-46.322369 -740.668152 23.488327 13
-48.140255 -738.773132 25.675367 13
-55.772690 -736.725342 47.663616 13
-48.646057 -741.779297 31.014977 13
-50.036842 -745.065857 34.202602 13
-48.058968 -741.552795 38.757355 13
-48.711090 -740.747681 24.214222 13
-50.288219 -742.883850 28.835854 13
-52.768238 -744.486450 50.700817 13
-55.347782 -736.964478 46.076584 13
-47.208992 -737.374512 35.417721 13
-47.539982 -741.267639 33.112125 13
-49.347092 -743.155396 44.205280 13
-48.751713 -742.399109 41.690975 13
-48.283237 -739.501892 32.071682 13
-55.799324 -740.865173 39.655094 13
-47.278999 -738.554199 24.429918 13
-48.280518 -740.244080 21.699875 13
-52.452152 -743.237244 50.026684 13
-48.533527 -742.110840 44.240433 13
-52.464378 -742.726318 47.774448 13
-50.182831 -737.036316 41.618904 13
-44.308964 -738.339355 8.137065 13
-46.571709 -739.118652 10.002172 13
-50.149738 -743.085999 42.192085 13
-48.212620 -739.973145 35.053177 13
-44.947372 -740.665588 2.462924 13
-52.181084 -735.509338 49.173119 13
-54.471336 -736.317932 48.411350 13
-46.052685 -742.052979 21.940910 13
-44.554569 -740.912231 14.411521 13
-56.179424 -736.265503 49.424919 13
-53.360020 -744.994507 37.469734 13
-46.206146 -738.570740 23.136013 13
-45.306004 -738.211609 25.926497 13
-49.153900 -736.239563 44.040642 13
-53.216087 -741.710571 34.433922 13
-45.680931 -739.862671 1.301346 13
-45.293884 -738.830994 19.928904 13
-48.525455 -739.212708 24.099049 13
-54.992329 -736.318909 49.164616 13
-54.134426 -736.482178 46.905174 13
-50.759510 -738.690491 33.878212 13
-47.242954 -740.507751 32.923073 13
-46.388474 -740.151428 24.384222 13
-49.374596 -742.677490 39.470760 13
-54.734108 -741.477051 37.578777 13
-58.882469 -740.626343 46.466576 13
-45.832340 -740.563293 11.023897 13
-47.247898 -741.385132 21.347723 13
-46.156437 -738.707458 20.012434 13
-56.157566 -737.945129 44.908871 13
-48.933193 -736.384644 43.238667 13
-50.162991 -737.962280 36.462528 13
-50.948780 -742.713806 42.254570 13
-50.854141 -741.644531 29.922848 13
-48.305664 -741.898621 40.032330 13
-49.839561 -741.708984 27.649429 13
-44.790520 -739.992798 18.554491 13
-52.854179 -738.186157 39.310440 13
-50.513351 -738.279419 35.438702 13
-47.607616 -741.457520 30.356037 13
-44.362366 -739.515198 14.299603 13
-50.472015 -737.541870 39.275043 13
-49.970211 -743.566528 48.524590 13
-46.217773 -738.464111 16.748638 13
-49.144844 -737.426758 37.618244 13
-45.834717 -740.154114 8.787016 13
-45.078220 -738.454651 15.514015 13
-53.822231 -736.679138 45.779705 13
-44.233818 -740.351501 3.833267 13
-46.573166 -736.845093 38.382401 13
-51.622871 -738.029663 38.393589 13
-45.905495 -737.683350 30.909298 13
-47.322502 -741.130676 31.479866 13
-47.541710 -737.654358 30.828749 13
-48.031380 -740.730957 37.754917 13
-45.697205 -738.360779 1.552494 13
-46.094959 -738.703735 18.486059 13
-48.466446 -738.286316 29.617144 13
-52.388096 -744.155273 51.482479 13
-57.460838 -738.810852 45.262070 13
-45.617607 -738.755737 5.601391 13
-49.735596 -738.901062 30.490705 13
-48.135567 -738.638123 26.690855 13
-51.643555 -742.332031 44.052109 13
-44.396854 -739.651733 15.981377 13
-53.756073 -739.861389 37.152073 13
-51.493401 -736.778320 44.144482 13
-46.436573 -739.220398 21.730700 13
-44.403683 -740.783691 10.657352 13
-47.907219 -739.094849 21.994329 13
-46.475208 -740.416138 15.585435 13
-46.751122 -740.701599 17.861456 13
-47.580315 -740.141663 17.053438 13
-49.416069 -739.318237 27.340803 13
-45.793041 -738.423096 21.502686 13
-51.197876 -742.696472 43.233826 13
-50.817257 -736.383667 45.079716 13
-44.250332 -738.759521 28.239199 13
-46.796432 -738.233215 25.907495 13
-56.422993 -737.294861 47.277195 13
-43.621010 -739.581055 4.625969 13
-45.246006 -738.208191 11.123435 13
-47.002029 -740.011169 14.739228 13
-50.992031 -736.050598 46.631290 13
-43.880238 -740.321838 6.591634 13
-50.272312 -741.803711 28.676155 13
-54.473797 -742.251953 37.034019 13
-50.547379 -743.351440 43.743397 13
-45.137913 -740.687866 8.661147 13
-45.823277 -740.388489 5.864205 13
-44.180889 -737.850830 1.303372 13
-51.752762 -742.969604 32.217384 13
-48.133728 -743.608826 27.607412 13
-45.461689 -738.075623 26.720055 13
-45.065384 -739.072571 17.334236 13
-49.336037 -742.451355 37.868851 13
-49.183861 -739.508606 37.526749 13
-45.579643 -740.067871 3.693839 13
-44.484287 -740.505798 12.239656 13
-46.915730 -737.817139 28.719593 13
-51.678726 -737.241943 41.553120 13
-58.771378 -742.925781 43.987808 13
-48.728714 -738.192261 30.769730 13
-53.848145 -743.889648 36.831558 13
-45.572453 -738.353638 12.304610 13
-59.328396 -739.074707 49.366287 13
-44.098690 -739.859070 10.980476 13
-47.534988 -739.176819 18.748455 13
-45.211266 -737.556580 33.375019 13
-50.815441 -743.836304 46.588776 13
-44.527092 -739.244751 21.819983 13
-46.813068 -742.330139 23.025162 13
-49.640079 -738.527771 31.924555 13
-46.968109 -740.270447 29.510416 13
-47.774475 -741.040588 20.298706 13
-47.092632 -740.140198 16.393312 13
-50.726978 -738.986389 32.746277 13
-45.492138 -738.501831 7.094533 13
-48.790058 -737.561096 36.603226 13
-50.086498 -742.158508 38.290146 13
-46.025517 -740.777527 16.839220 13
-43.506294 -738.764954 6.783345 13
-55.164902 -737.160400 45.134872 13
-51.975262 -741.077454 32.588665 13
-50.399445 -744.798279 33.092331 13
-45.527351 -738.766846 3.586730 13
-56.427204 -740.075134 41.263271 13
-43.582619 -739.261780 7.493937 13
-46.533554 -740.564453 25.036730 13
-46.473595 -738.714355 19.150606 13
-44.652020 -739.825684 20.408590 13
-51.329216 -736.955872 42.574841 13
-45.852970 -740.458069 14.213367 13
-52.815323 -738.634033 37.558651 13
-51.704262 -739.863892 33.346691 13
-43.469383 -738.387146 0.725162 13
-48.563190 -742.035950 43.093639 13
-45.122761 -740.546387 4.533221 13
-47.774418 -740.553162 19.101795 13
-51.483582 -745.168152 35.994526 13
-50.015190 -740.402771 28.484688 13
-47.056423 -738.728699 21.956249 13
-50.987862 -744.281006 48.813099 13
-48.864025 -743.779785 27.976763 13
-44.066971 -740.386902 9.331721 13
-47.977135 -741.721008 31.981819 13
-48.890530 -739.674683 23.176556 13
-44.152279 -737.488464 32.808170 13
-46.243420 -737.577026 30.111269 13
-51.963753 -736.049133 47.650394 13
-57.368900 -738.404419 45.908333 13
-44.369392 -740.333557 5.223218 13
-47.527782 -738.579224 25.187862 13
-43.797558 -738.814331 12.084139 13
-47.543003 -741.137695 34.171783 13
-47.773201 -741.348022 36.677166 13
-49.347794 -744.111816 29.255281 13
-43.326733 -739.093567 1.067907 13
-45.872414 -739.511597 -0.136896 13
-51.896584 -743.723206 33.101818 13
-45.106178 -738.232178 2.024914 13
-51.549198 -736.456177 45.697720 13
-50.051357 -743.979431 47.899662 13
-45.610291 -737.195190 35.607525 13
-47.737335 -740.063782 33.417961 13
-47.027412 -740.074890 30.917662 13
-50.796970 -740.273438 30.739218 13
-58.474438 -738.726501 49.511314 13
-52.362480 -738.981628 35.926369 13
-43.747696 -738.536438 2.289340 13
-46.939220 -739.279602 12.284246 13
-45.417000 -740.665100 22.118320 13
-46.662907 -743.154358 27.452002 13
-49.017368 -741.220886 25.494236 13
-48.056267 -742.034241 23.857124 13
-48.939968 -742.542664 46.565762 13
-49.408455 -735.767822 45.304012 13
-48.546799 -742.180908 25.135332 13
-50.134911 -744.666260 31.667910 13
-51.297943 -740.368774 32.021336 13
-44.530823 -738.500244 13.311547 13
-44.369312 -738.450989 9.633501 13
-46.894066 -740.781982 27.572128 13
-48.387367 -741.330200 42.901146 13
-46.454159 -741.489197 20.387199 13
-47.342205 -743.671509 28.370739 13
-47.653446 -737.507935 33.492184 13
-45.087135 -740.647583 7.121835 13
-50.935352 -742.152527 41.433422 13
-50.244282 -741.477722 37.950886 13
-46.711266 -739.958008 28.285082 13
-53.158928 -739.999084 35.839149 13
-52.528706 -736.092773 48.331093 13
-48.957317 -737.225830 38.991837 13
-48.852333 -742.122986 35.084831 13
-59.015793 -741.989746 46.204739 13
-51.473164 -738.932190 34.028061 13
-49.102253 -738.902649 28.683229 13
-45.543831 -740.459900 10.170598 13
-45.629841 -741.277649 18.950308 13
-44.429604 -738.194458 30.444975 13
-45.522442 -738.416199 14.122115 13
-46.308315 -737.447083 32.399242 13
-48.773476 -742.237244 36.284657 13
-52.607376 -736.539917 46.932930 13
-49.635494 -741.192932 43.524727 13
-58.017117 -738.813660 46.676090 13
-51.852116 -744.408936 50.092083 13
-54.943050 -739.484619 39.448120 13
-44.556496 -738.984619 25.865007 13
-46.417107 -738.383240 24.446169 13
-54.976654 -738.919678 40.675869 13
-52.560936 -743.036621 33.524773 13
-48.855377 -742.543030 38.946587 13
-45.117550 -740.970337 11.377672 13
-46.880966 -742.757080 24.966875 13
-53.296768 -741.176270 34.934048 13
-49.527939 -742.995178 42.808296 13
-49.375977 -739.758240 25.759808 13
-46.089855 -739.691162 22.951502 13
-44.231834 -740.590515 8.001080 13
-47.752102 -737.519104 32.357964 13
-44.342552 -739.700562 13.462023 13
-47.707924 -736.174011 42.573574 13
-49.888306 -738.308655 33.867603 13
-44.568195 -739.099121 15.246542 13
-49.949730 -742.841309 40.899509 13
-52.951008 -737.373657 42.404167 13
-52.736343 -735.757507 49.735626 13
-43.939365 -739.695129 16.600700 13
-48.598331 -744.701843 31.862259 13
-53.496181 -735.958008 49.515709 13
-52.680241 -744.870850 36.411186 13
-50.948853 -737.867676 37.847221 13
-59.198086 -740.508789 47.989956 13
-50.738285 -745.319641 34.149452 13
-50.196217 -735.960266 45.562828 13
-47.876453 -740.971436 21.970201 13
-45.597225 -737.666016 32.361084 13
-47.260326 -739.064026 17.792870 13
-43.724339 -740.289429 4.485084 13
-54.588104 -745.424377 38.715893 13
-48.387554 -741.981018 33.869968 13
-45.741264 -739.723145 4.300817 13
-48.622269 -739.988953 38.528404 13
-56.172340 -739.245483 41.784386 13
-44.465252 -740.555420 13.074692 13
-50.286755 -743.596680 45.236847 13
-49.374588 -743.031006 26.973148 13
-44.712727 -739.037720 24.493256 13
-44.728348 -740.127014 21.060389 13
-56.394726 -737.861572 45.600708 13
-44.448711 -739.873901 25.516832 13
-56.551495 -738.773682 43.445011 13
-48.412254 -741.708191 41.639297 13
-48.610073 -737.699341 33.595242 13
-51.373650 -737.772949 39.076160 13
-56.685509 -737.073242 48.773773 13
-43.737564 -740.176270 7.326904 13
-46.787891 -737.245850 36.914803 13
-49.813251 -740.655029 27.753334 13
-51.886749 -742.168701 44.779812 13
-55.396557 -742.059143 38.833759 13
-43.936501 -738.489258 4.192921 13
-44.354599 -738.781372 27.158060 13
-48.591785 -740.041382 22.356447 13
-44.984215 -738.186584 14.695336 13
-52.838814 -741.466980 33.864311 13
-48.795815 -743.940735 28.822144 13
-49.988674 -736.323608 44.189098 13
-48.031132 -739.490662 18.213539 13
-51.421665 -735.354004 47.861443 13
-43.911884 -738.356201 29.354374 13
-52.261681 -742.314880 47.176895 13
-44.647144 -737.186035 34.697258 13
-48.589424 -741.385986 44.307053 13
-44.568428 -740.143677 23.626720 13
-58.743149 -739.680420 47.169800 13
-46.360855 -737.883606 27.438118 13
-45.799744 -739.887939 5.333274 13
-51.349377 -742.948914 30.932383 13
-53.305485 -736.461487 47.280693 13
-54.883343 -743.094299 38.129295 13
-49.374733 -737.392944 38.388336 13
-59.168812 -740.996521 47.113434 13
-46.144600 -738.148682 25.462282 13
-52.990509 -736.635376 45.922314 13
-44.643875 -740.570740 6.573386 13
-43.696022 -739.456116 5.941641 13
-52.024834 -742.398987 45.831097 13
-47.679436 -739.823914 31.792290 13
-53.052326 -743.189819 34.588070 13
-44.727810 -741.089050 13.493471 13
-47.337517 -738.157410 27.365875 13
-44.963215 -740.542419 -0.115970 13
-43.860870 -740.236816 8.639550 13
-47.474457 -741.621216 27.983521 13
-49.091053 -742.161682 34.088486 13
-46.299297 -739.087708 11.549260 13
-56.218262 -741.356506 40.531761 13
-47.351898 -739.270752 17.056051 13
-50.469936 -736.689758 43.441662 13
-46.271297 -738.500671 17.618719 13
-54.011669 -737.246643 43.696999 13
-53.776867 -736.949646 44.805977 13
-48.163868 -737.848145 31.060356 13
-50.368439 -742.101929 39.187248 13
-55.089039 -736.755859 46.696587 13
-49.234768 -741.936279 26.380259 13
-59.290524 -739.519714 48.811348 13
-47.521774 -740.218018 18.478617 13
-44.666409 -739.676636 22.399649 13
-47.662411 -741.626160 26.675261 13
-49.893780 -738.837341 31.273809 13
-49.869701 -738.507996 32.625572 13
-51.213364 -737.424927 40.440662 13
-50.838291 -735.342712 47.066666 13
-45.861481 -741.710388 21.227453 13
-58.417076 -740.777039 45.269707 13
-45.977516 -740.112000 11.617245 13
-58.715836 -739.135620 47.942471 13
-44.178505 -738.182739 5.640565 13
-48.488895 -739.549805 32.737232 13
-45.776821 -740.676270 15.327085 13
-46.531631 -740.710632 16.279675 13
-48.398781 -741.094238 42.239773 13
-48.862595 -736.638184 42.008850 13
-50.183784 -737.554993 38.574760 13
-44.920254 -738.926270 23.418964 13
-50.107292 -740.437988 43.198429 13
-52.451988 -740.427368 34.112976 13
-47.394047 -741.947693 22.597151 13
-44.732803 -740.647034 0.884895 13
-47.491249 -737.271973 36.755630 13
-48.758114 -741.874512 32.664211 13
-44.883545 -738.087341 4.638603 13
-47.225452 -740.841492 19.462500 13
-49.560696 -743.652405 47.202507 13
-51.372158 -741.564331 45.989433 13
-46.099762 -740.872925 17.593100 13
-50.859348 -743.970459 47.336315 13
-50.075951 -737.133179 40.936817 13
-54.559273 -739.034241 39.895439 13
-47.814941 -740.524292 36.170265 13
-48.328384 -738.485535 28.141695 13
-58.166267 -741.324341 44.390484 13
-43.150219 -739.717773 0.177146 13
-55.320396 -740.669739 38.837212 13
-44.576107 -737.892639 3.504246 13
-54.298759 -737.799316 42.423473 13
-47.834198 -742.968079 25.036070 13
-52.635391 -737.491516 41.547398 13
-55.779400 -736.852478 49.677429 13
-50.889389 -739.409180 31.541700 13
-45.663483 -738.525574 22.359364 13
-49.289227 -740.530151 25.953993 13
-43.856174 -738.804199 11.416438 13
-47.291412 -741.241211 28.754019 13
-58.231003 -739.618164 45.797241 13
-49.293419 -739.372681 26.352573 13
-43.708183 -739.061279 5.140553 13
-45.489094 -737.028687 36.581844 13
-46.918671 -736.692017 39.397686 13
-49.227455 -744.872131 33.117302 13
-50.414131 -743.867432 30.590052 13
-50.384212 -740.771484 44.549423 13
-48.240002 -740.428589 39.775528 13
-44.780441 -739.627014 19.134983 13
-51.081127 -738.302307 36.869305 13
-45.495457 -741.172607 17.986040 13
-54.658703 -740.368835 37.817150 13
-49.487576 -736.615173 42.898048 13
-45.166656 -740.648132 13.076745 13
-47.600647 -740.434448 34.325581 13
-44.256065 -739.351868 12.321607 13
-44.920704 -740.380310 17.392427 13
-48.154495 -735.975220 43.038048 13
-45.092598 -739.047058 19.315447 13
-52.173847 -738.503784 37.315842 13
-47.085827 -739.189087 15.814104 13
-43.933277 -739.352661 8.440029 13
-45.689331 -740.102295 6.495697 13
-48.617439 -738.980103 26.156063 13
-45.539452 -741.112549 24.141064 13
-49.511700 -737.927917 35.072186 13
-48.549015 -742.341614 45.085266 13
-43.730003 -740.289490 3.325298 13
-49.015251 -740.274353 24.576551 13
-52.258080 -739.533752 34.868954 13
-46.358376 -739.064880 8.555731 13
-43.906361 -740.098022 1.270674 13
-45.866741 -737.406250 34.936626 13
-55.655746 -738.947693 41.456871 13
-45.303101 -740.704773 3.072660 13
-46.833794 -742.953064 25.924330 13
-57.313934 -744.206726 41.673817 13
-54.433331 -738.378662 41.015091 13
-50.988091 -741.470032 40.209213 13
-47.245262 -740.603577 32.244469 13
-47.438789 -743.365173 26.916727 13
-58.739975 -742.079468 44.955414 13
-49.434147 -737.779602 36.211391 13
-44.411118 -738.155151 10.455515 13
-50.624176 -739.670898 30.518101 13
-43.955738 -739.337891 9.634927 13
-46.865936 -738.628723 23.032724 13
-47.266407 -742.541321 23.817774 13
-56.608734 -740.945312 41.374714 13
-50.010132 -741.607239 37.013477 13
-50.662575 -741.402710 39.285496 13
-57.764343 -737.716125 48.826794 13
-46.880474 -736.273621 40.732082 13
-50.775681 -743.374878 44.425438 13
-45.227917 -738.792969 21.206320 13
-45.615200 -737.822571 28.965609 13
-52.492516 -738.309326 38.708370 13
-46.142124 -739.624512 2.259028 13
-44.227959 -740.194214 11.666892 13
-48.611027 -738.782715 27.408499 13
-57.728050 -741.921021 43.267616 13
-49.975029 -741.044556 35.932594 13
-59.778728 -740.079956 49.039814 13
-49.881073 -735.675354 46.229218 13
-48.338806 -741.774231 24.399084 13
-46.060978 -742.083191 23.848095 13
-56.572208 -738.350525 44.582020 13
-53.888981 -744.834167 38.066475 13
-43.856045 -740.258911 5.921670 13
-52.973248 -737.044128 43.692871 13
-46.106548 -737.955750 26.799061 13
-51.102905 -738.604065 35.372002 13
-48.860107 -737.895020 33.029007 13
-48.399410 -739.240784 23.273130 13
-48.909695 -739.929504 40.498360 13
-47.766861 -736.537537 41.400719 13
-46.678902 -739.974670 13.248717 13
-46.963646 -740.442139 28.875996 13
-57.914631 -740.828125 44.012714 13
-44.909794 -738.989746 16.204948 13
-50.376690 -742.484253 39.931290 13
-42.981262 -738.607239 1.382515 13
-47.105743 -740.722534 30.035675 13
-57.144978 -740.819946 42.597065 13
-50.087914 -741.020264 36.679642 13
-44.581074 -738.418274 28.968107 13
-54.691547 -742.126465 37.683075 13
-47.919949 -741.756042 36.110821 13
-46.522968 -737.372314 34.782284 13
-46.387634 -742.742493 26.487488 13
-45.838650 -740.444214 4.974923 13
-45.666279 -738.706543 17.165632 13
-48.420799 -737.804443 32.373871 13
-51.246872 -742.311768 42.669945 13
-46.798958 -739.267395 13.706717 13
-47.320251 -741.077881 20.764162 13
-54.852776 -736.875244 45.651649 13
-51.472897 -744.470642 33.431183 13
-52.011841 -742.390320 32.068672 13
-52.798992 -742.135498 48.363892 13
-43.770664 -740.388611 2.672381 13
-48.738754 -739.633057 34.095131 13
-44.390774 -740.183960 14.410817 13
-46.540646 -741.480286 24.989840 13
-44.392345 -740.230042 15.705183 13
-49.038696 -744.326660 30.099903 13
-48.600899 -739.192688 24.953257 13
-45.982376 -742.092163 25.867416 13
-51.394424 -743.056824 44.635876 13
-47.250164 -743.617249 29.582619 13
-45.363232 -738.682007 18.514715 13
-53.856350 -736.351990 48.633247 13
-45.093472 -738.556030 24.675928 13
-45.468033 -740.780151 22.752995 13
-48.325638 -742.009766 37.331223 13
-50.556927 -741.609192 29.347128 13
-45.036949 -737.949585 9.554563 13
-46.829105 -741.818909 21.688099 13
-50.795410 -740.914490 45.029671 13
-47.404297 -743.146729 26.165411 13
-54.305290 -744.323059 38.105328 13
-45.160416 -740.968628 12.232031 13
-48.941204 -738.628845 29.302834 13
-44.351379 -739.219116 13.004211 13
-55.667072 -736.473511 49.075336 13
-44.550770 -738.629944 14.055244 13
-46.176933 -739.635681 9.961740 13
-57.091331 -741.414185 42.320259 13
-55.335068 -743.518433 39.160202 13
-47.978729 -741.211670 38.190834 13
-47.609879 -737.799805 29.913914 13
-52.709888 -742.001282 33.393291 13
-49.833881 -742.973083 41.635414 13
-52.827038 -744.088440 35.259911 13
-49.502892 -740.580872 26.742460 13
-55.519997 -737.871521 44.006916 13
-46.155838 -740.465820 10.460117 13
-47.086445 -737.066284 38.047211 13
-55.438160 -738.375610 42.714191 13
-53.216808 -738.837219 38.019115 13
-47.878540 -740.356628 35.528435 13
-54.155891 -740.702820 36.604282 13
-49.880230 -737.317261 39.655746 13
-58.097664 -738.190002 49.425697 13
-48.922958 -742.881470 45.537121 13
-48.026443 -736.574463 41.979023 13
-47.099091 -738.871887 19.101900 13
-45.646179 -738.820190 2.319211 13
-53.020020 -739.193420 37.009338 13
-48.771500 -736.921326 40.984497 13
-45.393776 -738.076477 28.054155 13
-51.267857 -742.190918 45.352024 13
-51.575710 -745.031799 35.124214 13
-50.693027 -740.929443 29.944389 13
-46.424843 -740.186829 14.221090 13
-46.776909 -739.912354 12.611563 13
-54.753391 -737.543457 43.481426 13
-45.949432 -739.577148 6.855295 13
-44.894611 -737.023315 35.408085 13
-55.154476 -741.307922 38.455921 13
-57.126213 -738.754333 44.676991 13
-47.330776 -738.653687 23.548201 13
-44.201263 -738.695740 10.207283 13
-55.215267 -744.508484 39.565006 13
-45.062073 -738.158081 6.766914 13
-55.183716 -738.472473 41.958305 13
-46.697018 -740.458862 26.455694 13
-48.750324 -739.746826 36.249195 13
-48.127415 -741.484436 29.236313 13
-44.957802 -739.118958 20.429918 13
-52.304642 -743.645325 33.625797 13
-45.813797 -738.556763 10.962380 13
-50.152935 -743.714172 30.024658 13
-51.172035 -743.680908 31.367041 13
-49.703308 -739.054626 29.770037 13
-52.882957 -744.578369 51.349705 13
-53.719212 -738.390076 40.088783 13
-48.177727 -740.826416 39.162186 13
-46.591820 -737.391541 32.968784 13
-44.290546 -738.133606 6.710703 13
-48.318871 -740.413391 41.146870 13
-46.156281 -738.688843 14.593671 13
-45.255405 -740.863464 16.192318 13
-56.381027 -742.098267 40.636765 13
-56.051350 -740.788635 40.222500 13
-43.654861 -740.375977 0.760024 13
-45.704910 -741.344238 24.835800 13
-45.795105 -740.098511 7.795480 13
-51.893715 -743.527283 47.260029 13
-49.422970 -737.997925 34.226700 13
-50.038345 -743.226929 28.366734 13
-54.339592 -739.432556 38.612755 13
-43.589249 -739.313171 3.102891 13
-45.057194 -739.065918 18.014687 13
-45.027836 -740.680847 5.827915 13
-46.271381 -737.477173 33.577057 13
-53.064590 -736.899475 44.621819 13
-44.516895 -737.936768 12.680285 13
-56.050449 -744.798523 40.306866 13
-46.383434 -738.863220 13.352361 13
-46.942501 -738.938171 16.659546 13
-44.488274 -737.846130 2.809337 13
-48.060528 -739.862915 19.579729 13
-50.806095 -744.357483 49.409760 13
-50.969402 -744.245972 32.292133 13
-47.310955 -739.337158 28.520170 13
-56.956593 -739.597534 42.973465 13
-56.710697 -737.633972 46.845181 13
-49.770023 -742.451965 27.630880 13
-50.837906 -741.517395 45.323383 13
-49.570423 -738.232178 33.125454 13
-48.855087 -742.655579 44.315269 13
-45.102047 -738.237244 27.227350 13
-44.372223 -740.737488 0.052995 13
-43.986336 -738.736084 13.134912 13
-59.871452 -739.457397 49.638687 13
-46.265175 -738.972412 7.954240 13
-47.851330 -741.532776 35.478062 13
-43.879395 -739.222412 10.940348 13
-50.492683 -735.832275 46.213547 13
-56.887924 -743.021301 41.585560 13
-50.308430 -744.153809 48.454174 13
-56.830402 -740.308716 41.696545 13
-53.807030 -738.881042 38.983433 13
-51.778862 -736.853943 43.557297 13
-47.931461 -738.987000 22.911854 13
-44.953083 -738.149048 3.997401 13
-52.064751 -744.661438 34.917419 13
-48.167336 -736.756165 40.910110 13
-56.857323 -744.270386 41.211399 13
-47.828907 -736.773315 40.324192 13
-55.144947 -736.737915 49.886677 13
-47.272999 -739.777344 15.869112 13
-48.379879 -737.550720 34.649441 13
-52.523170 -740.941528 33.757133 13
-53.401428 -742.984314 35.152676 13
-49.410622 -736.117676 44.610680 13
-50.411320 -742.942566 40.456768 13
-43.411732 -739.306763 4.115228 13
-44.720108 -739.976929 16.949263 13
-46.356930 -739.809570 11.155027 13
-49.042587 -737.023804 40.454380 13
-49.945045 -737.732971 37.349342 13
-44.039116 -737.810852 31.132391 13
-49.480274 -743.223206 44.820526 13
-46.633820 -737.434998 34.150028 13
-49.420761 -741.709595 26.952211 13
-55.500786 -739.246216 40.699299 13
-47.872494 -737.137207 38.786217 13
-53.913754 -735.738403 50.060474 13
-51.577011 -743.261414 45.490990 13
-55.779316 -743.784851 40.129047 13
-44.936073 -740.259521 22.292940 13
-54.696720 -744.265076 38.621342 13
-54.602211 -736.384766 47.816032 13
-51.408470 -739.733215 32.771904 13
-47.746792 -737.462402 34.624470 13
-49.741497 -742.526672 37.208027 13
-54.136250 -737.123047 44.341557 13
-48.675789 -742.555725 36.813457 13
-46.885536 -740.194824 27.754232 13
-47.595901 -738.383362 26.839899 13
-48.156265 -741.661194 39.441189 13
-50.453171 -736.979797 42.185551 13
-54.911850 -742.526428 38.360046 13
-52.140049 -742.664124 46.506741 13
-48.692066 -737.622681 35.244625 13
-56.906181 -738.006287 45.977848 13
-51.697189 -736.143921 47.088177 13
-45.806393 -741.296143 19.576941 13
-46.630928 -741.472656 19.668234 13
-54.888050 -743.596741 38.744041 13
-52.012356 -744.414978 34.284378 13
-45.073055 -738.874023 22.724554 13
-52.544769 -743.184570 48.473404 13
-51.683781 -743.583435 32.493473 13
-48.264797 -740.934387 23.019905 13
-46.286221 -742.100586 22.548655 13
-48.323410 -743.447998 27.034245 13
-54.795719 -744.660034 39.098770 13
-54.757092 -737.203491 44.686775 13
-50.120285 -739.463440 29.405062 13
-53.660789 -741.098083 35.530910 13
-46.420620 -737.604187 31.228863 13
-55.893799 -742.854736 39.818268 13
-51.405846 -736.301453 46.268459 13
-55.404209 -743.941833 39.678417 13
-47.913658 -744.174988 29.910261 13
-51.647224 -740.891541 32.124016 13
-45.082256 -737.641846 1.855644 13
-45.193142 -738.210632 5.817909 13
-57.686440 -737.299927 49.264275 13
-47.874157 -741.088318 37.261230 13
-48.252850 -737.491089 35.746708 13
-53.179691 -735.955261 50.078892 13
-52.202980 -739.106628 35.353420 13
-54.734566 -737.803284 42.931816 13
-52.843525 -743.128235 49.130421 13
-59.284950 -741.226257 46.422031 13
-46.110954 -740.731934 22.927706 13
-56.111382 -739.954773 40.756020 13
-52.859585 -740.079346 35.303715 13
-44.612091 -739.674866 23.174728 13
-45.282784 -738.393250 13.487413 13
-44.740055 -740.760376 9.123092 13
-53.381298 -745.604553 37.462154 13
-43.520481 -739.652100 1.367014 13
-45.412296 -738.254333 25.313860 13
-44.032871 -739.949219 9.774756 13
-43.630905 -738.995728 8.863838 13
-52.978046 -740.658630 34.873611 13
-48.930515 -742.749207 38.202049 13
-46.962223 -738.776550 20.538313 13
-57.594883 -738.409363 46.497707 13
-55.514225 -744.969788 39.840855 13
-47.873024 -740.451050 20.429253 13
-56.846111 -741.442322 41.669292 13
-54.569805 -741.014954 37.224010 13
-44.772709 -738.058044 31.005014 13
-46.473175 -738.728638 15.527224 13
-47.131828 -740.556763 31.274994 13
-47.632481 -736.971802 39.311825 13
-48.032242 -741.750427 34.377911 13
-46.101765 -737.291687 35.957592 13
-44.658779 -737.945251 7.839952 13
-47.858204 -737.271240 37.576077 13
-48.934361 -740.828125 24.870852 13
-56.094593 -744.085632 40.534023 13
-48.794605 -739.561157 22.069458 13
-44.674698 -741.115540 11.869395 13
-44.662014 -737.810181 32.058792 13
-44.579140 -739.375549 18.208775 13
-52.578434 -737.111084 43.244953 13
-43.865463 -738.690918 5.582040 13
-52.905457 -745.048035 36.932800 13
-48.152039 -741.627991 30.686230 13
-49.424767 -741.885071 35.221676 13
-50.214531 -740.932678 28.767952 13
-52.137245 -743.789795 48.635468 13
-48.060188 -738.180725 29.156361 13
-50.034927 -739.523376 28.790930 13
-43.350342 -739.275818 2.479800 13
-49.278046 -736.818237 41.599171 13
-45.635849 -739.844238 0.308242 13
-46.375820 -739.567444 24.287861 13
-51.512810 -743.157715 31.628143 13
-52.465870 -736.528870 46.264889 13
-52.741127 -743.647888 49.627930 13
-56.527317 -743.402893 41.060978 13
-45.122845 -740.775757 9.858506 13
-53.683331 -742.293701 35.402760 13
-49.205364 -743.047974 43.299850 13
-49.304436 -742.715698 40.451054 13
-45.499176 -740.101135 2.789038 13
-57.292885 -740.078979 43.307461 13
-52.853832 -743.860901 51.277073 13
-46.024437 -740.215210 23.237757 13
-48.680370 -739.752258 35.334641 13
-50.961987 -744.590820 33.104519 13
-53.841965 -739.617859 37.715424 13
-46.640598 -740.043945 25.626738 13
-46.971615 -741.128174 25.829790 13
-51.257500 -741.231567 31.006111 13
-51.389500 -741.817139 46.753487 13
-48.497387 -742.480408 40.567799 13
-53.391186 -736.305847 48.986851 13
-52.241890 -744.025696 49.454437 13
-45.659142 -737.551147 33.758095 13
-47.441246 -741.264526 30.891684 13
-48.123734 -741.974365 35.034092 13
-57.831341 -739.252319 45.426807 13
-49.754742 -743.654541 45.909687 13
-55.491737 -739.808044 39.838776 13
-48.661697 -737.121277 39.785950 13
-46.020920 -739.391541 5.554935 13
-50.411327 -745.021118 33.729694 13
-51.292595 -735.761169 48.298576 13
-53.871147 -736.630554 46.382542 13
-45.943401 -741.612915 20.620096 13
-48.327469 -740.468567 41.885239 13
-46.691532 -739.083740 22.259871 13
-55.860912 -737.224182 46.196262 13
-48.258297 -744.036072 29.065208 13
-51.967064 -745.483582 35.931259 13
-44.558380 -740.592407 1.611503 13
-49.409492 -739.198120 28.269711 13
-49.757698 -744.663757 32.127506 13
-53.436451 -741.913330 34.930607 13
-52.336201 -743.954468 34.180031 13
-55.543621 -742.965393 39.240417 13
-46.641720 -740.862854 18.417871 13
-51.071083 -740.579041 31.185875 13
-52.835773 -743.710144 34.730961 13
-48.738174 -742.397400 39.511997 13
-45.730671 -738.952698 6.295831 13
-56.194416 -738.672729 42.574276 13
-44.591236 -739.493408 17.305162 13
-48.737103 -735.844543 44.173367 13
-43.750580 -739.017090 6.320714 13
-51.117111 -736.659607 44.577656 13
-49.912998 -742.650635 38.039932 13
-58.812439 -740.115234 46.750874 13
-47.280979 -739.755310 29.630745 13
-46.926022 -737.732910 29.324255 13
-48.250977 -740.944824 43.450165 13
-47.548744 -737.473450 32.920628 13
-44.290199 -738.191956 31.713848 13
-51.434235 -744.688477 33.983242 13
-50.610783 -737.406128 39.887272 13
-50.598671 -742.903381 29.408577 13
-45.018032 -738.047791 29.279211 13
-51.515324 -742.378418 31.028259 13
-53.222492 -737.877991 40.919689 13
-55.938965 -742.248901 39.892963 13
-57.864922 -742.751770 42.989857 13
-56.312885 -742.944214 40.735184 13
-51.645409 -739.359558 33.678524 13
-53.578518 -740.608215 35.881611 13
-44.176567 -739.920898 12.170210 13
-46.064438 -739.674683 7.525534 13
-46.227776 -736.337036 38.690418 13
-51.323376 -738.501404 35.924274 13
-45.918758 -737.045532 37.062172 13
-43.440788 -737.989319 1.366416 13
-45.873547 -736.646301 37.612362 13
-47.478291 -737.458801 34.040890 13
-47.966908 -741.795898 23.338192 13
-50.118675 -741.302368 43.849609 13
-49.238647 -743.342224 27.958340 13
-44.326824 -740.369812 11.071815 13
-53.472630 -744.487976 37.206188 13
-48.096855 -739.271790 21.476746 13
-53.226078 -744.137390 36.168903 13
-53.826294 -737.785156 41.846889 13
-52.200447 -741.604797 32.605465 13
-49.801830 -743.651733 29.296816 13
-55.786701 -738.222595 43.551765 13
-53.918171 -741.726318 35.946301 13
-48.469551 -739.545471 20.755150 13
-48.673214 -738.261414 30.197197 13
-51.994835 -736.778198 44.458241 13
-48.938385 -742.798157 25.912340 13
-45.389858 -737.836243 31.124449 13
-44.235535 -740.425781 0.700246 13
-48.339989 -741.449463 41.134621 13
-46.979408 -739.328857 14.658681 13
-45.519291 -740.515137 7.507938 13
-44.062038 -738.238953 2.688693 13
-47.588863 -741.081177 35.242367 13
-49.620098 -737.121216 40.456806 13
-58.389271 -742.486206 43.975597 13
-57.224991 -739.230286 44.095036 13
-46.562035 -736.245728 39.450394 13
-47.114124 -736.652649 40.317448 13
-44.356503 -737.908386 4.851202 13
-45.913761 -741.886475 24.898462 13
-48.707191 -740.157043 22.908272 13
-45.989178 -740.696472 8.821731 13
-56.836788 -737.516785 49.094887 13
-48.985653 -736.533936 42.618469 13
-44.593700 -739.755127 24.804152 13
-44.924137 -737.860474 10.524467 13
-57.028137 -737.468445 47.963348 13
-46.004047 -742.282959 24.397854 13
-49.184776 -738.243408 31.742348 13
-50.217693 -743.813721 46.514149 13
-49.194374 -744.868164 32.165649 13
-49.883312 -740.120972 28.001598 13
-50.334526 -738.510071 34.228096 13
-55.564640 -741.833435 39.382736 13
-46.867435 -739.793091 14.206216 13
-51.672947 -737.734436 39.556557 13
-52.585014 -745.501953 36.615692 13
-48.931343 -739.741516 39.093536 13
-50.828499 -738.862427 33.313389 13
-45.861855 -740.634399 7.072701 13
-43.901070 -738.281677 30.717934 13
-54.904655 -740.252869 38.360489 13
-51.731636 -738.386536 36.971558 13
-48.053894 -736.951294 39.801220 13
-48.909889 -742.571045 42.210323 13
-45.686882 -741.583801 23.742388 13
-43.166382 -738.861206 1.924083 13
-46.421314 -741.087708 23.875078 13
-58.189533 -738.567078 47.537777 13
-44.691978 -738.411865 28.310747 13
-47.604351 -739.905151 18.017900 13
-45.388039 -740.863159 16.745834 13
-50.435745 -737.763977 38.076225 13
-48.804558 -737.675720 34.139050 13
-45.504635 -738.405090 12.891953 13
-46.424191 -742.764709 27.819254 13
-50.099277 -743.186829 42.869396 13
-45.856770 -740.434509 12.952115 13
-48.242744 -739.814087 33.649399 13
-45.945877 -740.791443 11.676092 13
-48.724987 -742.201050 35.671124 13
-53.711182 -737.346741 43.229946 13
-45.645058 -737.655029 30.331894 13
-44.321842 -739.617615 24.296871 13
-43.833996 -740.318237 5.041069 13
-46.100872 -739.611633 8.793893 13
-50.018898 -740.516663 42.633842 13
-44.418045 -739.456360 26.167095 13
-51.766617 -742.055725 31.642204 13
-44.718357 -740.036804 16.384354 13
-46.853886 -743.427307 28.017414 13
-48.056568 -738.919983 24.163588 13
-47.614796 -737.407104 35.799587 13
-59.239334 -738.781921 49.892204 13
-49.528133 -742.049805 36.263023 13
-58.084293 -740.125366 44.703785 13
-52.222149 -737.482422 41.159508 13
-51.406452 -738.741760 34.869755 13
-47.352230 -736.162659 41.307159 13
-48.133404 -741.849792 33.387463 13
-52.397545 -743.997803 50.948486 13
-52.969284 -743.470703 50.113850 13
-45.049301 -740.626526 14.230345 13
-43.532860 -739.812073 2.159787 13
-47.879730 -744.085632 30.672195 13
-46.213810 -740.244446 9.186308 13
-45.416431 -740.479553 8.214070 13
-57.059189 -742.522522 41.790585 13
-58.695690 -738.409851 49.112213 13
-56.502617 -739.363708 42.298676 13
-59.287922 -740.058350 48.537792 13
-44.628597 -739.611877 21.374226 13
-54.317471 -743.019226 37.149033 13
-44.522034 -737.277832 34.042850 13
-47.198574 -741.147644 27.873335 13
-43.818169 -738.648804 28.683672 13
-49.601868 -739.638733 26.845490 13
-46.929760 -740.006165 15.294215 13
-51.043011 -745.034973 34.522766 13
-48.280830 -740.768860 40.221409 13
-46.341454 -743.011047 27.030590 13
-54.481419 -736.512939 49.994717 13
-50.346653 -740.451477 29.481829 13
-44.778198 -740.653442 3.266500 13
-44.288254 -739.071716 16.347490 13
-51.066902 -739.803345 31.896397 13
-50.035229 -738.110229 35.197289 13
-45.069820 -738.157715 12.388803 13
-52.956787 -744.096802 50.322197 13
-58.878708 -741.657837 45.553566 13
-48.974060 -739.657837 38.016193 13
-56.580013 -736.740540 49.412354 13
-44.394875 -738.932678 26.550520 13
-54.106129 -738.756775 39.695366 13
-48.571129 -742.129639 43.678173 13
-47.761326 -741.594238 32.579807 13
-49.253738 -738.578613 30.444971 13
-46.713985 -738.750427 17.845640 13
-44.880932 -740.898743 15.353198 13
-51.046978 -745.552185 34.862732 13
-50.023899 -742.400513 38.792332 13
-51.385189 -737.303833 41.080074 13
-44.076191 -739.361633 27.320673 13
-50.004715 -743.345337 43.957485 13
-51.871716 -737.084351 42.465107 13
-51.274296 -741.808167 30.718611 13
-49.389908 -735.442566 44.858803 13
-44.525848 -738.319275 12.229238 13
-52.446304 -737.274963 42.637104 13
-45.317570 -738.655151 15.973194 13
-57.241287 -741.939819 42.429443 13
-48.246094 -740.298462 37.432674 13
-48.113304 -741.757996 38.162075 13
-48.773041 -742.423340 41.136322 13
-46.017185 -738.660950 16.263552 13
-56.935593 -740.384949 42.242859 13
-57.356255 -743.581726 41.917389 13
-56.489120 -743.952942 40.956280 13
-44.853249 -740.246765 19.063778 13
-48.805588 -739.771057 37.211548 13
-52.342888 -744.313538 50.400368 13
-43.964577 -738.175110 1.813935 13
-43.707714 -738.682739 3.155687 13
-46.383694 -738.641174 21.591280 13
-43.757477 -738.876587 10.494172 13
-45.182655 -738.082581 30.102402 13
-54.163063 -740.010864 37.500275 13
-44.066895 -738.738892 29.711456 13
-47.951183 -741.668213 37.103241 13
-44.774567 -740.622803 4.998901 13
-44.670319 -740.737610 8.304172 13
-46.498318 -742.351135 23.472534 13
-46.089443 -738.663391 15.132293 13
-49.249096 -739.836914 25.190304 13
-47.506569 -740.952698 34.719368 13
-53.796257 -737.943970 41.247593 13
-48.499802 -741.281738 24.212402 13
-52.525799 -738.045166 39.723289 13
-52.077782 -736.641113 45.195885 13
-47.381477 -741.308838 29.860146 13
-54.912182 -736.259521 49.712025 13
-45.492508 -737.333618 36.133266 13
-54.713615 -738.183594 41.907734 13
-48.632130 -740.028076 39.840298 13
-51.866844 -741.782288 45.994183 13
-44.456749 -740.446716 10.152956 13
-50.375263 -738.157227 36.011650 13
-47.525257 -739.345032 29.028677 13
-51.844780 -743.313843 46.693600 13
-46.494915 -738.081238 26.382063 13
-52.540009 -742.567627 33.155052 13
-46.090870 -739.313843 4.340117 13
-44.105354 -739.045532 14.927591 13
-48.121601 -740.020264 20.148081 13
-47.111519 -737.632751 30.432896 13
-45.286682 -738.525879 23.502094 13
-59.010681 -739.891174 47.617634 13
-49.596767 -744.925232 33.690872 13
-59.005585 -739.230408 48.407444 13
-57.346027 -737.998596 47.052639 13
-47.139805 -738.243958 26.497438 13
-50.326897 -742.336853 28.777334 13
-46.471817 -742.619751 25.324549 13
-48.242729 -741.700378 31.441727 13
-46.650036 -737.351196 35.858879 13
-46.473248 -738.574219 22.654287 13
-45.455921 -737.465332 34.547092 13
-56.813595 -742.160339 41.407036 13
-46.962784 -740.215393 30.403261 13
-44.583782 -739.093872 25.147676 13
-53.071613 -742.698547 34.332363 13
-52.553799 -737.843079 40.318127 13
-50.948299 -745.164612 35.270126 13
-50.872112 -736.888794 42.856472 13
-45.146820 -738.105042 8.718451 13
-49.690506 -744.527893 31.238363 13
-49.578751 -741.793091 35.738617 13
-47.167103 -740.594727 18.378557 13
-47.607868 -741.631592 29.086658 13
-49.230293 -743.332458 46.596432 13
-44.478436 -740.300903 15.009828 13
-45.142776 -740.478271 2.012753 13
-49.435318 -743.229126 47.570389 13
-45.577953 -740.139526 4.603872 13
-58.027241 -741.915955 43.718349 13
-46.373928 -737.761963 28.747862 13
-48.445053 -737.184265 38.761658 13
-50.890522 -741.890259 40.655331 13
-51.016132 -742.982056 30.522451 13
-45.557827 -741.142334 20.249983 13
-48.346004 -737.309204 37.843704 13
-45.872478 -740.563416 12.335222 13
-43.820183 -739.146606 7.022756 13
-50.952675 -743.093018 43.531521 13
-48.691624 -742.740540 46.015461 13
-52.531441 -744.516479 35.449451 13
-44.146896 -738.682007 30.260824 13
-48.264091 -737.417847 36.713024 13
-46.304222 -740.266479 23.856575 13
-47.791153 -743.720032 28.022041 13
-44.906616 -738.580811 25.970316 13
-47.316734 -737.582275 31.327274 13
-48.021942 -740.669189 21.509302 13
-48.186172 -740.175903 36.394485 13
-45.474354 -741.016907 18.511076 13
-44.733456 -737.634827 33.157223 13
-44.593586 -738.023865 1.734676 13
-49.691578 -744.286438 30.480749 13
-45.764225 -741.583557 23.120541 13
-55.740852 -739.623840 40.389885 13
-45.107830 -738.140320 11.638656 13
-44.076519 -738.774475 8.389935 13
-53.440224 -739.757446 36.698734 13
-52.444073 -735.822083 48.792038 13
-46.778545 -739.328308 11.535389 13
-55.833073 -736.625000 48.192131 13
-54.855946 -740.890625 37.654068 13
-47.855015 -743.033752 25.896420 13
-46.056553 -740.178162 2.620440 13
-47.295555 -737.535156 32.071590 13
-58.660137 -737.979065 49.472595 13
-59.375790 -739.379395 49.862659 13
-47.150391 -740.341431 17.316294 13
-53.798275 -743.158569 36.162247 13
-56.779915 -739.787354 42.501659 13
-44.813274 -739.172974 22.305548 13
-50.673622 -737.341248 40.412781 13
-51.504433 -737.108887 42.034679 13
-54.118256 -741.647278 36.437473 13
-46.869045 -741.471497 20.841036 13
-48.779354 -744.619019 31.250145 13
-51.903343 -740.679749 32.975178 13
-50.662575 -743.544983 29.974287 13
-47.627392 -743.869995 28.828295 13
-45.384586 -740.239258 1.546115 13
-44.030823 -738.731262 7.843062 13
-47.515163 -741.075134 33.637630 13
-47.431870 -739.888428 31.271564 13
-52.684921 -736.677673 45.287598 13
-48.313377 -742.978333 26.165495 13
-45.224842 -738.307800 4.990364 13
-57.411217 -740.826111 43.093777 13
-51.692116 -737.551208 40.233009 13
-45.376740 -740.286377 4.128827 13
-45.124058 -738.182068 7.354509 13
-50.391312 -739.781860 29.753942 13
-47.599491 -738.240662 27.839598 13
-53.235985 -737.586487 42.001221 13
-50.425304 -738.361267 34.860130 13
-44.232086 -739.026245 11.839403 13
-43.521046 -738.750305 7.421075 13
-48.334267 -740.340332 38.254913 13
-58.708843 -740.811523 45.806709 13
-58.509949 -741.720886 44.631516 13
-49.737373 -739.567566 27.680731 13
-45.873505 -738.293884 22.798285 13
-50.040546 -741.791138 28.181007 13
-46.048344 -738.563416 21.071875 13
-45.795235 -740.544006 3.570694 13
-55.736809 -740.331238 39.713402 13
-44.390110 -740.954834 13.872486 13
-57.562328 -742.856323 42.574917 13
-50.427254 -736.393494 44.657745 13
-43.473000 -739.758728 3.366310 13
-51.613297 -741.423645 31.578087 13
-46.288513 -737.736389 27.979227 13
-57.332756 -742.502014 42.258999 13
-46.705921 -736.762085 38.883263 13
-56.254223 -737.360596 46.759029 13
-53.500671 -743.302673 35.693363 13
-44.731541 -740.707886 11.080750 13
-45.619892 -738.300232 24.388590 13
-50.736980 -743.650574 45.499588 13
-45.240185 -740.557678 19.420725 13
-50.803802 -735.628967 47.533253 13
-43.821392 -738.158875 1.032083 13
-55.441669 -736.723633 47.113598 13
-44.037361 -738.906982 14.237085 13
-52.232933 -743.198242 47.621258 13
-48.838718 -741.776855 25.376215 13
-52.307861 -736.233154 47.248405 13
-58.328548 -740.215088 45.297585 13
-49.172581 -742.417908 37.266895 13
-44.626560 -737.934143 11.506869 13
-50.572163 -743.067627 41.895275 13
-48.871380 -737.460999 37.155804 13
-46.209625 -738.636536 20.530069 13
-48.939960 -741.606079 25.928532 13
-52.802395 -738.468811 38.212208 13
-46.719120 -740.901367 25.403385 13
-57.572128 -737.889648 47.596363 13
-44.785999 -738.512634 15.047512 13
-49.777271 -742.034424 36.764221 13
-43.758572 -738.966309 4.330463 13
-46.488350 -739.291016 10.498607 13
-43.362003 -738.679565 5.224851 13
-48.306396 -741.798218 32.382336 13
-49.143707 -742.822083 41.534702 13
-45.783955 -739.689819 1.878036 13
-53.957600 -740.281555 36.842888 13
-47.199249 -738.389282 25.596188 13
-55.918114 -743.209290 40.210819 13
-47.632965 -741.559448 31.620436 13
-44.807541 -737.787903 33.637177 13
-44.406845 -738.230225 9.100690 13
-49.302586 -737.779358 35.573696 13
-49.843044 -741.193359 27.685766 13
-58.608341 -740.057617 46.239590 13
-51.305210 -743.822449 47.077187 13
-52.022625 -742.393188 45.286747 13
-50.317177 -738.786377 32.519852 13
-58.138386 -739.254883 46.407642 13
-44.350307 -738.184875 7.507447 13
-45.815784 -739.911926 3.234215 13
-55.224915 -736.535583 47.856335 13
-48.146328 -742.155029 38.729118 13
-47.814205 -740.225098 34.746223 13
-48.020679 -738.646973 26.172092 13
-50.154385 -743.378784 28.859516 13
-44.894009 -739.162537 21.404879 13
-45.947811 -740.733887 9.724603 13
-56.894173 -739.150818 43.366802 13
-55.116776 -737.562378 44.134739 13
-43.801590 -739.667419 7.231322 13
-48.820446 -738.142639 31.261600 13
-46.038406 -738.628113 13.785302 13
-43.405140 -738.696655 4.009079 13
-57.769348 -739.709106 44.612049 13
-54.115726 -736.115295 49.733135 13
-44.241459 -737.838196 32.432835 13
-47.471169 -740.778870 19.924036 13
-47.684872 -741.789307 33.138691 13
-48.433167 -739.800598 34.470757 13
-51.004375 -742.415527 30.033585 13
-43.717747 -739.901733 6.295936 13
-47.461857 -739.718750 30.777758 13
-48.166073 -742.535706 25.036638 13
-44.799458 -738.043701 13.450644 13
-46.560509 -742.590698 24.520254 13
-47.470863 -740.159790 32.422527 13
-48.399315 -740.938782 41.032673 13
-50.856091 -739.153625 32.006035 13
-45.829762 -737.629517 29.426214 13
-54.600876 -736.578430 46.736156 13
-44.109074 -738.861755 9.464103 13
-46.917812 -743.195129 28.746202 13
-55.196575 -740.170593 38.842625 13
-54.356716 -736.761902 45.733223 13
-47.270424 -741.692810 22.115381 13
-48.606655 -743.125610 26.734837 13
-55.738220 -741.367249 39.527935 13
-51.646870 -741.612061 45.009872 13
-43.490128 -740.105530 0.363286 13
-58.870750 -742.415222 45.323509 13
-53.397301 -736.350586 47.804092 13
-50.948391 -736.757202 43.817936 13
-44.910282 -738.104126 2.546694 13
-48.223396 -739.529480 19.223740 13
-46.272243 -738.255432 24.978165 13
-47.084969 -738.758484 21.423134 13
-47.073639 -739.737549 13.662750 13
-52.670368 -736.930969 44.254292 13
-49.383858 -743.019409 27.491869 13
-51.951199 -736.409851 46.013000 13
-56.258038 -739.612427 41.445023 13
-58.632141 -742.289246 44.485672 13
-47.961575 -739.318420 20.074503 13
-52.685516 -739.379456 36.075996 13
-44.670147 -740.657593 4.138292 13
-52.240692 -744.745667 50.634426 13
-54.538223 -743.293884 37.822407 13
-45.691811 -741.800537 22.190567 13
-47.720001 -742.386780 24.151999 13
-51.414322 -742.592041 43.679089 13
-58.528976 -738.506287 48.501869 13
-54.146275 -742.476685 36.711613 13
-46.825310 -737.337585 32.112644 13
-54.523930 -736.353088 48.937065 13
-48.875893 -739.632446 22.602680 13
-46.628304 -739.791565 26.640089 13
-47.999264 -741.567261 29.945625 13
-43.244724 -738.872620 3.310170 13
-43.963867 -739.271179 26.316130 13
-48.753727 -738.729919 28.346197 13
-44.809940 -740.775330 10.293684 13
-53.289467 -738.390747 39.113281 13
-44.270332 -740.715942 15.802449 13
-54.553837 -741.766602 37.215511 13
-48.044483 -738.020142 29.749290 13
-48.524395 -742.310181 42.644413 13
-56.232143 -737.011475 47.686302 13
-51.321049 -739.962585 32.320881 13
-46.775654 -740.993958 19.206467 13
-48.787449 -742.081360 34.544643 13
-48.186520 -742.115723 37.821304 13
-46.083210 -740.127808 8.285451 13
-48.815891 -742.366699 37.879475 13
-45.209469 -737.760681 32.034679 13
-47.783768 -742.018066 22.919319 13
-48.062748 -739.536926 31.557358 13
-50.529606 -741.217407 38.282074 13
-51.206215 -741.715210 41.672394 13
-54.481358 -736.462952 47.329983 13
-45.505161 -738.686096 15.390719 13
-54.157917 -743.994324 37.762600 13
-52.202755 -742.558289 32.517525 13
-47.620861 -741.058655 21.495226 13
-46.122658 -741.136902 18.775675 13
-45.971878 -738.623901 12.788102 13
-49.241150 -745.227112 32.625114 13
-46.937302 -738.625366 22.477251 13
-43.448875 -739.321899 5.521749 13
-47.852921 -743.487122 27.218357 13
-50.354210 -739.072083 31.468729 13
-44.760902 -739.066650 23.926481 13
-46.967583 -739.086975 15.331496 13
-48.509747 -737.549744 36.194885 13
-48.619076 -742.678955 25.220762 13
-59.418278 -741.671570 46.221092 13
-51.327480 -741.646606 45.500900 13
-50.818478 -742.597839 41.781250 13
-51.601959 -743.474243 46.156246 13
-44.903061 -740.612000 0.383690 13
-47.349941 -740.952820 32.722462 13
-55.850483 -737.910889 44.448925 13
-51.021358 -738.113464 37.380527 13
-56.430397 -738.512878 43.883968 13
-58.570984 -739.228333 46.849815 13
-48.379108 -742.189026 41.432312 13
-55.759544 -737.591553 45.013287 13
-45.096672 -739.021423 16.843893 13
-44.745171 -737.884338 8.339274 13
-48.550762 -744.461365 30.829952 13
-52.814144 -742.981812 34.035137 13
-43.880119 -739.239868 7.941757 13
-48.363132 -742.354004 35.243793 13
-48.937969 -739.526123 24.257660 13
-53.904186 -736.863892 45.284229 13
-51.343548 -744.049988 48.012566 13
-44.986984 -740.472290 21.785330 13
-50.633419 -738.035889 36.756218 13
-50.722885 -744.812500 32.741493 13
-47.179874 -737.982117 28.329725 13
-44.623760 -739.276001 15.726889 13
-46.405342 -737.558167 31.910265 13
-51.587391 -735.817139 47.880711 13
-46.591839 -737.477112 29.662275 13
-47.535030 -739.271851 18.162273 13
-49.964539 -736.834595 42.385708 13
-51.844391 -744.098450 47.960705 13
-46.207737 -736.888489 38.037758 13
-46.172119 -738.964111 11.080726 13
-45.517586 -741.176270 22.227119 13
-52.688686 -735.483215 49.311935 13
-46.844326 -737.989685 27.428896 13
-55.045376 -741.366760 37.972378 13
-55.412491 -737.106750 45.574211 13
-44.152206 -738.058167 3.717751 13
-46.813824 -740.760376 27.055290 13
-53.267113 -738.239197 39.597363 13
-46.464870 -738.953674 12.858097 13
-44.465786 -738.304077 11.128543 13
-55.329044 -738.941284 41.051479 13
-48.560570 -741.101990 43.866119 13
-57.467178 -739.946899 43.758461 13
-43.751118 -740.364685 3.933110 13
-44.688347 -739.812500 19.910023 13
-48.164284 -737.760315 31.942142 13
-50.163525 -739.160706 30.545881 13
-43.915443 -740.414246 1.694620 13
-59.135960 -740.762573 47.559086 13
-47.260986 -741.090576 30.320604 13
-48.784298 -740.382935 23.816589 13
-50.125195 -741.166260 44.380604 13
-44.535820 -739.329529 20.240353 13
-49.864902 -742.696777 39.668915 13
-51.264793 -736.448120 45.288494 13
-47.167946 -739.731567 28.257580 13
-53.035538 -741.953491 34.037552 13
-47.685593 -740.906189 36.452618 13
-53.696621 -743.504700 36.543533 13
-45.817783 -738.339233 23.345465 13
-46.796047 -737.089478 37.464317 13
-47.709957 -740.203796 33.886986 13
-46.441067 -740.645447 24.154779 13
-45.294575 -740.283386 0.148454 13
-47.450550 -739.986755 17.495138 13
-58.991322 -738.719666 49.377983 13
-51.437622 -744.453003 49.725830 13
-58.011360 -742.944092 43.443542 13
-51.846352 -744.054810 48.907269 13
-48.587105 -743.806702 28.383644 13
-44.224991 -740.221497 7.494228 13
-44.532154 -737.832153 5.813777 13
-47.973122 -741.240967 22.374367 13
-44.333641 -739.370483 25.490694 13
-46.764091 -740.341980 16.043856 13
-48.324509 -739.345581 22.055012 13
-48.306438 -741.750488 40.496967 13
-51.760624 -738.184937 37.936230 13
-49.380260 -743.350525 45.821308 13
-43.983971 -738.670593 6.710039 13
-45.306946 -740.648621 11.053290 13
-54.641499 -738.417175 41.467255 13
-47.535213 -740.756531 35.632687 13
-48.809834 -743.061035 46.575974 13
-46.580948 -739.957397 13.757168 13
-43.452713 -738.672302 6.140280 13
-50.732368 -737.233948 41.490070 13
-48.269653 -742.114014 36.095699 13
-48.371422 -739.885742 21.345457 13
-54.196270 -745.203003 38.461807 13
-43.656586 -740.284668 2.194705 13
-56.396832 -741.169922 40.958897 13
-45.199966 -740.621704 12.591172 13
-57.588013 -743.347900 42.318165 13
-44.631706 -740.546509 7.605280 13
-52.572647 -742.600830 48.237473 13
-45.018188 -740.438843 18.496120 13
-53.636436 -739.241577 37.968765 13
-47.350494 -742.830322 25.066149 13
-51.653847 -742.601746 44.670654 13
-57.258884 -737.308594 48.982330 13
-44.398865 -739.358215 13.832554 13
-52.062313 -740.194336 33.862450 13
-49.155685 -742.426819 26.245327 13
-54.099026 -743.404785 36.939369 13
-45.389610 -737.674011 32.810879 13
-49.416996 -741.296387 26.668966 13
-48.549736 -740.928040 23.672930 13
-51.008034 -742.762512 42.789761 13
-46.892986 -741.176514 24.848269 13
-49.352489 -737.270874 39.376354 13
-47.852554 -742.560364 24.674700 13
-45.479576 -740.650818 15.760573 13
-55.625195 -740.895752 39.180950 13
-44.858047 -739.380554 17.703739 13
-46.287426 -738.455261 23.652113 13
-51.081947 -741.937622 30.256866 13
-46.780693 -740.046875 29.115328 13
-45.962521 -742.024292 25.379839 13
-50.267052 -735.367676 46.267723 13
-51.345699 -743.921509 32.328377 13
-44.195011 -740.244385 4.319803 13
-44.980770 -737.912415 10.045639 13
-45.464329 -741.015259 21.368816 13
-47.902847 -737.357666 37.046131 13
-53.441715 -737.184875 43.647648 13
-58.706383 -741.194702 45.493763 13
-45.751049 -738.086670 25.764685 13
-48.767986 -739.481995 23.769190 13
-50.208004 -736.573425 43.827457 13
-59.231041 -740.171204 49.008842 13
-47.782238 -739.447571 16.818274 13
-45.328529 -740.472839 20.886900 13
-48.752590 -740.116394 23.416849 13
-53.386501 -739.508667 37.108669 13
-46.685551 -740.798889 17.385193 13
-46.215485 -741.444702 19.952675 13
-48.460262 -736.296997 43.237019 13
-52.315117 -739.887695 34.433865 13
-49.977093 -736.630554 43.114170 13
-43.175758 -739.408203 0.540277 13
-59.546295 -740.762085 48.214748 13
-51.989967 -738.169006 38.697388 13
-44.228024 -740.650391 2.616047 13
-52.022808 -735.358521 48.675106 13
-45.179787 -740.441772 19.893587 13
-45.953293 -740.071350 11.075454 13
-53.742283 -736.310486 48.154930 13
-48.488865 -742.321167 42.122105 13
-58.411049 -741.075684 44.751732 13
-48.136604 -737.572388 33.584267 13
-49.426102 -742.708618 39.983990 13
-48.644642 -741.892578 24.771450 13
-47.358047 -740.512268 18.823797 13
-44.750614 -740.653809 14.789419 13
-58.209179 -738.212036 48.236328 13
-50.567253 -735.792542 47.099659 13
-50.288403 -738.537415 33.699562 13
-50.300934 -743.221252 43.312393 13
-44.465851 -739.235718 23.339373 13
-44.355061 -740.124207 13.236423 13
-53.514664 -737.405273 42.790260 13
-51.796070 -739.371643 34.260185 13
-46.606194 -740.175415 14.989131 13
-46.009525 -739.995483 6.154559 13
-46.370773 -741.928528 21.585285 13
-43.822903 -738.502747 3.612549 13
-47.388706 -740.728699 33.305138 13
-49.008011 -739.053650 27.289602 13
-45.560123 -740.495483 13.497008 13
-45.826500 -740.193542 9.465016 13
-45.177532 -738.293152 26.381697 13
-53.935066 -742.619690 36.301243 13
-45.166862 -738.345337 3.608707 13
-48.576511 -744.282593 29.950565 13
-48.267773 -739.749878 33.163342 13
-49.557751 -745.213318 33.026543 13
-47.464939 -739.031494 19.850605 13
-43.551094 -739.017883 1.491871 13
-54.675037 -739.472778 39.045059 13
-50.484386 -744.006714 47.614483 13
-49.211887 -743.054993 45.198044 13
-53.710728 -744.091553 37.303371 13
-44.365181 -739.826538 13.922727 13
-53.160423 -744.068115 35.663490 13
-49.392345 -743.187317 43.751530 13
-55.156345 -738.063904 42.947605 13
-55.271061 -742.526184 38.892925 13
-51.138023 -739.005310 33.672890 13
-45.479141 -740.447083 8.940785 13
-53.460384 -736.578674 46.090584 13
-57.793739 -737.768005 49.303062 13
-45.671188 -738.576843 19.751104 13
-51.857510 -742.826477 45.596062 13
-44.072750 -739.176392 28.090279 13
-50.965927 -737.617065 39.295967 13
-48.896282 -736.140442 43.649632 13
-46.699265 -739.838074 27.318247 13
-44.374424 -738.400635 29.396669 13
-58.809517 -739.464600 47.587185 13
-56.126251 -737.494995 45.831596 13
-49.695663 -735.731445 45.719204 13
-49.272839 -742.595764 26.717945 13
-44.025543 -739.790527 10.495539 13
-51.396336 -741.870605 42.558739 13
-45.778355 -740.595276 14.673427 13
-49.729561 -742.668884 39.065235 13
-55.116394 -739.823914 39.175034 13
-44.874828 -740.206848 18.064310 13
-46.789623 -740.882141 26.227964 13
-50.775612 -741.425842 39.751759 13
-44.366940 -740.358337 8.497863 13
-52.249035 -740.933044 33.206436 13
-58.276920 -743.404419 42.928921 13
-44.338154 -738.673767 27.747976 13
-49.734192 -737.001953 41.480335 13
-57.540882 -739.580383 44.197186 13
-49.863457 -743.464905 44.969894 13
-48.536961 -741.910339 33.085331 13
-54.252602 -741.155884 36.475883 13
-47.376663 -737.413086 34.949360 13
-53.053860 -735.363281 49.682011 13
-52.210026 -743.335876 33.264397 13
-57.742207 -741.039490 43.383137 13
-53.613907 -736.448120 46.898987 13
-46.206020 -739.974854 12.157184 13
-43.757915 -738.722473 4.759062 13
-48.713055 -742.462219 43.252598 13
-46.735558 -739.024292 14.387541 13
-44.573067 -737.839417 31.390379 13
-45.427483 -738.813721 18.959850 13
-52.474705 -738.991577 36.391499 13
-47.678616 -740.786560 20.682735 13
-50.389675 -736.148743 45.176449 13
-50.497601 -743.524353 44.816814 13
-47.763065 -740.172852 19.390850 13
-47.425755 -741.637939 28.465988 13
-45.583160 -740.463806 10.643174 13
-46.890388 -742.875244 25.471338 13
-44.392288 -738.190063 8.624823 13
-46.669983 -737.402588 30.228067 13
-45.494152 -737.735229 31.572876 13
-47.501945 -739.890198 16.659735 13
-46.528057 -738.737488 18.664274 13
-45.209702 -738.841675 20.741024 13
-45.476574 -740.981384 19.286127 13
-56.743114 -737.387756 47.610699 13
-49.961082 -737.884460 36.913139 13
-53.468422 -744.072266 36.569729 13
-46.660522 -738.687012 20.063570 13
-45.379326 -740.364868 6.034135 13
-57.468575 -737.637878 48.100929 13
-48.939739 -742.554382 40.706558 13
-51.065811 -743.981079 31.925335 13
-52.256855 -737.627930 40.628689 13
-51.805355 -738.951965 35.120720 13
-59.649490 -739.644592 49.208786 13
-47.069904 -743.317505 27.244242 13
-48.452259 -739.023315 25.372461 13
-45.582455 -738.683655 1.876117 13
-45.481525 -738.319214 10.721384 13
-45.191566 -740.434021 1.108468 13
-53.317520 -738.055847 40.470402 13
-43.972633 -739.189087 9.136659 13
-49.151920 -740.786438 25.586382 13
-44.203312 -738.213440 4.478938 13
-49.669880 -740.612305 27.295382 13
-48.028496 -743.118652 25.455359 13
-47.314445 -740.957825 31.928652 13
-45.434330 -741.056824 11.857760 13
-44.727699 -740.653503 5.475418 13
-51.252903 -743.721985 46.336845 13
-56.111652 -741.851868 40.331093 13
-50.136589 -744.760254 32.708168 13
-56.541702 -736.458557 49.056065 13
-52.909279 -736.125427 48.605358 13
-57.911816 -738.207947 47.668827 13
-46.888321 -737.547607 31.149368 13
-49.700996 -743.549194 28.851498 13
-48.361912 -741.789856 44.519535 13
-57.648674 -739.439636 44.992683 13
-46.819023 -737.367920 35.153702 13
-52.258045 -742.151245 47.613613 13
-46.419918 -740.131592 24.865419 13
-46.986599 -742.627930 24.254311 13
-59.150826 -741.277893 47.487324 13
-48.260876 -742.257935 39.718929 13
-51.887886 -743.655151 47.720020 13
-50.753376 -742.415161 41.098686 13
-48.869068 -737.997437 32.172920 13
-44.424419 -740.388123 9.630909 13
-57.923626 -743.763550 42.528168 13
-44.860138 -738.808594 15.741255 13
-48.096737 -738.244629 28.621086 13
-47.516373 -738.855774 22.073244 13
-47.159184 -738.566284 23.985722 13
-44.734108 -739.719849 20.858042 13
-45.027069 -738.407593 14.238822 13
-49.280754 -736.392639 43.542187 13
-53.571213 -745.137817 37.933380 13
-51.263500 -738.892822 34.448772 13
-44.295254 -738.349060 29.874773 13
-49.559612 -738.692932 30.862953 13
-47.642708 -737.764160 30.396231 13
-44.282578 -740.333374 6.827932 13
-49.841171 -740.799133 43.378925 13
-52.364838 -736.100159 47.893597 13
-43.869396 -739.127136 26.960371 13
-47.135799 -739.150940 16.290533 13
-54.884106 -736.399841 48.591942 13
-49.936794 -744.957458 33.115517 13
-49.867825 -735.840271 45.224010 13
-52.874447 -736.187134 48.043682 13
-51.140526 -735.307739 47.428410 13
-48.151154 -744.126099 29.495901 13
-50.213558 -740.579041 29.064112 13
-44.286007 -740.279297 6.355274 13
-50.813904 -743.759827 46.141075 13
-50.583721 -743.094727 42.363724 13
-47.660557 -738.579590 25.622412 13
-44.129047 -739.198730 11.421444 13
-56.067455 -740.409973 40.491993 13
-44.389656 -738.947021 13.370049 13
-45.984303 -740.083618 10.191040 13
-45.601334 -740.444519 11.409622 13
-54.484806 -736.274292 49.489208 13
-45.511761 -736.870544 36.155251 13
-55.395500 -736.486938 49.479576 13
-50.074169 -739.962341 28.657091 13
-48.123802 -741.290771 39.155373 13
-52.410042 -744.763428 35.832649 13
-45.020252 -740.809753 11.792427 13
-46.072479 -738.518127 18.063129 13
-56.115952 -736.654663 49.168617 13
-46.254589 -737.635193 30.603144 13
-46.855209 -738.423889 24.588221 13
-44.356701 -738.109863 6.142386 13
-45.446033 -740.395935 6.980513 13
-55.992760 -741.158508 39.956982 13
-45.200481 -740.661560 17.144135 13
-51.584614 -736.941040 42.976776 13
-45.438229 -740.965088 10.116920 13
-45.930431 -741.842834 22.700628 13
-47.073338 -742.363037 23.402449 13
-50.761597 -739.581543 30.973480 13
-46.525532 -736.616638 39.716259 13
-47.104382 -740.246521 16.863289 13
-49.594566 -736.333740 43.921913 13
-51.058876 -735.709229 47.899323 13
-57.521793 -738.813660 45.765640 13
-48.084831 -740.615601 20.860661 13
-57.944489 -740.428833 44.300182 13
-47.716259 -738.056763 28.862965 13
-46.574345 -739.632446 12.282701 13
-46.139595 -738.714966 19.466286 13
-48.647736 -742.435547 25.633093 13
-47.354439 -741.292419 26.625498 13
-44.164925 -740.583008 3.449116 13
-58.406830 -742.914734 43.676426 13
-48.791721 -742.423706 38.484955 13
-51.203510 -737.161560 41.489796 13
-46.257450 -742.227844 26.947254 13
-44.823078 -740.769470 13.857124 13
-50.750328 -743.893982 31.215916 13
-46.328003 -738.689087 17.124441 13
-47.778294 -739.339478 19.101599 13
-47.097366 -740.884827 28.988262 13
-50.314270 -737.779480 37.625145 13
-48.198845 -737.254700 38.280746 13
-58.076374 -741.591187 44.042530 13
-44.872272 -740.208679 20.189251 13
-51.976612 -735.834351 48.919323 13
-59.313087 -741.849792 45.805450 13
-43.377586 -740.085449 1.289197 13
-54.746078 -745.164734 39.056507 13
-51.458458 -742.081909 44.943920 13
-54.233982 -741.981567 36.737392 13
-44.577518 -738.314087 14.453862 13
-52.961281 -744.502563 36.252956 13
-51.196014 -737.945007 38.230507 13
-45.838577 -737.775818 27.938871 13
-45.093418 -738.146912 6.296948 13
-54.025036 -739.514404 38.197872 13
-47.816906 -741.799377 22.471714 13
-46.384567 -737.058044 37.125156 13
-47.738571 -738.737122 24.456097 13
-51.437233 -736.198486 46.699989 13
-50.695072 -742.059692 40.257317 13
-49.862541 -742.785767 27.969419 13
-48.472946 -741.393127 29.716702 13
-47.658497 -738.756104 23.940304 13
-45.534325 -738.538391 20.244118 13
-45.484539 -740.201660 5.608075 13
-58.178062 -738.538696 47.007668 13
-46.636578 -736.972778 37.888733 13
-48.243958 -741.331055 40.165684 13
-54.006493 -737.573914 42.677837 13
-45.708340 -739.805054 2.442852 13
-51.046833 -741.499146 30.387978 13
-44.411751 -739.008301 14.464691 13
-49.073826 -739.575867 35.134716 13
-46.586185 -737.224487 36.430828 13
-45.305599 -740.423645 3.547712 13
-48.544567 -739.713928 34.891941 13
-47.480694 -739.055969 19.327015 13
-46.237770 -740.584045 15.150247 13
-50.387852 -742.962952 40.993965 13
-47.436565 -739.851257 15.456412 13
-44.826939 -737.315491 33.723022 13
-57.201363 -738.464233 45.491123 13
-43.919022 -738.102112 31.462763 13
-49.226990 -744.142883 29.693119 13
-50.316727 -744.999146 34.541302 13
-46.357258 -739.248291 8.977491 13
-49.693726 -743.843628 48.141289 13
-43.383121 -738.859985 0.689361 13
-47.508259 -738.779785 23.107239 13
-48.637562 -742.387451 44.628807 13
-49.692337 -735.358337 45.268181 13
-45.576317 -738.075073 26.264505 13
-45.397087 -740.793091 20.495649 13
-47.921940 -739.731873 32.235828 13
-44.565315 -738.042114 9.481570 13
-51.676743 -744.128418 33.218864 13
-52.699669 -737.413269 41.983253 13
-45.401882 -738.325378 23.930775 13
-48.343559 -740.398193 22.170273 13
-43.617905 -738.817444 1.915371 13
-56.925690 -736.751221 49.009315 13
-57.474773 -741.797607 42.894367 13
-56.511562 -742.175720 41.063698 13
-45.932816 -740.616089 7.614193 13
-49.504982 -737.589355 37.395859 13
-53.224239 -742.213440 34.469120 13
-45.644852 -741.175903 22.955387 13
-54.838696 -742.593262 37.919041 13
-51.760075 -740.290527 33.143841 13
-53.927586 -742.216370 35.871864 13
-53.371319 -736.667725 45.646400 13
-49.741299 -743.035889 42.398880 13
-45.873859 -738.382812 21.951920 13
-44.605976 -739.904297 22.793941 13
-47.102612 -737.462280 33.147076 13
-47.765751 -739.841553 18.445242 13
-45.810238 -739.778442 4.906835 13
-44.084415 -740.462708 5.553297 13
-50.832146 -742.058838 29.771347 13
-55.557705 -738.286072 43.126068 13
-45.283962 -740.751404 17.609968 13
-46.079014 -736.737183 38.496464 13
-49.371319 -740.781494 26.377291 13
-43.595428 -739.535461 5.074605 13
-44.695744 -741.123474 11.321686 13
-50.951984 -736.966370 42.336639 13
-47.647339 -740.695190 19.505899 13
-45.740356 -741.754639 21.704140 13
-45.000114 -739.143311 19.743961 13
-55.989288 -736.982910 47.312954 13
-45.978802 -737.773193 27.208937 13
-44.573227 -738.386475 12.878861 13
-44.271194 -738.527893 30.719952 13
-54.099644 -738.350830 40.658184 13
-45.690178 -739.783081 0.867706 13
-54.872963 -739.085632 40.206615 13
-55.357784 -741.680237 38.609268 13
-59.016430 -740.638428 46.911297 13
-43.766567 -740.164734 9.074602 13
-47.548615 -741.299561 21.889494 13
-44.339859 -740.349792 8.992838 13
-56.580212 -740.499390 41.256954 13
-57.709072 -738.679871 46.178593 13
-44.966270 -736.948486 34.899590 13
-59.070316 -742.421265 44.897316 13
-43.797184 -738.845337 28.253117 13
-46.033802 -738.970337 2.181842 13
-49.187904 -742.321777 36.150269 13
-50.796692 -738.380005 35.801670 13
-51.187473 -744.192993 48.425236 13
-53.831738 -740.648132 36.269917 13
-56.369240 -736.941223 48.410778 13
-47.522076 -743.989014 29.791588 13
-49.209435 -742.885864 42.513874 13
-48.345310 -741.403381 23.226572 13
-48.702835 -737.391052 37.580029 13
-52.906956 -736.579834 46.364761 13
-53.176014 -739.944031 36.276859 13
-50.583462 -744.335510 32.014454 13
-49.809246 -743.860596 47.539757 13
-45.287750 -740.593262 15.337885 13
-56.757648 -737.828430 46.380581 13
-49.670074 -741.970276 27.256731 13
-48.480949 -739.800537 21.842533 13
-49.311024 -738.912659 29.322897 13
-59.130310 -740.649170 48.427502 13
-48.397793 -741.766602 43.985321 13
-53.469090 -738.876831 38.401989 13
-47.930138 -738.737793 25.274961 13
-46.668270 -740.226257 26.038046 13
-49.043179 -743.865662 28.381113 13
-57.742561 -740.366089 43.887497 13
-51.132343 -741.238220 46.182880 13
-58.738087 -738.895142 48.303165 13
-57.621288 -741.476562 43.309853 13
-52.919178 -745.165833 37.372154 13
-45.558483 -737.966064 28.450468 13
-54.813793 -738.650391 40.995968 13
-44.630840 -740.636658 2.149221 13
-44.904362 -740.389648 16.203253 13
-44.811363 -738.550232 27.106657 13
-56.871906 -737.251648 48.394077 13
-50.304211 -744.288574 31.493164 13
-54.557838 -739.821350 38.390217 13
-50.303268 -741.957336 38.643471 13
-44.655437 -740.667969 12.617082 13
-44.676083 -740.640869 2.817257 13
-47.186119 -738.493225 24.885269 13
-52.715237 -740.510864 34.478245 13
-47.127636 -740.207642 29.906937 13
-48.975014 -742.932922 43.995937 13
-43.870831 -739.825562 8.443413 13
-46.851631 -740.374939 28.226656 13
-44.428905 -738.193848 10.023654 13
-50.120026 -741.407288 37.522079 13
-51.031963 -744.884277 34.110569 13
-45.248211 -736.936829 35.661228 13
-51.409485 -738.369446 36.538010 13
-52.405857 -744.439758 50.944962 13
-44.386990 -737.912048 5.350552 13
-48.548340 -740.556396 22.846987 13
-46.904610 -741.071411 19.652315 13
-48.723400 -739.774902 36.747055 13
-47.392891 -741.510864 25.626005 13
-46.921322 -736.585632 39.919121 13
-48.400253 -741.294739 41.821472 13
-56.376457 -738.779236 43.037231 13
-52.553463 -739.858154 35.063351 13
-51.126900 -739.170349 32.657448 13
-43.775501 -739.020264 5.861623 13
-48.522743 -742.512146 36.020317 13
-50.602055 -735.306458 46.695667 13
-45.140759 -740.742126 0.745362 13
-49.649414 -742.876343 41.231541 13
-50.416569 -743.411865 44.165802 13
-44.172424 -740.182556 8.124259 13
-44.278778 -739.915955 16.426836 13
-45.785969 -740.522949 6.371537 13
-51.438774 -744.235962 48.836639 13
-49.035130 -737.378723 38.042049 13
-48.316719 -738.030518 30.675137 13
-45.257164 -738.292664 1.540450 13
-44.457844 -739.875305 23.936882 13
-44.477924 -740.723083 13.512814 13
-44.355640 -738.712708 12.146128 13
-48.670776 -737.208679 39.322670 13
-44.283379 -740.791077 14.748388 13
-50.647575 -743.945251 49.276299 13
-52.529949 -743.591919 50.356503 13
-45.254658 -738.671509 22.337034 13
-49.326908 -742.213562 34.915665 13
-49.115089 -742.939819 44.528904 13
-47.674801 -736.405823 42.210957 13
-44.431099 -739.637512 15.548292 13
-50.843975 -743.426147 30.359482 13
-52.077511 -737.947205 39.590466 13
-56.186111 -738.539551 43.457287 13
-43.109119 -739.015137 1.501937 13
-50.195393 -741.368042 28.603107 13
-43.421852 -739.388184 3.683721 13
-48.205818 -738.634583 27.158020 13
-52.028713 -738.720703 36.084911 13
-43.542118 -739.904419 4.347007 13
-43.645306 -739.990967 4.795305 13
-48.741634 -741.948730 45.228470 13
-47.193050 -741.216675 28.326725 13
-47.464939 -737.127319 37.848473 13