-46.218475 -739.504333 9.338209 13
-53.139881 -744.147034 51.746284 13
-44.075378 -737.688110 31.927637 13
-53.868347 -745.504944 37.954967 13
-48.459362 -735.854614 43.657581 13
-47.928658 -740.982361 21.098688 13
-57.518234 -739.257019 44.578728 13
-45.497478 -740.147461 -0.330557 13
-50.362747 -743.542358 29.408997 13
-50.907040 -738.252930 36.207245 13
-53.345642 -735.362244 50.060566 13
-50.083546 -743.441406 44.543564 13
-44.366993 -738.718872 15.874241 13
-43.961998 -739.425110 25.810097 13
-59.729881 -739.005859 50.046734 13
-55.444237 -740.144226 39.301910 13
-45.789047 -736.550842 38.206249 13
-48.222507 -742.246155 39.241302 13
-43.271328 -738.835815 4.673030 13
-48.478031 -738.461914 28.806326 13
-47.709621 -741.781128 33.795219 13
-57.663223 -743.962341 42.179871 13
-52.915653 -742.407715 33.858898 13
-53.204323 -736.752319 45.232018 13
-47.367271 -743.009399 25.529444 13
-51.833439 -737.471985 40.752014 13
-52.333641 -741.878418 47.997929 13
-48.178230 -737.642761 32.975666 13
-56.570740 -737.134399 48.050201 13
-49.848240 -745.329163 33.402740 13
-48.067829 -738.856750 24.739664 13
-44.641357 -741.139893 12.674102 13
-44.589684 -739.358459 19.738630 13
-50.824753 -740.075684 31.473320 13
-47.783726 -739.552063 17.546350 13
-48.337746 -740.570129 42.754776 13
-43.684158 -737.198853 1.276883 13
-59.211624 -741.679382 46.904720 13
-54.901329 -738.128479 42.424248 13
-50.259418 -735.623779 46.775478 13
-46.883671 -743.651306 28.984554 13
-51.172710 -741.526489 40.938820 13
-48.457375 -736.904846 40.367973 13
-45.904625 -740.425598 3.064719 13
-49.360310 -743.673279 47.884140 13
-47.248280 -739.363953 14.157310 13
-44.819023 -737.806335 12.023806 13
-53.668182 -740.181152 36.417713 13
-49.876904 -741.551392 36.350834 13
-45.124367 -738.174377 28.691179 13
-45.171242 -737.484070 35.075932 13
-49.638069 -741.091003 27.133570 13
-45.577427 -741.113892 23.421665 13
-45.371071 -740.759460 6.403601 13
-47.145130 -740.790405 30.690050 13
-55.590450 -743.375488 39.730392 13
-56.850658 -740.882263 41.986561 13
-44.722866 -737.840515 7.217151 13
-52.077168 -744.886658 35.524345 13
-47.956104 -737.431580 36.266579 13
-46.724586 -740.242554 27.046320 13
-46.332863 -738.541077 22.122665 13
-49.206997 -739.544800 38.626293 13
-58.337543 -741.958923 44.171310 13
-43.411217 -740.169983 1.750254 13
-54.047146 -742.989868 36.653713 13
-51.994312 -739.767151 34.081581 13
-51.685352 -744.249329 49.349567 13
-51.206062 -741.066345 45.527847 13
-48.291210 -744.392334 31.273636 13
-45.446083 -741.044006 17.287214 13
-58.445320 -739.034363 47.295807 13
-51.153160 -736.849854 43.351330 13
-53.149017 -738.611145 38.628582 13
-51.501228 -743.660156 31.921879 13
-48.962662 -739.586853 34.701187 13
-46.707687 -737.380005 30.704018 13
-43.676910 -738.736267 9.777687 13
-55.835934 -737.391113 45.462971 13
-53.961395 -736.451660 47.739582 13
-49.305775 -742.980286 42.083588 13
-48.265068 -741.316528 23.664501 13
-46.043831 -737.890015 26.140818 13
-51.592278 -743.908020 46.648438 13
-45.780296 -741.662231 20.063166 13
-46.522125 -739.725586 11.830981 13
-46.980392 -738.826904 19.735853 13
-48.471676 -741.670776 44.988380 13
-51.562267 -741.989807 43.299858 13
-50.850445 -737.728271 38.570496 13
-47.736900 -740.605896 36.913990 13
-45.003395 -738.210449 3.039275 13
-44.302422 -740.763733 8.708462 13
-48.823730 -743.306580 27.361269 13
-45.236984 -740.674377 14.908142 13
-50.442406 -740.978088 29.330832 13
-50.428890 -741.514038 38.678368 13
-47.873890 -741.568420 28.568411 13
-55.456108 -736.200989 49.846989 13
-51.879322 -735.727966 48.383305 13
-45.117241 -738.661194 24.028135 13
-45.623203 -738.777222 17.808090 13
-49.315876 -738.471313 31.213396 13
-47.797787 -739.857788 32.676716 13
-48.363598 -740.314514 40.518269 13
-48.433071 -739.395142 22.615108 13
-44.064667 -738.982300 13.711312 13
-50.222473 -738.580322 33.204433 13
-48.754234 -741.864624 31.879478 13
-45.940945 -737.488037 33.038059 13
-44.658081 -740.033875 21.795103 13
-58.239647 -737.573120 49.413994 13
-54.331848 -738.640686 40.408798 13
-55.115906 -741.951843 38.193913 13
-48.655071 -737.329773 38.282032 13
-48.872150 -739.053711 26.803289 13
-46.024567 -739.367188 4.910493 13
-46.273514 -742.516357 27.293085 13
-43.620300 -739.573608 6.679894 13
-44.316967 -740.737305 4.571100 13
-45.193958 -740.926025 10.643688 13
-59.494568 -740.570862 48.657990 13
-45.829433 -741.566040 25.463385 13
-53.152161 -737.261414 43.098007 13
-50.046093 -740.665466 43.848507 13
-49.526211 -736.842529 42.153690 13
-51.921223 -741.664673 32.074875 13
-46.275333 -739.123657 7.340580 13
-49.209667 -740.391846 25.291594 13
-46.624203 -738.798645 16.118204 13
-47.152161 -741.028992 18.724829 13
-50.035957 -736.104736 44.861961 13
-43.739563 -738.365662 30.083843 13
-46.831905 -742.148560 22.247597 13
-46.569576 -736.373779 40.129066 13
-49.860001 -742.808044 40.179493 13
-56.619461 -739.096130 42.811031 13
-52.034191 -744.212891 33.701363 13
-44.044125 -739.566162 11.704526 13
-47.416328 -736.220825 41.859669 13
-56.618038 -742.619934 41.199890 13
-46.427090 -739.742493 25.125311 13
-48.181347 -742.069092 35.616138 13
-46.879475 -737.889587 27.930340 13
-55.949863 -739.457825 41.067390 13
-48.686195 -742.565125 37.421513 13
-47.137791 -737.406799 34.538727 13
-47.158367 -739.824646 28.873938 13
-58.541691 -740.318298 45.778904 13
-49.006405 -737.712708 34.664795 13
-53.194355 -743.174744 49.630775 13
-43.794327 -738.999512 27.632408 13
-51.748348 -742.808533 45.130035 13
-49.043022 -743.144836 46.116745 13
-51.971691 -736.348816 46.564781 13
-55.129482 -745.109863 39.332527 13
-43.001652 -738.967896 0.402127 13
-44.809734 -738.054382 5.363426 13
-54.536224 -743.738647 38.257843 13
-49.913933 -739.580933 28.198755 13
-45.109447 -740.745422 1.473950 13
-48.627468 -744.162292 29.503708 13
-52.505402 -738.868042 36.848961 13
-45.845634 -738.543762 13.311561 13
-48.929874 -742.121887 25.770031 13
-51.231155 -742.395020 30.501936 13
-53.666466 -741.689209 35.433487 13
-46.161987 -737.197571 36.555996 13
-54.673592 -737.293335 44.087002 13
-57.112804 -738.037170 46.542721 13
-50.137688 -744.407837 30.966459 13
-45.304764 -738.219055 10.291865 13
-47.467613 -740.520142 35.045071 13
-56.464832 -744.484680 40.800312 13
-46.615475 -742.444946 24.009659 13
-49.124138 -739.506836 36.737453 13
-50.166264 -737.232178 40.232243 13
-50.216785 -739.350342 29.999454 13
-43.255871 -738.785583 2.814798 13
-54.342426 -739.796326 37.995026 13
-47.261272 -740.340027 15.597420 13
-45.767181 -739.133850 1.769347 13
-53.099529 -743.516235 35.304668 13
-55.997559 -741.654907 39.911213 13
-48.433495 -742.012573 40.931095 13
-49.902718 -740.493896 42.053139 13
-57.503052 -742.330078 42.720730 13
-50.068871 -742.378723 28.166458 13
-48.480865 -741.653625 30.156317 13
-44.141266 -740.332947 16.316078 13
-57.625076 -740.553162 43.493134 13
-53.324585 -737.739807 41.494648 13
-47.994492 -740.688232 38.557056 13
-53.239727 -744.471863 36.677074 13
-45.973499 -740.620056 8.114602 13
-43.846359 -740.403748 0.170119 13
-48.908245 -742.628479 43.670197 13
-46.033760 -740.270935 13.471640 13
-46.759335 -738.484436 23.766836 13
-49.506210 -741.932800 34.624451 13
-44.527992 -740.172607 24.386932 13
-47.413494 -741.444458 26.056509 13
-49.508495 -737.643250 36.881367 13
-48.399071 -739.564941 20.187599 13
-50.614235 -745.206055 34.851589 13
-45.255180 -740.645813 18.896748 13
-54.542572 -736.681335 46.220428 13
-51.584373 -736.643127 44.946659 13
-56.099823 -738.189392 44.064564 13
-44.382637 -737.478271 33.544460 13
-43.581516 -738.812561 8.129259 13
-44.672165 -737.870850 8.839312 13
-45.165508 -737.811768 30.603020 13
-47.557358 -738.398682 26.192039 13
-50.670635 -743.231873 42.854298 13
-45.566410 -741.341064 21.732069 13
-52.205494 -743.498169 48.063236 13
-48.108654 -737.968506 30.289698 13
-45.654331 -738.678040 20.672739 13
-44.326481 -740.410889 3.026454 13
-45.554977 -738.583496 14.857812 13
-47.219517 -737.003479 38.854313 13
-52.060658 -742.004822 46.456268 13
-54.474602 -741.453552 36.788914 13
-50.868870 -738.634460 34.708424 13
-58.832478 -738.849731 48.772049 13
-47.547523 -738.939331 21.288910 13
-52.572868 -739.592773 35.504337 13
-59.251629 -742.052917 45.399570 13
-43.911057 -740.208984 10.304539 13
-50.783428 -744.124451 48.062984 13
-51.909004 -744.350464 50.823112 13
-52.892536 -740.935242 34.350361 13
-58.324169 -743.334045 43.467632 13
-47.463779 -741.244629 32.271358 13
-47.801449 -739.541443 31.111214 13
-48.937119 -739.933105 23.887461 13
-44.788280 -738.542114 26.649376 13
-55.300110 -736.421021 48.367649 13
-51.604687 -740.333008 32.704460 13
-46.688232 -741.000854 24.391891 13
-44.973915 -737.983765 1.308500 13
-47.331570 -743.496399 27.587666 13
-57.834450 -737.934692 48.043797 13
-50.992481 -737.078613 41.887653 13
-46.138447 -739.789429 23.681324 13
-53.013527 -738.040588 40.106895 13
-46.754124 -740.528320 16.986132 13
-54.104439 -736.268066 49.225498 13
-50.344273 -743.725037 45.948063 13
-45.058540 -740.504089 20.499151 13
-46.322304 -737.707092 29.299856 13
-48.802219 -744.808655 32.566532 13
-44.687943 -739.853882 17.745323 13
-55.792923 -737.000854 46.839680 13
-50.422115 -744.543884 32.360245 13
-49.526485 -742.608521 38.623165 13
-48.312233 -742.478821 24.473083 13
-59.028351 -740.324402 47.290771 13
-49.739838 -736.559875 43.521873 13
-47.776901 -737.638916 31.611736 13
-50.508411 -742.782776 41.429409 13
-57.899342 -739.023621 45.956799 13
-45.735718 -738.546631 19.218065 13
-44.547363 -739.171570 22.876146 13
-48.509743 -741.878235 42.331806 13
-47.933033 -739.821655 18.910894 13
-44.286922 -740.650757 7.247171 13
-44.418812 -740.359619 13.789143 13
-47.276955 -737.214661 37.444172 13
-47.032524 -741.091370 20.073309 13
-48.392342 -740.759216 22.426529 13
-52.053284 -737.988098 39.145870 13
-52.160896 -743.039917 32.904663 13
-43.715050 -738.533142 1.481073 13
-46.924675 -738.850037 18.399109 13
-56.868618 -738.277161 45.228828 13
-45.865845 -738.543091 11.581041 13
-51.491940 -738.208618 37.488060 13
-56.264759 -737.186707 49.362862 13
-47.449635 -744.048401 30.297981 13
-54.351921 -739.150391 39.172661 13
-48.988216 -742.041443 33.392857 13
-43.678169 -739.906738 5.389344 13
-45.632999 -737.898254 27.483747 13
-47.239063 -740.518799 33.748745 13
-46.802124 -738.295654 25.104002 13
-49.350803 -743.576843 28.536404 13
-46.042599 -739.835144 10.602057 13
-56.340858 -740.673340 40.784958 13
-45.956070 -737.677307 31.733908 13
-46.018444 -740.339783 22.454004 13
-50.322498 -738.924438 31.949059 13
-45.433578 -740.550537 9.404814 13
-45.875904 -740.681946 16.050238 13
-44.345043 -737.902161 4.148202 13
-44.266922 -739.752258 15.080901 13
-45.500000 -740.533264 11.898976 13
-52.279415 -737.264893 42.081715 13
-47.372673 -741.332153 27.345779 13
-53.327511 -736.475830 46.545849 13
-44.898094 -738.624084 25.295950 13
-49.938721 -742.056152 37.536900 13
-47.984859 -738.433167 27.488905 13
-43.534702 -739.893250 3.895077 13
-50.962528 -741.054199 30.521364 13
-44.131897 -738.948364 29.025167 13
-49.689739 -737.337280 39.029476 13
-50.633072 -742.292908 29.367216 13
-49.165791 -738.636292 29.899239 13
-48.356331 -741.491699 43.634212 13
-48.294304 -740.018005 35.881630 13
-45.874973 -739.510315 6.175780 13
-52.901196 -745.624878 37.090485 13
-58.173420 -740.676514 44.630768 13
-46.553104 -741.847778 21.043074 13
-48.858055 -742.929688 44.899742 13
-51.211723 -743.021484 44.011837 13
-45.913143 -740.471802 4.334962 13
-49.794102 -737.975952 35.678680 13
-47.178535 -741.018677 29.452629 13
-52.285294 -736.922424 43.920925 13
-52.711876 -736.253723 47.608387 13
-48.685364 -739.498108 21.398788 13
-47.947308 -741.584412 37.653038 13
-45.840893 -738.668823 8.410180 13
-52.910721 -735.909058 49.035404 13
-46.068832 -739.310730 3.674761 13
-49.194832 -738.168945 32.512627 13
-44.059708 -738.485962 6.245713 13
-50.857239 -736.198364 45.853554 13
-44.298813 -738.671814 10.858517 13
-46.196800 -742.710938 25.801857 13
-49.490532 -742.310974 27.044983 13
-51.213329 -741.934875 42.111084 13
-51.339916 -739.108948 33.250122 13
-44.880493 -738.073303 13.951296 13
-52.469166 -741.351135 33.271500 13
-50.940491 -744.771729 33.669834 13
-48.400028 -736.396729 42.539879 13
-50.613918 -741.880737 39.834476 13
-48.878159 -739.232422 25.589390 13
-44.842220 -741.108276 0.291351 13
-47.086357 -737.304688 32.554356 13
-45.172821 -738.786072 21.865841 13
-45.476482 -738.820007 16.489611 13
-46.438763 -740.566467 14.727806 13
-48.682331 -741.364685 24.812674 13
-47.789856 -741.732605 31.139332 13
-49.532883 -740.007385 26.437700 13
-43.976891 -739.661377 9.036808 13
-55.145039 -740.738708 38.149529 13
-48.097683 -743.850891 28.454317 13
-50.997501 -743.549438 30.740274 13
-48.404438 -740.950073 41.544331 13
-51.480007 -741.644714 44.509510 13
-46.706989 -739.348572 13.055550 13
-48.721722 -739.608337 33.401192 13
-45.936771 -739.442078 0.627482 13
-55.033665 -738.706421 41.393635 13
-48.008247 -743.296997 26.491117 13
-47.413021 -738.772827 22.653137 13
-50.247421 -744.059143 49.117290 13
-45.356865 -738.494751 4.321015 13
-53.341877 -739.290161 37.555595 13
-47.542519 -739.494446 16.386576 13
-51.773617 -738.735291 35.564854 13
-44.360344 -740.822937 11.458927 13
-47.545929 -737.887512 29.263243 13
-51.264004 -735.861450 47.373516 13
-46.337326 -737.324646 35.403328 13
-50.347939 -741.389160 44.790718 13
-57.357445 -736.808716 49.152931 13
-52.812958 -743.630371 50.703686 13
-50.007824 -741.136658 28.247730 13
-44.773327 -740.315491 22.952843 13
-44.385323 -738.740540 12.573903 13
-53.302536 -740.584473 35.378468 13
-48.537319 -740.009216 37.789467 13
-52.929356 -742.730774 48.586796 13
-49.074005 -739.647827 39.882561 13
-47.060822 -740.187195 31.748846 13
-48.910912 -735.772949 44.734520 13
-55.221619 -739.371765 40.143280 13
-45.061752 -736.916626 36.074905 13
-44.590263 -739.251343 20.933182 13
-45.257675 -740.444153 5.306635 13
-47.507580 -742.128418 23.347193 13
-46.613316 -740.633850 25.851725 13
-45.405121 -738.473816 6.322453 13
-51.152390 -737.569031 39.733597 13
-46.773438 -738.815308 17.254023 13
-49.876728 -735.292419 45.670544 13
-46.027061 -737.447632 34.228951 13
-48.199116 -741.120117 39.741241 13
-46.992249 -740.793396 28.316759 13
-46.122330 -741.073608 18.260538 13
-49.894077 -737.609070 37.954372 13
-53.468929 -737.044373 44.171532 13
-49.414680 -736.971619 41.039574 13
-53.987701 -744.453857 37.546448 13
-52.171295 -743.005554 47.012272 13
-46.638142 -738.873291 14.981359 13
-54.400871 -736.944275 45.134830 13
-52.573917 -744.301453 34.687092 13
-49.292107 -742.250671 35.681007 13
-50.207294 -743.899780 47.116528 13
-44.289680 -739.924133 12.757763 13
-44.369453 -740.697571 5.925819 13
-48.987068 -738.945557 27.938335 13
-54.471531 -742.752075 37.654476 13
-45.372044 -738.388062 22.990860 13
-55.239433 -742.995728 38.730671 13
-48.249386 -737.092773 39.289024 13
-49.261898 -738.002380 33.620457 13
-44.960991 -739.194153 18.617128 13
-56.971745 -743.661682 41.371948 13
-48.414917 -736.668274 41.472252 13
-51.731178 -742.604187 31.525888 13
-47.413670 -736.648193 40.850044 13
-48.035725 -737.508484 35.173229 13
-45.793068 -741.712830 24.324846 13
-46.905880 -743.101807 26.614452 13
-54.317299 -744.752991 38.624535 13
-43.865501 -739.889160 7.966284 13
-55.438530 -741.321655 39.021156 13
-49.698940 -744.222717 29.953701 13
-55.637634 -744.416504 40.045734 13
-59.296242 -739.843628 49.461990 13
-54.248466 -737.478210 43.095390 13
-55.777996 -738.777771 42.176426 13
-46.095612 -742.036865 23.121748 13
-47.284290 -739.825623 30.207846 13
-56.641922 -739.786560 41.959225 13
-47.917717 -738.936157 23.618084 13
-44.334709 -737.958374 2.209099 13
-48.311596 -742.251343 34.552353 13
-45.752872 -740.084961 7.164869 13
-47.758064 -741.699280 21.959469 13
-44.884109 -737.770081 32.632748 13
-47.650597 -741.138000 35.920410 13
-55.263287 -737.942139 43.413811 13
-49.231625 -742.738464 41.042053 13
-48.114265 -737.518372 34.095348 13
-51.309910 -741.250183 46.616360 13
-49.362183 -744.656616 31.653837 13
-50.321705 -741.078308 37.289425 13
-51.575829 -744.765625 34.536030 13
-47.776871 -740.362976 19.831564 13
-44.572884 -739.340759 16.736607 13
-57.210938 -739.541443 43.590996 13
-44.378841 -738.620789 14.725494 13
-48.191978 -741.985779 36.673035 13
-54.981045 -744.066772 39.174252 13
-59.131886 -739.688843 48.141506 13
-45.785442 -738.117004 24.860273 13
-48.028099 -739.940491 34.164303 13
-49.802341 -743.182007 43.475765 13
-48.366062 -737.355469 37.264843 13
-54.979156 -736.555603 47.355991 13
-45.024067 -740.690918 3.780319 13
-59.058189 -738.291199 49.631275 13
-48.806282 -742.571411 40.064781 13
-44.250511 -738.375488 31.142628 13
-46.773785 -738.056091 26.887892 13
-54.325024 -740.470459 37.184288 13
-43.446880 -739.814819 2.738830 13
-48.106026 -742.000671 32.838665 13
-56.138329 -743.487244 40.610199 13
-52.498337 -743.373169 34.192669 13
-44.741306 -738.417786 27.700962 13
-46.276672 -736.649353 39.171444 13
-59.508392 -741.142212 47.778515 13
-45.448040 -736.744202 37.249706 13
-49.937798 -738.172058 34.576405 13
-51.338024 -744.208130 32.789173 13
-58.753696 -742.712891 44.755146 13
-49.641174 -739.133057 29.127779 13
-44.110561 -740.731323 1.171559 13
-51.003563 -743.538757 45.021114 13
-44.699280 -738.169434 29.749599 13
-52.050049 -745.216125 36.521435 13
-58.874695 -741.292603 45.985378 13
-53.315338 -742.495544 34.802574 13
-50.219131 -740.002563 29.107361 13
-45.504349 -740.088501 2.159651 13
-51.389229 -740.958923 31.508915 13
-50.657131 -736.596802 44.211216 13
-46.895092 -737.475952 33.544575 13
-50.519108 -737.980896 37.239540 13
-51.172691 -739.423340 32.297768 13
-50.476505 -739.224487 31.007090 13
-49.375351 -742.368774 36.697266 13
-56.981785 -741.954407 41.942249 13
-42.923950 -738.014404 1.122913 13
-52.293777 -738.397095 38.085697 13
-44.529781 -740.835144 9.773966 13
-47.713226 -741.479614 34.835964 13
-57.393047 -741.347412 42.896259 13
-47.523674 -740.481201 17.833899 13
-49.284389 -741.238342 26.192877 13
-56.471535 -741.605713 41.128754 13
-44.007084 -738.227356 3.262160 13
-51.398350 -745.625671 35.325523 13
-49.235550 -743.044006 47.113640 13
-52.603714 -744.211670 49.913704 13
-44.286606 -740.768372 15.201982 13
-54.277115 -738.006836 41.575859 13
-46.651169 -742.965515 28.296268 13
-52.505215 -743.618164 49.084709 13
-43.312645 -738.877380 5.709112 13
-46.316586 -741.207886 19.228941 13
-46.070950 -739.628357 8.212575 13
-47.108810 -739.613037 27.718561 13
-51.798706 -741.844299 45.440052 13
-45.058270 -738.075562 12.966627 13
-58.494141 -739.622375 46.477184 13
-44.052216 -738.561646 7.292946 13
-48.553257 -740.158020 39.221783 13
-57.117100 -740.151428 42.742657 13
-47.437534 -736.750977 39.842793 13
-50.307316 -736.797791 42.757263 13
-53.698540 -736.312622 50.125908 13
-46.645279 -738.676208 21.037447 13
-48.885750 -737.631958 35.839642 13
-48.743629 -742.258667 45.747223 13
-44.521282 -737.768738 9.902316 13
-55.566467 -742.404541 39.438660 13
-53.651791 -738.522827 39.467651 13
-45.970188 -737.787048 28.392551 13
-49.117619 -744.446411 30.741697 13
-43.306667 -739.861633 0.839791 13
-53.726067 -742.830566 35.755417 13
-48.468967 -742.154846 38.276558 13
-49.838512 -741.416565 35.390675 13
-55.481998 -737.582214 44.586685 13
-49.584114 -743.467651 45.384491 13
-45.312729 -740.276794 0.636720 13
-52.315090 -736.542603 45.696426 13
-45.020542 -737.860352 31.579086 13
-52.044353 -737.073486 42.991840 13
-57.096088 -737.690796 47.444164 13
-50.484505 -740.275391 30.002869 13
-58.581211 -741.441284 45.071835 13
-44.207741 -739.437378 26.750847 13
-44.115257 -738.650574 8.899206 13
-49.244114 -737.152222 39.857647 13
-57.310108 -737.783508 49.296471 13
-51.873215 -743.036987 46.094391 13
-45.038273 -740.425232 16.653946 13
-45.026009 -740.678101 7.870984 13
-57.265793 -743.010132 42.086674 13
-46.321690 -737.050964 37.577019 13
-44.203102 -739.353088 24.875233 13
-55.917702 -740.093689 40.172497 13
-56.062332 -742.564148 40.341732 13
-53.905880 -741.057983 36.122967 13
-48.856964 -742.765015 26.462332 13
-44.449047 -739.435913 23.777685 13
-56.350563 -737.545288 46.266525 13
-50.797455 -737.263184 40.978096 13
-44.575741 -737.787903 11.013269 13
-46.224850 -742.362549 24.913485 13
-50.185104 -742.765137 39.285496 13
-46.718639 -739.271606 10.985404 13
-46.985313 -740.218018 13.835289 13
-52.961929 -744.488770 35.753304 13
-57.826008 -738.287231 47.169064 13
-49.755169 -740.044922 27.358974 13
-45.323063 -740.816528 13.766573 13
-58.088745 -739.773315 45.146477 13
-49.768673 -743.196289 27.782341 13
-48.264229 -742.771790 25.670036 13
-51.855465 -739.038757 34.655804 13
-52.155815 -740.487610 33.445187 13
-56.837437 -738.748596 44.109386 13
-46.454830 -738.810425 14.059277 13
-53.649094 -737.571533 42.364929 13
-47.703087 -738.157288 28.360239 13
-44.222027 -740.492493 2.079129 13
-51.036205 -744.387146 50.020641 13
-55.958515 -738.480408 43.071011 13
-46.556820 -739.740662 26.141800 13
-52.544544 -740.166321 34.762238 13
-49.081203 -739.568848 24.736395 13
-47.031200 -737.280396 36.230228 13
-44.063087 -738.378540 4.916535 13
-47.730003 -743.982361 29.340445 13
-49.064404 -739.541138 35.750706 13
-54.557186 -735.953491 49.983555 13
-53.567734 -743.669373 36.102413 13
-48.624424 -737.971985 31.764965 13
-47.340816 -739.458130 15.195115 13
-44.726254 -737.833740 6.260536 13
-43.626411 -738.987610 3.639666 13
-47.396610 -742.645813 24.460815 13
-45.093399 -737.425232 34.160500 13
-46.193169 -738.825684 12.398741 13
-47.682560 -741.779419 29.604492 13
-54.132336 -742.153259 36.269073 13
-51.582001 -743.961426 47.568939 13
-53.020672 -739.518066 36.430347 13
-45.430172 -738.332092 9.170122 13
-46.877918 -737.535400 31.646803 13
-45.516911 -741.212952 20.834093 13
-50.618019 -742.368408 40.595768 13
-50.708435 -744.094360 31.620275 13
-45.916161 -738.190857 23.932407 13
-52.387222 -742.144104 32.824574 13
-45.142715 -738.152161 8.110595 13
-46.207764 -740.192932 12.585495 13
-49.566490 -740.770935 42.848965 13
-50.760242 -742.964844 29.974882 13
-47.161179 -741.407532 25.192385 13
-45.602390 -737.880615 29.811291 13
-46.023300 -742.144897 26.518742 13
-48.763603 -741.275635 29.392876 13
-47.891472 -741.393005 22.839079 13
-44.848663 -740.209106 19.616110 13
-48.299019 -744.353027 30.358906 13
-51.757278 -741.814575 47.294380 13
-57.892353 -743.237427 42.687405 13
-51.641636 -744.104736 48.453449 13
-51.535511 -741.778931 31.201000 13
-48.190514 -740.154053 20.860365 13
-44.973362 -740.521973 15.734705 13
-58.857075 -739.255005 49.955299 13
-48.677929 -740.595703 23.335056 13
-57.834671 -741.393372 43.679138 13
-45.280529 -740.556519 21.372910 13
-53.728214 -738.073608 40.712517 13
-54.799686 -739.846741 38.758327 13
-58.539207 -738.474365 47.985687 13
-45.148113 -740.582703 18.009081 13
-54.304363 -743.621460 37.394165 13
-58.116894 -742.435059 43.456696 13
-53.252708 -736.288696 48.296974 13
-53.813011 -739.161987 38.419922 13
-45.659740 -741.462646 22.605091 13
-48.423717 -740.044983 36.913128 13
-48.872635 -742.665344 42.779396 13
-56.112728 -736.650391 48.653820 13
-47.770794 -739.285461 19.576670 13
-57.771393 -739.999512 44.170689 13
-47.576714 -739.066895 20.417225 13
-46.175129 -740.273438 9.810515 13
-52.665516 -737.729126 40.851234 13
-45.640625 -740.923340 12.659979 13
-47.780472 -737.157532 38.172119 13
-51.804417 -738.556091 36.426670 13
-45.370373 -740.916687 19.788118 13
-43.506668 -739.304871 1.879186 13
-49.678699 -744.963623 32.619926 13
-46.988914 -737.656433 29.898476 13
-48.305725 -741.211914 40.602924 13
-57.262863 -737.432068 48.506500 13
-45.855602 -739.542480 2.856285 13
-51.206009 -743.628723 45.885597 13
-46.918427 -741.040771 26.661892 13
-49.679806 -743.609802 46.495651 13
-45.918301 -738.441284 15.623790 13
-52.461006 -736.748596 44.787670 13
-58.284710 -738.130127 48.758018 13
-52.123329 -737.757690 39.985210 13
-44.059738 -739.343262 10.291662 13
-44.406918 -738.500122 11.721769 13
-46.318546 -740.676147 23.494734 13
-48.138546 -738.789917 25.671762 13
-55.775112 -736.725769 47.678707 13
-48.643856 -741.772217 31.021694 13
-50.044048 -745.077820 34.199532 13
-48.050812 -741.550049 38.747837 13
-48.724827 -740.744080 24.208214 13
-50.298424 -742.878357 28.835371 13
-52.775761 -744.481445 50.702129 13
-55.346169 -736.969666 46.081970 13
-47.207806 -737.374329 35.405022 13
-47.547249 -741.270081 33.126419 13
-49.351124 -743.148987 44.216515 13
-48.754242 -742.398438 41.695885 13
-48.284496 -739.508179 32.073475 13
-55.797756 -740.870789 39.653881 13
-47.265171 -738.559937 24.444307 13
-48.286793 -740.247864 21.708712 13
-52.433537 -743.238342 50.014233 13
-48.533909 -742.120300 44.230881 13
-52.459080 -742.729309 47.785610 13
-50.186306 -737.025330 41.620480 13
-44.304615 -738.336182 8.145953 13
-46.574104 -739.120178 9.997852 13
-50.142490 -743.078979 42.197010 13
-48.205002 -739.979797 35.043289 13
-44.954708 -740.669556 2.459893 13
-52.179737 -735.503967 49.156548 13
-54.458515 -736.306274 48.403698 13
-46.059986 -742.041626 21.943464 13
-44.552731 -740.899658 14.410437 13
-56.177437 -736.264221 49.431061 13
-53.352890 -745.004028 37.466087 13
-46.215714 -738.568848 23.144634 13
-45.308983 -738.216980 25.921814 13
-49.165482 -736.239136 44.045971 13
-53.212978 -741.713135 34.442814 13
-45.681351 -739.854065 1.308233 13
-45.292896 -738.835999 19.928274 13
-48.531906 -739.210083 24.105907 13
-54.983227 -736.317200 49.158009 13
-54.120995 -736.476013 46.907135 13
-50.758865 -738.704590 33.896832 13
-47.231686 -740.504639 32.925449 13
-46.396725 -740.156311 24.399841 13
-49.371101 -742.666016 39.469902 13
-54.730915 -741.471863 37.585968 13
-58.882011 -740.623047 46.463612 13
-45.838661 -740.568420 11.028325 13
-47.235626 -741.383362 21.340446 13
-46.159256 -738.715698 20.018162 13
-56.165432 -737.949097 44.912525 13
-48.931900 -736.382935 43.226223 13
-50.163696 -737.973450 36.472179 13
-50.947430 -742.714600 42.253731 13
-50.858334 -741.642090 29.933527 13
-48.314445 -741.900879 40.036041 13
-49.840679 -741.708862 27.650211 13
-44.787529 -740.007690 18.561506 13
-52.867947 -738.188171 39.303745 13
-50.516697 -738.287537 35.432102 13
-47.615181 -741.459473 30.355314 13
-44.363632 -739.520935 14.290239 13
-50.469059 -737.538879 39.268543 13
-49.977089 -743.568115 48.520779 13
-46.203918 -738.449097 16.739386 13
-49.147503 -737.430298 37.609329 13
-45.819611 -740.152100 8.785288 13
-45.072224 -738.458923 15.508630 13
-53.825806 -736.680237 45.779140 13
-44.240372 -740.338867 3.839218 13
-46.567356 -736.846375 38.371582 13
-51.624401 -738.028687 38.392502 13
-45.902908 -737.685730 30.909483 13
-47.318192 -741.123657 31.472452 13
-47.537621 -737.652222 30.827507 13
-48.038765 -740.741882 37.755230 13
-45.688755 -738.355591 1.551664 13
-46.095333 -738.702576 18.476843 13
-48.467518 -738.285583 29.611103 13
-52.379745 -744.151245 51.475498 13
-57.462578 -738.816589 45.265907 13
-45.630878 -738.756470 5.594228 13
-49.731682 -738.909424 30.493484 13
-48.128948 -738.638855 26.690849 13
-51.642376 -742.331909 44.053093 13
-44.404331 -739.645020 15.992329 13
-53.769203 -739.856506 37.158291 13
-51.492744 -736.780396 44.153553 13
-46.441372 -739.232544 21.725864 13
-44.396137 -740.767639 10.659344 13
-47.906704 -739.095825 21.996902 13
-46.462273 -740.424805 15.582710 13
-46.744717 -740.718506 17.869774 13
-47.575153 -740.142334 17.049059 13
-49.413902 -739.324341 27.343962 13
-45.787716 -738.410706 21.507452 13
-51.196117 -742.710083 43.226974 13
-50.805035 -736.395020 45.083324 13
-44.258926 -738.767029 28.241674 13
-46.806095 -738.226685 25.907650 13
-56.414898 -737.291260 47.267490 13
-43.611725 -739.585754 4.633402 13
-45.246174 -738.195923 11.115063 13
-47.005943 -740.011169 14.742278 13
-50.989204 -736.043274 46.631435 13
-43.877838 -740.314209 6.586383 13
-50.281971 -741.793457 28.676184 13
-54.486183 -742.248596 37.023243 13
-50.536270 -743.350525 43.739864 13
-45.146954 -740.680969 8.659760 13
-45.817268 -740.386780 5.856397 13
-44.186489 -737.857483 1.309272 13
-51.755634 -742.973145 32.232254 13
-48.128216 -743.614990 27.608179 13
-45.467354 -738.080261 26.734125 13
-45.059139 -739.072388 17.342756 13
-49.330612 -742.456482 37.869537 13
-49.189564 -739.499939 37.519318 13
-45.587013 -740.068726 3.685062 13
-44.472126 -740.505127 12.229554 13
-46.908215 -737.816711 28.723171 13
-51.680107 -737.232666 41.548878 13
-58.769588 -742.930115 43.988518 13
-48.723988 -738.186401 30.760120 13
-53.845299 -743.901917 36.826649 13
-45.572582 -738.356506 12.305678 13
-59.327850 -739.066223 49.357780 13
-44.096653 -739.851990 10.969181 13
-47.542057 -739.162598 18.750708 13
-45.210236 -737.556213 33.385830 13
-50.805809 -743.833374 46.584538 13
-44.535995 -739.246338 21.839697 13
-46.814655 -742.316650 23.015896 13
-49.645973 -738.535583 31.914850 13
-46.958443 -740.266968 29.511538 13
-47.772705 -741.024048 20.298668 13
-47.090347 -740.141235 16.399633 13
-50.740707 -738.975647 32.747044 13
-45.493958 -738.507263 7.097050 13
-48.783546 -737.553955 36.614609 13
-50.082932 -742.160156 38.301910 13
-46.023716 -740.780151 16.844599 13
-43.501991 -738.767761 6.778694 13
-55.151131 -737.153748 45.141804 13
-51.986458 -741.089111 32.591469 13
-50.390862 -744.801025 33.096813 13
-45.524590 -738.763184 3.592176 13
-56.433044 -740.079163 41.250736 13
-43.584690 -739.275635 7.508284 13
-46.541290 -740.565308 25.037233 13
-46.482040 -738.722168 19.160671 13
-44.650841 -739.828918 20.411131 13
-51.327732 -736.958496 42.568501 13
-45.847839 -740.463745 14.219560 13
-52.812077 -738.637451 37.557362 13
-51.718693 -739.862000 33.352192 13
-43.483269 -738.380981 0.724817 13
-48.548977 -742.034790 43.104137 13
-45.114635 -740.548889 4.551495 13
-47.769051 -740.567322 19.093386 13
-51.484196 -745.175110 35.995121 13
-50.018589 -740.392151 28.496243 13
-47.061916 -738.727478 21.943218 13
-50.997009 -744.274170 48.818993 13
-48.866302 -743.776062 27.966755 13
-44.068432 -740.383850 9.339196 13
-47.995834 -741.718201 31.980156 13
-48.896942 -739.673340 23.172098 13
-44.158279 -737.481506 32.795723 13
-46.244488 -737.578979 30.121044 13
-51.962708 -736.062561 47.654270 13
-57.369637 -738.398560 45.912640 13
-44.371559 -740.334717 5.218502 13
-47.519291 -738.582336 25.192284 13
-43.802258 -738.821899 12.084566 13
-47.540844 -741.137695 34.164139 13
-47.774334 -741.346375 36.682850 13
-49.354645 -744.120056 29.253088 13
-43.327114 -739.110229 1.076754 13
-45.865067 -739.504395 -0.137351 13
-51.898926 -743.730103 33.100357 13
-45.113815 -738.234253 2.023019 13
-51.542503 -736.466492 45.694332 13
-50.058231 -743.985352 47.885799 13
-45.613567 -737.197632 35.601158 13
-47.743790 -740.070435 33.416302 13
-47.028126 -740.074158 30.922634 13
-50.794106 -740.274902 30.739346 13
-58.465889 -738.733093 49.508530 13
-52.374130 -738.993225 35.923103 13
-43.746376 -738.542847 2.281913 13
-46.943119 -739.276306 12.288083 13
-45.421871 -740.666687 22.120525 13
-46.676949 -743.153809 27.460316 13
-49.015560 -741.230835 25.490536 13
-48.058510 -742.035583 23.858751 13
-48.943565 -742.536133 46.557983 13
-49.423470 -735.763977 45.305840 13
-48.535252 -742.180847 25.136311 13
-50.142818 -744.670654 31.667500 13
-51.298157 -740.369995 32.013184 13
-44.528625 -738.493103 13.309928 13
-44.368324 -738.450684 9.635169 13
-46.889256 -740.786377 27.585596 13
-48.399849 -741.329102 42.903675 13
-46.458904 -741.496887 20.385931 13
-47.348190 -743.678345 28.375475 13
-47.644836 -737.512268 33.483971 13
-45.092590 -740.657104 7.127840 13
-50.943050 -742.156311 41.445141 13
-50.241978 -741.470032 37.958187 13
-46.712200 -739.961792 28.292818 13
-53.161659 -740.012329 35.838097 13
-52.517548 -736.098145 48.335701 13
-48.959064 -737.218506 38.987938 13
-48.855679 -742.139221 35.083836 13
-59.019318 -741.985840 46.217445 13
-51.469353 -738.931641 34.032574 13
-49.099041 -738.892517 28.678364 13
-45.529350 -740.459045 10.171961 13
-45.637413 -741.285522 18.950024 13
-44.429974 -738.199280 30.453215 13
-45.531490 -738.417786 14.117136 13
-46.307632 -737.443665 32.404427 13
-48.760311 -742.234131 36.279846 13
-52.610008 -736.552795 46.912487 13
-49.648712 -741.185852 43.518276 13
-58.015396 -738.812317 46.673294 13
-51.842636 -744.396118 50.099602 13
-54.946548 -739.478271 39.445103 13
-44.558865 -738.974243 25.862839 13
-46.419060 -738.384155 24.443300 13
-54.975655 -738.932556 40.676228 13
-52.569214 -743.048096 33.523155 13
-48.856556 -742.553528 38.950970 13
-45.110962 -740.959290 11.368346 13
-46.872051 -742.769104 24.969223 13
-53.295353 -741.174377 34.936981 13
-49.537621 -743.009949 42.813091 13
-49.381783 -739.759583 25.768705 13
-46.075611 -739.697937 22.958828 13
-44.227234 -740.596802 7.999731 13
-47.751255 -737.526245 32.351971 13
-44.338478 -739.691833 13.458785 13
-47.709709 -736.181641 42.583294 13
-49.887848 -738.323181 33.854317 13
-44.566010 -739.099976 15.242919 13
-49.941093 -742.851501 40.907951 13
-52.945118 -737.368958 42.398712 13
-52.731487 -735.772278 49.730598 13
-43.933727 -739.698181 16.588820 13
-48.599510 -744.710571 31.868567 13
-53.487846 -735.950989 49.518196 13
-52.679554 -744.867981 36.398624 13
-50.940575 -737.869019 37.847828 13
-59.205498 -740.498108 47.980537 13
-50.742283 -745.317566 34.142403 13
-50.199883 -735.951355 45.562992 13
-47.887730 -740.975708 21.961603 13
-45.592808 -737.664978 32.372089 13
-47.266636 -739.068054 17.782215 13
-43.724243 -740.287476 4.479959 13
-54.596470 -745.416016 38.717724 13
-48.384449 -741.981567 33.883396 13
-45.743198 -739.735657 4.300168 13
-48.626793 -739.983704 38.529369 13
-56.170406 -739.237488 41.797268 13
-44.471237 -740.574829 13.063597 13
-50.287506 -743.587646 45.222687 13
-49.362015 -743.031555 26.979258 13
-44.723652 -739.040833 24.494658 13
-44.735504 -740.127441 21.067465 13
-56.402840 -737.867310 45.592216 13
-44.451771 -739.873596 25.515455 13
-56.544624 -738.769592 43.441528 13
-48.419327 -741.709412 41.635136 13
-48.607506 -737.698120 33.601227 13
-51.377731 -737.767883 39.070953 13
-56.693127 -737.074829 48.777134 13
-43.743919 -740.184204 7.319500 13
-46.775364 -737.248962 36.907154 13
-49.799374 -740.644165 27.752956 13
-51.877789 -742.170166 44.780155 13
-55.387459 -742.069946 38.833096 13
-43.939114 -738.489929 4.199215 13
-44.364155 -738.781006 27.158628 13
-48.590786 -740.033142 22.359535 13
-44.986923 -738.185730 14.712291 13
-52.832527 -741.487366 33.873657 13
-48.793720 -743.939941 28.819990 13
-49.981808 -736.323608 44.187000 13
-48.041271 -739.485840 18.216091 13
-51.412876 -735.358154 47.866886 13
-43.915024 -738.363708 29.351055 13
-52.268463 -742.315002 47.175125 13
-44.650860 -737.190308 34.684109 13
-48.577553 -741.389709 44.305523 13
-44.567284 -740.139771 23.619677 13
-58.738022 -739.686707 47.140034 13
-46.370174 -737.881348 27.436220 13
-45.793011 -739.892456 5.341937 13
-51.340855 -742.945557 30.928848 13
-53.299015 -736.461182 47.276676 13
-54.881313 -743.095825 38.120724 13
-49.366505 -737.400635 38.389046 13
-59.167503 -740.998901 47.108421 13
-46.144161 -738.153503 25.469622 13
-52.995342 -736.650574 45.920212 13
-44.650505 -740.578979 6.569704 13
-43.701492 -739.464172 5.938906 13
-52.018784 -742.413147 45.822090 13
-47.673397 -739.827820 31.785059 13
-53.058670 -743.178955 34.590153 13
-44.732250 -741.087097 13.503958 13
-47.351654 -738.154968 27.369329 13
-44.958614 -740.546814 -0.104290 13
-43.848583 -740.228760 8.640381 13
-47.477318 -741.618225 27.980743 13
-49.097088 -742.165771 34.087563 13
-46.302017 -739.091187 11.537910 13
-56.223202 -741.357666 40.520420 13
-47.364342 -739.258545 17.056910 13
-50.474438 -736.699951 43.445698 13
-46.271458 -738.501709 17.636778 13
-54.005318 -737.233276 43.703461 13
-53.778809 -736.946289 44.809830 13
-48.168869 -737.855225 31.053198 13
-50.373337 -742.098389 39.176743 13
-55.087601 -736.761475 46.693497 13
-49.244545 -741.942261 26.394100 13
-59.289192 -739.516113 48.822197 13
-47.532795 -740.216614 18.490217 13
-44.674294 -739.679810 22.392284 13
-47.660572 -741.625854 26.690479 13
-49.896965 -738.849060 31.271872 13
-49.870789 -738.513245 32.612240 13
-51.205345 -737.419189 40.436214 13
-50.826431 -735.337219 47.055531 13
-45.867897 -741.713623 21.230354 13
-58.420532 -740.779846 45.259285 13
-45.984238 -740.115540 11.615472 13
-58.709476 -739.144958 47.939331 13
-44.183472 -738.183289 5.647321 13
-48.490425 -739.555908 32.715473 13
-45.780281 -740.678528 15.337399 13
-46.526913 -740.704285 16.271681 13
-48.389671 -741.099487 42.242237 13
-48.873016 -736.637390 42.015694 13
-50.178951 -737.547180 38.580879 13
-44.919834 -738.937744 23.421679 13
-50.106422 -740.436829 43.201138 13
-52.461185 -740.420105 34.121647 13
-47.396923 -741.942749 22.590557 13
-44.718529 -740.664551 0.863126 13
-47.499615 -737.270752 36.761776 13
-48.761322 -741.882996 32.652519 13
-44.881954 -738.101501 4.631678 13
-47.228798 -740.845215 19.463045 13
-49.555687 -743.650269 47.203888 13
-51.368073 -741.563721 45.994667 13
-46.097462 -740.881836 17.601334 13
-50.866104 -743.967102 47.326599 13
-50.076649 -737.138550 40.933800 13
-54.564930 -739.040222 39.889103 13
-47.823696 -740.520630 36.174442 13
-48.324017 -738.491211 28.130520 13
-58.176178 -741.323364 44.407238 13
-43.142391 -739.729797 0.179129 13
-55.314720 -740.660461 38.848289 13
-44.572910 -737.885193 3.494709 13
-54.299061 -737.803223 42.422287 13
-47.843624 -742.955750 25.039822 13
-52.633453 -737.490417 41.550671 13
-55.776676 -736.835876 49.672848 13
-50.893158 -739.395447 31.531977 13
-45.664902 -738.520020 22.364279 13
-49.303360 -740.524048 25.941473 13
-43.859322 -738.810791 11.400492 13
-47.298824 -741.234924 28.754335 13
-58.227871 -739.624695 45.800564 13
-49.292103 -739.375488 26.342936 13
-43.715984 -739.071228 5.129812 13
-45.489597 -737.030823 36.591145 13
-46.921379 -736.688843 39.392570 13
-49.227749 -744.870544 33.128479 13
-50.414604 -743.871155 30.582273 13
-50.392719 -740.768677 44.554672 13
-48.257397 -740.422913 39.777893 13
-44.777939 -739.627625 19.130903 13
-51.075603 -738.292908 36.864670 13
-45.508671 -741.174561 17.989746 13
-54.660557 -740.374146 37.821877 13
-49.473049 -736.606079 42.897034 13
-45.164375 -740.656128 13.077200 13
-47.603432 -740.430298 34.321449 13
-44.239616 -739.353088 12.323710 13
-44.914249 -740.372864 17.381802 13
-48.162308 -735.958130 43.031963 13
-45.083027 -739.042603 19.324362 13
-52.172775 -738.505859 37.313026 13
-47.090084 -739.183289 15.824050 13
-43.920376 -739.351074 8.440525 13
-45.690807 -740.105103 6.492722 13
-48.619747 -738.992493 26.156818 13
-45.535862 -741.121521 24.135391 13
-49.503071 -737.924438 35.068436 13
-48.545856 -742.344116 45.082996 13
-43.722496 -740.284058 3.327071 13
-49.026619 -740.277283 24.590540 13
-52.254967 -739.534851 34.865280 13
-46.360744 -739.061646 8.557320 13
-43.907383 -740.094727 1.281900 13
-45.867020 -737.404907 34.946617 13
-55.662231 -738.952515 41.457901 13
-45.296795 -740.715698 3.060016 13
-46.829155 -742.945557 25.935133 13
-57.310425 -744.197388 41.672680 13
-54.424454 -738.380005 41.014893 13
-50.985851 -741.465332 40.205711 13
-47.244862 -740.610596 32.241009 13
-47.439072 -743.362732 26.936707 13
-58.738026 -742.072266 44.971165 13
-49.432716 -737.786255 36.209785 13
-44.397030 -738.151794 10.465664 13
-50.614922 -739.671997 30.523603 13
-43.945244 -739.344299 9.637513 13
-46.874981 -738.639282 23.021074 13
-47.269291 -742.547119 23.801794 13
-56.608540 -740.946777 41.363232 13
-50.003704 -741.610413 37.009514 13
-50.661320 -741.398132 39.281254 13
-57.759010 -737.716187 48.823109 13
-46.877842 -736.281555 40.735905 13
-50.784222 -743.377930 44.410484 13
-45.225555 -738.795227 21.206553 13
-45.617653 -737.824036 28.953550 13
-52.491211 -738.304077 38.718319 13
-46.126644 -739.628235 2.261618 13
-44.240505 -740.195007 11.660689 13
-48.623718 -738.799072 27.413902 13
-57.732300 -741.919556 43.268372 13
-49.971512 -741.041504 35.926552 13
-59.780590 -740.081055 49.029800 13
-49.868252 -735.669495 46.220634 13
-48.347038 -741.773071 24.397007 13
-46.050102 -742.088379 23.843061 13
-56.583599 -738.340881 44.593117 13
-53.899731 -744.836121 38.059147 13
-43.849827 -740.262085 5.927680 13
-52.974422 -737.060242 43.694992 13
-46.110836 -737.950623 26.805925 13
-51.097157 -738.605957 35.364010 13
-48.864937 -737.892822 33.019310 13
-48.395264 -739.237793 23.280830 13
-48.900654 -739.927856 40.493912 13
-47.775337 -736.528015 41.398788 13
-46.684036 -739.967834 13.248814 13
-46.958027 -740.441772 28.866701 13
-57.927589 -740.831909 44.008690 13
-44.900402 -738.987244 16.196129 13
-50.377857 -742.481201 39.920914 13
-42.984509 -738.617615 1.393981 13
-47.101761 -740.723511 30.027725 13
-57.144905 -740.813416 42.593430 13
-50.081280 -741.018127 36.668507 13
-44.571209 -738.420044 28.961821 13
-54.702904 -742.135132 37.683487 13
-47.916996 -741.755676 36.120201 13
-46.517765 -737.376343 34.783531 13
-46.374214 -742.756287 26.484596 13
-45.849781 -740.452515 4.972686 13
-45.661415 -738.706848 17.169044 13
-48.417366 -737.815369 32.376469 13
-51.245396 -742.310181 42.672733 13
-46.803017 -739.272888 13.695748 13
-47.309174 -741.086975 20.765417 13
-54.850910 -736.881042 45.660156 13
-51.459541 -744.470276 33.426014 13
-52.009758 -742.390808 32.071358 13
-52.794575 -742.136597 48.354942 13
-43.770767 -740.384521 2.671789 13
-48.741570 -739.631470 34.095066 13
-44.398685 -740.194641 14.407354 13
-46.545506 -741.487366 24.990765 13
-44.389595 -740.232727 15.708153 13
-49.038467 -744.324280 30.096695 13
-48.599758 -739.183899 24.952732 13
-45.978355 -742.086243 25.867290 13
-51.385845 -743.052979 44.642258 13
-47.260586 -743.613708 29.581841 13
-45.349419 -738.678467 18.510401 13
-53.863880 -736.346985 48.633255 13
-45.105816 -738.549377 24.677546 13
-45.486210 -740.783630 22.754093 13
-48.325714 -742.004333 37.331703 13
-50.553589 -741.615601 29.342178 13
-45.043568 -737.948792 9.552318 13
-46.834225 -741.826172 21.697374 13
-50.809929 -740.921082 45.038406 13
-47.410931 -743.152649 26.171726 13
-54.316242 -744.339417 38.098583 13
-45.158409 -740.971313 12.230429 13
-48.934719 -738.628967 29.293285 13
-44.346317 -739.219360 12.993124 13
-55.665867 -736.477051 49.082996 13
-44.564384 -738.617188 14.051028 13
-46.179771 -739.640442 9.969106 13
-57.095100 -741.411804 42.330456 13
-55.346157 -743.512268 39.151646 13
-47.991070 -741.211792 38.193062 13
-47.615932 -737.804260 29.906397 13
-52.715221 -742.007141 33.385475 13
-49.836197 -742.971497 41.638573 13
-52.810062 -744.094238 35.255596 13
-49.492565 -740.563599 26.745518 13
-55.510490 -737.871887 44.004364 13
-46.153500 -740.452148 10.472899 13
-47.078056 -737.052368 38.052456 13
-55.437805 -738.382141 42.716293 13
-53.205410 -738.849792 38.025234 13
-47.881695 -740.364441 35.529922 13
-54.161835 -740.705811 36.598061 13
-49.877502 -737.309265 39.661633 13
-58.087162 -738.192383 49.432781 13
-48.924339 -742.889038 45.546211 13
-48.019440 -736.571106 41.978317 13
-47.108093 -738.878235 19.098490 13
-45.639900 -738.827148 2.313782 13
-53.014317 -739.190247 37.014980 13
-48.762081 -736.913696 40.984070 13
-45.396793 -738.077332 28.049532 13
-51.268082 -742.188293 45.357800 13
-51.575043 -745.037170 35.116161 13
-50.708588 -740.929932 29.952023 13
-46.422943 -740.201233 14.205225 13
-46.778076 -739.911560 12.607260 13
-54.750553 -737.534912 43.465385 13
-45.950104 -739.570679 6.840206 13
-44.890995 -737.034424 35.406906 13
-55.160084 -741.302490 38.456406 13
-57.121964 -738.751709 44.679985 13
-47.326027 -738.654541 23.545244 13
-44.192978 -738.698547 10.194012 13
-55.216034 -744.517639 39.551384 13
-45.072346 -738.158020 6.771510 13
-55.187012 -738.481384 41.964161 13
-46.700382 -740.454895 26.460079 13
-48.762817 -739.745239 36.260170 13
-48.118649 -741.478394 29.224308 13
-44.947937 -739.136353 20.423742 13
-52.304974 -743.648743 33.635201 13
-45.816048 -738.560852 10.954067 13
-50.144569 -743.717407 30.033655 13
-51.173512 -743.678772 31.365673 13
-49.701340 -739.050110 29.758812 13
-52.887569 -744.576721 51.353912 13
-53.714497 -738.394043 40.079720 13
-48.184937 -740.822754 39.157227 13
-46.584202 -737.395630 32.962414 13
-44.287334 -738.126648 6.712258 13
-48.316525 -740.416443 41.146107 13
-46.161575 -738.679199 14.593965 13
-45.246422 -740.856750 16.192045 13
-56.381901 -742.105103 40.633423 13
-56.056358 -740.793762 40.224136 13
-43.659187 -740.386963 0.754191 13
-45.703117 -741.347351 24.833256 13
-45.787235 -740.099609 7.801019 13
-51.899582 -743.527161 47.260513 13
-49.423828 -737.992493 34.233540 13
-50.038631 -743.224060 28.365543 13
-54.342236 -739.437927 38.612438 13
-43.593346 -739.315369 3.100729 13
-45.059082 -739.078308 18.012932 13
-45.027542 -740.685486 5.825858 13
-46.257507 -737.469971 33.579132 13
-53.051086 -736.904785 44.636745 13
-44.516968 -737.922913 12.676287 13
-56.045883 -744.813049 40.308018 13
-46.390301 -738.866455 13.353623 13
-46.935696 -738.939453 16.654160 13
-44.476559 -737.834534 2.805812 13
-48.047703 -739.858826 19.582479 13
-50.814075 -744.357361 49.411434 13
-50.967430 -744.230896 32.297634 13
-47.322437 -739.339050 28.504358 13
-56.961323 -739.592712 42.977161 13
-56.714020 -737.635071 46.830185 13
-49.771156 -742.450073 27.622129 13
-50.824104 -741.533630 45.316132 13
-49.573044 -738.230957 33.135620 13
-48.851303 -742.647095 44.317600 13
-45.099651 -738.229980 27.238010 13
-44.365623 -740.739685 0.057766 13
-43.978649 -738.742310 13.132928 13
-59.870018 -739.466431 49.634163 13
-46.259548 -738.980469 7.954868 13
-47.853344 -741.536743 35.479492 13
-43.878193 -739.221008 10.941100 13
-50.485935 -735.842041 46.204193 13
-56.890106 -743.021912 41.589882 13
-50.301193 -744.152527 48.440098 13
-56.841999 -740.328979 41.700607 13
-53.813950 -738.888855 38.972309 13
-51.780075 -736.847717 43.555332 13
-47.943516 -738.984314 22.917982 13
-44.952400 -738.145996 3.992446 13
-52.056313 -744.665222 34.912979 13
-48.184895 -736.752197 40.908550 13
-56.869305 -744.272034 41.216835 13
-47.831501 -736.774475 40.316700 13
-55.137913 -736.738098 49.883167 13
-47.283188 -739.772583 15.878404 13
-48.384045 -737.569153 34.656349 13
-52.523804 -740.944153 33.753258 13
-53.405632 -743.001709 35.146893 13
-49.404957 -736.124878 44.618462 13
-50.408947 -742.932739 40.458160 13
-43.406796 -739.309387 4.112064 13
-44.723747 -739.975708 16.954889 13
-46.340427 -739.793823 11.149637 13
-49.061485 -737.020203 40.446907 13
-49.946186 -737.730103 37.353275 13
-44.026463 -737.801086 31.130560 13
-49.475460 -743.209290 44.817142 13
-46.641865 -737.430481 34.146603 13
-49.411411 -741.711121 26.960342 13
-55.499218 -739.246277 40.691525 13
-47.879826 -737.128052 38.793438 13
-53.904594 -735.741028 50.065651 13
-51.563782 -743.262512 45.502148 13
-55.780357 -743.786194 40.133045 13
-44.934910 -740.263977 22.289457 13
-54.699081 -744.250244 38.622585 13
-54.599419 -736.386047 47.816654 13
-51.404758 -739.737854 32.766331 13
-47.737774 -737.475220 34.622276 13
-49.732498 -742.533875 37.202984 13
-54.122627 -737.125366 44.337360 13
-48.672958 -742.553650 36.811993 13
-46.883915 -740.199280 27.742868 13
-47.607113 -738.384766 26.832119 13
-48.160110 -741.655579 39.441605 13
-50.445606 -736.980896 42.187428 13
-54.918865 -742.524231 38.358379 13
-52.148964 -742.671997 46.509232 13
-48.687893 -737.624146 35.259266 13
-56.898430 -738.014954 45.968792 13
-51.703297 -736.142517 47.076756 13
-45.795227 -741.285767 19.580803 13
-46.645771 -741.473938 19.685879 13
-54.891632 -743.593140 38.746548 13
-52.018284 -744.417542 34.287308 13
-45.056683 -738.862549 22.711775 13
-52.542439 -743.190674 48.461742 13
-51.682365 -743.571106 32.488506 13
-48.265659 -740.932190 23.019384 13
-46.285614 -742.094299 22.552320 13
-48.325558 -743.445862 27.040295 13
-54.789970 -744.667664 39.093342 13
-54.762310 -737.199524 44.679131 13
-50.130093 -739.453918 29.405912 13
-53.661911 -741.095642 35.531555 13
-46.424843 -737.600586 31.235109 13
-55.898029 -742.854614 39.822113 13
-51.407497 -736.301636 46.257080 13
-55.403103 -743.951599 39.687130 13
-47.917625 -744.158386 29.917728 13
-51.654362 -740.889587 32.120346 13
-45.085781 -737.651489 1.868289 13
-45.184944 -738.219727 5.823852 13
-57.692307 -737.306885 49.270317 13
-47.868599 -741.074341 37.259705 13
-48.243843 -737.499207 35.739525 13
-53.175873 -735.961243 50.081013 13
-52.196388 -739.100220 35.345127 13
-54.727806 -737.798218 42.920731 13
-52.834183 -743.137451 49.137699 13
-59.281437 -741.231506 46.435814 13
-46.108402 -740.733337 22.923578 13
-56.126778 -739.960205 40.749649 13
-52.850746 -740.075195 35.314480 13
-44.613129 -739.682495 23.187437 13
-45.292717 -738.382141 13.472902 13
-44.738644 -740.766418 9.135179 13
-53.374138 -745.599365 37.461716 13
-43.514259 -739.643860 1.379331 13
-45.403496 -738.257019 25.322628 13
-44.017757 -739.968994 9.770463 13
-43.625568 -738.997498 8.876495 13
-52.984158 -740.653259 34.873432 13
-48.934311 -742.756653 38.192665 13
-46.957279 -738.779602 20.539816 13
-57.594151 -738.408752 46.515034 13
-55.523609 -744.978760 39.841488 13
-47.880531 -740.447693 20.421597 13
-56.853687 -741.441284 41.661594 13
-54.569321 -741.027283 37.213985 13
-44.775372 -738.043335 31.005356 13
-46.473183 -738.718201 15.522410 13
-47.132931 -740.551636 31.266109 13
-47.631588 -736.956787 39.298470 13
-48.031372 -741.761719 34.376858 13
-46.093479 -737.273438 35.960213 13
-44.651478 -737.938782 7.847501 13
-47.858047 -737.272400 37.571198 13
-48.926170 -740.827698 24.874903 13
-56.100857 -744.088989 40.554478 13
-48.807457 -739.565979 22.069775 13
-44.681408 -741.126892 11.868269 13
-44.658291 -737.809265 32.058670 13
-44.575977 -739.368103 18.201839 13
-52.587830 -737.114563 43.232983 13
-43.864159 -738.699402 5.582341 13
-52.908463 -745.047058 36.932732 13
-48.166134 -741.634827 30.700756 13
-49.424061 -741.893005 35.214783 13
-50.210316 -740.942566 28.766186 13
-52.137501 -743.786560 48.633297 13
-48.058960 -738.186096 29.168024 13
-50.039032 -739.516296 28.789059 13
-43.351082 -739.281067 2.487947 13
-49.285725 -736.815674 41.594948 13
-45.630390 -739.847351 0.303411 13
-46.373547 -739.569458 24.291439 13
-51.518040 -743.152466 31.623980 13
-52.464615 -736.519775 46.265865 13
-52.750519 -743.647217 49.623764 13
-56.524200 -743.410156 41.057732 13
-45.119698 -740.763977 9.866360 13
-53.677063 -742.293030 35.408390 13
-49.211193 -743.041321 43.307171 13
-49.309135 -742.721252 40.455036 13
-45.498138 -740.099670 2.783175 13
-57.289467 -740.086548 43.307529 13
-52.851292 -743.862671 51.279991 13
-46.029808 -740.215210 23.243143 13
-48.668396 -739.747131 35.337170 13
-50.958572 -744.589600 33.112888 13
-53.851299 -739.630554 37.714520 13
-46.635460 -740.041626 25.629299 13
-46.970261 -741.127197 25.829081 13
-51.257046 -741.231567 31.003527 13
-51.386600 -741.817810 46.749958 13
-48.486298 -742.482117 40.564949 13
-53.394142 -736.295349 48.990814 13
-52.243797 -744.018921 49.439560 13
-45.654179 -737.539795 33.755787 13
-47.443531 -741.267944 30.879330 13
-48.121811 -741.964417 35.025127 13
-57.846210 -739.245605 45.411564 13
-49.761112 -743.658569 45.900116 13
-55.499359 -739.809509 39.839436 13
-48.659073 -737.127502 39.793598 13
-46.019196 -739.402222 5.555363 13
-50.407795 -745.024353 33.729832 13
-51.292679 -735.767639 48.301193 13
-53.857590 -736.635010 46.383556 13
-45.946194 -741.605896 20.630136 13
-48.323738 -740.473877 41.892044 13
-46.693813 -739.075806 22.264750 13
-55.862640 -737.228882 46.206989 13
-48.257961 -744.025269 29.070560 13
-51.965805 -745.481934 35.921993 13
-44.557358 -740.583618 1.614234 13
-49.405689 -739.199158 28.267912 13
-49.757408 -744.655334 32.128849 13
-53.440842 -741.909607 34.934505 13
-52.335003 -743.952820 34.173431 13
-55.535252 -742.968933 39.238007 13
-46.647556 -740.872314 18.431406 13
-51.079445 -740.572266 31.184534 13
-52.843636 -743.716309 34.734570 13
-48.725777 -742.400391 39.508739 13
-45.742588 -738.963806 6.297478 13
-56.192745 -738.671265 42.579502 13
-44.590427 -739.487671 17.293180 13
-48.729984 -735.840576 44.172329 13
-43.755684 -739.028931 6.318843 13
-51.128685 -736.655945 44.586597 13
-49.924931 -742.637390 38.039650 13
-58.808033 -740.108276 46.754848 13
-47.287140 -739.748962 29.640173 13
-46.928005 -737.731445 29.327276 13
-48.254040 -740.941162 43.448269 13
-47.548389 -737.462769 32.919830 13
-44.288822 -738.194397 31.702425 13
-51.442772 -744.689392 33.983341 13
-50.621647 -737.414124 39.892136 13
-50.610786 -742.890381 29.409931 13
-45.017834 -738.056519 29.268358 13
-51.501190 -742.384460 31.035198 13
-53.211945 -737.871826 40.933941 13
-55.937447 -742.239990 39.882999 13
-57.863487 -742.759155 42.987785 13
-56.317753 -742.947144 40.737858 13
-51.656498 -739.361877 33.676048 13
-53.586960 -740.602356 35.888245 13
-44.178223 -739.931763 12.181251 13
-46.061295 -739.676514 7.511429 13
-46.222668 -736.337524 38.681267 13
-51.328373 -738.495789 35.926662 13
-45.917271 -737.042358 37.068611 13
-43.440090 -737.986084 1.362204 13
-45.883930 -736.649902 37.610424 13
-47.474838 -737.453186 34.038158 13
-47.976746 -741.791077 23.329350 13
-50.115452 -741.291809 43.840691 13
-49.225006 -743.337463 27.955973 13
-44.329628 -740.368713 11.065434 13
-53.468121 -744.500549 37.206139 13
-48.102489 -739.269836 21.479742 13
-53.224365 -744.138062 36.159443 13
-53.821255 -737.789124 41.842426 13
-52.207958 -741.606873 32.593472 13
-49.798313 -743.648376 29.299627 13
-55.795151 -738.219238 43.554817 13
-53.919319 -741.731750 35.951881 13
-48.486004 -739.561462 20.747269 13
-48.670158 -738.268250 30.196983 13
-51.995968 -736.773254 44.459499 13
-48.928871 -742.792725 25.905350 13
-45.398235 -737.848877 31.126709 13
-44.229740 -740.421326 0.705709 13
-48.339211 -741.443542 41.138084 13
-46.971584 -739.339966 14.658842 13
-45.520023 -740.517029 7.512854 13
-44.061420 -738.236877 2.691259 13
-47.603844 -741.069641 35.232971 13
-49.624065 -737.116577 40.467159 13
-58.389328 -742.494934 43.990250 13
-57.224670 -739.225403 44.087776 13
-46.569958 -736.247986 39.437794 13
-47.108006 -736.659973 40.311790 13
-44.351601 -737.903076 4.847388 13
-45.904251 -741.893860 24.892096 13
-48.702965 -740.151428 22.906223 13
-45.988968 -740.695129 8.820360 13
-56.839802 -737.522766 49.094604 13
-48.986580 -736.534302 42.619923 13
-44.592167 -739.761414 24.809395 13
-44.919800 -737.867493 10.539356 13
-57.028522 -737.461487 47.979145 13
-46.016396 -742.274231 24.382303 13
-49.183411 -738.257568 31.742329 13
-50.218311 -743.810852 46.508766 13
-49.197845 -744.856506 32.158222 13
-49.886806 -740.120972 28.000664 13
-50.338196 -738.507874 34.233284 13
-55.565876 -741.836975 39.392998 13
-46.867062 -739.799866 14.193822 13
-51.672207 -737.725281 39.558643 13
-52.597130 -745.496277 36.615826 13
-48.919235 -739.736694 39.091209 13
-50.823307 -738.859375 33.318996 13
-45.858086 -740.634827 7.069291 13
-43.898071 -738.283386 30.713863 13
-54.900455 -740.239746 38.379635 13
-51.734085 -738.389038 36.973240 13
-48.057396 -736.936951 39.803333 13
-48.906734 -742.572449 42.211067 13
-45.694885 -741.580627 23.730904 13
-43.163998 -738.853577 1.918591 13
-46.418564 -741.088074 23.872427 13
-58.191757 -738.561218 47.543762 13
-44.686447 -738.412842 28.306311 13
-47.603745 -739.906555 18.012312 13
-45.380718 -740.863037 16.746737 13
-50.439026 -737.766479 38.076324 13
-48.812347 -737.678406 34.138382 13
-45.499718 -738.402649 12.889751 13
-46.407635 -742.765747 27.813534 13
-50.105701 -743.183105 42.875916 13
-45.861656 -740.440125 12.956646 13
-48.240417 -739.812744 33.644421 13
-45.955246 -740.788147 11.671801 13
-48.733856 -742.213928 35.675919 13
-53.713150 -737.354248 43.237930 13
-45.652020 -737.656860 30.329880 13
-44.324409 -739.619995 24.291237 13
-43.829582 -740.322571 5.034249 13
-46.108692 -739.622498 8.791471 13
-50.016441 -740.513000 42.646694 13
-44.432281 -739.440552 26.169779 13
-51.771046 -742.046143 31.644625 13
-44.724682 -740.039185 16.395693 13
-46.852848 -743.412903 28.029617 13
-48.055450 -738.918335 24.176601 13
-47.611435 -737.395142 35.803551 13
-59.224957 -738.781067 49.890106 13
-49.541271 -742.048645 36.264942 13
-58.078495 -740.117126 44.700317 13
-52.220295 -737.480652 41.158470 13
-51.389874 -738.732666 34.888916 13
-47.345467 -736.158447 41.292091 13
-48.140434 -741.856506 33.383682 13
-52.395351 -743.982727 50.952381 13
-52.969963 -743.479065 50.104877 13
-45.052670 -740.640991 14.233734 13
-43.537609 -739.810303 2.163825 13
-47.883591 -744.089783 30.662056 13
-46.213753 -740.259583 9.179047 13
-45.425987 -740.463745 8.222256 13
-57.062603 -742.530945 41.784763 13
-58.691711 -738.406311 49.112556 13
-56.511528 -739.365662 42.313255 13
-59.289127 -740.064453 48.530102 13
-44.610992 -739.597961 21.371014 13
-54.308971 -743.017395 37.140232 13
-44.502434 -737.283081 34.041641 13
-47.194218 -741.150024 27.879654 13
-43.809475 -738.633606 28.678448 13
-49.605347 -739.627075 26.849621 13
-46.928680 -740.007874 15.306898 13
-51.024208 -745.044067 34.520603 13
-48.283817 -740.772644 40.214359 13
-46.336796 -743.004639 27.025536 13
-54.468857 -736.513123 50.002670 13
-50.342361 -740.452637 29.484278 13
-44.769566 -740.646545 3.267046 13
-44.287552 -739.064270 16.347874 13
-51.061554 -739.805298 31.896227 13
-50.022518 -738.113220 35.203259 13
-45.065979 -738.158081 12.392694 13
-52.965034 -744.093506 50.317940 13
-58.861328 -741.653503 45.561264 13
-48.977707 -739.653809 38.011505 13
-56.581470 -736.742065 49.427254 13
-44.396889 -738.921692 26.553965 13
-54.111431 -738.752441 39.696918 13
-48.571674 -742.126099 43.683083 13
-47.762741 -741.584595 32.590839 13
-49.255276 -738.588440 30.443699 13
-46.704887 -738.753113 17.842196 13
-44.878742 -740.893738 15.352098 13
-51.048038 -745.552185 34.864422 13
-50.021557 -742.391907 38.799400 13
-51.393692 -737.304016 41.074127 13
-44.081413 -739.355408 27.316090 13
-49.993256 -743.335327 43.954914 13
-51.855137 -737.086121 42.479107 13
-51.269058 -741.815735 30.714558 13
-49.396893 -735.439392 44.854733 13
-44.517696 -738.310730 12.236591 13
-52.451172 -737.267334 42.640640 13
-45.307972 -738.669006 15.969954 13
-57.238087 -741.937927 42.433186 13
-48.253078 -740.300232 37.424458 13
-48.102806 -741.751526 38.155869 13
-48.783951 -742.414978 41.143463 13
-46.017075 -738.662598 16.262562 13
-56.933765 -740.381653 42.240711 13
-57.348862 -743.582947 41.911251 13
-56.483856 -743.966614 40.945366 13
-44.863304 -740.246277 19.065802 13
-48.799923 -739.769104 37.203011 13
-52.330162 -744.304321 50.388336 13
-43.969841 -738.172302 1.809313 13
-43.704350 -738.685608 3.167467 13
-46.397831 -738.636047 21.588898 13
-43.765182 -738.867188 10.503180 13
-45.172497 -738.080994 30.108965 13
-54.170197 -740.017578 37.493019 13
-44.070042 -738.745117 29.712727 13
-47.951553 -741.670044 37.093483 13
-44.779774 -740.624146 5.002369 13
-44.669567 -740.728638 8.304379 13
-46.491852 -742.349915 23.464235 13
-46.095867 -738.648010 15.142622 13
-49.255451 -739.835388 25.195354 13
-47.500820 -740.958984 34.705776 13
-53.796261 -737.944763 41.242237 13
-48.491829 -741.278748 24.210299 13
-52.519531 -738.051819 39.716396 13
-52.078545 -736.632385 45.199764 13
-47.381500 -741.307861 29.868050 13
-54.920540 -736.256042 49.704380 13
-45.492027 -737.319580 36.132015 13
-54.719257 -738.184021 41.899529 13
-48.634438 -740.043152 39.835793 13
-51.868515 -741.783630 46.001789 13
-44.462109 -740.449524 10.158524 13
-50.378139 -738.157288 36.009964 13
-47.515247 -739.336304 29.017450 13
-51.845020 -743.321411 46.703777 13
-46.502834 -738.081116 26.383892 13
-52.532856 -742.571716 33.150799 13
-46.092754 -739.300171 4.341879 13
-44.108147 -739.039734 14.929240 13
-48.116718 -740.029480 20.143776 13
-47.117165 -737.629639 30.421946 13
-45.275066 -738.520325 23.513826 13
-59.013702 -739.898315 47.627995 13
-49.592770 -744.922668 33.685238 13
-59.006443 -739.222107 48.391529 13
-57.346756 -738.005249 47.036701 13
-47.132889 -738.230469 26.492058 13
-50.332626 -742.344849 28.780634 13
-46.480919 -742.628601 25.319599 13
-48.244640 -741.702576 31.440058 13
-46.647572 -737.346619 35.864391 13
-46.469765 -738.573181 22.661661 13
-45.453060 -737.456726 34.552177 13
-56.819813 -742.150391 41.408375 13
-46.960007 -740.223633 30.398094 13
-44.583893 -739.090820 25.161720 13
-53.084370 -742.702332 34.345581 13
-52.557983 -737.843506 40.310543 13
-50.961617 -745.168579 35.279274 13
-50.868820 -736.898193 42.864109 13
-45.141441 -738.105225 8.720575 13
-49.684616 -744.520142 31.248060 13
-49.569180 -741.797485 35.743107 13
-47.170017 -740.597351 18.364574 13
-47.604748 -741.629211 29.069117 13
-49.211823 -743.335144 46.590897 13
-44.470444 -740.309143 15.014056 13
-45.147964 -740.471436 2.002815 13
-49.427505 -743.229065 47.584774 13
-45.582714 -740.145752 4.597780 13
-58.032108 -741.920166 43.726784 13
-46.367653 -737.762878 28.750618 13
-48.441013 -737.190125 38.759026 13
-50.881390 -741.896729 40.660152 13
-51.003975 -742.976440 30.522945 13
-45.545994 -741.145081 20.246487 13
-48.342354 -737.314026 37.841476 13
-45.874741 -740.569580 12.331484 13
-43.816654 -739.141174 7.018498 13
-50.960564 -743.098450 43.525330 13
-48.682045 -742.735229 46.018856 13
-52.513756 -744.518799 35.459740 13
-44.150833 -738.693054 30.254187 13
-48.265060 -737.422424 36.699150 13
-46.317142 -740.268433 23.875875 13
-47.788361 -743.716858 28.025368 13
-44.908512 -738.570740 25.966848 13
-47.309715 -737.581909 31.315710 13
-48.010540 -740.666809 21.519938 13
-48.183449 -740.165161 36.394188 13
-45.473881 -741.007019 18.507015 13
-44.728806 -737.637451 33.145153 13
-44.587837 -738.022949 1.735500 13
-49.691212 -744.285034 30.485916 13
-45.757397 -741.588623 23.127146 13
-55.748760 -739.628723 40.390865 13
-45.103619 -738.119934 11.636486 13
-44.073566 -738.777161 8.392905 13
-53.432583 -739.759644 36.694462 13
-52.441933 -735.830322 48.791183 13
-46.781570 -739.321350 11.540068 13
-55.830631 -736.624146 48.194061 13
-54.854862 -740.891357 37.658169 13
-47.847610 -743.034424 25.892948 13
-46.054844 -740.173767 2.615417 13
-47.302345 -737.516968 32.065968 13
-58.650826 -737.972717 49.474987 13
-59.366516 -739.386353 49.862110 13
-47.148972 -740.340027 17.304987 13
-53.789219 -743.157104 36.166851 13
-56.776283 -739.790344 42.501793 13
-44.791904 -739.167419 22.313084 13
-50.686176 -737.332581 40.423126 13
-51.505493 -737.101929 42.040031 13
-54.119869 -741.647583 36.439049 13
-46.866856 -741.468750 20.842134 13
-48.786198 -744.614563 31.234322 13
-51.907391 -740.679749 32.970242 13
-50.662037 -743.542664 29.958780 13
-47.629833 -743.867004 28.824867 13
-45.384247 -740.241150 1.551797 13
-44.026787 -738.727417 7.843554 13
-47.524715 -741.094055 33.640190 13
-47.430576 -739.883972 31.282679 13
-52.685307 -736.688904 45.289043 13
-48.321869 -742.980408 26.163181 13
-45.231968 -738.298340 4.995033 13
-57.414204 -740.825867 43.089401 13
-51.694786 -737.545288 40.237347 13
-45.367275 -740.291931 4.134117 13
-45.126659 -738.170166 7.358666 13
-50.398499 -739.782837 29.748072 13
-47.602928 -738.231812 27.841469 13
-53.230064 -737.585754 42.000675 13
-50.415344 -738.369080 34.853870 13
-44.238010 -739.014709 11.848408 13
-43.519508 -738.751160 7.412245 13
-48.340279 -740.345886 38.245106 13
-58.712017 -740.820068 45.799915 13
-58.509842 -741.739014 44.637955 13
-49.735611 -739.553345 27.690260 13
-45.866676 -738.287842 22.808006 13
-50.031818 -741.792419 28.192923 13
-46.041668 -738.566223 21.072052 13
-45.791668 -740.542603 3.582664 13
-55.744793 -740.331299 39.693043 13
-44.386585 -740.950806 13.886492 13
-57.556843 -742.862976 42.573540 13
-50.425144 -736.390198 44.646679 13
-43.459709 -739.758545 3.367454 13
-51.612843 -741.429199 31.568043 13
-46.288280 -737.730225 27.981220 13
-57.320763 -742.510437 42.246922 13
-46.705170 -736.762390 38.890972 13
-56.249146 -737.364746 46.756130 13
-53.507233 -743.296875 35.697903 13
-44.732349 -740.703186 11.071833 13
-45.621517 -738.297852 24.390272 13
-50.743645 -743.641296 45.498127 13
-45.235748 -740.559021 19.426390 13
-50.799217 -735.631958 47.536472 13
-43.832775 -738.164917 1.031043 13
-55.437214 -736.724915 47.122887 13
-44.041542 -738.906799 14.233106 13
-52.231529 -743.207886 47.615189 13
-48.843594 -741.770386 25.382315 13
-52.312786 -736.227417 47.248463 13
-58.332943 -740.227173 45.287739 13
-49.179108 -742.423767 37.270020 13
-44.619141 -737.934509 11.519209 13
-50.566387 -743.065125 41.899822 13
-48.873287 -737.461731 37.145351 13
-46.209969 -738.631592 20.529619 13
-48.938957 -741.607666 25.931784 13
-52.787716 -738.480591 38.223114 13
-46.720978 -740.904480 25.415720 13
-57.568516 -737.890747 47.587959 13
-44.773415 -738.509033 15.047087 13
-49.786514 -742.033020 36.758415 13
-43.746315 -738.963501 4.326801 13
-46.485416 -739.296936 10.506681 13
-43.373024 -738.685730 5.215110 13
-48.300922 -741.818237 32.386650 13
-49.134380 -742.817383 41.557442 13
-45.771053 -739.684998 1.879093 13
-53.951309 -740.287109 36.835548 13
-47.201466 -738.387512 25.602154 13
-55.917919 -743.210449 40.201698 13
-47.636993 -741.561157 31.627577 13
-44.818386 -737.791687 33.643597 13
-44.397320 -738.233826 9.109528 13
-49.307751 -737.792542 35.569221 13
-49.846691 -741.186646 27.698103 13
-58.622318 -740.062134 46.234550 13
-51.296341 -743.835449 47.070782 13
-52.027634 -742.387573 45.272640 13
-50.309944 -738.794922 32.518421 13
-58.131969 -739.256348 46.413925 13
-44.346420 -738.188721 7.502003 13
-45.819477 -739.912659 3.242373 13
-55.220997 -736.529724 47.850540 13
-48.141098 -742.147888 38.732845 13
-47.811562 -740.221741 34.759594 13
-48.014503 -738.656921 26.158901 13
-50.161499 -743.382141 28.869499 13
-44.884235 -739.167847 21.405403 13
-45.948273 -740.728394 9.723285 13
-56.910477 -739.162903 43.359909 13
-55.108273 -737.565369 44.125629 13
-43.796196 -739.669922 7.238611 13
-48.819138 -738.141968 31.264284 13
-46.044041 -738.634155 13.793860 13
-43.412727 -738.696350 4.004390 13
-57.770168 -739.712280 44.606392 13
-54.119877 -736.108276 49.735722 13
-44.250633 -737.846191 32.433422 13
-47.463596 -740.764343 19.915083 13
-47.675938 -741.782654 33.142811 13
-48.430630 -739.794250 34.467247 13
-51.011833 -742.418030 30.034636 13
-43.721378 -739.887573 6.289262 13
-47.453808 -739.714905 30.784779 13
-48.169147 -742.533325 25.040491 13
-44.805092 -738.051086 13.444041 13
-46.558796 -742.591064 24.513510 13
-47.463554 -740.156067 32.425976 13
-48.386013 -740.932983 41.032066 13
-50.843773 -739.155457 32.013798 13
-45.833149 -737.627197 29.418663 13
-54.606514 -736.578430 46.739689 13
-44.099762 -738.854919 9.467320 13
-46.918629 -743.199097 28.742865 13
-55.193336 -740.165466 38.848343 13
-54.351303 -736.772156 45.729961 13
-47.261204 -741.688721 22.111408 13
-48.601181 -743.112061 26.738138 13
-55.734207 -741.369446 39.543999 13
-51.647366 -741.601379 45.008808 13
-43.494213 -740.103210 0.358606 13
-58.867958 -742.427734 45.321602 13
-53.401825 -736.339539 47.807369 13
-50.941689 -736.743958 43.816761 13
-44.913811 -738.101318 2.548595 13
-48.220291 -739.538818 19.226595 13
-46.272717 -738.254028 24.984621 13
-47.087917 -738.761292 21.428797 13
-47.081947 -739.747131 13.657100 13
-52.670414 -736.940063 44.256569 13
-49.387241 -743.015320 27.501076 13
-51.945499 -736.414978 46.012383 13
-56.263699 -739.613708 41.446091 13
-58.638752 -742.292480 44.486496 13
-47.961323 -739.314941 20.069727 13
-52.686195 -739.382446 36.074684 13
-44.664265 -740.658752 4.144211 13
-52.226299 -744.750854 50.645821 13
-54.536282 -743.295227 37.813747 13
-45.683338 -741.800415 22.194252 13
-47.711807 -742.386475 24.146591 13
-51.414356 -742.611084 43.679874 13
-58.528114 -738.509460 48.499489 13
-54.136063 -742.472229 36.715347 13
-46.833092 -737.328369 32.124771 13
-54.529709 -736.352112 48.940685 13
-48.883930 -739.627075 22.601673 13
-46.625767 -739.798157 26.623985 13
-47.994274 -741.575928 29.949902 13
-43.242817 -738.858521 3.311949 13
-43.964008 -739.258301 26.314556 13
-48.753658 -738.729309 28.345480 13
-44.825310 -740.779053 10.289948 13
-53.280994 -738.379150 39.098267 13
-44.278660 -740.713501 15.800459 13
-54.541428 -741.774353 37.209370 13
-48.047268 -738.022217 29.753134 13
-48.520107 -742.314697 42.651554 13
-56.228374 -737.010742 47.691498 13
-51.309402 -739.965820 32.335327 13
-46.774124 -741.000549 19.198736 13
-48.790611 -742.063416 34.551765 13
-48.187687 -742.115112 37.818436 13
-46.093803 -740.121033 8.293303 13
-48.813416 -742.364929 37.881989 13
-45.212879 -737.757629 32.046391 13
-47.782310 -742.009644 22.922743 13
-48.061775 -739.527222 31.555538 13
-50.530514 -741.213684 38.279041 13
-51.208557 -741.704529 41.674149 13
-54.489674 -736.453735 47.328754 13
-45.516785 -738.684692 15.387438 13
-54.162918 -743.991089 37.751648 13
-52.200848 -742.564148 32.512844 13
-47.619595 -741.052429 21.491383 13
-46.115074 -741.127014 18.767891 13
-45.971851 -738.622009 12.798152 13
-49.251053 -745.234802 32.626362 13
-46.945625 -738.616638 22.483444 13
-43.454811 -739.317200 5.510376 13
-47.846214 -743.487427 27.209944 13
-50.352730 -739.064636 31.469759 13
-44.763729 -739.065796 23.924530 13
-46.962082 -739.091431 15.328472 13
-48.519653 -737.542725 36.185486 13
-48.612988 -742.674500 25.228157 13
-59.414429 -741.674377 46.214439 13
-51.322433 -741.655457 45.500156 13
-50.802082 -742.585571 41.780769 13
-51.610035 -743.467834 46.148106 13
-44.897099 -740.603760 0.381142 13
-47.346104 -740.948120 32.715561 13
-55.846329 -737.895813 44.453156 13
-51.012257 -738.118042 37.375851 13
-56.427654 -738.513306 43.884853 13
-58.568283 -739.225464 46.845242 13
-48.370831 -742.185364 41.441257 13
-55.749073 -737.587585 45.006622 13
-45.094337 -739.030640 16.848030 13
-44.737343 -737.868225 8.342557 13
-48.564762 -744.464355 30.827164 13
-52.809776 -742.989746 34.033756 13
-43.871773 -739.238892 7.945566 13
-48.377361 -742.351013 35.241634 13
-48.931293 -739.524963 24.266542 13
-53.911629 -736.855652 45.288773 13
-51.351589 -744.052734 48.007740 13
-44.997963 -740.478149 21.781307 13
-50.636490 -738.032532 36.743801 13
-50.729443 -744.823425 32.725929 13
-47.174988 -737.981506 28.332186 13
-44.614742 -739.276978 15.719314 13
-46.404415 -737.549622 31.916157 13
-51.574917 -735.825256 47.890831 13
-46.586102 -737.474426 29.667133 13
-47.541206 -739.258301 18.162842 13
-49.971439 -736.836609 42.399113 13
-51.852032 -744.089600 47.970615 13
-46.208637 -736.893494 38.026161 13
-46.171310 -738.956482 11.078583 13
-45.513073 -741.172607 22.235281 13
-52.681629 -735.493469 49.312355 13
-46.850624 -737.989624 27.431511 13
-55.038670 -741.375610 37.965733 13
-55.419140 -737.121277 45.573139 13
-44.168030 -738.069031 3.722766 13
-46.819199 -740.759033 27.055141 13
-53.264412 -738.238342 39.596745 13
-46.464863 -738.952332 12.847059 13
-44.460201 -738.293518 11.121721 13
-55.330154 -738.955383 41.050274 13
-48.561405 -741.101074 43.870148 13
-57.472343 -739.951599 43.749794 13
-43.737759 -740.355042 3.934870 13
-44.692341 -739.809448 19.921225 13
-48.164673 -737.752686 31.935747 13
-50.157227 -739.174683 30.537392 13
-43.912224 -740.415588 1.696978 13
-59.127533 -740.757812 47.560722 13
-47.260345 -741.086426 30.322815 13
-48.762978 -740.392273 23.808947 13
-50.117992 -741.153870 44.383545 13
-44.531567 -739.335938 20.244242 13
-49.876106 -742.708862 39.663631 13
-51.272999 -736.446045 45.283920 13
-47.163513 -739.733826 28.256227 13
-53.028687 -741.949402 34.042301 13
-47.691986 -740.902466 36.443604 13
-53.693443 -743.516418 36.541553 13
-45.822426 -738.334778 23.345985 13
-46.795071 -737.091064 37.459068 13
-47.708992 -740.205017 33.894573 13
-46.443291 -740.642273 24.150787 13
-45.309025 -740.284546 0.148482 13
-47.446960 -739.980286 17.505589 13
-58.977371 -738.726868 49.382984 13
-51.438110 -744.446594 49.725395 13
-58.022503 -742.951111 43.433483 13
-51.841434 -744.058289 48.905575 13
-48.592487 -743.809509 28.380539 13
-44.224831 -740.229797 7.494934 13
-44.531662 -737.833130 5.814127 13
-47.965775 -741.252930 22.372593 13
-44.334373 -739.362366 25.492832 13
-46.757309 -740.328674 16.052052 13
-48.324497 -739.342346 22.054857 13
-48.304886 -741.735840 40.506546 13
-51.765335 -738.172119 37.947994 13
-49.383774 -743.350586 45.819534 13
-43.985428 -738.673096 6.710546 13
-45.308464 -740.655518 11.047199 13
-54.640591 -738.418457 41.469906 13
-47.521526 -740.761169 35.631165 13
-48.819160 -743.067261 46.579693 13
-46.582474 -739.953125 13.753227 13
-43.464008 -738.673401 6.152273 13
-50.736961 -737.230774 41.488045 13
-48.274494 -742.127808 36.098415 13
-48.377983 -739.891785 21.346840 13
-54.200268 -745.201355 38.469425 13
-43.654598 -740.284424 2.192563 13
-56.381706 -741.162109 40.953739 13
-45.197884 -740.627625 12.581571 13
-57.584412 -743.356079 42.320919 13
-44.620655 -740.557800 7.608321 13
-52.572445 -742.605408 48.244251 13
-45.027279 -740.444031 18.502117 13
-53.634007 -739.241882 37.971661 13
-47.353699 -742.827026 25.070419 13
-51.645603 -742.587341 44.664471 13
-57.274479 -737.309814 48.981216 13
-44.401112 -739.352478 13.834177 13
-52.063595 -740.198547 33.864109 13
-49.159733 -742.436218 26.256680 13
-54.102928 -743.415222 36.934231 13
-45.387131 -737.676575 32.810204 13
-49.419201 -741.300110 26.656157 13
-48.549351 -740.920654 23.667997 13
-51.007030 -742.765259 42.771717 13
-46.896832 -741.159302 24.844631 13
-49.342354 -737.275940 39.381775 13
-47.854187 -742.563843 24.665840 13
-45.481579 -740.649963 15.758460 13
-55.626656 -740.896606 39.188587 13
-44.849712 -739.377869 17.709307 13
-46.276356 -738.456238 23.650684 13
-51.082195 -741.936279 30.239841 13
-46.790199 -740.036194 29.108364 13
-45.957516 -742.035217 25.387594 13
-50.255608 -735.367371 46.276363 13
-51.339481 -743.926270 32.321213 13
-44.177116 -740.239807 4.313415 13
-44.976185 -737.914551 10.034592 13
-45.454937 -741.012390 21.371466 13
-47.897705 -737.352356 37.051132 13
-53.430599 -737.177429 43.646549 13
-58.709217 -741.193542 45.488426 13
-45.744640 -738.081909 25.760572 13
-48.753586 -739.483337 23.771790 13
-50.198288 -736.573914 43.825752 13
-59.222820 -740.173218 48.999599 13
-47.779259 -739.440613 16.812172 13
-45.332191 -740.465820 20.887735 13
-48.755543 -740.125305 23.413671 13
-53.391895 -739.511108 37.108952 13
-46.688755 -740.800354 17.391823 13
-46.221397 -741.451233 19.956442 13
-48.451061 -736.297607 43.240242 13
-52.303108 -739.893066 34.416649 13
-49.981831 -736.629578 43.112648 13
-43.173141 -739.403687 0.555103 13
-59.542236 -740.772644 48.213543 13
-51.990501 -738.165039 38.698776 13
-44.227898 -740.649658 2.613830 13
-52.028378 -735.366760 48.664749 13
-45.189400 -740.431519 19.897835 13
-45.946972 -740.070190 11.068945 13
-53.734840 -736.318115 48.159962 13
-48.496529 -742.324341 42.118389 13
-58.418278 -741.081299 44.751881 13
-48.130871 -737.572205 33.590008 13
-49.422165 -742.698730 39.994328 13
-48.636314 -741.878418 24.777542 13
-47.345760 -740.509460 18.827013 13
-44.750587 -740.668396 14.795079 13
-58.217365 -738.221619 48.239681 13
-50.571354 -735.782776 47.103642 13
-50.284142 -738.538696 33.698372 13
-50.301949 -743.223389 43.309254 13
-44.473675 -739.237976 23.333691 13
-44.360577 -740.116211 13.233231 13
-53.504406 -737.406311 42.791706 13
-51.795303 -739.363770 34.269333 13
-46.605564 -740.183167 14.985811 13
-46.000694 -739.981812 6.151896 13
-46.371899 -741.930237 21.574848 13
-43.822388 -738.512451 3.610991 13
-47.384834 -740.734741 33.307373 13
-49.001434 -739.078918 27.280218 13
-45.552425 -740.493347 13.502350 13
-45.826622 -740.180420 9.474442 13
-45.172462 -738.290039 26.381498 13
-53.943134 -742.626709 36.293907 13
-45.159718 -738.346985 3.620430 13
-48.581688 -744.295776 29.958927 13
-48.273148 -739.742554 33.161629 13
-49.561554 -745.211609 33.030033 13
-47.452702 -739.039307 19.850037 13
-43.544479 -739.023804 1.491254 13
-54.666702 -739.465088 39.041492 13
-50.481655 -743.997986 47.625320 13
-49.205544 -743.068787 45.196373 13
-53.710445 -744.091614 37.299099 13
-44.376438 -739.833618 13.914362 13
-53.168667 -744.063843 35.667347 13
-49.394260 -743.189453 43.745125 13
-55.162323 -738.066650 42.945248 13
-55.262722 -742.529724 38.886955 13
-51.137726 -739.021667 33.674992 13
-45.489342 -740.449646 8.935131 13
-53.473595 -736.584351 46.095127 13
-57.799953 -737.769470 49.304272 13
-45.664215 -738.578125 19.751619 13
-51.855881 -742.839172 45.613876 13
-44.058353 -739.174500 28.088463 13
-50.967442 -737.609070 39.295902 13
-48.906109 -736.132935 43.657356 13
-46.694489 -739.840271 27.316919 13
-44.376293 -738.403564 29.410103 13
-58.796997 -739.451050 47.601448 13
-56.125595 -737.498962 45.830379 13
-49.691498 -735.733337 45.717613 13
-49.271881 -742.587646 26.712591 13
-44.036591 -739.786621 10.506821 13
-51.387840 -741.866943 42.551678 13
-45.775982 -740.589478 14.670824 13
-49.728085 -742.658936 39.069057 13
-55.124523 -739.826538 39.163219 13
-44.880554 -740.205444 18.062805 13
-46.787113 -740.876770 26.224783 13
-50.772297 -741.431458 39.759315 13
-44.356663 -740.365112 8.498981 13
-52.256378 -740.935303 33.209961 13
-58.275692 -743.399597 42.926983 13
-44.345070 -738.670410 27.745140 13
-49.737297 -736.997314 41.472004 13
-57.546513 -739.588806 44.196365 13
-49.861084 -743.472412 44.973125 13
-48.542511 -741.917480 33.079094 13
-54.255344 -741.164062 36.484310 13
-47.374596 -737.418274 34.939529 13
-53.041424 -735.354065 49.684837 13
-52.215851 -743.334473 33.282291 13
-57.730236 -741.033691 43.367363 13
-53.618073 -736.445129 46.901680 13
-46.197880 -739.979004 12.145864 13
-43.764057 -738.716248 4.759701 13
-48.718456 -742.451050 43.253288 13
-46.736485 -739.031494 14.390009 13
-44.578465 -737.849915 31.392153 13
-45.426270 -738.818298 18.948774 13
-52.462627 -739.009033 36.394119 13
-47.671463 -740.769348 20.697838 13
-50.395424 -736.158142 45.171722 13
-50.499371 -743.531982 44.800163 13
-47.759068 -740.174866 19.382078 13
-47.420593 -741.635742 28.462196 13
-45.571182 -740.474121 10.650738 13
-46.893429 -742.869263 25.458891 13
-44.389278 -738.188538 8.630625 13
-46.678360 -737.406311 30.228535 13
-45.502953 -737.741638 31.571760 13
-47.505363 -739.898132 16.654654 13
-46.523949 -738.747131 18.658665 13
-45.222420 -738.842651 20.738297 13
-45.470684 -740.987305 19.283960 13
-56.748894 -737.378540 47.603401 13
-49.956699 -737.883850 36.895279 13
-53.467762 -744.081665 36.573517 13
-46.663578 -738.686707 20.056078 13
-45.391682 -740.367615 6.032757 13
-57.462006 -737.638000 48.097900 13
-48.940697 -742.549866 40.712906 13
-51.068035 -743.976746 31.923128 13
-52.253075 -737.606262 40.623772 13
-51.799549 -738.953125 35.117237 13
-59.653114 -739.633667 49.206928 13
-47.057182 -743.320557 27.245504 13
-48.453381 -739.023499 25.367605 13
-45.577625 -738.677673 1.877331 13
-45.471680 -738.323669 10.727539 13
-45.193119 -740.441650 1.103006 13
-53.310741 -738.045044 40.480080 13
-43.978302 -739.191101 9.128658 13
-49.159187 -740.774963 25.581799 13
-44.201653 -738.220032 4.481347 13
-49.670448 -740.630859 27.301764 13
-48.038860 -743.120667 25.474165 13
-47.303986 -740.948486 31.939821 13
-45.438263 -741.065063 11.857795 13
-44.731274 -740.651306 5.473691 13
-51.254398 -743.717834 46.336246 13
-56.104839 -741.857361 40.342651 13
-50.147930 -744.762756 32.706181 13
-56.524933 -736.448669 49.048080 13
-52.911385 -736.113098 48.615036 13
-57.910744 -738.201904 47.670742 13
-46.879124 -737.557068 31.134779 13
-49.701111 -743.546997 28.850550 13
-48.365135 -741.781433 44.522621 13
-57.642712 -739.448242 44.989647 13
-46.808979 -737.366333 35.164982 13
-52.265347 -742.158447 47.616795 13
-46.417133 -740.133484 24.865585 13
-46.989735 -742.622375 24.236441 13
-59.155083 -741.284180 47.479836 13
-48.254181 -742.249756 39.720486 13
-51.884636 -743.659302 47.718094 13
-50.751225 -742.423279 41.106163 13
-48.867870 -737.991211 32.174431 13
-44.433544 -740.389954 9.638173 13
-57.915367 -743.774597 42.530968 13
-44.862473 -738.805725 15.746910 13
-48.104584 -738.243530 28.630148 13
-47.509521 -738.861450 22.077028 13
-47.162029 -738.565430 23.990726 13
-44.734673 -739.693298 20.856901 13
-45.030357 -738.403809 14.255642 13
-49.286427 -736.394836 43.534889 13
-53.571033 -745.131348 37.924297 13
-51.254086 -738.887512 34.446846 13
-44.287796 -738.351013 29.881021 13
-49.554096 -738.691528 30.860783 13
-47.648209 -737.767334 30.396681 13
-44.278263 -740.318848 6.823212 13
-49.843071 -740.787170 43.367191 13
-52.356087 -736.087646 47.888893 13
-43.872612 -739.131653 26.959463 13
-47.132942 -739.153564 16.292675 13
-54.884426 -736.402710 48.596470 13
-49.954956 -744.955261 33.120255 13
-49.871300 -735.840332 45.228691 13
-52.871864 -736.177063 48.035843 13
-51.137169 -735.326294 47.429619 13
-48.147633 -744.123413 29.512110 13
-50.217754 -740.569031 29.054293 13
-44.287445 -740.282715 6.361063 13
-50.822052 -743.773010 46.139469 13
-50.587704 -743.088440 42.360527 13
-47.668697 -738.580505 25.634462 13
-44.128475 -739.198914 11.418757 13
-56.059402 -740.416199 40.500637 13
-44.385983 -738.947815 13.374259 13
-45.986336 -740.085266 10.197042 13
-45.594177 -740.435120 11.407496 13
-54.484978 -736.283691 49.500698 13
-45.517658 -736.868530 36.161766 13
-55.395416 -736.480591 49.486195 13
-50.070774 -739.959717 28.662336 13
-48.120838 -741.297607 39.153290 13
-52.399590 -744.753052 35.833992 13
-45.026024 -740.805908 11.803962 13
-46.068031 -738.514099 18.070192 13
-56.099342 -736.646484 49.172371 13
-46.247749 -737.636353 30.601761 13
-46.861080 -738.427429 24.592770 13
-44.367439 -738.110229 6.142788 13
-45.451385 -740.400391 6.980441 13
-56.008423 -741.152222 39.953823 13
-45.189720 -740.666260 17.139515 13
-51.588848 -736.940918 42.990543 13
-45.454636 -740.962830 10.113700 13
-45.928745 -741.846619 22.700012 13
-47.063553 -742.380310 23.402555 13
-50.762634 -739.588806 30.975290 13
-46.523678 -736.609070 39.715118 13
-47.106102 -740.236389 16.862356 13
-49.594227 -736.335999 43.920155 13
-51.061424 -735.702026 47.907467 13
-57.525879 -738.822266 45.774887 13
-48.089935 -740.619995 20.866766 13
-57.928673 -740.433228 44.300453 13
-47.704662 -738.059631 28.870502 13
-46.593704 -739.640015 12.280685 13
-46.144722 -738.718628 19.463776 13
-48.639984 -742.440002 25.642834 13
-47.350288 -741.288086 26.629761 13
-44.173225 -740.576599 3.440317 13
-58.408298 -742.915527 43.672443 13
-48.799347 -742.426514 38.473717 13
-51.214191 -737.156494 41.495697 13
-46.265747 -742.218140 26.940464 13
-44.816833 -740.757935 13.854338 13
-50.745041 -743.892700 31.197735 13
-46.333801 -738.672852 17.121290 13
-47.780231 -739.345703 19.096918 13
-47.089233 -740.895447 28.979509 13
-50.314537 -737.790344 37.613010 13
-48.208118 -737.259338 38.290043 13
-58.069244 -741.585876 44.035519 13
-44.866783 -740.218445 20.183651 13
-51.968616 -735.845825 48.933128 13
-59.314545 -741.849243 45.799522 13
-43.385593 -740.076904 1.293515 13
-54.739197 -745.147644 39.059708 13
-51.459084 -742.078064 44.949757 13
-54.238796 -741.974976 36.740025 13
-44.577854 -738.305237 14.443864 13
-52.961159 -744.492126 36.248730 13
-51.202038 -737.944641 38.236271 13
-45.840721 -737.779358 27.938025 13
-45.083084 -738.153870 6.290630 13
-54.030231 -739.503784 38.211727 13
-47.798397 -741.796509 22.470358 13
-46.381329 -737.060303 37.127899 13
-47.728840 -738.733826 24.462116 13
-51.436916 -736.197937 46.712044 13
-50.681938 -742.058167 40.236439 13
-49.855362 -742.782471 27.949963 13
-48.476307 -741.391724 29.726755 13
-47.659904 -738.764099 23.943872 13
-45.533684 -738.534668 20.255154 13
-45.477116 -740.203613 5.603909 13
-58.176552 -738.538574 47.012718 13
-46.631386 -736.974976 37.897129 13
-48.232929 -741.339172 40.171120 13
-54.006874 -737.580505 42.683006 13
-45.709152 -739.795166 2.444002 13
-51.050678 -741.490479 30.386000 13
-44.420261 -739.012024 14.475182 13
-49.069778 -739.569153 35.141670 13
-46.582439 -737.232422 36.444576 13
-45.303162 -740.413391 3.551655 13
-48.563103 -739.705750 34.895954 13
-47.488529 -739.043823 19.325550 13
-46.227592 -740.591858 15.141951 13
-50.382702 -742.955017 40.982033 13
-47.432091 -739.866272 15.466816 13
-44.834621 -737.317261 33.726955 13
-57.211456 -738.462524 45.486759 13
-43.909935 -738.094788 31.469969 13
-49.225571 -744.139221 29.695215 13
-50.321796 -744.997681 34.549026 13
-46.356918 -739.246643 8.984621 13
-49.685020 -743.847229 48.149475 13
-43.371407 -738.864319 0.693908 13
-47.486866 -738.779602 23.107710 13
-48.636581 -742.402649 44.633930 13
-49.682819 -735.360901 45.263241 13
-45.571545 -738.072632 26.266233 13
-45.392216 -740.799194 20.493507 13
-47.922462 -739.731079 32.239826 13
-44.566895 -738.035950 9.475463 13
-51.675720 -744.129822 33.220730 13
-52.706108 -737.408020 41.978973 13
-45.412186 -738.338013 23.933540 13
-48.337200 -740.393433 22.163687 13
-43.616844 -738.826172 1.900462 13
-56.939045 -736.755005 49.019882 13
-57.463455 -741.785278 42.887569 13
-56.498421 -742.182556 41.068367 13
-45.946148 -740.622681 7.613452 13
-49.504154 -737.592529 37.398453 13
-53.226002 -742.203613 34.452774 13
-45.647137 -741.168884 22.957853 13
-54.829594 -742.588867 37.916122 13
-51.761551 -740.284241 33.158142 13
-53.925106 -742.207520 35.865986 13
-53.372372 -736.682129 45.658421 13
-49.746510 -743.025879 42.405544 13
-45.878838 -738.387878 21.956991 13
-44.606174 -739.899658 22.793949 13
-47.101208 -737.455933 33.156010 13
-47.761799 -739.833191 18.444361 13
-45.812668 -739.784851 4.907373 13
-44.085442 -740.455322 5.541757 13
-50.838711 -742.065308 29.775404 13
-55.561985 -738.275269 43.125324 13
-45.278618 -740.745361 17.604589 13
-46.087025 -736.744446 38.506649 13
-49.358463 -740.791199 26.372824 13
-43.603909 -739.530518 5.084939 13
-44.696529 -741.128845 11.313998 13
-50.948086 -736.960205 42.342125 13
-47.643620 -740.687744 19.513067 13
-45.744797 -741.751587 21.711781 13
-44.988560 -739.144409 19.745363 13
-55.985130 -736.987305 47.313183 13
-45.985538 -737.784729 27.202662 13
-44.563271 -738.386475 12.883486 13
-44.273609 -738.534485 30.714636 13
-54.113003 -738.344604 40.643032 13
-45.677170 -739.784729 0.865462 13
-54.886002 -739.085327 40.206173 13
-55.362793 -741.677429 38.597286 13
-59.008541 -740.637207 46.906776 13
-43.759403 -740.158264 9.068006 13
-47.550869 -741.306641 21.886099 13
-44.345047 -740.349060 8.986329 13
-56.585201 -740.500854 41.258480 13
-57.707981 -738.686523 46.181522 13
-44.971405 -736.948242 34.901642 13
-59.078671 -742.421509 44.902756 13
-43.805195 -738.834717 28.254490 13
-46.048073 -738.962708 2.175570 13
-49.185215 -742.322388 36.155357 13
-50.790081 -738.393372 35.793510 13
-51.191097 -744.199036 48.423557 13
-53.823975 -740.644104 36.267780 13
-56.364391 -736.947266 48.416275 13
-47.524811 -743.993103 29.790859 13
-49.206852 -742.888794 42.509750 13
-48.346939 -741.389160 23.219164 13
-48.699093 -737.394714 37.584126 13
-52.914803 -736.576660 46.377499 13
-53.187122 -739.939331 36.278805 13
-50.589344 -744.339355 32.007534 13
-49.812603 -743.850952 47.540775 13
-45.289185 -740.582581 15.329978 13
-56.763924 -737.815186 46.379120 13
-49.668190 -741.950256 27.249878 13
-48.485359 -739.798828 21.848797 13
-49.322128 -738.913391 29.333521 13
-59.120922 -740.649414 48.422138 13
-48.394283 -741.771667 43.999668 13
-53.467350 -738.869446 38.401215 13
-47.934761 -738.748901 25.283026 13
-46.677872 -740.219116 26.029680 13
-49.054081 -743.866943 28.393930 13
-57.735474 -740.365173 43.887775 13
-51.124714 -741.239807 46.181801 13
-58.721977 -738.888428 48.299652 13
-57.614620 -741.483826 43.305981 13
-52.913712 -745.172668 37.350555 13
-45.561802 -737.964172 28.444118 13
-54.816933 -738.651001 40.995300 13
-44.632828 -740.639893 2.151876 13
-44.904068 -740.379395 16.208210 13
-44.812958 -738.548645 27.102970 13
-56.862591 -737.239441 48.381596 13
-50.293415 -744.293091 31.490435 13
-54.565063 -739.837585 38.391155 13
-50.295971 -741.959290 38.634552 13
-44.640839 -740.655151 12.622563 13
-44.673225 -740.630249 2.823618 13
-47.179493 -738.484558 24.882647 13
-52.705151 -740.513550 34.471619 13
-47.131996 -740.197266 29.892540 13
-48.986263 -742.941162 43.986629 13
-43.877728 -739.826111 8.459475 13
-46.846127 -740.373352 28.234667 13
-44.449493 -738.190918 10.027668 13
-50.119503 -741.406372 37.520767 13
-51.022720 -744.882263 34.108078 13
-45.245316 -736.937439 35.662132 13
-51.409584 -738.366638 36.545666 13
-52.399426 -744.429810 50.936565 13
-44.391232 -737.903076 5.342638 13
-48.542534 -740.550781 22.837358 13
-46.890804 -741.079468 19.653582 13
-48.725723 -739.778442 36.744427 13
-47.370506 -741.520813 25.629330 13
-46.927097 -736.582153 39.917900 13
-48.401566 -741.294495 41.816864 13
-56.374676 -738.776428 43.041512 13
-52.546463 -739.856384 35.059509 13
-51.129562 -739.163025 32.659649 13
-43.763294 -739.015320 5.858996 13
-48.528938 -742.502930 36.020363 13
-50.609798 -735.299805 46.685997 13
-45.145573 -740.736511 0.737882 13
-49.653763 -742.877380 41.238102 13
-50.411682 -743.414734 44.166870 13
-44.169342 -740.178040 8.128526 13
-44.279869 -739.906799 16.429211 13
-45.794102 -740.518005 6.373585 13
-51.436958 -744.230042 48.838085 13
-49.025276 -737.380493 38.044014 13
-48.309586 -738.030090 30.672235 13
-45.252205 -738.285339 1.544416 13
-44.465149 -739.886353 23.941101 13
-44.478363 -740.718567 13.514591 13
-44.354012 -738.716797 12.130194 13
-48.662743 -737.199036 39.321983 13
-44.289402 -740.796753 14.740574 13
-50.642017 -743.950745 49.274635 13
-52.537472 -743.575500 50.362873 13
-45.246559 -738.677124 22.335909 13
-49.322933 -742.208862 34.918102 13
-49.112137 -742.939148 44.527325 13
-47.676167 -736.407654 42.200531 13
-44.429287 -739.642456 15.544084 13
-50.846420 -743.436646 30.346136 13
-52.077728 -737.954590 39.581886 13
-56.170902 -738.541870 43.450348 13
-43.108013 -739.022522 1.496471 13
-50.200745 -741.362915 28.605646 13
-43.421223 -739.387756 3.694955 13
-48.205048 -738.622620 27.159492 13
-52.025608 -738.717773 36.084919 13
-43.545452 -739.904297 4.336633 13
-43.642147 -739.985535 4.804141 13
-48.733322 -741.963440 45.221638 13
-47.191143 -741.214111 28.328903 13
-47.469566 -737.121826 37.856350 13