-46.220398 -739.498657 9.326743 13
-53.152164 -744.155151 51.747982 13
-44.074348 -737.687012 31.924520 13
-53.860626 -745.504272 37.957615 13
-48.473324 -735.835144 43.657669 13
-47.923656 -740.979858 21.086559 13
-57.516739 -739.260803 44.580063 13
-45.491276 -740.146790 -0.329980 13
-50.359577 -743.534912 29.408131 13
-50.892963 -738.247925 36.212265 13
-53.362782 -735.355347 50.056576 13
-50.078770 -743.440063 44.545792 13
-44.369881 -738.720947 15.873304 13
-43.962452 -739.429260 25.809343 13
-59.729713 -739.007568 50.047997 13
-55.447437 -740.140869 39.308872 13
-45.797756 -736.544495 38.204765 13
-48.225769 -742.230042 39.240196 13
-43.272320 -738.829529 4.659237 13
-48.465942 -738.464783 28.813143 13
-47.696915 -741.782593 33.804630 13
-57.665428 -743.967224 42.182919 13
-52.916252 -742.404358 33.848412 13
-53.208542 -736.751831 45.238495 13
-47.364475 -743.004822 25.534195 13
-51.825771 -737.470764 40.741890 13
-52.323219 -741.876648 47.993275 13
-48.182907 -737.643494 32.966835 13
-56.562843 -737.125916 48.054173 13
-49.839409 -745.323059 33.402473 13
-48.075287 -738.850891 24.731434 13
-44.657608 -741.141541 12.669233 13
-44.586235 -739.353088 19.735971 13
-50.829601 -740.086548 31.476618 13
-47.778561 -739.549377 17.546415 13
-48.343033 -740.568665 42.744377 13
-43.687511 -737.194031 1.278276 13
-59.218399 -741.678223 46.899910 13
-54.914410 -738.118896 42.415859 13
-50.255657 -735.623718 46.773872 13
-46.898006 -743.657654 28.981966 13
-51.167534 -741.528076 40.933174 13
-48.447750 -736.900940 40.356155 13
-45.911243 -740.419556 3.062479 13
-49.375866 -743.667908 47.881493 13
-47.243923 -739.366943 14.155550 13
-44.825748 -737.809143 12.015523 13
-53.656799 -740.182556 36.410835 13
-49.881649 -741.552246 36.341919 13
-45.124931 -738.188110 28.694977 13
-45.160301 -737.483337 35.070732 13
-49.639435 -741.086182 27.130543 13
-45.586765 -741.121765 23.423616 13
-45.378361 -740.772156 6.402837 13
-47.145882 -740.785645 30.699324 13
-55.584023 -743.366394 39.734062 13
-56.847084 -740.878052 41.982807 13
-44.728390 -737.824829 7.213233 13
-52.079124 -744.898376 35.528877 13
-47.960152 -737.432800 36.268948 13
-46.711369 -740.233032 27.060261 13
-46.332550 -738.538574 22.125299 13
-49.207779 -739.542847 38.637154 13
-58.343449 -741.954285 44.174538 13
-43.402428 -740.161499 1.753066 13
-54.038979 -742.994446 36.649967 13
-51.987843 -739.759094 34.079128 13
-51.684780 -744.254578 49.344856 13
-51.199463 -741.065735 45.528397 13
-48.306187 -744.388367 31.272350 13
-45.444145 -741.043884 17.295849 13
-58.432049 -739.029724 47.295025 13
-51.156261 -736.847168 43.352253 13
-53.150517 -738.611572 38.618885 13
-51.503258 -743.666382 31.913946 13
-48.962048 -739.591187 34.695660 13
-46.694084 -737.388550 30.695408 13
-43.664673 -738.747253 9.777715 13
-55.823162 -737.399353 45.468117 13
-53.970245 -736.445068 47.747890 13
-49.308685 -742.990540 42.088684 13
-48.277924 -741.327148 23.661032 13
-46.049812 -737.889404 26.147350 13
-51.595058 -743.903320 46.641670 13
-45.779236 -741.665222 20.062860 13
-46.525139 -739.710205 11.829000 13
-46.976910 -738.832825 19.740725 13
-48.481915 -741.680969 44.995922 13
-51.575436 -741.996155 43.304405 13
-50.858158 -737.742065 38.568119 13
-47.738300 -740.614258 36.896767 13
-45.006477 -738.207764 3.032835 13
-44.301914 -740.783569 8.720882 13
-48.829205 -743.314514 27.358601 13
-45.228020 -740.684814 14.904605 13
-50.443977 -740.979309 29.330681 13
-50.424953 -741.514648 38.679707 13
-47.882797 -741.557739 28.560591 13
-55.458889 -736.200684 49.849819 13
-51.869228 -735.729431 48.371777 13
-45.118156 -738.664612 24.037569 13
-45.615196 -738.791748 17.824448 13
-49.312588 -738.464355 31.214434 13
-47.797348 -739.855286 32.693729 13
-48.361835 -740.318970 40.523918 13
-48.428421 -739.394592 22.608624 13
-44.070095 -738.980042 13.714999 13
-50.218536 -738.590637 33.212395 13
-48.751076 -741.861450 31.888933 13
-45.940922 -737.496582 33.036942 13
-44.649529 -740.027222 21.792992 13
-58.237595 -737.578552 49.426212 13
-54.336224 -738.644531 40.406570 13
-55.107533 -741.943848 38.186054 13
-48.661266 -737.330383 38.282551 13
-48.870911 -739.054443 26.800467 13
-46.011711 -739.366028 4.905760 13
-46.275734 -742.514832 27.287464 13
-43.613693 -739.564880 6.680895 13
-44.318523 -740.736755 4.576087 13
-45.200146 -740.924622 10.636163 13
-59.496922 -740.577026 48.670597 13
-45.833000 -741.555298 25.453917 13
-53.155117 -737.269775 43.091888 13
-50.052040 -740.661743 43.849422 13
-49.514500 -736.846191 42.153824 13
-51.930622 -741.649658 32.069103 13
-46.269024 -739.125000 7.343229 13
-49.211227 -740.397705 25.298433 13
-46.624172 -738.788879 16.110163 13
-47.160698 -741.012329 18.726784 13
-50.031796 -736.095642 44.868431 13
-43.735584 -738.375854 30.103485 13
-46.829266 -742.155396 22.259293 13
-46.569412 -736.373108 40.136040 13
-49.860683 -742.817383 40.171055 13
-56.608986 -739.100647 42.804947 13
-52.036892 -744.215088 33.701935 13
-44.050735 -739.559631 11.707712 13
-47.408524 -736.219299 41.865120 13
-56.622150 -742.618896 41.197872 13
-46.426388 -739.742493 25.124359 13
-48.184048 -742.058960 35.614876 13
-46.884949 -737.881836 27.937399 13
-55.946468 -739.459106 41.061508 13
-48.694126 -742.574524 37.431416 13
-47.135151 -737.412109 34.542843 13
-47.159992 -739.818420 28.881044 13
-58.538036 -740.313416 45.777050 13
-49.006393 -737.705383 34.673206 13
-53.197952 -743.174011 49.631428 13
-43.790337 -738.993652 27.630287 13
-51.754276 -742.806213 45.137482 13
-49.049980 -743.133179 46.125809 13
-51.962215 -736.337708 46.572056 13
-55.127857 -745.113892 39.328037 13
-42.995098 -738.965820 0.399010 13
-44.809547 -738.054138 5.367103 13
-54.529827 -743.743347 38.264000 13
-49.922859 -739.571045 28.206686 13
-45.111229 -740.753601 1.459218 13
-48.643040 -744.149109 29.507496 13
-52.506405 -738.846130 36.840897 13
-45.853558 -738.530823 13.314592 13
-48.932552 -742.119507 25.772026 13
-51.234840 -742.403564 30.503622 13
-53.664112 -741.707458 35.435375 13
-46.161293 -737.203003 36.558876 13
-54.671093 -737.292542 44.087013 13
-57.106880 -738.045959 46.550488 13
-50.145191 -744.417908 30.956869 13
-45.304596 -738.205200 10.286337 13
-47.471634 -740.520386 35.050041 13
-56.468082 -744.497620 40.800251 13
-46.621700 -742.445251 24.016933 13
-49.122158 -739.524048 36.736629 13
-50.177841 -737.237366 40.220848 13
-50.223335 -739.345825 29.996874 13
-43.260014 -738.782715 2.809568 13
-54.338634 -739.789673 37.995834 13
-47.268600 -740.340759 15.603592 13
-45.761658 -739.147156 1.781440 13
-53.101017 -743.518799 35.306831 13
-56.002972 -741.666626 39.898285 13
-48.429405 -742.005554 40.935680 13
-49.909668 -740.496155 42.061588 13
-57.506287 -742.332214 42.723228 13
-50.068916 -742.380859 28.168533 13
-48.492195 -741.671631 30.156836 13
-44.150894 -740.340576 16.320972 13
-57.623779 -740.564392 43.504375 13
-53.319832 -737.745483 41.488796 13
-47.996429 -740.686584 38.568077 13
-53.236164 -744.477722 36.681866 13
-45.961418 -740.613831 8.116926 13
-43.849247 -740.402893 0.163899 13
-48.900326 -742.632507 43.671139 13
-46.034641 -740.267456 13.458293 13
-46.747280 -738.481934 23.758785 13
-49.500195 -741.935059 34.621567 13
-44.517689 -740.167725 24.383205 13
-47.421799 -741.446106 26.065918 13
-49.518940 -737.645691 36.883396 13
-48.390285 -739.561340 20.186749 13
-50.599983 -745.209229 34.868286 13
-45.243244 -740.646057 18.883068 13
-54.551888 -736.678345 46.216358 13
-51.589962 -736.649963 44.938721 13
-56.092144 -738.189941 44.061405 13
-44.389797 -737.483215 33.541660 13
-43.582462 -738.813843 8.123356 13
-44.668861 -737.856812 8.847161 13
-45.164120 -737.806641 30.607025 13
-47.559368 -738.401550 26.180592 13
-50.671719 -743.227783 42.862770 13
-45.558319 -741.342957 21.735250 13
-52.196728 -743.482483 48.063110 13
-48.113346 -737.965149 30.283318 13
-45.660847 -738.675232 20.666590 13
-44.317516 -740.415833 3.025109 13
-45.541782 -738.593506 14.851519 13
-47.217289 -737.002502 38.857151 13
-52.068996 -742.005371 46.465107 13
-54.475029 -741.444214 36.784573 13
-50.862270 -738.637817 34.708031 13
-58.843670 -738.846375 48.763363 13
-47.537498 -738.931763 21.285032 13
-52.576572 -739.583740 35.508949 13
-59.246506 -742.068848 45.390652 13
-43.907078 -740.207886 10.313416 13
-50.790318 -744.120422 48.063553 13
-51.913536 -744.356323 50.830120 13
-52.896065 -740.937073 34.341621 13
-58.319843 -743.344788 43.470768 13
-47.457161 -741.246887 32.277340 13
-47.802330 -739.534668 31.124104 13
-48.941280 -739.937744 23.901297 13
-44.789211 -738.552246 26.643211 13
-55.312794 -736.428772 48.365612 13
-51.599461 -740.330444 32.693146 13
-46.686974 -741.006287 24.394890 13
-44.976582 -737.984924 1.304152 13
-47.344112 -743.492615 27.584383 13
-57.832939 -737.935730 48.042866 13
-50.989365 -737.093506 41.896587 13
-46.136074 -739.783203 23.685669 13
-53.011784 -738.041260 40.107224 13
-46.760471 -740.529114 16.982885 13
-54.105270 -736.268250 49.217403 13
-50.348881 -743.712769 45.938042 13
-45.049580 -740.505005 20.484114 13
-46.322914 -737.708496 29.301384 13
-48.805061 -744.802124 32.564369 13
-44.674332 -739.856079 17.744799 13
-55.797970 -737.008606 46.855186 13
-50.422966 -744.540283 32.369640 13
-49.526459 -742.604675 38.628860 13
-48.318283 -742.491821 24.471142 13
-59.032253 -740.329895 47.292747 13
-49.732140 -736.564209 43.527855 13
-47.771774 -737.645508 31.601603 13
-50.519619 -742.791382 41.408157 13
-57.898674 -739.032898 45.956623 13
-45.727036 -738.554565 19.213274 13
-44.541477 -739.170410 22.866341 13
-48.508411 -741.881042 42.324673 13
-47.935154 -739.835510 18.907969 13
-44.292759 -740.660156 7.247625 13
-44.423126 -740.351685 13.781147 13
-47.274223 -737.215942 37.446869 13
-47.023029 -741.096069 20.084856 13
-48.399982 -740.762939 22.429585 13
-52.063126 -737.995544 39.143242 13
-52.163239 -743.050964 32.912663 13
-43.716999 -738.541748 1.486979 13
-46.915169 -738.832092 18.393141 13
-56.858978 -738.265381 45.220581 13
-45.858345 -738.546692 11.582070 13
-51.503242 -738.195618 37.474895 13
-56.269684 -737.193420 49.358822 13
-47.465847 -744.044495 30.291412 13
-54.339245 -739.139832 39.168518 13
-48.999554 -742.045227 33.399490 13
-43.680367 -739.904114 5.386398 13
-45.637203 -737.915344 27.476551 13
-47.239521 -740.513489 33.754597 13
-46.799992 -738.307800 25.101376 13
-49.353962 -743.586792 28.543051 13
-46.054192 -739.847595 10.611303 13
-56.352310 -740.683350 40.783173 13
-45.949375 -737.674561 31.732130 13
-46.022873 -740.342224 22.448013 13
-50.327389 -738.916565 31.956806 13
-45.440220 -740.557556 9.403819 13
-45.874336 -740.699219 16.052877 13
-44.344315 -737.899780 4.150441 13
-44.271935 -739.742798 15.077662 13
-45.501041 -740.525330 11.893561 13
-52.271366 -737.256897 42.085209 13
-47.362862 -741.338562 27.343151 13
-53.315468 -736.483459 46.522526 13
-44.887222 -738.633911 25.299641 13
-49.933308 -742.060730 37.542107 13
-47.995125 -738.431885 27.482965 13
-43.533413 -739.895874 3.893907 13
-50.964825 -741.058411 30.511158 13
-44.136845 -738.943298 29.023254 13
-49.699539 -737.340942 39.035870 13
-50.637005 -742.294312 29.377644 13
-49.165562 -738.642700 29.886501 13
-48.358578 -741.483643 43.627583 13
-48.292149 -740.014343 35.887283 13
-45.875347 -739.517761 6.165285 13
-52.900837 -745.623352 37.078201 13
-58.178280 -740.668335 44.624447 13
-46.548889 -741.854248 21.054707 13
-48.867561 -742.920715 44.895142 13
-51.223316 -743.022583 44.020199 13
-45.902931 -740.475464 4.327157 13
-49.789768 -737.976868 35.678082 13
-47.175026 -741.015747 29.445761 13
-52.278610 -736.919983 43.919899 13
-52.700249 -736.244629 47.605835 13
-48.674423 -739.499207 21.396261 13
-47.941006 -741.585693 37.649834 13
-45.832733 -738.670715 8.413998 13
-52.917343 -735.916748 49.031242 13
-46.065105 -739.318970 3.675924 13
-49.202106 -738.164307 32.503868 13
-44.050663 -738.490173 6.250296 13
-50.851746 -736.196899 45.855167 13
-44.286572 -738.681213 10.855850 13
-46.200680 -742.712646 25.799362 13
-49.487450 -742.321289 27.046381 13
-51.216221 -741.941101 42.115562 13
-51.342957 -739.117615 33.243366 13
-44.893311 -738.075317 13.955996 13
-52.470734 -741.356445 33.263203 13
-50.935272 -744.765442 33.676144 13
-48.413837 -736.392822 42.546955 13
-50.599312 -741.873047 39.822456 13
-48.878132 -739.233826 25.590233 13
-44.835838 -741.108459 0.303071 13
-47.083576 -737.302002 32.563793 13
-45.184238 -738.779602 21.863214 13
-45.476498 -738.821838 16.489384 13
-46.432491 -740.566467 14.733991 13
-48.679691 -741.363708 24.810375 13
-47.798203 -741.723938 31.143087 13
-49.530731 -740.014221 26.440960 13
-43.979431 -739.661804 9.037436 13
-55.147598 -740.744690 38.143089 13
-48.099537 -743.849976 28.448898 13
-51.001244 -743.565247 30.734760 13
-48.404114 -740.944092 41.542320 13
-51.488621 -741.643860 44.505699 13
-46.713253 -739.336365 13.051133 13
-48.728939 -739.601562 33.417316 13
-45.942936 -739.448608 0.621266 13
-55.024990 -738.712341 41.375366 13
-48.003044 -743.291931 26.502264 13
-47.416485 -738.771118 22.659895 13
-50.246529 -744.061096 49.120834 13
-45.363796 -738.489807 4.326962 13
-53.343582 -739.293457 37.560955 13
-47.542229 -739.493835 16.401724 13
-51.756554 -738.731506 35.562828 13
-44.355537 -740.827637 11.464476 13
-47.538246 -737.884155 29.256866 13
-51.257198 -735.855713 47.379860 13
-46.336227 -737.324219 35.407524 13
-50.344311 -741.401672 44.791477 13
-57.352882 -736.809387 49.157993 13
-52.814529 -743.629761 50.699486 13
-50.020969 -741.139465 28.246916 13
-44.769699 -740.318604 22.947285 13
-44.380447 -738.729736 12.575438 13
-53.309372 -740.586304 35.384369 13
-48.536991 -740.008911 37.795429 13
-52.935463 -742.731445 48.588894 13
-49.072308 -739.643799 39.889881 13
-47.070389 -740.198120 31.742073 13
-48.913143 -735.753052 44.728634 13
-55.227688 -739.381592 40.137329 13
-45.073235 -736.920898 36.073284 13
-44.592510 -739.259766 20.934637 13
-45.256516 -740.443237 5.298933 13
-47.501221 -742.127563 23.347240 13
-46.615536 -740.635742 25.856710 13
-45.406487 -738.464539 6.335545 13
-51.159519 -737.566772 39.729046 13
-46.775608 -738.806885 17.242178 13
-49.880939 -735.304443 45.664543 13
-46.026886 -737.447144 34.233391 13
-48.197624 -741.121460 39.739651 13
-46.996063 -740.803162 28.322199 13
-46.114578 -741.083801 18.265907 13
-49.898796 -737.607361 37.953228 13
-53.468689 -737.055542 44.174595 13
-49.405125 -736.968628 41.032345 13
-53.986794 -744.457153 37.544998 13
-52.179218 -743.008362 47.005768 13
-46.649818 -738.876587 14.975042 13
-54.397408 -736.947998 45.134319 13
-52.580688 -744.299927 34.686504 13
-49.290745 -742.253113 35.672985 13
-50.209461 -743.905090 47.124184 13
-44.285080 -739.919312 12.749468 13
-44.356152 -740.698547 5.917509 13
-48.986526 -738.941650 27.950806 13
-54.480301 -742.752441 37.665195 13
-45.371201 -738.379028 22.981234 13
-55.227039 -742.987610 38.741238 13
-48.233967 -737.092346 39.276829 13
-49.267738 -738.011658 33.624454 13
-44.967739 -739.201172 18.619673 13
-56.969074 -743.663269 41.368855 13
-48.426994 -736.672119 41.468311 13
-51.726685 -742.595947 31.517221 13
-47.430332 -736.647278 40.849831 13
-48.036480 -737.516968 35.174812 13
-45.795429 -741.708130 24.321407 13
-46.901825 -743.106750 26.609549 13
-54.334015 -744.756470 38.639744 13
-43.859657 -739.892700 7.971831 13
-55.444611 -741.313782 39.011265 13
-49.694813 -744.220642 29.955784 13
-55.636402 -744.413208 40.039185 13
-59.318050 -739.851624 49.459049 13
-54.247753 -737.477417 43.086681 13
-55.779552 -738.771729 42.190716 13
-46.099667 -742.033569 23.123232 13
-47.283009 -739.830200 30.212486 13
-56.632465 -739.785522 41.962639 13
-47.920261 -738.932434 23.595690 13
-44.338310 -737.958801 2.213663 13
-48.317070 -742.255981 34.557606 13
-45.745152 -740.090393 7.170679 13
-47.765579 -741.687195 21.952477 13
-44.894005 -737.767029 32.628197 13
-47.657425 -741.148254 35.922230 13
-55.264610 -737.942200 43.418320 13
-49.221699 -742.736572 41.041767 13
-48.114483 -737.534668 34.090878 13
-51.295616 -741.246216 46.607014 13
-49.366131 -744.650330 31.653305 13
-50.311493 -741.086060 37.282127 13
-51.569122 -744.757935 34.543056 13
-47.764904 -740.363770 19.839827 13
-44.569500 -739.345886 16.737463 13
-57.208115 -739.540771 43.597862 13
-44.366344 -738.604919 14.715595 13
-48.198872 -741.971191 36.677799 13
-54.987347 -744.058228 39.171021 13
-59.131096 -739.687805 48.135227 13
-45.777271 -738.118896 24.858438 13
-48.033714 -739.935852 34.159763 13
-49.791878 -743.172729 43.471889 13
-48.364376 -737.353210 37.252335 13
-54.990791 -736.557922 47.368462 13
-45.026798 -740.697632 3.779690 13
-59.067223 -738.284485 49.621426 13
-48.792900 -742.577393 40.066341 13
-44.253300 -738.379150 31.135904 13
-46.781460 -738.057739 26.885887 13
-54.327602 -740.463318 37.196842 13
-43.449730 -739.811096 2.736696 13
-48.095043 -742.006775 32.843208 13
-56.146908 -743.481323 40.610104 13
-52.497227 -743.373291 34.182884 13
-44.745766 -738.409424 27.708406 13
-46.269093 -736.649475 39.176849 13
-59.505154 -741.140747 47.782948 13
-45.450043 -736.744995 37.241009 13
-49.929398 -738.176208 34.582794 13
-51.353252 -744.196472 32.798306 13
-58.754696 -742.719849 44.752197 13
-49.645439 -739.138733 29.129042 13
-44.113445 -740.729980 1.183653 13
-50.998211 -743.554199 45.020485 13
-44.703281 -738.164734 29.744322 13
-52.045528 -745.226440 36.515804 13
-58.881325 -741.287964 45.982021 13
-53.311760 -742.491211 34.800545 13
-50.228188 -739.999084 29.123375 13
-45.510654 -740.091370 2.151885 13
-51.392403 -740.953796 31.504763 13
-50.649239 -736.596252 44.213341 13
-46.892559 -737.477173 33.545311 13
-50.516571 -737.974915 37.233231 13
-51.190323 -739.418640 32.286964 13
-50.468292 -739.230713 31.000805 13
-49.374779 -742.364746 36.706005 13
-56.974403 -741.969910 41.947136 13
-42.921135 -738.011414 1.118375 13
-52.299015 -738.393188 38.091187 13
-44.519508 -740.829346 9.783456 13
-47.702888 -741.486389 34.825443 13
-57.392353 -741.342041 42.887718 13
-47.529259 -740.480591 17.830572 13
-49.286449 -741.234314 26.197451 13
-56.479713 -741.621704 41.120449 13
-44.006275 -738.220032 3.262661 13
-51.399212 -745.604248 35.325760 13
-49.235260 -743.042664 47.104740 13
-52.595821 -744.205444 49.920044 13
-44.279682 -740.777344 15.207860 13
-54.290470 -738.006775 41.575489 13
-46.658115 -742.965881 28.296255 13
-52.487503 -743.629517 49.081219 13
-43.317169 -738.879944 5.716064 13
-46.312229 -741.211670 19.220621 13
-46.075066 -739.612122 8.211297 13
-47.123695 -739.613953 27.721445 13
-51.807434 -741.839050 45.443806 13
-45.049068 -738.070435 12.961959 13
-58.503304 -739.626953 46.486210 13
-44.060955 -738.566650 7.293768 13
-48.553711 -740.161377 39.232758 13
-57.115345 -740.153625 42.746674 13
-47.430496 -736.762207 39.842838 13
-50.308537 -736.797302 42.763794 13
-53.706310 -736.316345 50.121078 13
-46.628349 -738.678467 21.030233 13
-48.881954 -737.628113 35.831707 13
-48.745552 -742.245300 45.739063 13
-44.526691 -737.761230 9.897326 13
-55.565815 -742.408447 39.443031 13
-53.662392 -738.528442 39.463497 13
-45.960548 -737.790894 28.393131 13
-49.115505 -744.463257 30.739983 13
-43.309639 -739.859558 0.827890 13
-53.724525 -742.824158 35.758781 13
-48.472824 -742.159241 38.279202 13
-49.847775 -741.413269 35.397602 13
-55.473286 -737.586670 44.580242 13
-49.597107 -743.470337 45.380131 13
-45.320095 -740.270630 0.636054 13
-52.317699 -736.545532 45.693497 13
-45.014717 -737.856262 31.572760 13
-52.035870 -737.078735 43.001797 13
-57.095730 -737.690735 47.450699 13
-50.489544 -740.284729 30.010330 13
-58.589130 -741.435120 45.071613 13
-44.199066 -739.426086 26.740273 13
-44.112221 -738.637085 8.919125 13
-49.240719 -737.153442 39.867016 13
-57.312992 -737.790405 49.306091 13
-51.872185 -743.046692 46.102917 13
-45.050426 -740.416260 16.661007 13
-45.033840 -740.668030 7.866799 13
-57.268646 -743.012451 42.078445 13
-46.314816 -737.040588 37.568882 13
-44.196445 -739.353699 24.880203 13
-55.912609 -740.086792 40.171333 13
-56.077923 -742.572937 40.346977 13
-53.887314 -741.069092 36.126831 13
-48.866692 -742.765564 26.469479 13
-44.451077 -739.437744 23.777349 13
-56.355690 -737.547729 46.275753 13
-50.809216 -737.261719 40.981995 13
-44.565689 -737.785828 11.012484 13
-46.235126 -742.372314 24.904488 13
-50.193607 -742.765991 39.288391 13
-46.707611 -739.274902 10.980571 13
-46.983959 -740.217468 13.839491 13
-52.959904 -744.492371 35.755516 13
-57.832001 -738.286987 47.153801 13
-49.751923 -740.050781 27.349043 13
-45.310665 -740.818298 13.772006 13
-58.078453 -739.775879 45.161121 13
-49.772358 -743.202759 27.783220 13
-48.274582 -742.779419 25.674147 13
-51.856480 -739.034912 34.657639 13
-52.143501 -740.487915 33.449673 13
-56.832756 -738.762695 44.113213 13
-46.455109 -738.816956 14.044737 13
-53.655258 -737.576904 42.351402 13
-47.712296 -738.161560 28.357109 13
-44.213276 -740.480530 2.079501 13
-51.047844 -744.369202 50.014565 13
-55.949402 -738.481018 43.064495 13
-46.557114 -739.745850 26.131863 13
-52.540459 -740.182373 34.746902 13
-49.082695 -739.575195 24.748777 13
-47.033936 -737.280151 36.240200 13
-44.057907 -738.382385 4.904147 13
-47.744827 -743.981750 29.326994 13
-49.072662 -739.539490 35.744205 13
-54.548782 -735.959167 49.986988 13
-53.562572 -743.665771 36.097828 13
-48.645256 -737.963501 31.761309 13
-47.343544 -739.444092 15.206327 13
-44.730030 -737.839478 6.258852 13
-43.650101 -738.980530 3.642813 13
-47.401085 -742.628967 24.460743 13
-45.094067 -737.425842 34.150211 13
-46.196350 -738.840210 12.390468 13
-47.698547 -741.776794 29.599241 13
-54.125702 -742.161804 36.277061 13
-51.562000 -743.967285 47.569992 13
-53.015953 -739.523132 36.439968 13
-45.415539 -738.335083 9.168090 13
-46.879562 -737.532043 31.644653 13
-45.526199 -741.209656 20.823481 13
-50.621250 -742.374084 40.605644 13
-50.707977 -744.091125 31.619141 13
-45.918678 -738.186951 23.939146 13
-52.388161 -742.148865 32.825680 13
-45.151485 -738.150940 8.107223 13
-46.205063 -740.187866 12.593941 13
-49.557365 -740.760193 42.853962 13
-50.757740 -742.970215 29.971754 13
-47.164616 -741.401184 25.188448 13
-45.599293 -737.882690 29.804869 13
-46.027496 -742.150635 26.513313 13
-48.771664 -741.273743 29.398659 13
-47.896236 -741.392273 22.849329 13
-44.853558 -740.209595 19.623104 13
-48.308765 -744.361267 30.358843 13
-51.767757 -741.833801 47.285652 13
-57.891361 -743.244690 42.686092 13
-51.646118 -744.105225 48.464336 13
-51.544292 -741.778687 31.195459 13
-48.179695 -740.149292 20.873789 13
-44.976452 -740.520935 15.750049 13
-58.862419 -739.247253 49.941238 13
-48.677784 -740.590393 23.320444 13
-57.826675 -741.397217 43.683125 13
-45.282711 -740.551575 21.384697 13
-53.723507 -738.065491 40.723000 13
-54.807552 -739.832886 38.755657 13
-58.542927 -738.474487 47.995224 13
-45.159618 -740.593750 18.006655 13
-54.308464 -743.617432 37.418453 13
-58.107109 -742.425476 43.456329 13
-53.244404 -736.287231 48.295082 13
-53.817089 -739.145935 38.414268 13
-45.657497 -741.466064 22.609173 13
-48.432552 -740.053101 36.924843 13
-48.867592 -742.663452 42.786472 13
-56.120274 -736.651123 48.639030 13
-47.776104 -739.279236 19.579945 13
-57.784378 -740.003357 44.171841 13
-47.580490 -739.058716 20.418741 13
-46.164200 -740.269836 9.804121 13
-52.663906 -737.738037 40.857052 13
-45.638199 -740.918518 12.670795 13
-47.772785 -737.148865 38.167671 13
-51.798862 -738.566101 36.417912 13
-45.361298 -740.923767 19.789957 13
-43.520256 -739.300659 1.885924 13
-49.675541 -744.961182 32.620167 13
-46.986221 -737.661194 29.893660 13
-48.292717 -741.212585 40.602135 13
-57.260635 -737.431274 48.498280 13
-45.859612 -739.559448 2.865287 13
-51.215069 -743.620483 45.893101 13
-46.916294 -741.031433 26.662935 13
-49.682198 -743.612854 46.493690 13
-45.927143 -738.435120 15.627970 13
-52.457901 -736.748169 44.789352 13
-58.294941 -738.128235 48.762611 13
-52.126125 -737.748840 39.984917 13
-44.058846 -739.334473 10.299968 13
-44.409832 -738.506226 11.727815 13
-46.324348 -740.675781 23.485495 13
-48.139637 -738.785461 25.671972 13
-55.775364 -736.737183 47.671165 13
-48.637966 -741.774841 31.025331 13
-50.027931 -745.072327 34.202831 13
-48.069023 -741.554688 38.750774 13
-48.718323 -740.738159 24.209341 13
-50.291370 -742.878662 28.834795 13
-52.781227 -744.487122 50.706127 13
-55.345715 -736.963501 46.075184 13
-47.208138 -737.382446 35.409763 13
-47.542873 -741.259338 33.131218 13
-49.347408 -743.141968 44.215057 13
-48.754593 -742.398438 41.700897 13
-48.265717 -739.508545 32.074707 13
-55.804295 -740.860657 39.655560 13
-47.274250 -738.562195 24.449673 13
-48.287514 -740.246582 21.711615 13
-52.441921 -743.241699 50.014034 13
-48.538235 -742.123657 44.235935 13
-52.464241 -742.731873 47.771626 13
-50.188602 -737.030334 41.609528 13
-44.302448 -738.345764 8.143725 13
-46.579647 -739.104309 9.997498 13
-50.133190 -743.079590 42.191978 13
-48.212910 -739.973450 35.046036 13
-44.946285 -740.663879 2.459913 13
-52.174397 -735.508972 49.171120 13
-54.460300 -736.307556 48.413445 13
-46.055939 -742.043213 21.934195 13
-44.549946 -740.914795 14.424286 13
-56.174622 -736.270325 49.432869 13
-53.343010 -744.998169 37.467731 13
-46.207802 -738.566467 23.140079 13
-45.318352 -738.203125 25.929165 13
-49.159458 -736.240967 44.038235 13
-53.212135 -741.713135 34.433838 13
-45.680061 -739.849915 1.299161 13
-45.296982 -738.824036 19.932774 13
-48.530056 -739.205200 24.116743 13
-54.999088 -736.318665 49.156097 13
-54.122936 -736.477295 46.912872 13
-50.768002 -738.692810 33.877007 13
-47.229279 -740.499268 32.919689 13
-46.389397 -740.152344 24.392673 13
-49.368351 -742.663696 39.477108 13
-54.730484 -741.474304 37.578526 13
-58.880905 -740.618896 46.466888 13
-45.839645 -740.576782 11.027245 13
-47.238846 -741.389404 21.349680 13
-46.166500 -738.713318 20.004009 13
-56.165218 -737.950989 44.910683 13
-48.942413 -736.387512 43.239567 13
-50.151661 -737.961304 36.473114 13
-50.936905 -742.713196 42.260387 13
-50.862503 -741.635071 29.928711 13
-48.302639 -741.903015 40.031139 13
-49.844341 -741.711426 27.652430 13
-44.796268 -740.001282 18.559908 13
-52.859146 -738.186096 39.305908 13
-50.519413 -738.284058 35.439472 13
-47.623917 -741.462769 30.356491 13
-44.362064 -739.516357 14.304442 13
-50.476143 -737.530579 39.270840 13
-49.975258 -743.558899 48.535507 13
-46.222084 -738.458374 16.734680 13
-49.152191 -737.431458 37.621296 13
-45.826591 -740.148560 8.788303 13
-45.075645 -738.461243 15.518042 13
-53.815910 -736.673645 45.780647 13
-44.243416 -740.347229 3.844419 13
-46.575840 -736.842834 38.373352 13
-51.624401 -738.029846 38.389755 13
-45.917068 -737.682312 30.913523 13
-47.317287 -741.127869 31.477665 13
-47.533001 -737.644470 30.828030 13
-48.029823 -740.734497 37.751385 13
-45.697441 -738.363159 1.554449 13
-46.098156 -738.694763 18.479630 13
-48.473034 -738.279114 29.604673 13
-52.376743 -744.148621 51.481182 13
-57.455097 -738.814941 45.253361 13
-45.608456 -738.762512 5.595281 13
-49.734592 -738.910522 30.495958 13
-48.134983 -738.642395 26.693293 13
-51.634258 -742.340027 44.058949 13
-44.391289 -739.648132 15.990764 13
-53.756092 -739.861389 37.157021 13
-51.505650 -736.772034 44.151836 13
-46.440300 -739.227661 21.729834 13
-44.399498 -740.775696 10.662632 13
-47.905285 -739.095093 21.993195 13
-46.471912 -740.413635 15.588428 13
-46.750530 -740.716736 17.873457 13
-47.579731 -740.146301 17.057428 13
-49.408630 -739.322571 27.345724 13
-45.793430 -738.413818 21.507551 13
-51.193672 -742.706604 43.233723 13
-50.810707 -736.397827 45.076733 13
-44.248924 -738.765869 28.243515 13
-46.802456 -738.232422 25.895950 13
-56.428173 -737.291321 47.265705 13
-43.630199 -739.572327 4.635438 13
-45.242054 -738.204407 11.119150 13
-47.011322 -740.019714 14.743237 13
-50.993546 -736.044800 46.626305 13
-43.880104 -740.319031 6.564602 13
-50.264198 -741.788879 28.664158 13
-54.474770 -742.248962 37.034561 13
-50.541534 -743.349426 43.747425 13
-45.137066 -740.686707 8.661073 13
-45.829678 -740.387634 5.855193 13
-44.184643 -737.866943 1.303115 13
-51.757790 -742.975525 32.227180 13
-48.132469 -743.624451 27.602331 13
-45.463394 -738.089478 26.725098 13
-45.064507 -739.066833 17.342804 13
-49.345036 -742.459229 37.875629 13
-49.179665 -739.500244 37.513535 13
-45.587631 -740.075134 3.691469 13
-44.483345 -740.505554 12.237593 13
-46.906448 -737.824707 28.726887 13
-51.680889 -737.248657 41.548550 13
-58.766022 -742.920288 43.991711 13
-48.723602 -738.189148 30.747658 13
-53.847481 -743.893677 36.828552 13
-45.585896 -738.357544 12.308582 13
-59.339314 -739.071899 49.346912 13
-44.096165 -739.851501 10.973597 13
-47.534134 -739.166626 18.751463 13
-45.200882 -737.558167 33.391476 13
-50.823223 -743.846802 46.580006 13
-44.547470 -739.241272 21.842606 13
-46.814037 -742.323914 23.024776 13
-49.638802 -738.534729 31.927771 13
-46.959145 -740.276306 29.519072 13
-47.775860 -741.041626 20.309824 13
-47.085049 -740.154114 16.396095 13
-50.722710 -738.981018 32.763958 13
-45.493168 -738.507263 7.097448 13
-48.786163 -737.557373 36.607971 13
-50.085777 -742.164246 38.295589 13
-46.026310 -740.776245 16.852839 13
-43.504921 -738.772949 6.790609 13
-55.158413 -737.156738 45.150322 13
-51.989479 -741.089600 32.588486 13
-50.395905 -744.793884 33.094677 13
-45.534721 -738.770020 3.581034 13
-56.443401 -740.069702 41.250587 13
-43.577232 -739.275391 7.496812 13
-46.541821 -740.569946 25.030945 13
-46.482880 -738.725403 19.151144 13
-44.658058 -739.825928 20.402397 13
-51.333878 -736.955078 42.572098 13
-45.846367 -740.467407 14.213179 13
-52.809708 -738.643982 37.558922 13
-51.708954 -739.859192 33.352253 13
-43.469955 -738.375549 0.724951 13
-48.564758 -742.036438 43.104191 13
-45.124580 -740.544861 4.554923 13
-47.777454 -740.572083 19.091005 13
-51.476982 -745.166870 35.992664 13
-50.016460 -740.386780 28.488644 13
-47.064510 -738.722107 21.946768 13
-50.981922 -744.271362 48.805050 13
-48.856564 -743.783081 27.965359 13
-44.062351 -740.384338 9.338660 13
-47.983200 -741.720581 31.983074 13
-48.893608 -739.677612 23.170290 13
-44.166531 -737.489807 32.800327 13
-46.246616 -737.577637 30.108177 13
-51.968212 -736.066650 47.647392 13
-57.370331 -738.402771 45.907742 13
-44.375484 -740.336609 5.217434 13
-47.523254 -738.583130 25.186359 13
-43.809956 -738.817017 12.095793 13
-47.542850 -741.137878 34.163002 13
-47.764889 -741.354126 36.665138 13
-49.353897 -744.112549 29.257662 13
-43.331703 -739.091797 1.072282 13
-45.871265 -739.499695 -0.136028 13
-51.907307 -743.729980 33.097263 13
-45.114342 -738.231689 2.029198 13
-51.538216 -736.466980 45.684044 13
-50.052822 -743.984802 47.887276 13
-45.610878 -737.194946 35.604122 13
-47.737690 -740.047852 33.415340 13
-47.035576 -740.070312 30.912008 13
-50.802055 -740.283142 30.734434 13
-58.468334 -738.735840 49.509064 13
-52.372234 -738.999695 35.929371 13
-43.757671 -738.539673 2.288076 13
-46.943100 -739.276733 12.289503 13
-45.422237 -740.657532 22.123165 13
-46.676018 -743.145081 27.447952 13
-49.016678 -741.219604 25.489614 13
-48.056610 -742.036499 23.848341 13
-48.942131 -742.537781 46.564404 13
-49.411736 -735.773376 45.302227 13
-48.533848 -742.187622 25.133310 13
-50.147308 -744.664795 31.670908 13
-51.295033 -740.365906 32.017536 13
-44.535091 -738.496216 13.321723 13
-44.370892 -738.446472 9.636252 13
-46.891262 -740.794312 27.573185 13
-48.388676 -741.325806 42.894722 13
-46.465919 -741.492920 20.388369 13
-47.349396 -743.682251 28.378531 13
-47.646496 -737.509033 33.485126 13
-45.090687 -740.652649 7.120464 13
-50.937481 -742.166504 41.436871 13
-50.243835 -741.468384 37.943665 13
-46.706837 -739.957031 28.291500 13
-53.165554 -739.997559 35.834530 13
-52.527264 -736.097900 48.331825 13
-48.956310 -737.226135 38.984570 13
-48.861561 -742.129150 35.085030 13
-59.008259 -741.981567 46.206287 13
-51.466164 -738.941895 34.026382 13
-49.098965 -738.894836 28.677879 13
-45.540623 -740.459900 10.174767 13
-45.636723 -741.280151 18.949253 13
-44.428665 -738.199951 30.448446 13
-45.534206 -738.412842 14.123703 13
-46.315746 -737.447449 32.394634 13
-48.769840 -742.241455 36.282436 13
-52.598949 -736.549438 46.927860 13
-49.646698 -741.194885 43.510933 13
-58.018833 -738.806213 46.678886 13
-51.854527 -744.405640 50.084755 13
-54.948845 -739.485596 39.436234 13
-44.548954 -738.980408 25.862217 13
-46.417561 -738.397888 24.437918 13
-54.978542 -738.919556 40.674381 13
-52.567200 -743.041321 33.531540 13
-48.861439 -742.542114 38.948528 13
-45.116558 -740.965393 11.373343 13
-46.874157 -742.766418 24.973730 13
-53.304455 -741.179443 34.939438 13
-49.535908 -743.007751 42.804924 13
-49.372448 -739.754395 25.759815 13
-46.084492 -739.695374 22.965151 13
-44.231049 -740.596252 8.004604 13
-47.747807 -737.520142 32.350601 13
-44.337154 -739.699402 13.461411 13
-47.706436 -736.180115 42.575623 13
-49.890690 -738.310791 33.861950 13
-44.571278 -739.093689 15.247842 13
-49.949837 -742.846497 40.910885 13
-52.943031 -737.365784 42.398460 13
-52.729694 -735.761353 49.722836 13
-43.942135 -739.698059 16.599901 13
-48.606712 -744.716553 31.865711 13
-53.491741 -735.947937 49.519749 13
-52.678917 -744.871704 36.402267 13
-50.948044 -737.862854 37.853825 13
-59.196217 -740.499573 47.975918 13
-50.729565 -745.313232 34.142754 13
-50.203190 -735.958679 45.563587 13
-47.874428 -740.970276 21.956850 13
-45.603485 -737.682373 32.369553 13
-47.270027 -739.079529 17.799318 13
-43.715141 -740.282349 4.483563 13
-54.601135 -745.422302 38.726662 13
-48.394600 -741.982178 33.888321 13
-45.749008 -739.711853 4.296360 13
-48.627300 -739.992615 38.525337 13
-56.166771 -739.236816 41.784077 13
-44.476093 -740.557007 13.076977 13
-50.292244 -743.586548 45.236729 13
-49.366589 -743.035522 26.983477 13
-44.709858 -739.052490 24.493557 13
-44.727093 -740.132141 21.056339 13
-56.401241 -737.849304 45.594105 13
-44.454254 -739.880615 25.510592 13
-56.553352 -738.770996 43.446518 13
-48.424953 -741.706421 41.635815 13
-48.594704 -737.695312 33.601543 13
-51.366901 -737.770142 39.064266 13
-56.695530 -737.065918 48.782799 13
-43.756752 -740.175476 7.322938 13
-46.786385 -737.248291 36.918243 13
-49.803028 -740.639832 27.750179 13
-51.879211 -742.171753 44.779648 13
-55.399124 -742.059021 38.831554 13
-43.938656 -738.480652 4.196948 13
-44.363255 -738.774902 27.154877 13
-48.594002 -740.042969 22.353642 13
-44.976048 -738.182983 14.692276 13
-52.834351 -741.470398 33.871880 13
-48.798389 -743.945740 28.815828 13
-49.980232 -736.324158 44.193443 13
-48.033676 -739.482727 18.217674 13
-51.414097 -735.359314 47.860573 13
-43.909740 -738.354736 29.352699 13
-52.259632 -742.312439 47.173027 13
-44.658398 -737.184265 34.681320 13
-48.581516 -741.391907 44.296055 13
-44.564220 -740.151245 23.612152 13
-58.749710 -739.685669 47.156143 13
-46.373669 -737.872803 27.439049 13
-45.797844 -739.898193 5.344408 13
-51.343731 -742.942749 30.934088 13
-53.302650 -736.465881 47.292160 13
-54.882061 -743.094360 38.129005 13
-49.371086 -737.396912 38.386192 13
-59.176746 -740.999146 47.109001 13
-46.142208 -738.155884 25.468960 13
-52.999054 -736.648926 45.929432 13
-44.646721 -740.575867 6.565998 13
-43.691738 -739.463013 5.942785 13
-52.016888 -742.400452 45.834080 13
-47.671444 -739.833130 31.801891 13
-53.053600 -743.188904 34.595093 13
-44.738689 -741.086487 13.489281 13
-47.340382 -738.169189 27.364038 13
-44.951847 -740.533447 -0.102509 13
-43.855122 -740.231689 8.638353 13
-47.479355 -741.624146 27.977465 13
-49.094254 -742.160095 34.079010 13
-46.307461 -739.092651 11.548633 13
-56.221573 -741.342163 40.520107 13
-47.369713 -739.266113 17.064674 13
-50.469551 -736.696228 43.443890 13
-46.268818 -738.508118 17.630102 13
-54.005989 -737.244324 43.711002 13
-53.779358 -736.948975 44.807667 13
-48.151283 -737.847107 31.051611 13
-50.379505 -742.093079 39.179245 13
-55.085747 -736.761108 46.696342 13
-49.246395 -741.939331 26.394228 13
-59.289970 -739.520813 48.816025 13
-47.533730 -740.218445 18.487392 13
-44.665985 -739.686951 22.398020 13
-47.676762 -741.642273 26.679296 13
-49.896584 -738.825378 31.275074 13
-49.867847 -738.509949 32.620544 13
-51.205612 -737.423828 40.431595 13
-50.835270 -735.346069 47.056732 13
-45.868549 -741.710571 21.232660 13
-58.414318 -740.771973 45.266018 13
-45.994221 -740.121521 11.623043 13
-58.710503 -739.140747 47.938427 13
-44.177498 -738.184387 5.641483 13
-48.492748 -739.549316 32.735970 13
-45.792389 -740.667114 15.333173 13
-46.533394 -740.710632 16.277834 13
-48.400394 -741.096924 42.234497 13
-48.872112 -736.626709 42.017605 13
-50.178856 -737.550964 38.575775 13
-44.909805 -738.928040 23.428259 13
-50.111771 -740.433411 43.195702 13
-52.465763 -740.431885 34.108116 13
-47.388981 -741.940979 22.603626 13
-44.729935 -740.656372 0.875542 13
-47.504570 -737.270203 36.773220 13
-48.759762 -741.882385 32.661301 13
-44.879044 -738.097839 4.646078 13
-47.222790 -740.842224 19.462288 13
-49.550373 -743.655823 47.199921 13
-51.375916 -741.566711 45.997368 13
-46.100178 -740.877930 17.598478 13
-50.860191 -743.968567 47.322758 13
-50.077168 -737.134216 40.948627 13
-54.561794 -739.053589 39.889469 13
-47.827297 -740.516907 36.169910 13
-48.330940 -738.488037 28.137154 13
-58.166996 -741.320129 44.396729 13
-43.150948 -739.717957 0.176965 13
-55.319401 -740.677429 38.836483 13
-44.575714 -737.882874 3.503903 13
-54.298630 -737.806946 42.423443 13
-47.834576 -742.961670 25.036852 13
-52.631733 -737.493286 41.538437 13
-55.778465 -736.838013 49.672878 13
-50.892708 -739.404541 31.531006 13
-45.662029 -738.524719 22.375763 13
-49.299751 -740.529297 25.952141 13
-43.862385 -738.799500 11.410609 13
-47.305325 -741.231445 28.760977 13
-58.226555 -739.615173 45.792484 13
-49.295376 -739.375122 26.347031 13
-43.700375 -739.067200 5.141256 13
-45.492947 -737.026917 36.599094 13
-46.918121 -736.694885 39.387730 13
-49.231857 -744.877197 33.122242 13
-50.415134 -743.875244 30.585167 13
-50.389122 -740.756226 44.552155 13
-48.245792 -740.422668 39.772358 13
-44.772083 -739.630066 19.137577 13
-51.080482 -738.290894 36.865482 13
-45.500603 -741.181152 17.989061 13
-54.667664 -740.391235 37.826187 13
-49.476952 -736.611267 42.894108 13
-45.168335 -740.658508 13.081268 13
-47.603302 -740.437195 34.318672 13
-44.235405 -739.348511 12.331628 13
-44.919106 -740.386719 17.384401 13
-48.152142 -735.967102 43.043571 13
-45.096634 -739.051270 19.324697 13
-52.171268 -738.510376 37.317329 13
-47.090527 -739.185364 15.820653 13
-43.923534 -739.346008 8.440764 13
-45.689926 -740.100586 6.487477 13
-48.624477 -738.994568 26.164301 13
-45.532890 -741.116516 24.143450 13
-49.508217 -737.914124 35.075180 13
-48.542702 -742.347351 45.080307 13
-43.732357 -740.290894 3.318895 13
-49.029659 -740.276245 24.584352 13
-52.260532 -739.525513 34.861931 13
-46.362434 -739.062805 8.553216 13
-43.925575 -740.099854 1.274309 13
-45.859695 -737.408508 34.949635 13
-55.652790 -738.955444 41.473289 13
-45.300251 -740.702942 3.068862 13
-46.832420 -742.944214 25.940866 13
-57.315025 -744.201904 41.668732 13
-54.434654 -738.373474 41.025642 13
-50.981415 -741.466614 40.203957 13
-47.258587 -740.609375 32.237335 13
-47.443188 -743.358765 26.927593 13
-58.735424 -742.082153 44.959061 13
-49.436714 -737.771484 36.210011 13
-44.399635 -738.157288 10.460896 13
-50.619869 -739.661377 30.518856 13
-43.959106 -739.353333 9.641633 13
-46.874012 -738.631104 23.036213 13
-47.268803 -742.547607 23.812649 13
-56.607632 -740.951965 41.373398 13
-50.013580 -741.609436 37.001850 13
-50.666233 -741.393799 39.282131 13
-57.765656 -737.713379 48.834469 13
-46.886078 -736.289429 40.730885 13
-50.781063 -743.376038 44.416409 13
-45.222424 -738.795837 21.210043 13
-45.619568 -737.818665 28.964457 13
-52.488476 -738.316284 38.713257 13
-46.128468 -739.615845 2.255443 13
-44.235859 -740.194214 11.659752 13
-48.627769 -738.793091 27.412296 13
-57.717178 -741.923706 43.267761 13
-49.963898 -741.039368 35.923782 13
-59.779999 -740.071960 49.047283 13
-49.875256 -735.655762 46.219875 13
-48.348583 -741.774841 24.403357 13
-46.044231 -742.088501 23.845411 13
-56.573158 -738.354187 44.576675 13
-53.903023 -744.842346 38.073048 13
-43.846996 -740.263489 5.939870 13
-52.982475 -737.050781 43.702885 13
-46.108459 -737.965332 26.792942 13
-51.087700 -738.592529 35.364517 13
-48.866253 -737.889282 33.021709 13
-48.393990 -739.248352 23.274677 13
-48.909592 -739.928772 40.502659 13
-47.762955 -736.537537 41.393341 13
-46.682236 -739.966003 13.254326 13
-46.968849 -740.449158 28.860552 13
-57.915920 -740.834656 44.006466 13
-44.904503 -738.995178 16.206276 13
-50.373363 -742.484009 39.924713 13
-42.980339 -738.615601 1.393724 13
-47.104218 -740.719116 30.031279 13
-57.141930 -740.809753 42.597523 13
-50.088745 -741.015564 36.686207 13
-44.579060 -738.421997 28.963211 13
-54.690918 -742.135071 37.684818 13
-47.911762 -741.752319 36.116394 13
-46.522350 -737.371765 34.784805 13
-46.385334 -742.756409 26.487597 13
-45.841763 -740.435425 4.986404 13
-45.676807 -738.710938 17.182728 13
-48.418690 -737.811584 32.361839 13
-51.255379 -742.314026 42.663830 13
-46.807438 -739.260742 13.700953 13
-47.323883 -741.083984 20.761536 13
-54.847927 -736.876770 45.663723 13
-51.466015 -744.467224 33.432087 13
-52.020519 -742.378296 32.076496 13
-52.802338 -742.138000 48.354557 13
-43.773647 -740.389282 2.683669 13
-48.739864 -739.641357 34.080864 13
-44.395573 -740.184204 14.401160 13
-46.553844 -741.472595 24.992544 13
-44.395966 -740.222778 15.710953 13
-49.041496 -744.319153 30.096220 13
-48.597572 -739.196960 24.958994 13
-45.975792 -742.096436 25.873066 13
-51.406586 -743.059387 44.646065 13
-47.261242 -743.611816 29.576899 13
-45.363949 -738.683594 18.511108 13
-53.868294 -736.345642 48.635838 13
-45.093483 -738.547058 24.665611 13
-45.479340 -740.778748 22.749557 13
-48.326584 -742.013916 37.328121 13
-50.550503 -741.621338 29.346182 13
-45.047783 -737.950317 9.552354 13
-46.823849 -741.825012 21.698309 13
-50.803993 -740.930054 45.037224 13
-47.404102 -743.144592 26.165379 13
-54.315674 -744.338684 38.107407 13
-45.163780 -740.965820 12.223553 13
-48.933456 -738.634705 29.295080 13
-44.345303 -739.227051 13.000843 13
-55.665123 -736.467651 49.070309 13
-44.552494 -738.627075 14.045572 13
-46.176212 -739.643494 9.959496 13
-57.085369 -741.404663 42.325592 13
-55.337261 -743.529907 39.154980 13
-47.983353 -741.211548 38.191982 13
-47.618511 -737.814148 29.913807 13
-52.709747 -742.014832 33.396687 13
-49.829281 -742.978455 41.640217 13
-52.815777 -744.095154 35.259892 13
-49.507572 -740.581116 26.738947 13
-55.506042 -737.872131 44.009747 13
-46.152435 -740.453003 10.460211 13
-47.076283 -737.059814 38.049965 13
-55.434284 -738.368713 42.702652 13
-53.208496 -738.849182 38.014465 13
-47.885712 -740.352478 35.532093 13
-54.157120 -740.716003 36.588570 13
-49.879436 -737.315369 39.657169 13
-58.089355 -738.190369 49.432644 13
-48.922222 -742.892212 45.547363 13
-48.022625 -736.571106 41.978634 13
-47.110077 -738.870361 19.108057 13
-45.640377 -738.829163 2.311707 13
-53.017487 -739.192810 37.016136 13
-48.772537 -736.913330 40.995239 13
-45.395031 -738.082092 28.058994 13
-51.267155 -742.190674 45.350960 13
-51.571362 -745.037048 35.118015 13
-50.688892 -740.928833 29.957039 13
-46.425678 -740.192200 14.213787 13
-46.774830 -739.905518 12.609662 13
-54.756172 -737.537476 43.489159 13
-45.951046 -739.558777 6.844141 13
-44.894642 -737.032166 35.410717 13
-55.156002 -741.298523 38.450211 13
-57.123707 -738.756653 44.672493 13
-47.334126 -738.650024 23.539261 13
-44.196121 -738.694092 10.204101 13
-55.221252 -744.507141 39.557320 13
-45.070885 -738.160339 6.761042 13
-55.186729 -738.480103 41.963081 13
-46.696720 -740.460205 26.461399 13
-48.767712 -739.745178 36.255718 13
-48.128338 -741.493774 29.228333 13
-44.956730 -739.132629 20.418842 13
-52.303879 -743.641113 33.633751 13
-45.825974 -738.567993 10.955167 13
-50.154335 -743.719971 30.033283 13
-51.159325 -743.680298 31.368727 13
-49.696217 -739.066406 29.767851 13
-52.892673 -744.575684 51.348404 13
-53.715427 -738.398499 40.093998 13
-48.172718 -740.824951 39.161060 13
-46.593632 -737.398804 32.955593 13
-44.281254 -738.155334 6.715145 13
-48.326168 -740.413635 41.152035 13
-46.159050 -738.678650 14.590153 13
-45.249874 -740.864502 16.200087 13
-56.397217 -742.098694 40.627342 13
-56.058041 -740.788940 40.219936 13
-43.662910 -740.382446 0.767975 13
-45.699177 -741.349976 24.838791 13
-45.800629 -740.094421 7.792946 13
-51.893951 -743.526794 47.265358 13
-49.429592 -737.986328 34.239967 13
-50.038074 -743.215454 28.374281 13
-54.335857 -739.449097 38.606022 13
-43.583927 -739.311829 3.106397 13
-45.072205 -739.073608 18.013052 13
-45.024109 -740.682678 5.836443 13
-46.265327 -737.482605 33.579128 13
-53.058735 -736.899353 44.617538 13
-44.520065 -737.930542 12.670494 13
-56.047474 -744.805298 40.292679 13
-46.380154 -738.853088 13.351254 13
-46.936989 -738.954163 16.662718 13
-44.485329 -737.847107 2.809972 13
-48.046146 -739.857666 19.577400 13
-50.807167 -744.354858 49.414661 13
-50.970741 -744.240051 32.298058 13
-47.318066 -739.326172 28.511520 13
-56.958096 -739.592590 42.970798 13
-56.714344 -737.625183 46.837078 13
-49.768162 -742.444641 27.629152 13
-50.834686 -741.527466 45.310345 13
-49.561932 -738.235901 33.120087 13
-48.840847 -742.644043 44.314754 13
-45.101398 -738.231873 27.227594 13
-44.370815 -740.735229 0.055085 13
-43.989544 -738.731567 13.131268 13
-59.873489 -739.460022 49.633587 13
-46.257763 -738.960327 7.948501 13
-47.854359 -741.534546 35.477543 13
-43.890377 -739.212280 10.941933 13
-50.503128 -735.839294 46.197697 13
-56.894512 -743.020630 41.587646 13
-50.305588 -744.151306 48.442230 13
-56.839581 -740.322876 41.701675 13
-53.813713 -738.885010 38.966339 13
-51.771622 -736.849915 43.554684 13
-47.942635 -738.983154 22.931824 13
-44.948387 -738.142944 4.005243 13
-52.052647 -744.670349 34.905483 13
-48.167023 -736.756775 40.903976 13
-56.880165 -744.271362 41.211700 13
-47.836514 -736.779968 40.316452 13
-55.153969 -736.742126 49.884766 13
-47.271183 -739.768799 15.876327 13
-48.375763 -737.563538 34.662819 13
-52.520828 -740.941162 33.757000 13
-53.411518 -742.994385 35.156208 13
-49.401379 -736.122314 44.602375 13
-50.415180 -742.935791 40.452160 13
-43.417896 -739.306091 4.115111 13
-44.723213 -739.981873 16.949606 13
-46.344891 -739.801086 11.150468 13
-49.056686 -737.025085 40.443207 13
-49.949375 -737.731506 37.338985 13
-44.030682 -737.818665 31.122061 13
-49.469090 -743.216003 44.806484 13
-46.640213 -737.430969 34.161743 13
-49.426552 -741.701965 26.956959 13
-55.496151 -739.247131 40.685680 13
-47.870178 -737.132751 38.786129 13
-53.905689 -735.732300 50.066456 13
-51.577049 -743.268982 45.509350 13
-55.776737 -743.776794 40.126568 13
-44.933449 -740.253723 22.291454 13
-54.696644 -744.257324 38.621086 13
-54.596321 -736.388245 47.819771 13
-51.409386 -739.735779 32.777054 13
-47.723648 -737.464783 34.620518 13
-49.732895 -742.527222 37.204296 13
-54.133465 -737.127502 44.343231 13
-48.677311 -742.562256 36.811775 13
-46.882660 -740.198425 27.746195 13
-47.594883 -738.392578 26.840055 13
-48.165825 -741.669739 39.430000 13
-50.444382 -736.981567 42.194511 13
-54.915318 -742.528809 38.349068 13
-52.146999 -742.664551 46.510315 13
-48.686150 -737.624268 35.248219 13
-56.913555 -738.012634 45.965237 13
-51.700615 -736.145691 47.085018 13
-45.802662 -741.291504 19.576155 13
-46.639019 -741.474670 19.671726 13
-54.891788 -743.596130 38.746368 13
-52.010399 -744.418762 34.275455 13
-45.059998 -738.873962 22.715355 13
-52.548885 -743.182739 48.453178 13
-51.681293 -743.589294 32.489479 13
-48.264809 -740.927734 23.027431 13
-46.295544 -742.089905 22.549377 13
-48.320934 -743.435974 27.032442 13
-54.782791 -744.663513 39.104580 13
-54.753078 -737.201721 44.682705 13
-50.132729 -739.450867 29.412870 13
-53.651684 -741.102295 35.522148 13
-46.429447 -737.601013 31.235374 13
-55.899635 -742.853638 39.824425 13
-51.406792 -736.302917 46.260784 13
-55.416351 -743.958069 39.683949 13
-47.910397 -744.168579 29.918470 13
-51.653828 -740.886169 32.114384 13
-45.079189 -737.640686 1.855672 13
-45.190041 -738.212158 5.821624 13
-57.683258 -737.309875 49.271244 13
-47.870605 -741.083496 37.253365 13
-48.260509 -737.498962 35.748291 13
-53.185986 -735.953857 50.082355 13
-52.191757 -739.112000 35.346802 13
-54.733681 -737.803955 42.916241 13
-52.850143 -743.135681 49.132935 13
-59.282440 -741.224243 46.424309 13
-46.107235 -740.731018 22.927090 13
-56.126255 -739.949646 40.744987 13
-52.863636 -740.078674 35.301407 13
-44.616142 -739.680786 23.178217 13
-45.294479 -738.389038 13.487296 13
-44.746510 -740.762451 9.141041 13
-53.381557 -745.597534 37.463280 13
-43.515369 -739.649780 1.384484 13
-45.403378 -738.258972 25.307604 13
-44.029865 -739.961365 9.774460 13
-43.626499 -738.980774 8.873610 13
-52.978222 -740.660889 34.865639 13
-48.921406 -742.752930 38.191925 13
-46.964676 -738.771851 20.539497 13
-57.588657 -738.413025 46.509449 13
-55.512798 -744.969482 39.838081 13
-47.876255 -740.448486 20.421213 13
-56.844707 -741.443726 41.672638 13
-54.564262 -741.019470 37.220161 13
-44.771347 -738.041748 31.003847 13
-46.475788 -738.729248 15.532572 13
-47.134693 -740.555847 31.271435 13
-47.627281 -736.955933 39.310417 13
-48.033260 -741.744690 34.378044 13
-46.095074 -737.291687 35.963299 13
-44.652641 -737.953674 7.851610 13
-47.864738 -737.263794 37.568546 13
-48.939018 -740.829224 24.884092 13
-56.095276 -744.091370 40.543335 13
-48.793575 -739.563538 22.065039 13
-44.675404 -741.119141 11.864714 13
-44.655415 -737.814819 32.061150 13
-44.572529 -739.374207 18.205957 13
-52.584023 -737.115417 43.241249 13
-43.867313 -738.688721 5.580758 13
-52.899490 -745.039246 36.935776 13
-48.169071 -741.628174 30.687296 13
-49.425102 -741.895935 35.233269 13
-50.202541 -740.941284 28.777100 13
-52.147247 -743.785095 48.631065 13
-48.051018 -738.170593 29.163446 13
-50.040253 -739.518433 28.796318 13
-43.348358 -739.268433 2.484043 13
-49.277473 -736.825623 41.596672 13
-45.641026 -739.850220 0.313056 13
-46.373688 -739.573669 24.283758 13
-51.515385 -743.140625 31.619730 13
-52.470100 -736.511047 46.266346 13
-52.747898 -743.641907 49.627193 13
-56.532917 -743.397278 41.059662 13
-45.115356 -740.765015 9.872564 13
-53.675495 -742.292725 35.403503 13
-49.213360 -743.050049 43.305923 13
-49.311512 -742.722656 40.456535 13
-45.500057 -740.097229 2.784956 13
-57.301853 -740.090271 43.311520 13
-52.847214 -743.867554 51.274940 13
-46.021553 -740.210449 23.244873 13
-48.671486 -739.759338 35.341167 13
-50.956223 -744.589600 33.109280 13
-53.842354 -739.632202 37.718483 13
-46.646011 -740.041321 25.630518 13
-46.958073 -741.116882 25.824228 13
-51.252064 -741.243713 31.005272 13
-51.383808 -741.826721 46.768616 13
-48.493462 -742.474976 40.571636 13
-53.402870 -736.296204 48.992619 13
-52.241829 -744.015076 49.447723 13
-45.658180 -737.550049 33.761307 13
-47.436230 -741.264648 30.890528 13
-48.133144 -741.962463 35.035973 13
-57.838055 -739.250244 45.420689 13
-49.755966 -743.663818 45.910221 13
-55.501652 -739.820312 39.835861 13
-48.662079 -737.121826 39.790127 13
-46.031559 -739.393127 5.560026 13
-50.403202 -745.018311 33.731785 13
-51.287182 -735.767944 48.304878 13
-53.867523 -736.627258 46.389568 13
-45.944988 -741.602966 20.624844 13
-48.324768 -740.475098 41.886742 13
-46.702198 -739.070374 22.266193 13
-55.865261 -737.232666 46.198021 13
-48.257790 -744.023499 29.065128 13
-51.976028 -745.493591 35.924904 13
-44.562931 -740.583069 1.613719 13
-49.403545 -739.184082 28.267414 13
-49.765244 -744.662048 32.123619 13
-53.446938 -741.919922 34.924358 13
-52.337696 -743.947021 34.174389 13
-55.525196 -742.968079 39.236942 13
-46.638680 -740.872192 18.424999 13
-51.073029 -740.576111 31.178982 13
-52.840996 -743.710205 34.725452 13
-48.736111 -742.406250 39.512997 13
-45.739960 -738.950378 6.287170 13
-56.208157 -738.679504 42.565369 13
-44.585758 -739.495605 17.302158 13
-48.730442 -735.845703 44.168427 13
-43.749889 -739.015198 6.313872 13
-51.117424 -736.655396 44.586411 13
-49.910187 -742.656311 38.029186 13
-58.814014 -740.108459 46.749474 13
-47.279121 -739.751099 29.629559 13
-46.926395 -737.732910 29.320742 13
-48.258053 -740.940369 43.452457 13
-47.545757 -737.474976 32.915642 13
-44.285137 -738.195374 31.708900 13
-51.428349 -744.691956 33.977337 13
-50.613182 -737.417236 39.882744 13
-50.602222 -742.900208 29.411766 13
-45.027000 -738.047668 29.276117 13
-51.509663 -742.389099 31.031237 13
-53.226677 -737.873169 40.935986 13
-55.940193 -742.246704 39.885681 13
-57.865791 -742.751343 42.987766 13
-56.313442 -742.947998 40.734356 13
-51.643608 -739.365417 33.664024 13
-53.582085 -740.610779 35.883263 13
-44.184650 -739.925720 12.177268 13
-46.045601 -739.670349 7.507127 13
-46.228889 -736.334106 38.669098 13
-51.330940 -738.496460 35.925259 13
-45.919937 -737.045837 37.066650 13
-43.450996 -737.997864 1.374091 13
-45.893578 -736.653442 37.607822 13
-47.478580 -737.458496 34.040710 13
-47.958611 -741.789368 23.331686 13
-50.113750 -741.295471 43.839130 13
-49.236397 -743.341370 27.950169 13
-44.326321 -740.366821 11.075327 13
-53.475605 -744.501343 37.200020 13
-48.092850 -739.265564 21.476547 13
-53.223980 -744.136963 36.156792 13
-53.826324 -737.785461 41.844875 13
-52.205471 -741.614380 32.606495 13
-49.801071 -743.645325 29.294098 13
-55.786098 -738.223938 43.559967 13
-53.917038 -741.727661 35.953232 13
-48.481800 -739.554321 20.746098 13
-48.672256 -738.274109 30.192852 13
-51.996189 -736.772766 44.453800 13
-48.942532 -742.798706 25.907568 13
-45.391861 -737.841736 31.125843 13
-44.235756 -740.414551 0.700058 13
-48.342743 -741.438477 41.128002 13
-46.976463 -739.328308 14.659766 13
-45.516945 -740.513000 7.510904 13
-44.058964 -738.235229 2.694449 13
-47.596931 -741.071167 35.231983 13
-49.629513 -737.119812 40.466244 13
-58.387829 -742.494446 43.983856 13
-57.221596 -739.218506 44.088032 13
-46.569672 -736.239441 39.441814 13
-47.112728 -736.655273 40.310822 13
-44.360718 -737.899963 4.846296 13
-45.908257 -741.885315 24.896524 13
-48.705517 -740.159180 22.905470 13
-45.987579 -740.704712 8.819560 13
-56.843273 -737.527588 49.081356 13
-48.996758 -736.538574 42.612713 13
-44.593121 -739.765381 24.805458 13
-44.924423 -737.867249 10.527367 13
-57.039131 -737.471985 47.983898 13
-46.018299 -742.270386 24.398720 13
-49.170647 -738.251465 31.741766 13
-50.228142 -743.807068 46.510475 13
-49.193138 -744.862610 32.158367 13
-49.898441 -740.115051 28.005409 13
-50.346504 -738.514465 34.235600 13
-55.557983 -741.829163 39.384506 13
-46.860149 -739.789001 14.191892 13
-51.668095 -737.726074 39.560921 13
-52.596210 -745.487366 36.615414 13
-48.926437 -739.722229 39.097683 13
-50.836212 -738.868958 33.318871 13
-45.859612 -740.638000 7.058165 13
-43.899376 -738.282349 30.712482 13
-54.901249 -740.244751 38.376171 13
-51.733292 -738.389038 36.967453 13
-48.055698 -736.935669 39.794147 13
-48.920860 -742.581604 42.222927 13
-45.699905 -741.579773 23.734606 13
-43.169018 -738.851929 1.926962 13
-46.419777 -741.094116 23.868959 13
-58.189453 -738.570923 47.538269 13
-44.689697 -738.406433 28.311268 13
-47.604912 -739.905029 18.013975 13
-45.384224 -740.873535 16.744877 13
-50.439770 -737.758362 38.079762 13
-48.801579 -737.673279 34.128166 13
-45.520588 -738.410828 12.885214 13
-46.431629 -742.762634 27.833225 13
-50.094406 -743.188965 42.874268 13
-45.849213 -740.437073 12.962027 13
-48.265568 -739.817200 33.653996 13
-45.947811 -740.792358 11.666298 13
-48.724075 -742.213196 35.673306 13
-53.719196 -737.355835 43.223068 13
-45.645172 -737.660645 30.336863 13
-44.319923 -739.630981 24.308847 13
-43.837158 -740.317688 5.044277 13
-46.101177 -739.615784 8.789644 13
-50.005886 -740.515869 42.639091 13
-44.418503 -739.440186 26.159990 13
-51.764889 -742.052368 31.632090 13
-44.712688 -740.027954 16.398893 13
-46.848969 -743.422852 28.030340 13
-48.047722 -738.915283 24.174643 13
-47.606552 -737.392822 35.816643 13
-59.238724 -738.783203 49.891083 13
-49.537830 -742.042236 36.263359 13
-58.077919 -740.124512 44.697781 13
-52.229485 -737.474121 41.153309 13
-51.389816 -738.738037 34.885452 13
-47.345135 -736.155579 41.310490 13
-48.137531 -741.859497 33.390739 13
-52.393600 -743.976379 50.952381 13
-52.986813 -743.465759 50.104610 13
-45.047615 -740.642639 14.230415 13
-43.531200 -739.804260 2.157670 13
-47.878376 -744.079407 30.661362 13
-46.209160 -740.240723 9.195202 13
-45.421112 -740.465942 8.213881 13
-57.058399 -742.529419 41.784180 13
-58.699005 -738.403015 49.110256 13
-56.511852 -739.367188 42.310257 13
-59.283932 -740.051208 48.544418 13
-44.620377 -739.605530 21.372910 13
-54.311672 -743.015503 37.150288 13
-44.510242 -737.286316 34.043766 13
-47.199570 -741.144409 27.875067 13
-43.816219 -738.644714 28.678713 13
-49.599190 -739.628113 26.852640 13
-46.929337 -740.017151 15.306223 13
-51.040390 -745.041016 34.521145 13
-48.286957 -740.766296 40.225128 13
-46.347042 -743.012085 27.035395 13
-54.471001 -736.512512 50.022873 13
-50.347507 -740.436890 29.491520 13
-44.771751 -740.662292 3.265717 13
-44.278481 -739.068481 16.341734 13
-51.071053 -739.807373 31.898855 13
-50.033321 -738.112305 35.200333 13
-45.063675 -738.162354 12.383929 13
-52.955299 -744.084106 50.322281 13
-58.864841 -741.647217 45.557682 13
-48.977806 -739.654907 38.020374 13
-56.560383 -736.733459 49.424015 13
-44.396393 -738.929382 26.551056 13
-54.110878 -738.742859 39.705711 13
-48.559742 -742.127136 43.674725 13
-47.754539 -741.580627 32.586964 13
-49.251373 -738.574829 30.446033 13
-46.714336 -738.757019 17.850361 13
-44.883121 -740.904846 15.350086 13
-51.052338 -745.548889 34.865921 13
-50.012684 -742.396362 38.800911 13
-51.389679 -737.300964 41.078659 13
-44.070103 -739.356201 27.324192 13
-49.988014 -743.330139 43.959564 13
-51.861507 -737.098572 42.472286 13
-51.266773 -741.814575 30.711056 13
-49.393955 -735.437561 44.860760 13
-44.523361 -738.320068 12.220563 13
-52.456203 -737.273987 42.634472 13
-45.309780 -738.658691 15.967545 13
-57.237827 -741.927551 42.426151 13
-48.243443 -740.307251 37.426529 13
-48.100803 -741.749573 38.167896 13
-48.777348 -742.425476 41.140064 13
-46.010849 -738.652100 16.260166 13
-56.935738 -740.390686 42.236195 13
-57.362270 -743.580139 41.908607 13
-56.478699 -743.961914 40.954174 13
-44.854214 -740.240601 19.057743 13
-48.802292 -739.771362 37.216927 13
-52.332859 -744.316406 50.396992 13
-43.970242 -738.175293 1.806514 13
-43.719215 -738.685242 3.156594 13
-46.387379 -738.629089 21.596563 13
-43.764580 -738.867065 10.500831 13
-45.190372 -738.085938 30.109262 13
-54.159962 -740.016052 37.506660 13
-44.060219 -738.738708 29.715603 13
-47.967937 -741.664795 37.095490 13
-44.777943 -740.638062 5.001496 13
-44.676407 -740.731201 8.300209 13
-46.492836 -742.347412 23.465527 13
-46.090553 -738.650330 15.135840 13
-49.248234 -739.833862 25.187868 13
-47.498322 -740.957458 34.710796 13
-53.801025 -737.943909 41.247276 13
-48.491772 -741.289307 24.199574 13
-52.528805 -738.049805 39.728561 13
-52.076469 -736.642700 45.198650 13
-47.381607 -741.314026 29.864990 13
-54.928860 -736.256409 49.707767 13
-45.490219 -737.334534 36.135315 13
-54.718735 -738.181946 41.907261 13
-48.634895 -740.044922 39.839046 13
-51.871078 -741.781921 45.988426 13
-44.448273 -740.446777 10.153988 13
-50.377907 -738.154053 35.995232 13
-47.520287 -739.345825 29.022266 13
-51.845081 -743.309204 46.704700 13
-46.501076 -738.088806 26.393950 13
-52.536678 -742.567017 33.143425 13
-46.086288 -739.310974 4.334062 13
-44.112934 -739.046875 14.924765 13
-48.106739 -740.025818 20.155434 13
-47.116798 -737.632446 30.425112 13
-45.278431 -738.522461 23.513109 13
-59.006287 -739.893616 47.616604 13
-49.598602 -744.933838 33.691399 13
-59.006901 -739.213318 48.388485 13
-57.340343 -738.000732 47.050583 13
-47.130527 -738.234375 26.499550 13
-50.344120 -742.342590 28.778318 13
-46.470314 -742.619873 25.321812 13
-48.249741 -741.706726 31.446249 13
-46.651146 -737.355896 35.859631 13
-46.465874 -738.559631 22.666067 13
-45.461258 -737.463989 34.543503 13
-56.812370 -742.157288 41.416771 13
-46.958706 -740.226990 30.405516 13
-44.591293 -739.100403 25.164553 13
-53.066509 -742.705811 34.342152 13
-52.553963 -737.836304 40.322792 13
-50.958652 -745.170654 35.272697 13
-50.879574 -736.888306 42.849373 13
-45.151276 -738.113342 8.719204 13
-49.693745 -744.521362 31.251377 13
-49.579853 -741.792786 35.743656 13
-47.153877 -740.605591 18.376579 13
-47.596474 -741.636719 29.085463 13
-49.230145 -743.339539 46.599819 13
-44.469620 -740.301575 15.013861 13
-45.138752 -740.471008 2.010382 13
-49.435375 -743.226746 47.573753 13
-45.580936 -740.139709 4.614146 13
-58.016430 -741.918945 43.711945 13
-46.363811 -737.761658 28.758286 13
-48.453651 -737.184082 38.760311 13
-50.898743 -741.902222 40.661697 13
-51.006271 -742.983521 30.512192 13
-45.543304 -741.136169 20.257771 13
-48.342129 -737.320862 37.843010 13
-45.874702 -740.560364 12.337417 13
-43.825401 -739.142395 7.009413 13
-50.961651 -743.098816 43.532955 13
-48.698463 -742.740662 46.014870 13
-52.524307 -744.523499 35.446266 13
-44.154079 -738.690918 30.251892 13
-48.276966 -737.419556 36.710709 13
-46.308014 -740.274658 23.866436 13
-47.805103 -743.712219 28.032415 13
-44.913731 -738.570496 25.971033 13
-47.314175 -737.576416 31.308659 13
-48.018715 -740.672119 21.509951 13
-48.177914 -740.182922 36.391159 13
-45.479473 -741.018799 18.510603 13
-44.733368 -737.625183 33.151798 13
-44.587395 -738.028381 1.732758 13
-49.691879 -744.284851 30.483408 13
-45.760353 -741.591187 23.124453 13
-55.744995 -739.635071 40.388153 13
-45.104275 -738.126831 11.623302 13
-44.081963 -738.781311 8.407811 13
-53.434177 -739.764771 36.686817 13
-52.434608 -735.827637 48.797958 13
-46.790665 -739.324890 11.541371 13
-55.826160 -736.626282 48.195602 13
-54.855278 -740.890991 37.653385 13
-47.850166 -743.029724 25.890614 13
-46.056904 -740.172607 2.619573 13
-47.293221 -737.529663 32.072895 13
-58.655109 -737.983887 49.475300 13
-59.376080 -739.380859 49.855240 13
-47.152554 -740.341614 17.309036 13
-53.788315 -743.157776 36.160133 13
-56.785896 -739.785828 42.502693 13
-44.806221 -739.168884 22.311604 13
-50.674152 -737.338745 40.418140 13
-51.516918 -737.100342 42.039547 13
-54.128944 -741.652771 36.444450 13
-46.868454 -741.470703 20.846827 13
-48.778950 -744.626709 31.248035 13
-51.903828 -740.677856 32.978912 13
-50.659451 -743.536377 29.973759 13
-47.630798 -743.874023 28.816175 13
-45.381737 -740.239258 1.537389 13
-44.040840 -738.731628 7.843033 13
-47.517426 -741.095459 33.645237 13
-47.431019 -739.890381 31.269976 13
-52.683044 -736.683777 45.287170 13
-48.314625 -742.977844 26.155872 13
-45.223759 -738.302490 4.993551 13
-57.411671 -740.825684 43.095039 13
-51.684956 -737.554382 40.246590 13
-45.376698 -740.287903 4.137139 13
-45.122036 -738.168457 7.354698 13
-50.403496 -739.789673 29.752712 13
-47.607552 -738.232910 27.849264 13
-53.235683 -737.584656 41.999111 13
-50.441444 -738.368958 34.849533 13
-44.233727 -739.020203 11.840632 13
-43.522491 -738.752319 7.417887 13
-48.342148 -740.341370 38.250858 13
-58.710220 -740.832397 45.811234 13
-58.489815 -741.726990 44.632736 13
-49.744820 -739.562256 27.687532 13
-45.874786 -738.291138 22.797609 13
-50.038822 -741.796692 28.180851 13
-46.053028 -738.574341 21.074043 13
-45.783104 -740.552734 3.579870 13
-55.737267 -740.340759 39.690067 13
-44.386772 -740.952637 13.877358 13
-57.549145 -742.853516 42.577213 13
-50.425236 -736.398560 44.668312 13
-43.469814 -739.769836 3.375713 13
-51.609177 -741.414368 31.571655 13
-46.290531 -737.746521 27.992056 13
-57.317986 -742.489258 42.243507 13
-46.689732 -736.749146 38.897434 13
-56.253670 -737.367798 46.750286 13
-53.497875 -743.296204 35.694744 13
-44.719688 -740.715210 11.074069 13
-45.627617 -738.307434 24.385139 13
-50.735851 -743.641968 45.495358 13
-45.231277 -740.560730 19.431465 13
-50.799389 -735.623352 47.534348 13
-43.834267 -738.163391 1.030890 13
-55.442318 -736.719971 47.122280 13
-44.037018 -738.901123 14.236313 13
-52.235157 -743.206360 47.622433 13
-48.834229 -741.781250 25.378069 13
-52.317150 -736.225342 47.255878 13
-58.328411 -740.224976 45.294228 13
-49.176121 -742.423950 37.271202 13
-44.620831 -737.921997 11.517050 13
-50.573402 -743.069214 41.896847 13
-48.868050 -737.454651 37.149876 13
-46.197998 -738.633789 20.534678 13
-48.935978 -741.605408 25.922249 13
-52.796886 -738.464905 38.219318 13
-46.719761 -740.903381 25.416449 13
-57.571106 -737.886536 47.599407 13
-44.772007 -738.518372 15.045256 13
-49.783947 -742.041260 36.756222 13
-43.744308 -738.954285 4.332870 13
-46.492180 -739.289612 10.508022 13
-43.358917 -738.681763 5.214105 13
-48.305126 -741.805359 32.392582 13
-49.133068 -742.821716 41.548538 13
-45.780403 -739.685425 1.877621 13
-53.946930 -740.277893 36.847645 13
-47.189598 -738.389465 25.588907 13
-55.922108 -743.219482 40.204842 13
-47.639675 -741.557983 31.624205 13
-44.810493 -737.784058 33.638416 13
-44.398808 -738.222229 9.100223 13
-49.304596 -737.791992 35.567745 13
-49.844570 -741.188354 27.695034 13
-58.616600 -740.067383 46.244473 13
-51.301441 -743.820374 47.070824 13
-52.019714 -742.385376 45.280861 13
-50.305725 -738.794800 32.528252 13
-58.137249 -739.247009 46.413437 13
-44.348816 -738.190491 7.501150 13
-45.813881 -739.908752 3.240968 13
-55.225929 -736.535522 47.859760 13
-48.150539 -742.151855 38.734463 13
-47.817322 -740.225342 34.747089 13
-48.010136 -738.659607 26.167849 13
-50.159714 -743.390320 28.868414 13
-44.897297 -739.169434 21.395870 13
-45.943851 -740.729797 9.717467 13
-56.902538 -739.149719 43.368542 13
-55.108547 -737.559937 44.121510 13
-43.800877 -739.660156 7.237166 13
-48.820808 -738.143494 31.263920 13
-46.035011 -738.628845 13.790742 13
-43.401257 -738.695618 4.014658 13
-57.768425 -739.701721 44.606167 13
-54.124519 -736.113037 49.734383 13
-44.246094 -737.845032 32.429993 13
-47.468567 -740.768616 19.924194 13
-47.677963 -741.791443 33.144863 13
-48.415844 -739.797180 34.479630 13
-50.993504 -742.427368 30.040421 13
-43.719070 -739.890808 6.292587 13
-47.466434 -739.727173 30.783670 13
-48.158451 -742.536926 25.051140 13
-44.808243 -738.045776 13.448648 13
-46.556717 -742.590271 24.505848 13
-47.455730 -740.159485 32.425488 13
-48.395252 -740.939880 41.023483 13
-50.848579 -739.166504 32.003048 13
-45.824482 -737.626465 29.426929 13
-54.606152 -736.578979 46.740944 13
-44.104801 -738.868958 9.455200 13
-46.929649 -743.192688 28.742451 13
-55.195206 -740.172791 38.839226 13
-54.353642 -736.768616 45.731632 13
-47.277035 -741.682861 22.111006 13
-48.592628 -743.122375 26.743242 13
-55.734283 -741.364441 39.534119 13
-51.640694 -741.606140 45.005249 13
-43.497089 -740.089966 0.368206 13
-58.865906 -742.423340 45.303993 13
-53.400291 -736.358032 47.803635 13
-50.945179 -736.754822 43.816021 13
-44.912479 -738.098999 2.545105 13
-48.221153 -739.532715 19.233128 13
-46.269890 -738.253662 24.968317 13
-47.081654 -738.761780 21.430576 13
-47.072861 -739.737732 13.656591 13
-52.667568 -736.934448 44.254993 13
-49.399067 -743.016235 27.493887 13
-51.938007 -736.416382 46.015862 13
-56.261555 -739.609802 41.443512 13
-58.626087 -742.288757 44.487671 13
-47.959549 -739.307861 20.074436 13
-52.695229 -739.374084 36.081657 13
-44.667282 -740.656677 4.141182 13
-52.231030 -744.742737 50.646034 13
-54.517017 -743.307129 37.820099 13
-45.684929 -741.797241 22.190645 13
-47.711662 -742.395569 24.149553 13
-51.418259 -742.600769 43.676701 13
-58.531357 -738.510559 48.489189 13
-54.133591 -742.471619 36.721321 13
-46.821964 -737.328613 32.116570 13
-54.521435 -736.352966 48.948997 13
-48.878700 -739.634644 22.602125 13
-46.631866 -739.804199 26.636778 13
-47.998505 -741.572205 29.959028 13
-43.242035 -738.863708 3.316346 13
-43.963192 -739.262695 26.322973 13
-48.751530 -738.723633 28.344673 13
-44.815266 -740.782410 10.286552 13
-53.290249 -738.391052 39.110645 13
-44.283127 -740.725403 15.804576 13
-54.536301 -741.762756 37.218792 13
-48.042778 -738.027954 29.748840 13
-48.517559 -742.319580 42.648556 13
-56.224640 -737.010193 47.691387 13
-51.311348 -739.969116 32.329563 13
-46.790165 -740.991821 19.199484 13
-48.785828 -742.064392 34.555325 13
-48.195141 -742.120117 37.824471 13
-46.082134 -740.110840 8.298900 13
-48.818291 -742.366150 37.879265 13
-45.202820 -737.753174 32.034107 13
-47.778976 -742.009705 22.912325 13
-48.058228 -739.539978 31.558332 13
-50.533257 -741.204773 38.282238 13
-51.215145 -741.704102 41.660961 13
-54.491550 -736.455933 47.324551 13
-45.514378 -738.682129 15.392552 13
-54.158394 -743.986511 37.762115 13
-52.206860 -742.561096 32.515408 13
-47.621273 -741.053406 21.494730 13
-46.123501 -741.120789 18.776104 13
-45.974129 -738.626160 12.802914 13
-49.254765 -745.225220 32.622902 13
-46.934551 -738.619751 22.474905 13
-43.443409 -739.323181 5.510245 13
-47.834827 -743.491333 27.213697 13
-50.349056 -739.058289 31.477415 13
-44.772655 -739.072571 23.917355 13
-46.954414 -739.090393 15.339970 13
-48.516582 -737.536438 36.185108 13
-48.614212 -742.672241 25.218262 13
-59.417770 -741.672302 46.212643 13
-51.325642 -741.662842 45.502388 13
-50.803879 -742.592346 41.778000 13
-51.612675 -743.473145 46.147621 13
-44.899502 -740.609558 0.390394 13
-47.356972 -740.951660 32.725315 13
-55.844471 -737.910278 44.446262 13
-51.022663 -738.106384 37.382820 13
-56.435116 -738.510925 43.888561 13
-58.578125 -739.235413 46.852135 13
-48.369511 -742.189880 41.438187 13
-55.759033 -737.586609 45.018185 13
-45.084377 -739.024231 16.849533 13
-44.737850 -737.867004 8.341661 13
-48.546612 -744.457520 30.832455 13
-52.805225 -742.995789 34.045246 13
-43.880924 -739.236694 7.943815 13
-48.375183 -742.347046 35.227459 13
-48.927559 -739.530884 24.265839 13
-53.900669 -736.860168 45.284760 13
-51.344612 -744.051086 48.006817 13
-44.993801 -740.476318 21.782722 13
-50.641602 -738.028015 36.746174 13
-50.719681 -744.822327 32.717484 13
-47.182747 -737.972412 28.330410 13
-44.620098 -739.280273 15.725618 13
-46.412601 -737.557617 31.917728 13
-51.573463 -735.828003 47.882591 13
-46.580685 -737.483826 29.663977 13
-47.542942 -739.270386 18.162472 13
-49.968193 -736.834045 42.394661 13
-51.839535 -744.088745 47.970531 13
-46.208458 -736.887817 38.033974 13
-46.177696 -738.956360 11.078506 13
-45.521004 -741.168701 22.237885 13
-52.688725 -735.482056 49.309540 13
-46.848576 -737.990601 27.434822 13
-55.037663 -741.371826 37.973103 13
-55.413437 -737.127075 45.559334 13
-44.162952 -738.072571 3.709358 13
-46.811592 -740.754028 27.063261 13
-53.261246 -738.249695 39.596996 13
-46.466694 -738.964661 12.851828 13
-44.463821 -738.290344 11.132082 13
-55.339252 -738.953247 41.053997 13
-48.556293 -741.107239 43.867077 13
-57.473251 -739.954102 43.757008 13
-43.738121 -740.353210 3.932328 13
-44.703049 -739.804077 19.908781 13
-48.165173 -737.751587 31.925795 13
-50.157944 -739.173218 30.539562 13
-43.905640 -740.409424 1.699767 13
-59.147053 -740.746643 47.558170 13
-47.270962 -741.085205 30.323576 13
-48.779072 -740.390442 23.806814 13
-50.111362 -741.161682 44.398190 13
-44.534309 -739.319214 20.240208 13
-49.880032 -742.700867 39.664845 13
-51.259956 -736.449219 45.284904 13
-47.165039 -739.737122 28.249117 13
-53.028088 -741.949524 34.045082 13
-47.686592 -740.899719 36.452431 13
-53.690067 -743.510193 36.557507 13
-45.819992 -738.333069 23.337626 13
-46.803120 -737.094360 37.448959 13
-47.704922 -740.201233 33.890236 13
-46.436512 -740.647156 24.157312 13
-45.298222 -740.292053 0.139362 13
-47.443565 -739.980713 17.499815 13
-58.977932 -738.716492 49.377785 13
-51.431351 -744.449707 49.721420 13
-58.026192 -742.948181 43.441574 13
-51.845036 -744.059448 48.924137 13
-48.585529 -743.805786 28.384436 13
-44.230495 -740.220825 7.494118 13
-44.524380 -737.838562 5.818096 13
-47.958031 -741.244324 22.379139 13
-44.341393 -739.369324 25.497196 13
-46.757912 -740.335022 16.039898 13
-48.321060 -739.344666 22.054520 13
-48.309597 -741.745789 40.502766 13
-51.758972 -738.177795 37.943119 13
-49.373619 -743.347473 45.827503 13
-43.981312 -738.667908 6.711975 13
-45.298515 -740.645935 11.049153 13
-54.643353 -738.419312 41.474754 13
-47.537407 -740.765259 35.624660 13
-48.818665 -743.058838 46.569958 13
-46.584244 -739.953918 13.753488 13
-43.456467 -738.674500 6.152639 13
-50.736496 -737.230713 41.495647 13
-48.266651 -742.117493 36.094597 13
-48.376900 -739.877625 21.335135 13
-54.213158 -745.197815 38.478424 13
-43.657791 -740.275269 2.189590 13
-56.393272 -741.162537 40.951172 13
-45.201534 -740.633423 12.581682 13
-57.588547 -743.360779 42.313633 13
-44.626400 -740.553955 7.615049 13
-52.569916 -742.606262 48.236801 13
-45.013371 -740.434204 18.506325 13
-53.630703 -739.233276 37.966034 13
-47.350437 -742.827698 25.069883 13
-51.650524 -742.595276 44.667988 13
-57.256737 -737.301453 48.985199 13
-44.398998 -739.359375 13.833492 13
-52.067127 -740.200745 33.869282 13
-49.154308 -742.433289 26.263000 13
-54.094406 -743.417175 36.942909 13
-45.389336 -737.679016 32.824928 13
-49.416569 -741.293823 26.660551 13
-48.555313 -740.912354 23.671560 13
-51.014038 -742.760437 42.784401 13
-46.908051 -741.169067 24.847559 13
-49.348339 -737.279236 39.365925 13
-47.852135 -742.558838 24.676832 13
-45.481552 -740.658875 15.759442 13
-55.632706 -740.892273 39.196907 13
-44.851997 -739.379517 17.707277 13
-46.287571 -738.448425 23.649233 13
-51.080719 -741.945923 30.263090 13
-46.783039 -740.043213 29.114510 13
-45.956753 -742.022827 25.374170 13
-50.258259 -735.365051 46.279312 13
-51.347610 -743.924438 32.320187 13
-44.199345 -740.248596 4.315974 13
-44.992298 -737.926575 10.046336 13
-45.448338 -741.013367 21.371717 13
-47.894707 -737.348511 37.042812 13
-53.431396 -737.186951 43.649002 13
-58.699680 -741.194519 45.495560 13
-45.745232 -738.076111 25.761253 13
-48.764828 -739.484131 23.779371 13
-50.196106 -736.572510 43.822891 13
-59.234684 -740.172180 49.000282 13
-47.778080 -739.443970 16.819313 13
-45.332790 -740.463928 20.891851 13
-48.763947 -740.111450 23.408108 13
-53.397335 -739.493958 37.098236 13
-46.682297 -740.802979 17.394449 13
-46.234631 -741.441711 19.960110 13
-48.443714 -736.297424 43.228268 13
-52.306263 -739.905212 34.421932 13
-49.974514 -736.644592 43.105705 13
-43.170498 -739.410706 0.541142 13
-59.534863 -740.771667 48.209549 13
-51.989040 -738.156494 38.695927 13
-44.219177 -740.646729 2.606771 13
-52.014778 -735.369934 48.681255 13
-45.178734 -740.425659 19.901142 13
-45.961426 -740.070679 11.088071 13
-53.743755 -736.317749 48.159374 13
-48.498913 -742.330017 42.123543 13
-58.420780 -741.073120 44.740280 13
-48.142559 -737.576355 33.587196 13
-49.420658 -742.698364 39.977863 13
-48.640881 -741.885010 24.774117 13
-47.347416 -740.514099 18.822395 13
-44.753872 -740.662354 14.787508 13
-58.210972 -738.215271 48.242020 13
-50.576904 -735.777710 47.103588 13
-50.287056 -738.524597 33.696564 13
-50.298378 -743.216614 43.315220 13
-44.477814 -739.235779 23.340006 13
-44.343262 -740.122314 13.239448 13
-53.502590 -737.409851 42.790646 13
-51.783211 -739.369507 34.267147 13
-46.602844 -740.173889 14.977047 13
-46.007065 -739.998718 6.155901 13
-46.366779 -741.931763 21.586222 13
-43.816036 -738.501709 3.609069 13
-47.389793 -740.744568 33.321224 13
-49.003956 -739.062683 27.295734 13
-45.560780 -740.486755 13.513813 13
-45.828407 -740.172485 9.477754 13
-45.181374 -738.285889 26.378717 13
-53.941410 -742.622009 36.300220 13
-45.157001 -738.340088 3.611597 13
-48.591427 -744.298035 29.960089 13
-48.264500 -739.743042 33.172798 13
-49.561424 -745.219421 33.027382 13
-47.459797 -739.041687 19.856750 13
-43.547466 -739.025696 1.493025 13
-54.677513 -739.475525 39.041477 13
-50.481068 -743.996704 47.614979 13
-49.213921 -743.055237 45.202236 13
-53.719025 -744.090942 37.307938 13
-44.363625 -739.829590 13.930021 13
-53.166603 -744.060364 35.660320 13
-49.398624 -743.194763 43.742363 13
-55.162979 -738.067444 42.930965 13
-55.272900 -742.530396 38.882496 13
-51.126770 -739.010437 33.663239 13
-45.475117 -740.447266 8.930036 13
-53.459553 -736.582764 46.091404 13
-57.795639 -737.778259 49.303814 13
-45.661766 -738.587280 19.746490 13
-51.863018 -742.834839 45.601490 13
-44.058506 -739.176636 28.081543 13
-50.962574 -737.611328 39.288376 13
-48.900375 -736.132141 43.653316 13
-46.695755 -739.842407 27.319078 13
-44.380520 -738.406860 29.397217 13
-58.802395 -739.473694 47.593838 13
-56.136513 -737.505493 45.832287 13
-49.682430 -735.737244 45.722004 13
-49.279629 -742.591248 26.717041 13
-44.040066 -739.781982 10.508195 13
-51.387547 -741.867249 42.561069 13
-45.785625 -740.587952 14.675381 13
-49.730606 -742.656433 39.066833 13
-55.112919 -739.821106 39.163433 13
-44.874695 -740.200134 18.066017 13
-46.793507 -740.871948 26.220667 13
-50.777775 -741.428711 39.759296 13
-44.366859 -740.359131 8.500843 13
-52.253445 -740.932495 33.216156 13
-58.270409 -743.405762 42.920544 13
-44.346298 -738.667847 27.759310 13
-49.725418 -737.004578 41.480385 13
-57.539562 -739.579407 44.198521 13
-49.871658 -743.474365 44.962154 13
-48.529099 -741.908142 33.079140 13
-54.249142 -741.153870 36.474052 13
-47.368622 -737.414062 34.935974 13
-53.047451 -735.358521 49.691860 13
-52.216068 -743.339600 33.267822 13
-57.737274 -741.033630 43.373371 13
-53.610493 -736.449097 46.895233 13
-46.198586 -739.980042 12.159660 13
-43.761192 -738.715149 4.761858 13
-48.713158 -742.459534 43.246220 13
-46.738464 -739.024719 14.389372 13
-44.577019 -737.849365 31.396139 13
-45.427437 -738.808350 18.970572 13
-52.474461 -739.002441 36.393089 13
-47.669800 -740.784729 20.692883 13
-50.395897 -736.141907 45.171219 13
-50.500290 -743.532654 44.807129 13
-47.768444 -740.176941 19.383856 13
-47.427555 -741.623352 28.482113 13
-45.568851 -740.460388 10.656008 13
-46.903145 -742.872253 25.477182 13
-44.397903 -738.192505 8.632382 13
-46.677967 -737.396240 30.235796 13
-45.501556 -737.742859 31.575363 13
-47.503510 -739.900085 16.651114 13
-46.525753 -738.743103 18.658665 13
-45.204510 -738.838318 20.737413 13
-45.468407 -740.991882 19.297565 13
-56.743153 -737.382263 47.613224 13
-49.960754 -737.886353 36.892990 13
-53.471992 -744.075867 36.571918 13
-46.659332 -738.691406 20.058056 13
-45.381050 -740.369873 6.041987 13
-57.466103 -737.647339 48.102623 13
-48.939228 -742.552795 40.706635 13
-51.066467 -743.976379 31.924665 13
-52.259510 -737.628967 40.625336 13
-51.795761 -738.955505 35.118008 13
-59.658432 -739.633606 49.208977 13
-47.060139 -743.318604 27.242628 13
-48.447071 -739.024048 25.364580 13
-45.572289 -738.686279 1.878280 13
-45.470261 -738.330444 10.728791 13
-45.183514 -740.435120 1.110385 13
-53.314323 -738.055603 40.469803 13
-43.966904 -739.196655 9.137624 13
-49.150429 -740.789246 25.573120 13
-44.206200 -738.211548 4.479932 13
-49.673084 -740.638489 27.304661 13
-48.027035 -743.122803 25.472391 13
-47.315323 -740.959595 31.935093 13
-45.435074 -741.071167 11.857337 13
-44.721954 -740.660278 5.467887 13
-51.253883 -743.718018 46.344578 13
-56.108089 -741.852722 40.340393 13
-50.144444 -744.756165 32.698425 13
-56.531311 -736.451660 49.050724 13
-52.902058 -736.112671 48.614742 13
-57.915321 -738.204834 47.666882 13
-46.887817 -737.546631 31.144482 13
-49.700630 -743.560486 28.855053 13
-48.365906 -741.791138 44.523750 13
-57.642990 -739.452637 44.988678 13
-46.808678 -737.373169 35.158421 13
-52.272022 -742.157288 47.606915 13
-46.428120 -740.128967 24.864376 13
-46.980686 -742.619812 24.253471 13
-59.149815 -741.292236 47.483727 13
-48.262497 -742.259094 39.724766 13
-51.884380 -743.653137 47.705704 13
-50.753674 -742.433960 41.103199 13
-48.875626 -737.995361 32.171856 13
-44.420387 -740.395203 9.633896 13
-57.919193 -743.762085 42.532612 13
-44.864765 -738.802612 15.743564 13
-48.104839 -738.247009 28.620502 13
-47.513210 -738.856873 22.073164 13
-47.168739 -738.557861 23.980028 13
-44.728466 -739.702881 20.858236 13
-45.037991 -738.395935 14.256767 13
-49.291519 -736.403992 43.550610 13
-53.569942 -745.118774 37.924099 13
-51.250816 -738.891357 34.440910 13
-44.291561 -738.343201 29.875128 13
-49.556171 -738.705627 30.864511 13
-47.638142 -737.767883 30.395662 13
-44.276218 -740.334473 6.838576 13
-49.844212 -740.785400 43.371620 13
-52.355602 -736.086548 47.886028 13
-43.864819 -739.118042 26.971046 13
-47.144176 -739.149414 16.293407 13
-54.886341 -736.397400 48.593819 13
-49.947506 -744.963318 33.120670 13
-49.864216 -735.829834 45.231087 13
-52.860695 -736.196045 48.036354 13
-51.133690 -735.314331 47.436695 13
-48.140976 -744.128723 29.513639 13
-50.225723 -740.573364 29.059597 13
-44.291996 -740.290466 6.348151 13
-50.817368 -743.751648 46.129276 13
-50.585667 -743.088440 42.355824 13
-47.667290 -738.574524 25.625174 13
-44.129364 -739.199890 11.415084 13
-56.058594 -740.414917 40.490448 13
-44.393177 -738.935547 13.373131 13
-45.981228 -740.083557 10.195628 13
-45.600315 -740.443848 11.406239 13
-54.480743 -736.274109 49.496281 13
-45.515617 -736.861633 36.149143 13
-55.401680 -736.482056 49.480740 13
-50.072399 -739.962524 28.665615 13
-48.115742 -741.301819 39.147011 13
-52.402081 -744.772400 35.834660 13
-45.025684 -740.806641 11.809965 13
-46.082745 -738.519531 18.067879 13
-56.112167 -736.651001 49.179951 13
-46.250011 -737.637329 30.603172 13
-46.855869 -738.423950 24.585733 13
-44.364037 -738.123474 6.142200 13
-45.445915 -740.395813 6.982285 13
-55.998848 -741.163452 39.963860 13
-45.186550 -740.659302 17.136230 13
-51.592350 -736.950867 42.975498 13
-45.439831 -740.975952 10.121775 13
-45.929161 -741.841309 22.695646 13
-47.067207 -742.375732 23.403849 13
-50.774128 -739.581726 30.971018 13
-46.526840 -736.609985 39.713108 13
-47.106735 -740.247375 16.863272 13
-49.594074 -736.331299 43.911350 13
-51.055698 -735.703308 47.914207 13
-57.523834 -738.814880 45.773655 13
-48.096382 -740.611572 20.863237 13
-57.943199 -740.434448 44.298199 13
-47.705414 -738.063354 28.866127 13
-46.581406 -739.634277 12.285023 13
-46.139725 -738.720581 19.460995 13
-48.633823 -742.441223 25.633205 13
-47.353668 -741.297668 26.625557 13
-44.163734 -740.563965 3.444571 13
-58.414856 -742.921326 43.674259 13
-48.789036 -742.416565 38.480083 13
-51.204472 -737.153687 41.501175 13
-46.258305 -742.227112 26.942415 13
-44.814270 -740.763916 13.859424 13
-50.744358 -743.891418 31.206614 13
-46.330059 -738.686829 17.132437 13
-47.775444 -739.347961 19.094315 13
-47.080414 -740.880920 28.983807 13
-50.310982 -737.793457 37.618351 13
-48.209812 -737.250183 38.286362 13
-58.067348 -741.587402 44.035053 13
-44.851543 -740.212036 20.175543 13
-51.974861 -735.839050 48.919449 13
-59.303429 -741.848328 45.809078 13
-43.387779 -740.077881 1.292238 13
-54.751537 -745.160522 39.063545 13
-51.464657 -742.076843 44.945934 13
-54.237610 -741.980591 36.747852 13
-44.576118 -738.316223 14.460372 13
-52.962193 -744.491394 36.248203 13
-51.202759 -737.935364 38.240112 13
-45.837376 -737.771057 27.941126 13
-45.077003 -738.157349 6.300372 13
-54.033585 -739.509338 38.225471 13
-47.806961 -741.798645 22.461910 13
-46.380909 -737.049561 37.124828 13
-47.729282 -738.741089 24.455391 13
-51.454346 -736.195312 46.711330 13
-50.687691 -742.060425 40.248890 13
-49.862228 -742.797241 27.951490 13
-48.477810 -741.396301 29.726891 13
-47.655544 -738.755737 23.943445 13
-45.543373 -738.535645 20.233257 13
-45.480068 -740.196045 5.615724 13
-58.184017 -738.533264 46.999062 13
-46.638977 -736.975586 37.890312 13
-48.248898 -741.328430 40.157429 13
-54.017605 -737.578552 42.684803 13
-45.708939 -739.807068 2.436856 13
-51.045113 -741.499329 30.373116 13
-44.412834 -739.007874 14.463480 13
-49.072926 -739.581665 35.143333 13
-46.586803 -737.237793 36.440708 13
-45.308151 -740.420349 3.556404 13
-48.545582 -739.702637 34.893238 13
-47.479202 -739.045654 19.322805 13
-46.230484 -740.583740 15.137456 13
-50.385979 -742.966492 40.986942 13
-47.441990 -739.850952 15.455911 13
-44.825321 -737.307068 33.729610 13
-57.206154 -738.463928 45.482826 13
-43.908432 -738.084290 31.469954 13
-49.234531 -744.142700 29.695681 13
-50.316746 -744.993347 34.552086 13
-46.357128 -739.246460 8.975549 13
-49.694557 -743.843872 48.141346 13
-43.370209 -738.869934 0.687234 13
-47.498325 -738.771301 23.107479 13
-48.646091 -742.394104 44.632721 13
-49.686275 -735.352661 45.263660 13
-45.576611 -738.077637 26.256424 13
-45.395283 -740.788879 20.497215 13
-47.919254 -739.730530 32.246925 13
-44.558853 -738.042603 9.481385 13
-51.663380 -744.131775 33.209412 13
-52.705723 -737.412231 41.982162 13
-45.422504 -738.326477 23.933826 13
-48.333992 -740.404114 22.154572 13
-43.610126 -738.829407 1.905118 13
-56.930641 -736.753052 49.012871 13
-57.459194 -741.796997 42.887291 13
-56.507599 -742.176514 41.057743 13
-45.950272 -740.631226 7.615997 13
-49.516602 -737.592407 37.396542 13
-53.225311 -742.192566 34.455971 13
-45.651524 -741.168823 22.953636 13
-54.837692 -742.586426 37.909046 13
-51.756664 -740.285400 33.151897 13
-53.927303 -742.215332 35.874615 13
-53.382626 -736.671204 45.641716 13
-49.737625 -743.034302 42.398270 13
-45.875874 -738.391357 21.960318 13
-44.603756 -739.903198 22.787828 13
-47.111198 -737.459106 33.152355 13
-47.772354 -739.845032 18.455477 13
-45.807823 -739.780945 4.908166 13
-44.090683 -740.462708 5.551943 13
-50.828682 -742.068176 29.778908 13
-55.564827 -738.281677 43.136032 13
-45.277336 -740.748718 17.607027 13
-46.086052 -736.740601 38.494961 13
-49.363129 -740.792603 26.367704 13
-43.586929 -739.532043 5.067619 13
-44.690453 -741.115784 11.320510 13
-50.945496 -736.965515 42.334278 13
-47.648712 -740.690125 19.517939 13
-45.749634 -741.756287 21.711271 13
-44.997646 -739.159241 19.747366 13
-55.993752 -736.984985 47.318249 13
-45.986958 -737.781067 27.212828 13
-44.576115 -738.380432 12.884023 13
-44.275196 -738.531616 30.708755 13
-54.108730 -738.344666 40.640099 13
-45.697918 -739.783569 0.859586 13
-54.874523 -739.080994 40.201653 13
-55.366207 -741.678162 38.606590 13
-59.015614 -740.634644 46.892056 13
-43.752777 -740.153442 9.075456 13
-47.548885 -741.299927 21.880096 13
-44.340824 -740.337158 8.987301 13
-56.578728 -740.496643 41.258850 13
-57.715420 -738.691345 46.185177 13
-44.958157 -736.948181 34.904594 13
-59.071541 -742.426697 44.889526 13
-43.810829 -738.828064 28.259087 13
-46.050575 -738.959656 2.176223 13
-49.196045 -742.322571 36.148022 13
-50.779549 -738.389343 35.795929 13
-51.190037 -744.197388 48.425224 13
-53.827866 -740.640686 36.273811 13
-56.367275 -736.945312 48.414108 13
-47.519119 -743.997742 29.796083 13
-49.208309 -742.886841 42.516098 13
-48.352936 -741.399536 23.222925 13
-48.698647 -737.396301 37.588810 13
-52.914246 -736.583740 46.374683 13
-53.174202 -739.926514 36.272732 13
-50.583637 -744.330444 32.008278 13
-49.801430 -743.853455 47.546112 13
-45.286381 -740.592957 15.336205 13
-56.764748 -737.836182 46.378811 13
-49.673088 -741.958679 27.256628 13
-48.485199 -739.789734 21.846064 13
-49.315849 -738.910400 29.328114 13
-59.126556 -740.641174 48.415646 13
-48.396267 -741.764771 43.985970 13
-53.462112 -738.871643 38.405457 13
-47.922703 -738.756531 25.273592 13
-46.669285 -740.227966 26.040846 13
-49.058075 -743.872681 28.395494 13
-57.741196 -740.356140 43.886360 13
-51.131699 -741.226135 46.180927 13
-58.714077 -738.887878 48.303707 13
-57.616634 -741.484619 43.311680 13
-52.925545 -745.164673 37.353210 13
-45.552429 -737.968201 28.464396 13
-54.820026 -738.645142 40.996498 13
-44.632515 -740.648804 2.147738 13
-44.902740 -740.394470 16.205645 13
-44.815685 -738.548096 27.101759 13
-56.872467 -737.247437 48.388355 13
-50.294380 -744.291443 31.487043 13
-54.555237 -739.831299 38.383003 13
-50.292313 -741.962280 38.630863 13
-44.654911 -740.663818 12.613806 13
-44.680969 -740.630859 2.821690 13
-47.184849 -738.478516 24.878500 13
-52.718887 -740.522949 34.480732 13
-47.144039 -740.203796 29.910580 13
-48.977131 -742.934753 43.999149 13
-43.882973 -739.825806 8.452688 13
-46.848011 -740.367310 28.228380 13
-44.441391 -738.191711 10.022740 13
-50.119888 -741.403076 37.520412 13
-51.021030 -744.882996 34.111870 13
-45.242447 -736.936829 35.673195 13
-51.398308 -738.369324 36.533119 13
-52.411530 -744.437683 50.944271 13
-44.381386 -737.907654 5.358794 13
-48.547955 -740.546936 22.839285 13
-46.898022 -741.070679 19.645975 13
-48.722805 -739.767517 36.751625 13
-47.384205 -741.519165 25.616674 13
-46.930382 -736.588318 39.913326 13
-48.399357 -741.296997 41.834217 13
-56.373444 -738.768188 43.037136 13
-52.555542 -739.860474 35.065460 13
-51.118523 -739.155762 32.654240 13
-43.766750 -739.020813 5.867505 13
-48.527771 -742.502991 36.017792 13
-50.597233 -735.303711 46.690845 13
-45.141590 -740.748535 0.738424 13
-49.659489 -742.876526 41.229187 13
-50.410275 -743.407959 44.171001 13
-44.172771 -740.176086 8.125289 13
-44.291489 -739.909241 16.429688 13
-45.780346 -740.514893 6.376847 13
-51.433762 -744.234497 48.836487 13
-49.031712 -737.371521 38.047565 13
-48.319271 -738.031433 30.675768 13
-45.262211 -738.289001 1.542203 13
-44.459694 -739.878784 23.950502 13
-44.474857 -740.720154 13.508099 13
-44.362530 -738.719421 12.139266 13
-48.674660 -737.199951 39.315449 13
-44.285145 -740.798828 14.743459 13
-50.645782 -743.948181 49.280193 13
-52.526104 -743.591553 50.369724 13
-45.242619 -738.675293 22.334982 13
-49.332905 -742.199219 34.915848 13
-49.116192 -742.942932 44.543888 13
-47.676819 -736.406067 42.201668 13
-44.429752 -739.638550 15.555065 13
-50.838390 -743.442322 30.354616 13
-52.078430 -737.951172 39.580849 13
-56.188374 -738.540527 43.452034 13
-43.114964 -739.017761 1.501177 13
-50.197754 -741.358154 28.600517 13
-43.420525 -739.389648 3.685360 13
-48.212036 -738.620605 27.160198 13
-52.029366 -738.728333 36.085419 13
-43.544834 -739.904846 4.344880 13
-43.637543 -739.996704 4.799435 13
-48.741470 -741.953064 45.208561 13
-47.187916 -741.212769 28.323824 13
-47.465572 -737.121521 37.849491 13