-46.220303 -739.507263 9.336900 13
-53.141232 -744.154846 51.742748 13
-44.079151 -737.691956 31.922087 13
-53.860645 -745.511108 37.957043 13
-48.471363 -735.850708 43.661610 13
-47.917038 -740.976685 21.084299 13
-57.516502 -739.255310 44.583508 13
-45.493465 -740.141907 -0.327848 13
-50.349094 -743.544434 29.402348 13
-50.895325 -738.244263 36.213623 13
-53.350990 -735.356079 50.050491 13
-50.076595 -743.437378 44.543362 13
-44.372551 -738.719849 15.877516 13
-43.970730 -739.432434 25.811798 13
-59.725990 -739.016418 50.036816 13
-55.452351 -740.140320 39.302933 13
-45.799702 -736.555420 38.213959 13
-48.222885 -742.244141 39.242523 13
-43.272507 -738.831665 4.672579 13
-48.480862 -738.448975 28.815275 13
-47.695595 -741.782654 33.794273 13
-57.666496 -743.956360 42.186562 13
-52.915760 -742.407227 33.844166 13
-53.208317 -736.749512 45.236435 13
-47.369717 -743.015015 25.532181 13
-51.839001 -737.467102 40.741341 13
-52.324951 -741.878296 47.995117 13
-48.174412 -737.644531 32.966030 13
-56.552155 -737.133606 48.061134 13
-49.846542 -745.325134 33.398567 13
-48.071804 -738.866089 24.731489 13
-44.653278 -741.139526 12.671185 13
-44.594975 -739.360291 19.730421 13
-50.831352 -740.090027 31.467901 13
-47.783855 -739.539673 17.549995 13
-48.332302 -740.566467 42.745201 13
-43.686569 -737.199463 1.271428 13
-59.213524 -741.683594 46.898937 13
-54.913334 -738.126221 42.410183 13
-50.264591 -735.608887 46.773952 13
-46.896374 -743.653320 28.983133 13
-51.171974 -741.525513 40.938934 13
-48.454201 -736.910950 40.374344 13
-45.912846 -740.424377 3.063054 13
-49.356075 -743.673584 47.878502 13
-47.253613 -739.364258 14.160481 13
-44.814133 -737.811279 12.014575 13
-53.662132 -740.175354 36.421932 13
-49.883820 -741.549744 36.352638 13
-45.119984 -738.187012 28.683895 13
-45.171776 -737.491760 35.069122 13
-49.639297 -741.092041 27.137779 13
-45.590412 -741.124084 23.418501 13
-45.371593 -740.765564 6.413097 13
-47.139568 -740.790710 30.698032 13
-55.583267 -743.369446 39.733658 13
-56.851887 -740.880188 41.983238 13
-44.727226 -737.839844 7.205845 13
-52.080231 -744.894043 35.533726 13
-47.952312 -737.419983 36.260452 13
-46.717690 -740.229126 27.051443 13
-46.338158 -738.530884 22.133091 13
-49.210995 -739.550415 38.630413 13
-58.348213 -741.956665 44.170593 13
-43.400051 -740.165283 1.747088 13
-54.049385 -742.995361 36.646626 13
-51.992996 -739.757996 34.065052 13
-51.685917 -744.254639 49.341408 13
-51.197952 -741.068604 45.522503 13
-48.304890 -744.393921 31.267656 13
-45.448502 -741.046448 17.287748 13
-58.443298 -739.027649 47.299465 13
-51.150223 -736.845581 43.353214 13
-53.136295 -738.603699 38.615383 13
-51.499020 -743.672058 31.911406 13
-48.963734 -739.582581 34.703297 13
-46.709896 -737.388184 30.699192 13
-43.674702 -738.740845 9.787344 13
-55.828392 -737.389587 45.471958 13
-53.962330 -736.450134 47.747929 13
-49.303783 -742.989624 42.081379 13
-48.270840 -741.327820 23.665926 13
-46.052254 -737.888550 26.145792 13
-51.588997 -743.913269 46.639420 13
-45.788956 -741.660522 20.066689 13
-46.521572 -739.726074 11.823421 13
-46.979095 -738.844666 19.739643 13
-48.470985 -741.680359 44.994240 13
-51.564140 -741.991821 43.300591 13
-50.857857 -737.745972 38.578262 13
-47.742985 -740.598938 36.910767 13
-44.996334 -738.209290 3.041756 13
-44.309158 -740.772705 8.711865 13
-48.819080 -743.320679 27.356455 13
-45.245777 -740.678406 14.901462 13
-50.452656 -740.976746 29.337425 13
-50.412193 -741.517944 38.678467 13
-47.890804 -741.554321 28.562569 13
-55.451057 -736.195435 49.850986 13
-51.868843 -735.728699 48.372150 13
-45.122612 -738.665710 24.032223 13
-45.620960 -738.778870 17.828543 13
-49.311417 -738.462952 31.209412 13
-47.796032 -739.862000 32.685982 13
-48.360855 -740.311462 40.526779 13
-48.442078 -739.384155 22.607792 13
-44.065086 -738.982605 13.712687 13
-50.215908 -738.590576 33.217281 13
-48.754097 -741.867676 31.886129 13
-45.940590 -737.498230 33.035774 13
-44.667801 -740.026428 21.792194 13
-58.235970 -737.569214 49.416061 13
-54.342144 -738.642883 40.410084 13
-55.104080 -741.947937 38.180023 13
-48.653091 -737.321289 38.278557 13
-48.875320 -739.049500 26.805920 13
-46.021385 -739.364807 4.909974 13
-46.285175 -742.521362 27.295321 13
-43.617477 -739.574768 6.684995 13
-44.316780 -740.743469 4.565352 13
-45.186115 -740.923218 10.643800 13
-59.495285 -740.566406 48.659149 13
-45.835552 -741.569458 25.454674 13
-53.159222 -737.260254 43.095478 13
-50.046043 -740.657593 43.844131 13
-49.521477 -736.852661 42.155182 13
-51.931835 -741.656677 32.072639 13
-46.268139 -739.117126 7.348574 13
-49.214500 -740.398315 25.276606 13
-46.629093 -738.791870 16.116396 13
-47.148964 -741.021973 18.713200 13
-50.027542 -736.102417 44.867733 13
-43.746864 -738.374878 30.101542 13
-46.822018 -742.145752 22.253546 13
-46.559334 -736.367798 40.132298 13
-49.870338 -742.811584 40.170952 13
-56.609226 -739.098328 42.795982 13
-52.034019 -744.220642 33.704922 13
-44.050613 -739.568237 11.710315 13
-47.411983 -736.220581 41.866764 13
-56.610992 -742.619873 41.194401 13
-46.420624 -739.750793 25.117252 13
-48.181309 -742.070312 35.614902 13
-46.876366 -737.887390 27.937651 13
-55.951305 -739.460876 41.061958 13
-48.686985 -742.568787 37.428883 13
-47.130943 -737.409058 34.538471 13
-47.158337 -739.813843 28.876015 13
-58.541054 -740.317383 45.770489 13
-49.006607 -737.700745 34.672775 13
-53.199059 -743.174561 49.623283 13
-43.788109 -738.997742 27.635168 13
-51.744400 -742.811462 45.138008 13
-49.045414 -743.140137 46.104607 13
-51.964882 -736.343567 46.564953 13
-55.143127 -745.118469 39.324799 13
-42.996304 -738.957703 0.398286 13
-44.790470 -738.052063 5.355897 13
-54.541077 -743.742004 38.263512 13
-49.925823 -739.586182 28.209843 13
-45.102993 -740.734924 1.458787 13
-48.633018 -744.152283 29.511999 13
-52.504009 -738.850586 36.844181 13
-45.853710 -738.540833 13.308779 13
-48.930237 -742.112366 25.777617 13
-51.225868 -742.405273 30.494324 13
-53.663387 -741.705139 35.441006 13
-46.151371 -737.189636 36.562241 13
-54.671246 -737.290955 44.085155 13
-57.110615 -738.048584 46.530029 13
-50.144379 -744.412476 30.961958 13
-45.303406 -738.215576 10.291659 13
-47.460800 -740.518677 35.063362 13
-56.457130 -744.501343 40.802841 13
-46.618027 -742.444885 24.007042 13
-49.120762 -739.520630 36.736229 13
-50.170197 -737.229858 40.228802 13
-50.220989 -739.350952 30.005880 13
-43.260296 -738.780457 2.803476 13
-54.335590 -739.798950 37.985764 13
-47.282124 -740.339478 15.605211 13
-45.747616 -739.138428 1.775918 13
-53.102734 -743.520752 35.307308 13
-56.002628 -741.664001 39.912876 13
-48.440727 -742.010559 40.940098 13
-49.910103 -740.487122 42.062351 13
-57.499825 -742.335876 42.715954 13
-50.066376 -742.383301 28.166212 13
-48.490665 -741.658386 30.163641 13
-44.142639 -740.339661 16.313147 13
-57.620926 -740.547119 43.508450 13
-53.311512 -737.750793 41.496986 13
-47.984398 -740.701477 38.561119 13
-53.230961 -744.472717 36.658871 13
-45.963940 -740.616760 8.109978 13
-43.846287 -740.408142 0.162480 13
-48.908829 -742.642151 43.671135 13
-46.037498 -740.263794 13.470280 13
-46.759399 -738.474121 23.765053 13
-49.509689 -741.936340 34.617748 13
-44.524223 -740.158447 24.385052 13
-47.418091 -741.444092 26.052719 13
-49.502281 -737.649780 36.880798 13
-48.397285 -739.547913 20.181684 13
-50.607994 -745.194580 34.861786 13
-45.252472 -740.637329 18.879719 13
-54.557941 -736.684448 46.206741 13
-51.589706 -736.636963 44.948177 13
-56.088547 -738.193665 44.066479 13
-44.380894 -737.478394 33.539379 13
-43.586384 -738.813782 8.123964 13
-44.679642 -737.867737 8.840095 13
-45.162189 -737.809448 30.602753 13
-47.544258 -738.395691 26.187359 13
-50.657040 -743.235474 42.847912 13
-45.569233 -741.339600 21.731819 13
-52.202236 -743.489868 48.054123 13
-48.108829 -737.977539 30.285971 13
-45.655220 -738.678284 20.668470 13
-44.322327 -740.412964 3.020863 13
-45.552235 -738.599731 14.852857 13
-47.217209 -736.995422 38.857597 13
-52.058712 -742.003967 46.454041 13
-54.473869 -741.444092 36.780918 13
-50.855030 -738.631470 34.711338 13
-58.832245 -738.850464 48.766171 13
-47.555408 -738.930542 21.294571 13
-52.577271 -739.596558 35.509552 13
-59.249107 -742.057373 45.403111 13
-43.900326 -740.203918 10.299180 13
-50.787521 -744.117371 48.065956 13
-51.904263 -744.352844 50.834354 13
-52.903332 -740.933533 34.338409 13
-58.332073 -743.335632 43.474796 13
-47.442493 -741.252441 32.276817 13
-47.798996 -739.541870 31.127651 13
-48.933762 -739.928345 23.894577 13
-44.789707 -738.549377 26.644789 13
-55.303238 -736.419739 48.362320 13
-51.604675 -740.333191 32.689995 13
-46.690567 -741.002869 24.401211 13
-44.975639 -737.984863 1.308441 13
-47.328144 -743.502625 27.586246 13
-57.827095 -737.927734 48.045151 13
-50.985100 -737.084717 41.897457 13
-46.133099 -739.784363 23.686697 13
-53.020584 -738.046875 40.111652 13
-46.756367 -740.538513 16.993380 13
-54.109531 -736.282959 49.228497 13
-50.346298 -743.713318 45.946678 13
-45.046909 -740.497559 20.491194 13
-46.335495 -737.707886 29.300495 13
-48.798889 -744.814636 32.570004 13
-44.684944 -739.849670 17.750988 13
-55.792469 -737.003662 46.846542 13
-50.416004 -744.548645 32.374958 13
-49.510357 -742.610962 38.624699 13
-48.314945 -742.479980 24.473217 13
-59.022095 -740.333923 47.297527 13
-49.734055 -736.565552 43.533115 13
-47.775871 -737.636108 31.605642 13
-50.510918 -742.787964 41.412460 13
-57.898891 -739.045349 45.959873 13
-45.736980 -738.553955 19.222355 13
-44.559280 -739.172485 22.862091 13
-48.504719 -741.880920 42.330212 13
-47.933105 -739.834656 18.913002 13
-44.287811 -740.643127 7.247200 13
-44.420307 -740.342651 13.767162 13
-47.283215 -737.222229 37.445690 13
-47.030373 -741.100586 20.070206 13
-48.391037 -740.761108 22.429148 13
-52.062046 -737.990234 39.150494 13
-52.166420 -743.038940 32.909634 13
-43.713440 -738.537354 1.484257 13
-46.925457 -738.840027 18.399612 13
-56.866886 -738.261658 45.221626 13
-45.863785 -738.543274 11.588903 13
-51.503262 -738.198059 37.478371 13
-56.263741 -737.199402 49.350933 13
-47.448643 -744.040955 30.295120 13
-54.352043 -739.142761 39.181683 13
-48.975399 -742.045898 33.391529 13
-43.677238 -739.903137 5.386473 13
-45.642532 -737.908264 27.480379 13
-47.234474 -740.517822 33.751030 13
-46.804302 -738.306641 25.104240 13
-49.350452 -743.582581 28.540871 13
-46.053211 -739.846497 10.606858 13
-56.346760 -740.683655 40.780701 13
-45.946251 -737.676514 31.736334 13
-46.022556 -740.340820 22.442244 13
-50.325405 -738.922913 31.956696 13
-45.439060 -740.555664 9.408923 13
-45.864391 -740.692383 16.060843 13
-44.346634 -737.898315 4.155504 13
-44.267479 -739.754761 15.089668 13
-45.491993 -740.524536 11.887226 13
-52.276031 -737.259766 42.081974 13
-47.362396 -741.338745 27.343769 13
-53.313217 -736.480896 46.542126 13
-44.888916 -738.634460 25.304150 13
-49.940819 -742.062561 37.530678 13
-47.982582 -738.421875 27.485758 13
-43.544704 -739.893372 3.893942 13
-50.962940 -741.065491 30.515240 13
-44.145752 -738.942444 29.018000 13
-49.691822 -737.339966 39.028194 13
-50.631058 -742.309631 29.366888 13
-49.159756 -738.642761 29.907326 13
-48.349365 -741.490051 43.635113 13
-48.276760 -740.020813 35.876263 13
-45.886944 -739.503418 6.173894 13
-52.900650 -745.620605 37.077133 13
-58.172062 -740.667908 44.632236 13
-46.555595 -741.851013 21.052843 13
-48.862946 -742.921082 44.897076 13
-51.216591 -743.030823 44.021461 13
-45.911217 -740.471741 4.323240 13
-49.783710 -737.988037 35.682808 13
-47.183361 -741.021484 29.456491 13
-52.279770 -736.925964 43.924068 13
-52.696800 -736.256409 47.596035 13
-48.683319 -739.505676 21.395889 13
-47.952801 -741.588379 37.644440 13
-45.833752 -738.677551 8.405034 13
-52.913410 -735.919312 49.035549 13
-46.068497 -739.314880 3.679517 13
-49.194466 -738.167053 32.517056 13
-44.056614 -738.493591 6.247037 13
-50.851345 -736.195801 45.853630 13
-44.280056 -738.679871 10.860908 13
-46.199928 -742.703918 25.797621 13
-49.492016 -742.316284 27.040482 13
-51.208305 -741.945190 42.126465 13
-51.342926 -739.125183 33.247391 13
-44.892258 -738.076965 13.956292 13
-52.466648 -741.357056 33.264606 13
-50.935051 -744.762024 33.673717 13
-48.403687 -736.385620 42.552494 13
-50.615524 -741.870056 39.837048 13
-48.872566 -739.232605 25.591110 13
-44.832367 -741.113647 0.288065 13
-47.079636 -737.313965 32.554535 13
-45.177967 -738.780029 21.869987 13
-45.479557 -738.828552 16.494026 13
-46.434795 -740.564148 14.737144 13
-48.687012 -741.362427 24.805393 13
-47.785934 -741.720093 31.140331 13
-49.539993 -740.014282 26.438469 13
-43.975910 -739.650696 9.036792 13
-55.132847 -740.745117 38.140118 13
-48.096813 -743.853149 28.449930 13
-51.003922 -743.565002 30.748577 13
-48.397396 -740.953125 41.561275 13
-51.484383 -741.647522 44.507050 13
-46.717068 -739.347351 13.052544 13
-48.729752 -739.602722 33.412712 13
-45.940651 -739.457275 0.623998 13
-55.030254 -738.708862 41.367191 13
-47.996208 -743.289734 26.499956 13
-47.422897 -738.767151 22.659813 13
-50.258503 -744.063110 49.119659 13
-45.362740 -738.484375 4.330030 13
-53.340195 -739.306396 37.563351 13
-47.540779 -739.483765 16.395184 13
-51.759464 -738.735168 35.556931 13
-44.350185 -740.817444 11.457032 13
-47.544628 -737.891785 29.258863 13
-51.251766 -735.859131 47.378727 13
-46.329784 -737.314453 35.403862 13
-50.343895 -741.401733 44.789856 13
-57.349617 -736.807007 49.153374 13
-52.815144 -743.634888 50.691135 13
-50.010792 -741.143616 28.237297 13
-44.776604 -740.315979 22.956121 13
-44.397076 -738.742615 12.580811 13
-53.303333 -740.590515 35.382809 13
-48.539341 -740.015869 37.795826 13
-52.928989 -742.731873 48.591141 13
-49.067921 -739.633911 39.889835 13
-47.051525 -740.192078 31.748039 13
-48.919964 -735.763550 44.727051 13
-55.210991 -739.380371 40.135521 13
-45.065773 -736.920898 36.078007 13
-44.595119 -739.258545 20.939928 13
-45.264172 -740.435364 5.298963 13
-47.502880 -742.140137 23.358589 13
-46.614594 -740.631653 25.852226 13
-45.413815 -738.465515 6.329238 13
-51.159191 -737.563965 39.736244 13
-46.776844 -738.820557 17.247734 13
-49.887959 -735.304871 45.681942 13
-46.021370 -737.444580 34.236179 13
-48.193409 -741.113464 39.725998 13
-47.001045 -740.810303 28.313683 13
-46.125687 -741.074829 18.261835 13
-49.896580 -737.605225 37.951107 13
-53.474140 -737.049011 44.171421 13
-49.407726 -736.968140 41.032738 13
-53.988937 -744.457520 37.538200 13
-52.176338 -743.015808 47.020298 13
-46.648335 -738.874329 14.973334 13
-54.402615 -736.940125 45.126274 13
-52.586090 -744.298462 34.682957 13
-49.295853 -742.257996 35.687183 13
-50.207668 -743.898499 47.129562 13
-44.289547 -739.927673 12.744910 13
-44.352577 -740.690918 5.923444 13
-48.987495 -738.940491 27.944384 13
-54.482010 -742.748474 37.648273 13
-45.377407 -738.384155 22.980026 13
-55.225716 -742.993469 38.742149 13
-48.244011 -737.093628 39.293610 13
-49.264664 -738.008972 33.628403 13
-44.968197 -739.193054 18.627903 13
-56.976036 -743.664001 41.365314 13
-48.417908 -736.676880 41.470169 13
-51.723557 -742.597961 31.532379 13
-47.422523 -736.653748 40.844414 13
-48.034382 -737.494995 35.163197 13
-45.795815 -741.710083 24.324146 13
-46.910412 -743.104248 26.603369 13
-54.331684 -744.754578 38.633579 13
-43.859604 -739.881958 7.966285 13
-55.444530 -741.314758 39.016705 13
-49.689552 -744.220154 29.954073 13
-55.632969 -744.421021 40.042175 13
-59.306606 -739.845459 49.461887 13
-54.258102 -737.483337 43.097240 13
-55.779205 -738.772156 42.183041 13
-46.099781 -742.033447 23.126360 13
-47.280785 -739.833679 30.207346 13
-56.636986 -739.800049 41.966690 13
-47.924313 -738.933716 23.611532 13
-44.341576 -737.963074 2.213774 13
-48.318596 -742.249878 34.553394 13
-45.744789 -740.090759 7.166626 13
-47.755878 -741.689026 21.953096 13
-44.890350 -737.760254 32.629227 13
-47.662804 -741.140991 35.914154 13
-55.273815 -737.946655 43.420773 13
-49.215733 -742.731995 41.046707 13
-48.110039 -737.533630 34.098995 13
-51.312405 -741.255615 46.613106 13
-49.366615 -744.652893 31.666201 13
-50.316315 -741.085205 37.285812 13
-51.562244 -744.772766 34.531151 13
-47.767620 -740.354797 19.846415 13
-44.567238 -739.353394 16.732258 13
-57.214241 -739.541077 43.602749 13
-44.367809 -738.607605 14.722489 13
-48.189018 -741.980347 36.684719 13
-54.993580 -744.056641 39.171932 13
-59.137367 -739.697388 48.138313 13
-45.774742 -738.122437 24.861931 13
-48.037495 -739.923523 34.151733 13
-49.803856 -743.177917 43.476204 13
-48.363297 -737.353149 37.265907 13
-54.978844 -736.557251 47.359974 13
-45.020802 -740.700623 3.781970 13
-59.067467 -738.289001 49.640266 13
-48.794483 -742.569885 40.066124 13
-44.262833 -738.378601 31.148682 13
-46.775444 -738.051270 26.890451 13
-54.333179 -740.474426 37.187584 13
-43.441288 -739.802795 2.732274 13
-48.105068 -742.016296 32.851299 13
-56.146023 -743.483643 40.605457 13
-52.491409 -743.380432 34.193192 13
-44.740448 -738.407288 27.708693 13
-46.271461 -736.647949 39.164230 13
-59.496483 -741.140869 47.787041 13
-45.451469 -736.745361 37.238102 13
-49.938259 -738.164978 34.587559 13
-51.343884 -744.199158 32.795570 13
-58.758934 -742.711243 44.751804 13
-49.649948 -739.140869 29.134024 13
-44.113594 -740.728516 1.176481 13
-50.989319 -743.547729 45.025837 13
-44.699795 -738.160583 29.743435 13
-52.037144 -745.223633 36.515675 13
-58.877975 -741.275818 45.987724 13
-53.312634 -742.489929 34.796616 13
-50.218876 -739.999634 29.109692 13
-45.504929 -740.097778 2.152552 13
-51.377178 -740.953979 31.501606 13
-50.655846 -736.594971 44.208916 13
-46.887688 -737.474487 33.544182 13
-50.512341 -737.983582 37.242603 13
-51.180214 -739.425354 32.287479 13
-50.468037 -739.240356 31.006222 13
-49.377129 -742.365479 36.704170 13
-56.978573 -741.958923 41.936317 13
-42.927853 -738.012634 1.121721 13
-52.293087 -738.397705 38.083183 13
-44.535656 -740.824768 9.772445 13
-47.713089 -741.496399 34.849159 13
-57.400814 -741.341492 42.897396 13
-47.526207 -740.480103 17.839373 13
-49.280041 -741.231995 26.181723 13
-56.475155 -741.619385 41.129654 13
-44.003754 -738.238281 3.262693 13
-51.404942 -745.620850 35.330063 13
-49.237732 -743.040344 47.112537 13
-52.592369 -744.207947 49.918846 13
-44.284016 -740.763550 15.202297 13
-54.277161 -738.001465 41.570759 13
-46.661701 -742.960449 28.297525 13
-52.492779 -743.611023 49.083530 13
-43.316353 -738.881226 5.719612 13
-46.318375 -741.207031 19.232883 13
-46.080093 -739.618103 8.205626 13
-47.115067 -739.610901 27.720457 13
-51.804092 -741.837952 45.428982 13
-45.049454 -738.078979 12.967634 13
-58.498001 -739.610046 46.483749 13
-44.074890 -738.563721 7.291633 13
-48.554565 -740.163879 39.219715 13
-57.112679 -740.158020 42.736271 13
-47.422409 -736.766663 39.842163 13
-50.312550 -736.792542 42.767597 13
-53.706146 -736.310364 50.115223 13
-46.635807 -738.682251 21.044134 13
-48.886433 -737.634521 35.826233 13
-48.742931 -742.248474 45.738651 13
-44.527328 -737.773804 9.893631 13
-55.571461 -742.412292 39.445286 13
-53.654041 -738.519653 39.462528 13
-45.949566 -737.786377 28.391735 13
-49.123425 -744.454468 30.739006 13
-43.316830 -739.860291 0.836754 13
-53.723457 -742.827576 35.756256 13
-48.489941 -742.155396 38.289341 13
-49.833427 -741.420776 35.403770 13
-55.484203 -737.583130 44.587170 13
-49.578926 -743.469543 45.371517 13
-45.311390 -740.278198 0.634573 13
-52.316986 -736.543640 45.683739 13
-45.016117 -737.853455 31.584623 13
-52.039032 -737.067017 42.994377 13
-57.102352 -737.692444 47.448219 13
-50.488888 -740.285645 30.004084 13
-58.574238 -741.445007 45.066975 13
-44.192127 -739.425293 26.745716 13
-44.108269 -738.638123 8.921359 13
-49.253429 -737.143311 39.859440 13
-57.310123 -737.797485 49.307377 13
-51.871765 -743.048889 46.103745 13
-45.036469 -740.407166 16.656143 13
-45.021358 -740.678955 7.871489 13
-57.265507 -743.004639 42.073433 13
-46.317043 -737.046753 37.573170 13
-44.195435 -739.347290 24.886240 13
-55.902454 -740.081848 40.165756 13
-56.075287 -742.566833 40.344589 13
-53.899223 -741.050537 36.126446 13
-48.858490 -742.764771 26.459175 13
-44.447826 -739.432739 23.779881 13
-56.347584 -737.553040 46.266476 13
-50.806419 -737.263123 40.970493 13
-44.562870 -737.786621 11.012557 13
-46.240578 -742.367615 24.903135 13
-50.189117 -742.762085 39.294090 13
-46.715492 -739.264099 10.980902 13
-46.986801 -740.227417 13.835178 13
-52.964031 -744.490356 35.759205 13
-57.831566 -738.291321 47.164448 13
-49.747173 -740.052490 27.352419 13
-45.315487 -740.813660 13.771193 13
-58.080574 -739.771851 45.136063 13
-49.771378 -743.203125 27.787424 13
-48.264156 -742.778320 25.686386 13
-51.863781 -739.029724 34.649788 13
-52.137203 -740.494812 33.456631 13
-56.835449 -738.768250 44.102795 13
-46.471504 -738.820862 14.052310 13
-53.662601 -737.581787 42.356533 13
-47.703918 -738.158386 28.359980 13
-44.223480 -740.489014 2.083249 13
-51.044056 -744.372925 50.013962 13
-55.960304 -738.476257 43.067928 13
-46.549984 -739.737366 26.133970 13
-52.552406 -740.167053 34.750935 13
-49.080456 -739.566772 24.739201 13
-47.037754 -737.278381 36.241402 13
-44.057304 -738.394836 4.913867 13
-47.731037 -743.977295 29.333288 13
-49.073891 -739.533997 35.740963 13
-54.548584 -735.959045 49.980206 13
-53.561424 -743.672058 36.101120 13
-48.631180 -737.974670 31.770592 13
-47.331825 -739.449951 15.197246 13
-44.732552 -737.832764 6.265010 13
-43.635529 -738.993042 3.635134 13
-47.396378 -742.632141 24.465067 13
-45.094700 -737.422974 34.144653 13
-46.194248 -738.837097 12.390357 13
-47.684177 -741.776550 29.600378 13
-54.126514 -742.158386 36.270210 13
-51.569878 -743.968323 47.566975 13
-53.018246 -739.529358 36.438259 13
-45.414402 -738.337952 9.158837 13
-46.871525 -737.528259 31.644470 13
-45.530476 -741.205811 20.826767 13
-50.618610 -742.376404 40.594509 13
-50.704437 -744.079285 31.623995 13
-45.901749 -738.183105 23.934237 13
-52.389290 -742.144348 32.831715 13
-45.147224 -738.154236 8.113207 13
-46.206604 -740.190369 12.574350 13
-49.558506 -740.767029 42.845985 13
-50.764553 -742.968872 29.972490 13
-47.168186 -741.409058 25.191219 13
-45.595623 -737.879517 29.801840 13
-46.016205 -742.139709 26.508026 13
-48.763115 -741.280334 29.388865 13
-47.896801 -741.393555 22.837751 13
-44.852203 -740.211182 19.608004 13
-48.309464 -744.350525 30.361929 13
-51.769306 -741.818970 47.294155 13
-57.907768 -743.241821 42.675694 13
-51.651596 -744.109253 48.456497 13
-51.540676 -741.776978 31.182146 13
-48.187263 -740.152954 20.873447 13
-44.978001 -740.518677 15.744130 13
-58.857548 -739.251221 49.947636 13
-48.673355 -740.593689 23.325239 13
-57.839104 -741.399292 43.679169 13
-45.287556 -740.558411 21.373894 13
-53.724209 -738.072205 40.711868 13
-54.804401 -739.845520 38.750874 13
-58.539448 -738.478149 47.982994 13
-45.149334 -740.591125 18.005516 13
-54.305882 -743.620605 37.402039 13
-58.115505 -742.423950 43.458729 13
-53.258331 -736.278137 48.295265 13
-53.818398 -739.159668 38.414574 13
-45.664467 -741.459229 22.613007 13
-48.421104 -740.052490 36.924488 13
-48.876022 -742.660950 42.781593 13
-56.119560 -736.656128 48.644566 13
-47.780567 -739.283569 19.582932 13
-57.775841 -739.999939 44.177624 13
-47.582249 -739.062256 20.412039 13
-46.170132 -740.264893 9.807417 13
-52.675213 -737.724609 40.857319 13
-45.639294 -740.916626 12.660031 13
-47.773109 -737.163574 38.167366 13
-51.793743 -738.566162 36.421371 13
-45.369179 -740.919861 19.802490 13
-43.510517 -739.298950 1.884077 13
-49.685963 -744.967224 32.616276 13
-46.988842 -737.664001 29.895288 13
-48.302917 -741.210266 40.596497 13
-57.249184 -737.421814 48.502678 13
-45.863201 -739.543884 2.862089 13
-51.217449 -743.609131 45.885033 13
-46.923805 -741.038574 26.655813 13
-49.681980 -743.615906 46.489040 13
-45.911858 -738.430847 15.626371 13
-52.461952 -736.749573 44.783688 13
-58.289097 -738.142822 48.767815 13
-52.133587 -737.752197 39.983650 13
-44.041752 -739.334045 10.296437 13
-44.403969 -738.499207 11.719501 13
-46.315235 -740.673828 23.491491 13
-48.137142 -738.786255 25.664701 13
-55.778870 -736.732666 47.664536 13
-48.631607 -741.767761 31.031046 13
-50.031479 -745.075867 34.206036 13
-48.054935 -741.542847 38.747562 13
-48.722931 -740.753601 24.214808 13
-50.286976 -742.885864 28.825939 13
-52.779137 -744.486816 50.710300 13
-55.341938 -736.963440 46.081039 13
-47.209320 -737.383972 35.409252 13
-47.539902 -741.272034 33.122166 13
-49.343445 -743.149719 44.227695 13
-48.759281 -742.405334 41.696407 13
-48.271255 -739.496582 32.073364 13
-55.800358 -740.854248 39.649426 13
-47.271255 -738.564697 24.440184 13
-48.290073 -740.246704 21.717220 13
-52.439503 -743.235229 50.015156 13
-48.535446 -742.124451 44.235580 13
-52.470188 -742.728027 47.778042 13
-50.186859 -737.028870 41.617100 13
-44.309196 -738.338623 8.149121 13
-46.569595 -739.114075 10.001011 13
-50.140587 -743.079041 42.184597 13
-48.225338 -739.978943 35.053131 13
-44.955219 -740.663208 2.465156 13
-52.186787 -735.519897 49.170506 13
-54.476589 -736.313843 48.406757 13
-46.051102 -742.051697 21.942879 13
-44.560432 -740.915955 14.433701 13
-56.179287 -736.276184 49.427437 13
-53.360775 -745.000854 37.474949 13
-46.207951 -738.571655 23.135460 13
-45.314911 -738.214233 25.930529 13
-49.168350 -736.231689 44.043068 13
-53.214741 -741.710999 34.432415 13
-45.668007 -739.859314 1.300673 13
-45.291313 -738.834045 19.935432 13
-48.543606 -739.207581 24.107111 13
-54.993095 -736.324341 49.156811 13
-54.134338 -736.476562 46.910797 13
-50.762276 -738.690857 33.890732 13
-47.227024 -740.497620 32.914623 13
-46.385910 -740.153564 24.398125 13
-49.373344 -742.676147 39.469467 13
-54.732422 -741.473877 37.571503 13
-58.883919 -740.613220 46.475967 13
-45.838852 -740.565491 11.034509 13
-47.233162 -741.371277 21.337521 13
-46.162846 -738.719666 20.010939 13
-56.168747 -737.937317 44.911308 13
-48.926292 -736.381409 43.234264 13
-50.157566 -737.967834 36.461304 13
-50.949245 -742.709656 42.263851 13
-50.858387 -741.633911 29.930450 13
-48.314068 -741.903381 40.036980 13
-49.842846 -741.706787 27.651781 13
-44.787182 -739.996155 18.555014 13
-52.850403 -738.185913 39.306248 13
-50.520893 -738.282410 35.435917 13
-47.615353 -741.463562 30.356945 13
-44.353615 -739.520874 14.305067 13
-50.480659 -737.532166 39.267838 13
-49.975037 -743.565979 48.524120 13
-46.212032 -738.459412 16.744305 13
-49.143082 -737.424194 37.621037 13
-45.832092 -740.151855 8.790236 13
-45.075127 -738.462341 15.514373 13
-53.827583 -736.684692 45.780891 13
-44.230309 -740.338013 3.834622 13
-46.558220 -736.844971 38.377251 13
-51.619038 -738.024048 38.405697 13
-45.912506 -737.687744 30.915657 13
-47.314384 -741.121765 31.476120 13
-47.527523 -737.642944 30.829573 13
-48.035965 -740.730835 37.750126 13
-45.690720 -738.368103 1.543110 13
-46.095589 -738.702759 18.494125 13
-48.470333 -738.291016 29.610388 13
-52.382038 -744.161682 51.480137 13
-57.454353 -738.818787 45.273491 13
-45.609417 -738.760315 5.595644 13
-49.741032 -738.896973 30.492760 13
-48.141514 -738.646423 26.695055 13
-51.649113 -742.351196 44.050343 13
-44.397007 -739.637695 15.986768 13
-53.764294 -739.869629 37.158413 13
-51.493389 -736.773132 44.152424 13
-46.445293 -739.232117 21.731821 13
-44.402390 -740.772766 10.657727 13
-47.914082 -739.090820 21.992983 13
-46.470551 -740.426636 15.580138 13
-46.753677 -740.711365 17.871632 13
-47.572037 -740.149414 17.050499 13
-49.407116 -739.322693 27.329453 13
-45.798618 -738.413696 21.516254 13
-51.191784 -742.702026 43.230026 13
-50.811501 -736.396057 45.072926 13
-44.247559 -738.761963 28.246893 13
-46.795967 -738.237671 25.906359 13
-56.411144 -737.283325 47.276939 13
-43.619759 -739.580261 4.635266 13
-45.239597 -738.199463 11.117761 13
-47.013962 -740.009216 14.733809 13
-50.988503 -736.040588 46.625286 13
-43.883953 -740.320923 6.585428 13
-50.280910 -741.797729 28.667774 13
-54.482552 -742.254211 37.032932 13
-50.539143 -743.360046 43.742535 13
-45.145515 -740.679077 8.654922 13
-45.826233 -740.383911 5.854460 13
-44.184155 -737.865845 1.299574 13
-51.763618 -742.967957 32.233582 13
-48.139324 -743.605835 27.607571 13
-45.460430 -738.084167 26.734581 13
-45.052643 -739.079529 17.342724 13
-49.342903 -742.458435 37.868332 13
-49.188904 -739.507019 37.522202 13
-45.578575 -740.069397 3.701946 13
-44.481926 -740.504944 12.227697 13
-46.910919 -737.812561 28.732092 13
-51.683640 -737.237000 41.547710 13
-58.767300 -742.921631 43.993809 13
-48.727325 -738.192566 30.760237 13
-53.857300 -743.893494 36.832024 13
-45.579472 -738.368652 12.306667 13
-59.326305 -739.075012 49.350708 13
-44.100777 -739.850159 10.978275 13
-47.541786 -739.169495 18.743660 13
-45.213326 -737.553223 33.383720 13
-50.824947 -743.846069 46.581955 13
-44.537777 -739.244568 21.837475 13
-46.825359 -742.329895 23.022966 13
-49.634903 -738.534424 31.915226 13
-46.953510 -740.268494 29.503208 13
-47.765736 -741.030579 20.302658 13
-47.085838 -740.142517 16.394573 13
-50.732185 -738.985168 32.760880 13
-45.501957 -738.507202 7.106773 13
-48.779987 -737.555054 36.603374 13
-50.080055 -742.158386 38.300423 13
-46.019756 -740.776245 16.841965 13
-43.507618 -738.769897 6.784430 13
-55.153114 -737.165100 45.131378 13
-51.970196 -741.086426 32.593735 13
-50.388931 -744.793701 33.105698 13
-45.528572 -738.769226 3.588228 13
-56.429413 -740.080383 41.257172 13
-43.584026 -739.268311 7.515400 13
-46.538822 -740.559082 25.038517 13
-46.480614 -738.713989 19.156204 13
-44.669155 -739.816040 20.405800 13
-51.336998 -736.960754 42.567867 13
-45.843498 -740.469971 14.230982 13
-52.801014 -738.637085 37.560612 13
-51.711411 -739.862061 33.351585 13
-43.464535 -738.378357 0.730442 13
-48.559692 -742.039673 43.104362 13
-45.114670 -740.550049 4.549536 13
-47.760765 -740.563660 19.095526 13
-51.481052 -745.166687 35.991375 13
-50.010292 -740.398315 28.489769 13
-47.067284 -738.717529 21.959480 13
-50.989323 -744.273560 48.816216 13
-48.849304 -743.774170 27.974737 13
-44.066982 -740.388184 9.341180 13
-47.977226 -741.707520 31.984221 13
-48.891464 -739.681152 23.168077 13
-44.163315 -737.486633 32.802368 13
-46.246899 -737.577454 30.115032 13
-51.963818 -736.059875 47.647972 13
-57.360992 -738.402344 45.902855 13
-44.372906 -740.326050 5.225236 13
-47.522156 -738.576416 25.188925 13
-43.804253 -738.816284 12.087691 13
-47.542065 -741.137207 34.164986 13
-47.764404 -741.345886 36.674046 13
-49.351402 -744.100647 29.250862 13
-43.329212 -739.082336 1.070155 13
-45.858555 -739.505249 -0.140502 13
-51.913750 -743.719849 33.099720 13
-45.118664 -738.230408 2.030455 13
-51.540924 -736.460022 45.686039 13
-50.054207 -743.980835 47.882175 13
-45.607166 -737.203979 35.615326 13
-47.739948 -740.063660 33.417988 13
-47.031857 -740.074402 30.915264 13
-50.792248 -740.274231 30.743702 13
-58.463589 -738.735352 49.501099 13
-52.373238 -738.986816 35.934116 13
-43.750359 -738.539368 2.282477 13
-46.946434 -739.277039 12.289235 13
-45.422287 -740.659790 22.119333 13
-46.678612 -743.147705 27.458153 13
-49.017132 -741.230652 25.487118 13
-48.055820 -742.038269 23.852957 13
-48.946442 -742.530212 46.556091 13
-49.430599 -735.762512 45.303764 13
-48.542168 -742.178223 25.140699 13
-50.145905 -744.678955 31.665352 13
-51.313911 -740.363647 32.012844 13
-44.526581 -738.485535 13.308033 13
-44.368393 -738.450012 9.637542 13
-46.890579 -740.788574 27.572676 13
-48.391731 -741.321960 42.895931 13
-46.474575 -741.489868 20.380793 13
-47.351353 -743.678162 28.378023 13
-47.655823 -737.516113 33.498344 13
-45.086472 -740.657043 7.121342 13
-50.938156 -742.159729 41.439877 13
-50.241245 -741.471436 37.948158 13
-46.701122 -739.960266 28.297493 13
-53.160179 -740.007874 35.842663 13
-52.531727 -736.095581 48.340557 13
-48.961830 -737.221924 38.995083 13
-48.858932 -742.128174 35.078056 13
-59.021702 -741.988586 46.216175 13
-51.454693 -738.942078 34.025684 13
-49.097893 -738.901428 28.681347 13
-45.533344 -740.451843 10.164995 13
-45.626404 -741.279724 18.950617 13
-44.428219 -738.188416 30.435286 13
-45.530651 -738.418701 14.122843 13
-46.308292 -737.448792 32.394260 13
-48.767902 -742.240784 36.280209 13
-52.603687 -736.549988 46.920811 13
-49.645653 -741.193787 43.514027 13
-58.022823 -738.814270 46.675350 13
-51.844231 -744.405884 50.097031 13
-54.943424 -739.484802 39.444759 13
-44.550793 -738.985840 25.841394 13
-46.420105 -738.387939 24.440454 13
-54.972309 -738.939087 40.685078 13
-52.557716 -743.039368 33.531384 13
-48.856037 -742.536011 38.943855 13
-45.114151 -740.969910 11.370381 13
-46.875221 -742.762695 24.970827 13
-53.299404 -741.163452 34.937580 13
-49.530296 -743.003235 42.805515 13
-49.387825 -739.751221 25.764196 13
-46.078705 -739.694397 22.964567 13
-44.238159 -740.601624 8.003304 13
-47.744522 -737.523376 32.347401 13
-44.352825 -739.694702 13.472831 13
-47.712574 -736.174561 42.576744 13
-49.887386 -738.313110 33.859459 13
-44.565533 -739.094177 15.243507 13
-49.941700 -742.848877 40.908661 13
-52.952866 -737.374512 42.402397 13
-52.740055 -735.776672 49.730659 13
-43.940163 -739.703369 16.595392 13
-48.607563 -744.704163 31.879728 13
-53.494305 -735.968262 49.525028 13
-52.677017 -744.875732 36.409184 13
-50.943806 -737.865540 37.847252 13
-59.206074 -740.492432 47.986557 13
-50.737167 -745.320190 34.148956 13
-50.202457 -735.949402 45.564575 13
-47.881054 -740.963013 21.955149 13
-45.606174 -737.663269 32.361057 13
-47.268559 -739.077942 17.797745 13
-43.724541 -740.291809 4.479839 13
-54.594200 -745.422424 38.718925 13
-48.396343 -741.981506 33.892189 13
-45.741505 -739.721863 4.298350 13
-48.620102 -739.984619 38.531464 13
-56.171501 -739.233582 41.791824 13
-44.469681 -740.554382 13.069140 13
-50.299690 -743.583313 45.245552 13
-49.371155 -743.023926 26.976053 13
-44.710678 -739.042908 24.484903 13
-44.734089 -740.128906 21.057571 13
-56.400150 -737.857788 45.609707 13
-44.452904 -739.884277 25.518599 13
-56.560886 -738.767456 43.432800 13
-48.412613 -741.710938 41.631100 13
-48.608856 -737.701599 33.599224 13
-51.365578 -737.761719 39.068882 13
-56.689610 -737.069275 48.777580 13
-43.741947 -740.172546 7.316716 13
-46.780613 -737.246887 36.923084 13
-49.804630 -740.639954 27.755053 13
-51.878315 -742.171143 44.782436 13
-55.399250 -742.061768 38.828793 13
-43.937408 -738.490356 4.192096 13
-44.358250 -738.779602 27.162212 13
-48.587040 -740.037415 22.359043 13
-44.986206 -738.186218 14.703265 13
-52.829067 -741.472046 33.872162 13
-48.787781 -743.942078 28.818384 13
-49.982914 -736.328064 44.187420 13
-48.026745 -739.475464 18.213699 13
-51.410130 -735.342163 47.866135 13
-43.914349 -738.361389 29.342934 13
-52.269711 -742.324097 47.183289 13
-44.657921 -737.184021 34.687977 13
-48.568501 -741.383606 44.301029 13
-44.568047 -740.149353 23.609907 13
-58.736435 -739.685059 47.156250 13
-46.359627 -737.881653 27.437632 13
-45.791473 -739.891724 5.336569 13
-51.355885 -742.950134 30.931288 13
-53.297985 -736.466858 47.281544 13
-54.883076 -743.102539 38.134281 13
-49.376156 -737.390625 38.385883 13
-59.168770 -741.001892 47.109669 13
-46.148048 -738.160278 25.464781 13
-53.001915 -736.649780 45.920963 13
-44.653481 -740.572571 6.570847 13
-43.698704 -739.465820 5.943562 13
-52.016514 -742.412903 45.823833 13
-47.680759 -739.824768 31.798325 13
-53.050030 -743.180847 34.584606 13
-44.729145 -741.082764 13.497699 13
-47.337162 -738.154419 27.370382 13
-44.961323 -740.538879 -0.108239 13
-43.844734 -740.227234 8.646278 13
-47.474720 -741.619568 27.981588 13
-49.093540 -742.156677 34.089886 13
-46.303463 -739.076355 11.543674 13
-56.220997 -741.342529 40.513943 13
-47.358589 -739.263123 17.057447 13
-50.467297 -736.697205 43.439564 13
-46.265789 -738.500854 17.630354 13
-54.007092 -737.244995 43.697598 13
-53.764603 -736.947083 44.814682 13
-48.161457 -737.849609 31.061949 13
-50.373119 -742.099915 39.179176 13
-55.090046 -736.755798 46.695202 13
-49.233967 -741.942200 26.390255 13
-59.289345 -739.512512 48.818256 13
-47.523983 -740.222473 18.486691 13
-44.671364 -739.685791 22.404589 13
-47.671120 -741.633789 26.681915 13
-49.898140 -738.840210 31.272242 13
-49.873444 -738.522766 32.618008 13
-51.199833 -737.424011 40.440445 13
-50.827423 -735.346802 47.060852 13
-45.859993 -741.711487 21.239506 13
-58.421787 -740.769897 45.268848 13
-45.978424 -740.122131 11.606981 13
-58.710060 -739.138916 47.942715 13
-44.170475 -738.179749 5.646565 13
-48.490887 -739.548950 32.721611 13
-45.783257 -740.671570 15.337209 13
-46.533321 -740.711792 16.257483 13
-48.394039 -741.103271 42.235065 13
-48.873215 -736.638000 42.020599 13
-50.191879 -737.553589 38.568222 13
-44.917099 -738.926819 23.427893 13
-50.104549 -740.443848 43.199921 13
-52.471031 -740.419556 34.120068 13
-47.394070 -741.933350 22.596292 13
-44.726608 -740.659424 0.879021 13
-47.494801 -737.270752 36.763142 13
-48.753868 -741.876953 32.642498 13
-44.881023 -738.093079 4.645216 13
-47.224480 -740.842102 19.464729 13
-49.554550 -743.642761 47.202816 13
-51.368877 -741.548157 45.991081 13
-46.102428 -740.874268 17.601110 13
-50.855568 -743.966553 47.319489 13
-50.068031 -737.133911 40.937675 13
-54.557632 -739.044250 39.898537 13
-47.824478 -740.506042 36.164421 13
-48.330574 -738.490601 28.141336 13
-58.168114 -741.320618 44.386120 13
-43.146687 -739.722900 0.171989 13
-55.320072 -740.673035 38.831886 13
-44.574688 -737.893372 3.496557 13
-54.292782 -737.795959 42.419594 13
-47.846485 -742.955505 25.038666 13
-52.634048 -737.495422 41.556591 13
-55.780315 -736.834229 49.684147 13
-50.889618 -739.400574 31.543591 13
-45.660278 -738.523438 22.366346 13
-49.298737 -740.527649 25.949911 13
-43.855068 -738.798889 11.410124 13
-47.293041 -741.219299 28.754171 13
-58.234673 -739.615967 45.799217 13
-49.288116 -739.375061 26.341619 13
-43.706398 -739.072388 5.136020 13
-45.485954 -737.036011 36.589108 13
-46.911957 -736.695618 39.398331 13
-49.243454 -744.870789 33.118385 13
-50.410843 -743.866882 30.590921 13
-50.386997 -740.765381 44.543205 13
-48.244823 -740.411377 39.776070 13
-44.770847 -739.624695 19.136831 13
-51.077057 -738.301025 36.859650 13
-45.506886 -741.175903 17.986748 13
-54.662807 -740.382324 37.817650 13
-49.485428 -736.608459 42.893539 13
-45.180878 -740.657898 13.083210 13
-47.604141 -740.432495 34.317188 13
-44.241863 -739.349487 12.332164 13
-44.913258 -740.376221 17.385529 13
-48.150562 -735.970581 43.031357 13
-45.095917 -739.048157 19.318939 13
-52.173203 -738.502014 37.314266 13
-47.086975 -739.182251 15.816029 13
-43.926670 -739.344910 8.436415 13
-45.682495 -740.107178 6.492066 13
-48.613640 -738.981384 26.171381 13
-45.531979 -741.118713 24.143259 13
-49.508465 -737.920959 35.073860 13
-48.547302 -742.343689 45.087605 13
-43.729908 -740.285583 3.317786 13
-49.022606 -740.270630 24.582413 13
-52.253677 -739.534668 34.867916 13
-46.359249 -739.060364 8.564057 13
-43.899574 -740.096436 1.281631 13
-45.864563 -737.411011 34.944080 13
-55.648357 -738.955139 41.468506 13
-45.302113 -740.703918 3.060939 13
-46.837254 -742.953857 25.940454 13
-57.319431 -744.206482 41.670055 13
-54.435020 -738.379028 41.014351 13
-50.990677 -741.475586 40.212162 13
-47.244675 -740.604675 32.237503 13
-47.447819 -743.368103 26.935205 13
-58.746773 -742.082153 44.954113 13
-49.437096 -737.771118 36.207066 13
-44.415623 -738.150208 10.459558 13
-50.607483 -739.670654 30.517920 13
-43.950584 -739.345276 9.632253 13
-46.863724 -738.643616 23.017736 13
-47.275581 -742.552917 23.812086 13
-56.608433 -740.952698 41.367386 13
-50.016422 -741.598145 37.008827 13
-50.662502 -741.396301 39.283173 13
-57.768597 -737.719238 48.823128 13
-46.876404 -736.277222 40.731983 13
-50.787258 -743.380859 44.410244 13
-45.221386 -738.794678 21.203897 13
-45.612106 -737.817261 28.961515 13
-52.497864 -738.309937 38.706280 13
-46.135201 -739.616089 2.267838 13
-44.216141 -740.192749 11.659526 13
-48.623981 -738.800415 27.411978 13
-57.727234 -741.919556 43.269299 13
-49.961452 -741.042542 35.929249 13
-59.788567 -740.079651 49.043846 13
-49.874756 -735.660278 46.233414 13
-48.348854 -741.760742 24.397589 13
-46.058571 -742.084961 23.848284 13
-56.570526 -738.347046 44.586857 13
-53.907837 -744.840332 38.070717 13
-43.849171 -740.258057 5.931372 13
-52.963680 -737.056396 43.689045 13
-46.115612 -737.959534 26.795496 13
-51.105892 -738.590088 35.360153 13
-48.861935 -737.892029 33.017769 13
-48.394360 -739.247498 23.271433 13
-48.897469 -739.939575 40.492867 13
-47.768700 -736.533691 41.388443 13
-46.689217 -739.975037 13.238905 13
-46.967918 -740.443237 28.868008 13
-57.919548 -740.822144 44.014435 13
-44.911999 -738.991577 16.206873 13
-50.371891 -742.475647 39.927670 13
-42.981556 -738.601624 1.383362 13
-47.097111 -740.717773 30.025864 13
-57.150642 -740.807739 42.599464 13
-50.081528 -741.022095 36.672150 13
-44.573063 -738.413391 28.952635 13
-54.685101 -742.128906 37.676823 13
-47.918934 -741.758911 36.129726 13
-46.513268 -737.375549 34.781189 13
-46.376488 -742.746948 26.488323 13
-45.839432 -740.446594 4.977099 13
-45.662876 -738.705383 17.178577 13
-48.413471 -737.814575 32.355358 13
-51.252235 -742.315979 42.675205 13
-46.798008 -739.264587 13.690608 13
-47.307861 -741.084412 20.763597 13
-54.846458 -736.870178 45.663979 13
-51.462296 -744.466980 33.431545 13
-52.023144 -742.387695 32.072742 13
-52.799343 -742.132507 48.365139 13
-43.775494 -740.388916 2.667016 13
-48.738773 -739.636902 34.091072 13
-44.400314 -740.193359 14.407916 13
-46.548763 -741.482483 25.000553 13
-44.383263 -740.234314 15.708308 13
-49.034267 -744.317322 30.106207 13
-48.592831 -739.189697 24.955681 13
-45.979843 -742.094299 25.867315 13
-51.389236 -743.057251 44.638184 13
-47.251930 -743.615295 29.573717 13
-45.353241 -738.682861 18.508562 13
-53.868744 -736.356628 48.626274 13
-45.090046 -738.556885 24.663956 13
-45.481594 -740.781494 22.757151 13
-48.329788 -742.007996 37.332226 13
-50.553783 -741.613892 29.357319 13
-45.046051 -737.951782 9.552682 13
-46.833214 -741.810730 21.685108 13
-50.798038 -740.924683 45.037243 13
-47.409676 -743.152222 26.171690 13
-54.307018 -744.344299 38.103664 13
-45.163242 -740.968018 12.225507 13
-48.926334 -738.637817 29.305882 13
-44.354290 -739.230347 12.997677 13
-55.671844 -736.478943 49.072151 13
-44.564552 -738.635193 14.048712 13
-46.171249 -739.635010 9.958428 13
-57.096497 -741.405884 42.321449 13
-55.334545 -743.520325 39.157524 13
-47.995857 -741.218811 38.193855 13
-47.615158 -737.793701 29.904316 13
-52.718796 -742.007507 33.397053 13
-49.832779 -742.964417 41.648449 13
-52.820488 -744.096558 35.257057 13
-49.497978 -740.572266 26.742304 13
-55.514099 -737.858032 44.002289 13
-46.157467 -740.464661 10.456410 13
-47.074322 -737.056274 38.053085 13
-55.435364 -738.386230 42.707096 13
-53.203423 -738.846985 38.016663 13
-47.879818 -740.359497 35.527473 13
-54.162327 -740.705383 36.608887 13
-49.883121 -737.304565 39.662178 13
-58.095238 -738.185547 49.436817 13
-48.923405 -742.887329 45.543221 13
-48.017628 -736.573425 41.988159 13
-47.097065 -738.875854 19.106792 13
-45.638344 -738.822144 2.312159 13
-53.020844 -739.185669 37.016270 13
-48.774864 -736.920105 40.989925 13
-45.393730 -738.070862 28.043581 13
-51.280613 -742.199036 45.354389 13
-51.575275 -745.033691 35.132969 13
-50.687874 -740.918152 29.955215 13
-46.413528 -740.186707 14.217953 13
-46.770802 -739.903137 12.608844 13
-54.750748 -737.540100 43.474434 13
-45.942394 -739.577271 6.839594 13
-44.892017 -737.032959 35.407658 13
-55.160847 -741.304321 38.447990 13
-57.134163 -738.756531 44.669434 13
-47.323467 -738.657532 23.530336 13
-44.193558 -738.695496 10.205109 13
-55.204781 -744.527344 39.566456 13
-45.069984 -738.159912 6.767320 13
-55.191757 -738.472107 41.965740 13
-46.699169 -740.461182 26.455341 13
-48.759800 -739.755249 36.253799 13
-48.124813 -741.495789 29.229542 13
-44.959263 -739.129089 20.425261 13
-52.308758 -743.648010 33.639034 13
-45.813919 -738.553528 10.944038 13
-50.153587 -743.717773 30.025719 13
-51.170715 -743.680847 31.365107 13
-49.699028 -739.064453 29.768377 13
-52.894772 -744.573120 51.343845 13
-53.717537 -738.393494 40.082302 13
-48.180016 -740.815613 39.159595 13
-46.582169 -737.400085 32.964512 13
-44.293644 -738.130188 6.717340 13
-48.340233 -740.420837 41.150593 13
-46.160679 -738.681152 14.586329 13
-45.246040 -740.863831 16.188255 13
-56.386021 -742.086182 40.632771 13
-56.049156 -740.785889 40.215961 13
-43.664665 -740.369019 0.775273 13
-45.696617 -741.353333 24.834869 13
-45.794514 -740.095764 7.792971 13
-51.904221 -743.537048 47.267368 13
-49.418217 -737.996094 34.233120 13
-50.030807 -743.221436 28.378387 13
-54.341736 -739.439575 38.607758 13
-43.590290 -739.315369 3.098966 13
-45.063797 -739.066101 18.019825 13
-45.022369 -740.684326 5.832204 13
-46.260044 -737.462891 33.572189 13
-53.051334 -736.899170 44.618370 13
-44.513451 -737.935181 12.676704 13
-56.047573 -744.792419 40.305767 13
-46.389107 -738.868225 13.349854 13
-46.932369 -738.931091 16.667360 13
-44.485432 -737.842346 2.806040 13
-48.062164 -739.859863 19.591581 13
-50.813351 -744.345398 49.408119 13
-50.970345 -744.239319 32.292873 13
-47.319641 -739.339966 28.505852 13
-56.959930 -739.598999 42.973686 13
-56.718498 -737.622437 46.836639 13
-49.767223 -742.447021 27.624290 13
-50.826385 -741.523254 45.322884 13
-49.562126 -738.230774 33.132298 13
-48.840393 -742.644348 44.316769 13
-45.096996 -738.240540 27.228207 13
-44.371231 -740.733032 0.057155 13
-43.991543 -738.726379 13.129428 13
-59.870598 -739.466187 49.635128 13
-46.257809 -738.973145 7.958820 13
-47.847435 -741.531799 35.479481 13
-43.881935 -739.215210 10.949851 13
-50.489216 -735.838989 46.208164 13
-56.887424 -743.019714 41.586807 13
-50.302700 -744.144043 48.447811 13
-56.835388 -740.322937 41.703869 13
-53.814301 -738.881775 38.980202 13
-51.775425 -736.850037 43.548256 13
-47.936253 -738.990540 22.920700 13
-44.960052 -738.141479 3.996094 13
-52.051678 -744.668457 34.906433 13
-48.171257 -736.765991 40.906757 13
-56.865036 -744.273560 41.224957 13
-47.829922 -736.769226 40.326328 13
-55.147251 -736.732178 49.891308 13
-47.285259 -739.774780 15.871192 13
-48.366348 -737.558533 34.651451 13
-52.521507 -740.955627 33.764740 13
-53.404854 -742.985291 35.154388 13
-49.399403 -736.118286 44.620255 13
-50.410412 -742.938293 40.459106 13
-43.400982 -739.304688 4.110939 13
-44.719086 -739.971497 16.951019 13
-46.361423 -739.804016 11.145746 13
-49.063896 -737.024536 40.444035 13
-49.952259 -737.738953 37.354832 13
-44.027782 -737.807800 31.125412 13
-49.466621 -743.222534 44.819370 13
-46.630295 -737.434753 34.147190 13
-49.425804 -741.714172 26.957340 13
-55.498829 -739.255432 40.687500 13
-47.881294 -737.142883 38.793987 13
-53.908649 -735.745728 50.060593 13
-51.558628 -743.264954 45.497719 13
-55.780308 -743.788330 40.143261 13
-44.931442 -740.259277 22.286503 13
-54.692402 -744.258789 38.625763 13
-54.587158 -736.382446 47.802654 13
-51.406757 -739.731262 32.772629 13
-47.740303 -737.469177 34.623230 13
-49.729694 -742.527222 37.206799 13
-54.122627 -737.133362 44.340855 13
-48.681057 -742.546326 36.809162 13
-46.883846 -740.197205 27.742924 13
-47.600677 -738.385010 26.837154 13
-48.177818 -741.663269 39.446712 13
-50.452503 -736.977905 42.187840 13
-54.918858 -742.522522 38.355061 13
-52.144905 -742.669373 46.498970 13
-48.677731 -737.623657 35.257797 13
-56.906761 -737.996460 45.968063 13
-51.703835 -736.138245 47.079994 13
-45.801136 -741.296692 19.569723 13
-46.633465 -741.476501 19.681522 13
-54.892929 -743.584961 38.737354 13
-52.011761 -744.415649 34.271988 13
-45.050594 -738.871704 22.721272 13
-52.544456 -743.186646 48.468266 13
-51.681381 -743.576538 32.487434 13
-48.276028 -740.924622 23.021700 13
-46.288631 -742.091309 22.548323 13
-48.330654 -743.446533 27.036278 13
-54.786331 -744.661072 39.113491 13
-54.759251 -737.203125 44.682125 13
-50.125141 -739.460693 29.408020 13
-53.655422 -741.096375 35.520325 13
-46.412971 -737.591797 31.222994 13
-55.887112 -742.860229 39.826271 13
-51.406796 -736.307190 46.256756 13
-55.405880 -743.947327 39.674927 13
-47.912315 -744.160034 29.914764 13
-51.654800 -740.891174 32.118076 13
-45.088963 -737.646301 1.857441 13
-45.184135 -738.213989 5.817394 13
-57.693764 -737.310913 49.264641 13
-47.873711 -741.080444 37.260025 13
-48.253464 -737.487000 35.742249 13
-53.179874 -735.960571 50.084766 13
-52.191441 -739.096985 35.345337 13
-54.732704 -737.803650 42.927105 13
-52.851597 -743.125305 49.133186 13
-59.279621 -741.234680 46.429813 13
-46.116611 -740.731018 22.921976 13
-56.126122 -739.949219 40.751740 13
-52.868843 -740.078308 35.309032 13
-44.620880 -739.673767 23.186481 13
-45.279812 -738.388794 13.487085 13
-44.749855 -740.766052 9.140614 13
-53.379868 -745.589844 37.460083 13
-43.524261 -739.644897 1.380749 13
-45.395657 -738.254822 25.316629 13
-44.034554 -739.958130 9.774408 13
-43.623363 -738.994812 8.880190 13
-52.991650 -740.653137 34.873363 13
-48.934933 -742.753601 38.189739 13
-46.960926 -738.786865 20.539551 13
-57.590870 -738.411011 46.509735 13
-55.517014 -744.972778 39.826900 13
-47.871220 -740.437561 20.417515 13
-56.849213 -741.439758 41.667320 13
-54.561306 -741.021362 37.219616 13
-44.774963 -738.048950 30.998295 13
-46.468460 -738.721985 15.530696 13
-47.132935 -740.557129 31.267138 13
-47.637394 -736.953369 39.315567 13
-48.034088 -741.746399 34.376732 13
-46.094265 -737.274414 35.958317 13
-44.650074 -737.942810 7.846941 13
-47.867222 -737.271729 37.579079 13
-48.926678 -740.829651 24.878368 13
-56.089638 -744.086548 40.541325 13
-48.796352 -739.560425 22.069540 13
-44.671665 -741.125305 11.866075 13
-44.664944 -737.816956 32.060734 13
-44.575146 -739.366455 18.198717 13
-52.579865 -737.113464 43.244762 13
-43.872612 -738.691772 5.582067 13
-52.908058 -745.044922 36.933704 13
-48.159706 -741.628601 30.690876 13
-49.419426 -741.891724 35.221333 13
-50.208805 -740.929016 28.771170 13
-52.135944 -743.786621 48.640301 13
-48.058495 -738.182251 29.164703 13
-50.037483 -739.513184 28.795845 13
-43.351944 -739.283142 2.481258 13
-49.283485 -736.811340 41.599979 13
-45.639927 -739.851135 0.309149 13
-46.377731 -739.565674 24.293987 13
-51.508743 -743.147522 31.620283 13
-52.467003 -736.522766 46.265553 13
-52.745651 -743.638611 49.624763 13
-56.541534 -743.405640 41.059967 13
-45.119862 -740.769653 9.869391 13
-53.678921 -742.296021 35.403793 13
-49.214676 -743.041931 43.302883 13
-49.302979 -742.726562 40.460823 13
-45.502712 -740.106323 2.786246 13
-57.299438 -740.091980 43.301418 13
-52.848808 -743.860840 51.276447 13
-46.024364 -740.216980 23.234655 13
-48.678230 -739.751770 35.340275 13
-50.961315 -744.582031 33.110409 13
-53.847599 -739.623474 37.715508 13
-46.642670 -740.042786 25.626812 13
-46.961735 -741.119873 25.830202 13
-51.245094 -741.240662 31.003424 13
-51.395145 -741.815491 46.762592 13
-48.482399 -742.473877 40.566582 13
-53.394093 -736.296753 48.990791 13
-52.242905 -744.020630 49.440277 13
-45.665443 -737.545471 33.757004 13
-47.441254 -741.264954 30.890501 13
-48.130478 -741.973511 35.036175 13
-57.845924 -739.257324 45.414234 13
-49.753464 -743.648743 45.902332 13
-55.505032 -739.814697 39.850838 13
-48.654675 -737.115601 39.785900 13
-46.040051 -739.398438 5.554782 13
-50.411446 -745.015259 33.711895 13
-51.288548 -735.773438 48.303780 13
-53.868111 -736.619385 46.382988 13
-45.949841 -741.612671 20.626654 13
-48.331272 -740.476318 41.887218 13
-46.705536 -739.078369 22.259857 13
-55.871628 -737.219421 46.207897 13
-48.256104 -744.025391 29.066629 13
-51.974979 -745.491516 35.941509 13
-44.556023 -740.582275 1.619693 13
-49.399765 -739.193909 28.266031 13
-49.759495 -744.661560 32.124252 13
-53.455261 -741.923950 34.940361 13
-52.341614 -743.931335 34.182995 13
-55.525772 -742.970703 39.241062 13
-46.642490 -740.863892 18.429071 13
-51.064762 -740.582336 31.182745 13
-52.841343 -743.713135 34.737633 13
-48.737690 -742.387451 39.516380 13
-45.734638 -738.963074 6.299215 13
-56.199368 -738.670349 42.571800 13
-44.592617 -739.503662 17.296099 13
-48.732128 -735.843323 44.177082 13
-43.744961 -739.014404 6.321142 13
-51.119385 -736.658752 44.577946 13
-49.920811 -742.647217 38.039837 13
-58.808136 -740.096191 46.744118 13
-47.273872 -739.756592 29.620068 13
-46.922039 -737.727844 29.326101 13
-48.250175 -740.943665 43.456787 13
-47.540009 -737.475525 32.916698 13
-44.289520 -738.183167 31.702682 13
-51.436161 -744.687683 33.978386 13
-50.617241 -737.418884 39.880863 13
-50.603355 -742.906738 29.410658 13
-45.014202 -738.060303 29.268408 13
-51.503647 -742.395020 31.040686 13
-53.222370 -737.877380 40.931263 13
-55.932178 -742.240356 39.885578 13
-57.866524 -742.756714 42.990818 13
-56.303509 -742.950562 40.737999 13
-51.650410 -739.359009 33.676327 13
-53.581516 -740.612305 35.885578 13
-44.167076 -739.930359 12.170754 13
-46.064522 -739.672302 7.519990 13
-46.233734 -736.350525 38.675480 13
-51.333218 -738.511230 35.926529 13
-45.912235 -737.056458 37.067947 13
-43.449852 -737.989258 1.374497 13
-45.883347 -736.652283 37.613247 13
-47.487289 -737.454102 34.048508 13
-47.973991 -741.780151 23.335892 13
-50.103703 -741.294556 43.844540 13
-49.229874 -743.338501 27.960506 13
-44.319393 -740.377930 11.079780 13
-53.471344 -744.505676 37.209209 13
-48.098755 -739.260742 21.474348 13
-53.230751 -744.132385 36.171177 13
-53.822620 -737.787415 41.836021 13
-52.211369 -741.611694 32.599518 13
-49.805950 -743.646973 29.301006 13
-55.798206 -738.230103 43.561779 13
-53.921158 -741.727234 35.953846 13
-48.487164 -739.540405 20.743412 13
-48.673645 -738.264099 30.193422 13
-51.999451 -736.782776 44.454319 13
-48.936844 -742.799377 25.902363 13
-45.397934 -737.854675 31.128689 13
-44.230743 -740.418335 0.705326 13
-48.343319 -741.446045 41.132004 13
-46.978142 -739.337830 14.669127 13
-45.524658 -740.520935 7.508973 13
-44.066238 -738.238098 2.681811 13
-47.597160 -741.074707 35.230396 13
-49.622002 -737.126526 40.456154 13
-58.380604 -742.494812 43.975636 13
-57.230122 -739.218811 44.092815 13
-46.576260 -736.235718 39.436600 13
-47.115124 -736.660278 40.318367 13
-44.353848 -737.897949 4.844624 13
-45.907272 -741.887146 24.895145 13
-48.704052 -740.158264 22.912365 13
-45.984871 -740.700745 8.819794 13
-56.826534 -737.528687 49.093842 13
-48.993633 -736.535583 42.613518 13
-44.582020 -739.758606 24.802069 13
-44.922916 -737.865295 10.530105 13
-57.030354 -737.456116 47.971455 13
-46.005787 -742.275330 24.390997 13
-49.191494 -738.250122 31.736652 13
-50.226166 -743.818726 46.511406 13
-49.198738 -744.861572 32.157368 13
-49.891434 -740.117004 28.002832 13
-50.345379 -738.510315 34.221035 13
-55.558826 -741.839050 39.378845 13
-46.865791 -739.793884 14.198313 13
-51.671787 -737.727295 39.562237 13
-52.587536 -745.499329 36.622372 13
-48.928165 -739.727356 39.094563 13
-50.828869 -738.865356 33.327667 13
-45.859779 -740.631836 7.066953 13
-43.901794 -738.280273 30.717333 13
-54.915005 -740.250793 38.368622 13
-51.737968 -738.386597 36.964565 13
-48.069885 -736.947021 39.816940 13
-48.915821 -742.576233 42.216190 13
-45.689854 -741.573853 23.731253 13
-43.171043 -738.864136 1.921959 13
-46.415260 -741.093384 23.867550 13
-58.188446 -738.562439 47.544052 13
-44.691441 -738.407715 28.308762 13
-47.593506 -739.902161 18.010250 13
-45.392265 -740.860046 16.741657 13
-50.440510 -737.754761 38.076797 13
-48.800999 -737.678345 34.137173 13
-45.504990 -738.415588 12.888689 13
-46.418793 -742.766602 27.827585 13
-50.098358 -743.192444 42.876049 13
-45.867104 -740.439941 12.956555 13
-48.253353 -739.820435 33.646473 13
-45.951241 -740.788696 11.663187 13
-48.730606 -742.213806 35.674461 13
-53.715023 -737.349426 43.233906 13
-45.658367 -737.661987 30.332945 13
-44.328602 -739.628296 24.300175 13
-43.836266 -740.317688 5.033881 13
-46.108620 -739.619995 8.792325 13
-50.026150 -740.515076 42.636833 13
-44.415203 -739.450378 26.166052 13
-51.759983 -742.050720 31.627205 13
-44.717636 -740.027710 16.396553 13
-46.853477 -743.428894 28.027718 13
-48.054115 -738.924988 24.172871 13
-47.607925 -737.401306 35.801369 13
-59.231617 -738.779053 49.882515 13
-49.544842 -742.051086 36.269169 13
-58.070305 -740.119690 44.705791 13
-52.228893 -737.485718 41.160904 13
-51.385845 -738.739441 34.879139 13
-47.338203 -736.169189 41.302204 13
-48.124729 -741.853943 33.388874 13
-52.399002 -743.991760 50.942783 13
-52.974827 -743.480408 50.103897 13
-45.044693 -740.642639 14.235657 13
-43.529961 -739.799866 2.175932 13
-47.882256 -744.071411 30.664642 13
-46.204891 -740.251404 9.194678 13
-45.430721 -740.473083 8.214706 13
-57.058636 -742.523315 41.789768 13
-58.689770 -738.402466 49.109913 13
-56.518639 -739.365662 42.296021 13
-59.288788 -740.059814 48.539375 13
-44.620358 -739.604248 21.373377 13
-54.310429 -743.016418 37.144939 13
-44.512638 -737.276123 34.052643 13
-47.200668 -741.152161 27.888882 13
-43.823586 -738.634155 28.687780 13
-49.604000 -739.623230 26.844296 13
-46.930603 -740.017395 15.297293 13
-51.034462 -745.034363 34.517593 13
-48.289604 -740.773254 40.214333 13
-46.338001 -743.016785 27.030636 13
-54.474899 -736.511902 50.010532 13
-50.349396 -740.459045 29.488993 13
-44.780704 -740.656616 3.267176 13
-44.284790 -739.055603 16.344408 13
-51.076370 -739.812561 31.890617 13
-50.039497 -738.111450 35.199020 13
-45.059929 -738.150452 12.393001 13
-52.951077 -744.083618 50.316967 13
-58.867996 -741.657532 45.559280 13
-48.982861 -739.655457 38.015942 13
-56.567566 -736.739380 49.432037 13
-44.390854 -738.924744 26.554525 13
-54.110222 -738.744446 39.713535 13
-48.570133 -742.119385 43.681770 13
-47.769962 -741.588867 32.589245 13
-49.251888 -738.581116 30.451500 13
-46.710129 -738.756348 17.855822 13
-44.884346 -740.897705 15.336967 13
-51.049828 -745.553162 34.859772 13
-50.022346 -742.383972 38.803032 13
-51.396481 -737.289001 41.071777 13
-44.065861 -739.356995 27.324541 13
-49.990566 -743.343567 43.963909 13
-51.864056 -737.089844 42.478027 13
-51.263702 -741.811890 30.711245 13
-49.395718 -735.437866 44.855068 13
-44.519588 -738.307190 12.219666 13
-52.448490 -737.272888 42.629616 13
-45.311794 -738.656494 15.954021 13
-57.234730 -741.936829 42.436443 13
-48.246246 -740.306213 37.423904 13
-48.103878 -741.755310 38.163334 13
-48.779594 -742.424927 41.138149 13
-46.018005 -738.650452 16.262451 13
-56.944012 -740.386475 42.246151 13
-57.358761 -743.588623 41.909630 13
-56.495525 -743.961243 40.935402 13
-44.859116 -740.244263 19.064903 13
-48.804348 -739.763245 37.218224 13
-52.333042 -744.313293 50.393127 13
-43.958954 -738.175415 1.808281 13
-43.700478 -738.681946 3.158284 13
-46.382622 -738.629578 21.594761 13
-43.759304 -738.854797 10.509245 13
-45.179543 -738.084900 30.104591 13
-54.165661 -740.011169 37.505646 13
-44.063187 -738.738586 29.709288 13
-47.962090 -741.669006 37.101570 13
-44.775356 -740.634521 5.012866 13
-44.675571 -740.719971 8.305136 13
-46.494255 -742.348999 23.458090 13
-46.087593 -738.647522 15.139597 13
-49.241821 -739.834473 25.187836 13
-47.506927 -740.955750 34.693119 13
-53.801308 -737.933960 41.253605 13
-48.483685 -741.265564 24.203264 13
-52.519268 -738.047791 39.715248 13
-52.073532 -736.627380 45.198589 13
-47.381184 -741.309814 29.864466 13
-54.931076 -736.257935 49.703102 13
-45.488602 -737.334534 36.132942 13
-54.722572 -738.180603 41.910198 13
-48.635754 -740.037842 39.832195 13
-51.872387 -741.788513 45.993999 13
-44.443325 -740.450317 10.152567 13
-50.372372 -738.153809 36.005634 13
-47.521179 -739.351440 29.025972 13
-51.850143 -743.326233 46.696892 13
-46.498489 -738.085571 26.382544 13
-52.544830 -742.568115 33.151211 13
-46.092350 -739.298584 4.342345 13
-44.112843 -739.047241 14.927078 13
-48.121307 -740.031128 20.144365 13
-47.121803 -737.634094 30.421938 13
-45.284531 -738.518433 23.510435 13
-59.010048 -739.892273 47.622726 13
-49.588280 -744.931152 33.688587 13
-58.998299 -739.232788 48.391747 13
-57.342213 -738.002136 47.046352 13
-47.136608 -738.226013 26.496252 13
-50.326996 -742.338440 28.771084 13
-46.477127 -742.629089 25.322916 13
-48.244045 -741.696411 31.443901 13
-46.656807 -737.356995 35.864750 13
-46.472790 -738.564697 22.655342 13
-45.451267 -737.450500 34.555573 13
-56.813343 -742.161560 41.407261 13
-46.968338 -740.223511 30.389872 13
-44.579342 -739.097473 25.155468 13
-53.083889 -742.699402 34.349598 13
-52.540855 -737.838745 40.320717 13
-50.959236 -745.173279 35.268219 13
-50.870918 -736.889587 42.853699 13
-45.135128 -738.105225 8.719178 13
-49.686760 -744.532959 31.245281 13
-49.580528 -741.789246 35.742516 13
-47.167316 -740.600891 18.367153 13
-47.613262 -741.629944 29.076942 13
-49.234367 -743.335693 46.588966 13
-44.475887 -740.308044 15.018194 13
-45.137825 -740.470947 1.997535 13
-49.433800 -743.210266 47.577801 13
-45.574760 -740.137390 4.612062 13
-58.030586 -741.915771 43.723076 13
-46.379021 -737.762329 28.755573 13
-48.432632 -737.191406 38.756035 13
-50.884472 -741.902527 40.656555 13
-51.016659 -742.984375 30.519457 13
-45.552280 -741.136719 20.248001 13
-48.345654 -737.314880 37.846214 13
-45.882683 -740.556519 12.336338 13
-43.813889 -739.136047 7.005942 13
-50.956852 -743.096741 43.531029 13
-48.694653 -742.730591 46.007904 13
-52.526707 -744.519653 35.448929 13
-44.142826 -738.687683 30.251673 13
-48.256611 -737.423889 36.704502 13
-46.305542 -740.263367 23.873981 13
-47.797073 -743.722107 28.036617 13
-44.907001 -738.574585 25.973547 13
-47.315632 -737.583435 31.322037 13
-48.009266 -740.679199 21.518015 13
-48.181465 -740.173584 36.391037 13
-45.476978 -741.019470 18.506439 13
-44.730186 -737.639038 33.141502 13
-44.578510 -738.029236 1.736558 13
-49.685436 -744.286682 30.501415 13
-45.760971 -741.581970 23.123688 13
-55.747242 -739.630432 40.393982 13
-45.110123 -738.130432 11.632995 13
-44.076565 -738.786316 8.394368 13
-53.429226 -739.750732 36.694218 13
-52.430969 -735.816467 48.786404 13
-46.782303 -739.323486 11.536405 13
-55.829048 -736.630981 48.200497 13
-54.861538 -740.887451 37.655281 13
-47.843929 -743.033997 25.899946 13
-46.067524 -740.172607 2.614562 13
-47.290676 -737.523804 32.075691 13
-58.660332 -737.971985 49.469414 13
-59.361832 -739.384888 49.861778 13
-47.154339 -740.341492 17.313913 13
-53.790482 -743.154297 36.170540 13
-56.779415 -739.777893 42.500278 13
-44.807316 -739.172729 22.311092 13
-50.681732 -737.338684 40.428230 13
-51.516644 -737.110840 42.039318 13
-54.118538 -741.648315 36.439976 13
-46.863293 -741.468201 20.843895 13
-48.783997 -744.625977 31.243301 13
-51.903549 -740.682434 32.969276 13
-50.657078 -743.545471 29.962944 13
-47.630669 -743.859070 28.819281 13
-45.387222 -740.235291 1.544204 13
-44.037449 -738.736328 7.840257 13
-47.509323 -741.089661 33.634102 13
-47.432552 -739.895020 31.279005 13
-52.684139 -736.682251 45.300831 13
-48.307869 -742.968262 26.166952 13
-45.229301 -738.292480 4.989020 13
-57.413483 -740.826416 43.094391 13
-51.698105 -737.550354 40.235405 13
-45.374584 -740.279968 4.135713 13
-45.107830 -738.169800 7.349974 13
-50.406204 -739.776672 29.754309 13
-47.605667 -738.234680 27.840750 13
-53.237591 -737.572449 42.001270 13
-50.427380 -738.367554 34.845913 13
-44.222637 -739.013611 11.840703 13
-43.517712 -738.750183 7.413969 13
-48.344296 -740.346375 38.244148 13
-58.709515 -740.824768 45.809185 13
-58.512894 -741.732971 44.629105 13
-49.740753 -739.571228 27.680712 13
-45.866566 -738.300354 22.810776 13
-50.049110 -741.801941 28.188803 13
-46.042130 -738.568115 21.075937 13
-45.798271 -740.544250 3.577244 13
-55.746105 -740.334839 39.695179 13
-44.389137 -740.957581 13.872673 13
-57.542553 -742.857056 42.565849 13
-50.431389 -736.389099 44.664520 13
-43.480911 -739.755554 3.366112 13
-51.612549 -741.423157 31.580492 13
-46.295559 -737.746033 27.990707 13
-57.335423 -742.496155 42.244167 13
-46.699268 -736.754761 38.887012 13
-56.255211 -737.359375 46.754555 13
-53.497162 -743.307678 35.686588 13
-44.720833 -740.705139 11.078958 13
-45.625393 -738.304504 24.387604 13
-50.736534 -743.635071 45.499470 13
-45.231400 -740.569031 19.428988 13
-50.807186 -735.632141 47.529247 13
-43.832199 -738.162720 1.034838 13
-55.440163 -736.723083 47.112167 13
-44.036289 -738.908081 14.234552 13
-52.242462 -743.195923 47.620083 13
-48.837280 -741.786987 25.381044 13
-52.309326 -736.225403 47.244858 13
-58.335423 -740.215515 45.301464 13
-49.174919 -742.418152 37.268799 13
-44.613647 -737.923035 11.518853 13
-50.565990 -743.069092 41.900146 13
-48.870544 -737.456726 37.147873 13
-46.198254 -738.644043 20.513386 13
-48.942776 -741.606567 25.917948 13
-52.790646 -738.477478 38.218590 13
-46.719402 -740.910706 25.406218 13
-57.566284 -737.891296 47.601128 13
-44.788364 -738.514587 15.045669 13
-49.782032 -742.032104 36.760384 13
-43.759453 -738.962158 4.326339 13
-46.486771 -739.293030 10.495175 13
-43.372341 -738.680725 5.222875 13
-48.302330 -741.803467 32.381981 13
-49.144543 -742.825684 41.548828 13
-45.780487 -739.685425 1.881942 13
-53.945923 -740.284851 36.838680 13
-47.202820 -738.387878 25.591871 13
-55.922348 -743.215942 40.201324 13
-47.639820 -741.558167 31.619226 13
-44.819508 -737.789734 33.646660 13
-44.411438 -738.228088 9.111762 13
-49.300797 -737.792969 35.564754 13
-49.847412 -741.182739 27.697491 13
-58.615734 -740.067505 46.247913 13
-51.295033 -743.831909 47.073349 13
-52.015965 -742.388000 45.276550 13
-50.308422 -738.787537 32.526123 13
-58.145710 -739.252075 46.424301 13
-44.347252 -738.182983 7.511778 13
-45.810806 -739.912048 3.239080 13
-55.223324 -736.528625 47.859169 13
-48.151558 -742.155457 38.727863 13
-47.822868 -740.226196 34.748653 13
-48.015713 -738.650818 26.165815 13
-50.154163 -743.386353 28.862192 13
-44.889084 -739.162598 21.409573 13
-45.951424 -740.728210 9.726455 13
-56.898071 -739.148682 43.370811 13
-55.108383 -737.559998 44.121841 13
-43.803234 -739.666077 7.229227 13
-48.824707 -738.131836 31.275778 13
-46.033466 -738.637268 13.786569 13
-43.412056 -738.702271 4.008885 13
-57.765846 -739.704590 44.610699 13
-54.127026 -736.104431 49.728325 13
-44.245232 -737.842529 32.438255 13
-47.461693 -740.772888 19.910343 13
-47.674129 -741.787842 33.146107 13
-48.428314 -739.795959 34.470951 13
-50.994297 -742.421265 30.036739 13
-43.710224 -739.899170 6.298263 13
-47.464714 -739.711914 30.785019 13
-48.161404 -742.538147 25.039444 13
-44.804039 -738.039734 13.443825 13
-46.563953 -742.588989 24.514246 13
-47.460571 -740.155701 32.427120 13
-48.385365 -740.940552 41.030151 13
-50.848515 -739.152710 32.001892 13
-45.828411 -737.628113 29.422447 13
-54.594761 -736.576233 46.742031 13
-44.112328 -738.863403 9.457531 13
-46.926258 -743.188660 28.746742 13
-55.193405 -740.173462 38.846657 13
-54.359665 -736.758850 45.728279 13
-47.264904 -741.691711 22.110086 13
-48.600193 -743.121460 26.734011 13
-55.735176 -741.359436 39.527962 13
-51.640697 -741.601440 45.003708 13
-43.483349 -740.091248 0.357477 13
-58.869038 -742.423950 45.313606 13
-53.403297 -736.357910 47.807304 13
-50.949306 -736.758728 43.808533 13
-44.908749 -738.103577 2.547737 13
-48.209713 -739.534912 19.228405 13
-46.275650 -738.252930 24.985455 13
-47.072517 -738.762939 21.426353 13
-47.073780 -739.738708 13.661857 13
-52.670673 -736.934998 44.259678 13
-49.398033 -743.008362 27.496639 13
-51.941895 -736.414856 46.016937 13
-56.263512 -739.614807 41.449730 13
-58.625214 -742.293518 44.481911 13
-47.964581 -739.314819 20.079002 13
-52.690426 -739.379333 36.082924 13
-44.665291 -740.656067 4.134486 13
-52.228302 -744.745972 50.631313 13
-54.516438 -743.303772 37.824551 13
-45.692017 -741.796997 22.192965 13
-47.715099 -742.390747 24.146732 13
-51.408260 -742.608093 43.685413 13
-58.526878 -738.517456 48.492878 13
-54.138325 -742.479370 36.710072 13
-46.822716 -737.337402 32.116028 13
-54.535549 -736.348999 48.947796 13
-48.875957 -739.627502 22.595617 13
-46.627632 -739.794983 26.632227 13
-47.995281 -741.574036 29.950314 13
-43.246635 -738.860718 3.308903 13
-43.966778 -739.259399 26.322752 13
-48.750187 -738.721619 28.347883 13
-44.823254 -740.765991 10.292968 13
-53.286636 -738.387207 39.106022 13
-44.276592 -740.721130 15.802495 13
-54.538029 -741.773804 37.210514 13
-48.052647 -738.011475 29.752325 13
-48.521381 -742.318481 42.638561 13
-56.226692 -737.010925 47.681240 13
-51.309406 -739.959106 32.324722 13
-46.781548 -740.993835 19.205103 13
-48.790543 -742.073730 34.559700 13
-48.188004 -742.120544 37.827087 13
-46.088043 -740.119507 8.289651 13
-48.823616 -742.361572 37.880276 13
-45.219402 -737.764343 32.039188 13
-47.786564 -742.005432 22.905479 13
-48.066456 -739.533447 31.551104 13
-50.534489 -741.212830 38.285805 13
-51.213268 -741.716675 41.654972 13
-54.482479 -736.462891 47.320236 13
-45.510502 -738.672913 15.388039 13
-54.156334 -743.989319 37.755772 13
-52.203682 -742.565552 32.508621 13
-47.611645 -741.067383 21.489100 13
-46.117550 -741.128479 18.772991 13
-45.971123 -738.617432 12.794381 13
-49.249115 -745.225281 32.629070 13
-46.939083 -738.615784 22.479568 13
-43.456177 -739.330933 5.519823 13
-47.834980 -743.489563 27.220371 13
-50.349754 -739.069763 31.470385 13
-44.765110 -739.075073 23.924391 13
-46.967152 -739.098999 15.329903 13
-48.508823 -737.542480 36.181328 13
-48.611713 -742.674011 25.218121 13
-59.416565 -741.677124 46.213295 13
-51.320404 -741.672241 45.509331 13
-50.804619 -742.589417 41.776962 13
-51.612167 -743.470337 46.153908 13
-44.893837 -740.612427 0.386307 13
-47.354073 -740.958191 32.723824 13
-55.833878 -737.913025 44.443031 13
-51.014416 -738.112183 37.378403 13
-56.440147 -738.523499 43.886024 13
-58.566265 -739.231140 46.849953 13
-48.377895 -742.181641 41.450623 13
-55.748398 -737.592834 45.004951 13
-45.094101 -739.017517 16.845791 13
-44.739990 -737.868835 8.342756 13
-48.551067 -744.459778 30.826649 13
-52.816048 -742.993042 34.028507 13
-43.880569 -739.239685 7.947930 13
-48.373829 -742.340271 35.241150 13
-48.928432 -739.532288 24.264977 13
-53.912773 -736.852112 45.286953 13
-51.344208 -744.049622 48.013901 13
-44.994961 -740.472656 21.776100 13
-50.634708 -738.026917 36.757969 13
-50.736008 -744.812683 32.728004 13
-47.180454 -737.978882 28.335075 13
-44.624191 -739.278320 15.721576 13
-46.408092 -737.554016 31.910971 13
-51.583275 -735.836426 47.884220 13
-46.579426 -737.480896 29.667681 13
-47.530869 -739.272217 18.162283 13
-49.972805 -736.837830 42.400440 13
-51.844784 -744.085266 47.970181 13
-46.199749 -736.893738 38.036095 13
-46.166618 -738.946716 11.072224 13
-45.512344 -741.169067 22.231068 13
-52.693710 -735.487671 49.318527 13
-46.850750 -737.996826 27.432732 13
-55.035801 -741.379700 37.969620 13
-55.415646 -737.118225 45.569107 13
-44.156727 -738.073303 3.722770 13
-46.811481 -740.759827 27.061913 13
-53.261921 -738.248535 39.604038 13
-46.463341 -738.959106 12.843711 13
-44.459171 -738.294556 11.134565 13
-55.326790 -738.939758 41.053200 13
-48.557850 -741.098877 43.873745 13
-57.463264 -739.955322 43.763496 13
-43.752014 -740.363281 3.929687 13
-44.701542 -739.821594 19.905132 13
-48.163784 -737.763245 31.936968 13
-50.150661 -739.175171 30.541874 13
-43.921795 -740.413208 1.701523 13
-59.133091 -740.758301 47.547760 13
-47.265972 -741.084106 30.320808 13
-48.769531 -740.388916 23.803259 13
-50.122509 -741.147888 44.387085 13
-44.538921 -739.337952 20.245281 13
-49.874458 -742.709473 39.665840 13
-51.267010 -736.450134 45.280056 13
-47.165890 -739.735779 28.255045 13
-53.026360 -741.945618 34.052082 13
-47.688824 -740.910156 36.443909 13
-53.694191 -743.511047 36.553242 13
-45.823826 -738.332458 23.350788 13
-46.791660 -737.095642 37.464634 13
-47.704090 -740.214722 33.890896 13
-46.427605 -740.639893 24.150314 13
-45.306248 -740.297119 0.141655 13
-47.444000 -739.982788 17.495277 13
-58.982063 -738.717041 49.386234 13
-51.437130 -744.447693 49.722462 13
-58.022583 -742.954468 43.421249 13
-51.838486 -744.044189 48.916382 13
-48.594421 -743.806274 28.382654 13
-44.222019 -740.227722 7.495485 13
-44.535568 -737.831116 5.807674 13
-47.957268 -741.248169 22.376326 13
-44.347996 -739.360474 25.491701 13
-46.761623 -740.335999 16.051817 13
-48.316078 -739.349976 22.055433 13
-48.305344 -741.739990 40.502472 13
-51.756084 -738.179749 37.946316 13
-49.381191 -743.348999 45.815933 13
-43.986603 -738.675781 6.715289 13
-45.313564 -740.645874 11.044600 13
-54.644691 -738.416016 41.463161 13
-47.527557 -740.760315 35.624569 13
-48.820496 -743.072571 46.574924 13
-46.580540 -739.937378 13.763139 13
-43.455280 -738.673645 6.137462 13
-50.746727 -737.240295 41.500706 13
-48.277805 -742.121704 36.095619 13
-48.368942 -739.887024 21.335823 13
-54.201973 -745.199768 38.468567 13
-43.661694 -740.290894 2.200450 13
-56.384418 -741.166687 40.953403 13
-45.194836 -740.623291 12.589731 13
-57.585941 -743.353882 42.315487 13
-44.627525 -740.546692 7.610037 13
-52.569260 -742.604187 48.231331 13
-45.010265 -740.445801 18.500883 13
-53.641136 -739.240601 37.969055 13
-47.360458 -742.835205 25.070997 13
-51.650131 -742.593750 44.671581 13
-57.262203 -737.309021 48.967865 13
-44.402325 -739.365479 13.831153 13
-52.065567 -740.202148 33.861244 13
-49.151169 -742.430054 26.254961 13
-54.102303 -743.417236 36.933430 13
-45.391663 -737.673462 32.808567 13
-49.418026 -741.296997 26.658957 13
-48.548050 -740.928589 23.670952 13
-51.007580 -742.753723 42.782177 13
-46.892433 -741.167603 24.852690 13
-49.339481 -737.275818 39.367573 13
-47.857098 -742.562622 24.673748 13
-45.481678 -740.659912 15.752755 13
-55.638683 -740.890320 39.183216 13
-44.834660 -739.382751 17.696985 13
-46.287006 -738.448120 23.659315 13
-51.081577 -741.935974 30.246067 13
-46.778381 -740.034607 29.110727 13
-45.959473 -742.028992 25.383154 13
-50.253284 -735.372925 46.278183 13
-51.347237 -743.927979 32.332100 13
-44.193027 -740.251282 4.310953 13
-44.978806 -737.920715 10.054788 13
-45.465275 -741.013916 21.380798 13
-47.898540 -737.347046 37.034454 13
-53.441051 -737.171204 43.650089 13
-58.711166 -741.186279 45.489815 13
-45.748295 -738.078125 25.758413 13
-48.762730 -739.473389 23.775675 13
-50.194538 -736.576172 43.827190 13
-59.237301 -740.163147 48.996613 13
-47.772118 -739.446960 16.815805 13
-45.323765 -740.476318 20.876730 13
-48.754509 -740.110840 23.413069 13
-53.394836 -739.505493 37.098927 13
-46.676991 -740.797913 17.391972 13
-46.228630 -741.445557 19.959644 13
-48.464657 -736.295837 43.236336 13
-52.306705 -739.894226 34.425621 13
-49.968788 -736.634216 43.113525 13
-43.177868 -739.401917 0.553359 13
-59.544800 -740.758911 48.210403 13
-51.991913 -738.168884 38.694515 13
-44.227570 -740.650635 2.611912 13
-52.016663 -735.364929 48.680588 13
-45.175793 -740.428406 19.894928 13
-45.956039 -740.069092 11.073478 13
-53.733265 -736.313721 48.158043 13
-48.490841 -742.327698 42.124214 13
-58.407242 -741.072449 44.743614 13
-48.137783 -737.580322 33.590794 13
-49.431580 -742.707031 39.991352 13
-48.637882 -741.879333 24.779245 13
-47.357212 -740.510986 18.824270 13
-44.754856 -740.671509 14.791508 13
-58.216793 -738.203735 48.236923 13
-50.571079 -735.786133 47.102600 13
-50.286350 -738.540710 33.698429 13
-50.294056 -743.219421 43.325054 13
-44.469547 -739.241699 23.339350 13
-44.350067 -740.123291 13.240666 13
-53.503529 -737.401245 42.785133 13
-51.788982 -739.366150 34.261929 13
-46.608418 -740.174316 14.985364 13
-46.001389 -739.990173 6.153393 13
-46.365643 -741.925781 21.586813 13
-43.829563 -738.511414 3.603907 13
-47.388470 -740.731384 33.309494 13
-49.010086 -739.065125 27.290213 13
-45.570000 -740.499084 13.506452 13
-45.827660 -740.190002 9.468343 13
-45.172630 -738.293701 26.376745 13
-53.941151 -742.624573 36.295269 13
-45.159336 -738.345947 3.612774 13
-48.581326 -744.282715 29.967617 13
-48.273056 -739.736206 33.179207 13
-49.554455 -745.225647 33.026653 13
-47.459503 -739.032654 19.847456 13
-43.548748 -739.012085 1.501466 13
-54.680115 -739.473145 39.044189 13
-50.485435 -744.009216 47.607552 13
-49.214001 -743.066162 45.194706 13
-53.704243 -744.098511 37.296219 13
-44.368679 -739.835144 13.920259 13
-53.149876 -744.068970 35.659653 13
-49.390049 -743.190247 43.741474 13
-55.163231 -738.069275 42.947205 13
-55.265846 -742.524963 38.886906 13
-51.134254 -739.007690 33.667194 13
-45.489357 -740.450928 8.924237 13
-53.462700 -736.590881 46.091011 13
-57.795818 -737.772705 49.304878 13
-45.655327 -738.583191 19.754036 13
-51.853748 -742.832458 45.597454 13
-44.056599 -739.181946 28.089161 13
-50.965897 -737.610840 39.300430 13
-48.898594 -736.130188 43.645252 13
-46.692146 -739.827332 27.314154 13
-44.385494 -738.413330 29.408697 13
-58.809986 -739.458618 47.595543 13
-56.123253 -737.499390 45.839890 13
-49.688419 -735.735046 45.717487 13
-49.272812 -742.580688 26.721939 13
-44.026722 -739.790405 10.499137 13
-51.389393 -741.870056 42.553326 13
-45.772480 -740.593445 14.677842 13
-49.726486 -742.662781 39.068443 13
-55.120579 -739.829468 39.167305 13
-44.871532 -740.200439 18.064293 13
-46.784966 -740.876587 26.239071 13
-50.774136 -741.427124 39.754597 13
-44.365559 -740.352966 8.489262 13
-52.261600 -740.935974 33.211102 13
-58.275364 -743.396484 42.925316 13
-44.345360 -738.679382 27.748104 13
-49.726128 -737.016235 41.479568 13
-57.543331 -739.588501 44.192688 13
-49.862328 -743.465515 44.968758 13
-48.536320 -741.918274 33.077595 13
-54.253910 -741.156921 36.476261 13
-47.383202 -737.414917 34.948891 13
-53.044460 -735.363770 49.691803 13
-52.216133 -743.347290 33.281467 13
-57.729103 -741.027649 43.375584 13
-53.618748 -736.453613 46.895653 13
-46.203743 -739.978760 12.153755 13
-43.758587 -738.712769 4.757041 13
-48.723179 -742.451721 43.263737 13
-46.746670 -739.029968 14.387819 13
-44.584511 -737.847656 31.390924 13
-45.424805 -738.811890 18.962702 13
-52.465351 -738.998962 36.395706 13
-47.676533 -740.780090 20.694225 13
-50.396629 -736.141968 45.175278 13
-50.481125 -743.530762 44.811245 13
-47.765545 -740.177673 19.398310 13
-47.422482 -741.629700 28.469980 13
-45.572971 -740.460632 10.657325 13
-46.891685 -742.874939 25.474771 13
-44.401093 -738.185547 8.629115 13
-46.674763 -737.407471 30.228115 13
-45.506317 -737.736877 31.576725 13
-47.509037 -739.898438 16.647461 13
-46.526798 -738.741882 18.660709 13
-45.202923 -738.849731 20.732956 13
-45.464233 -740.976257 19.285618 13
-56.745064 -737.379089 47.600426 13
-49.956436 -737.890015 36.905762 13
-53.469528 -744.075928 36.573887 13
-46.670925 -738.682556 20.058153 13
-45.397263 -740.359802 6.030923 13
-57.460899 -737.641602 48.104591 13
-48.930664 -742.549500 40.715740 13
-51.062809 -743.974915 31.919432 13
-52.246262 -737.626831 40.618721 13
-51.797447 -738.963562 35.119656 13
-59.666451 -739.640991 49.210636 13
-47.061539 -743.317871 27.245687 13
-48.441967 -739.015137 25.368326 13
-45.566746 -738.678528 1.879018 13
-45.464302 -738.326843 10.726724 13
-45.179291 -740.444458 1.098060 13
-53.310978 -738.049927 40.475677 13
-43.973217 -739.198547 9.119319 13
-49.152573 -740.778137 25.579714 13
-44.215473 -738.216370 4.467649 13
-49.671669 -740.635498 27.304741 13
-48.030750 -743.116760 25.472912 13
-47.314159 -740.953857 31.929392 13
-45.437202 -741.064392 11.853601 13
-44.731441 -740.651855 5.470287 13
-51.250008 -743.714905 46.351833 13
-56.101643 -741.857361 40.346867 13
-50.148335 -744.767578 32.701267 13
-56.525097 -736.454163 49.050926 13
-52.897774 -736.121521 48.611538 13
-57.912781 -738.196167 47.666012 13
-46.880341 -737.546326 31.150728 13
-49.712837 -743.552612 28.843555 13
-48.358967 -741.787781 44.526199 13
-57.648705 -739.450684 44.985962 13
-46.816975 -737.358643 35.160221 13
-52.264011 -742.153809 47.618256 13
-46.414825 -740.129944 24.863995 13
-46.991856 -742.619446 24.230930 13
-59.151115 -741.281494 47.487347 13
-48.264072 -742.257751 39.734623 13
-51.881100 -743.656494 47.716724 13
-50.758656 -742.431396 41.111465 13
-48.858292 -737.985352 32.174221 13
-44.437050 -740.394836 9.648556 13
-57.921974 -743.766296 42.531651 13
-44.868011 -738.804260 15.739918 13
-48.106556 -738.245483 28.621817 13
-47.511921 -738.855591 22.079916 13
-47.167244 -738.569641 23.981339 13
-44.730816 -739.704346 20.872498 13
-45.025311 -738.406494 14.245959 13
-49.284206 -736.398865 43.551689 13
-53.572990 -745.133911 37.928905 13
-51.252975 -738.898499 34.433609 13
-44.291676 -738.345581 29.870674 13
-49.557323 -738.695496 30.865761 13
-47.653652 -737.766113 30.396135 13
-44.282436 -740.322144 6.825197 13
-49.850399 -740.783630 43.376427 13
-52.364616 -736.092896 47.886173 13
-43.867924 -739.120239 26.964514 13
-47.136497 -739.138611 16.282808 13
-54.892956 -736.401733 48.598366 13
-49.945953 -744.968750 33.124073 13
-49.866135 -735.838257 45.231796 13
-52.864849 -736.201233 48.036835 13
-51.130768 -735.312744 47.431519 13
-48.140774 -744.120850 29.501041 13
-50.212681 -740.574036 29.057158 13
-44.280182 -740.279297 6.363852 13
-50.816360 -743.758911 46.126884 13
-50.587746 -743.089233 42.354568 13
-47.675426 -738.569275 25.626705 13
-44.134293 -739.190063 11.425629 13
-56.059757 -740.416931 40.481506 13
-44.378151 -738.937134 13.369368 13
-45.982430 -740.080078 10.194418 13
-45.608173 -740.428223 11.414363 13
-54.489082 -736.287048 49.499077 13
-45.516411 -736.851868 36.145149 13
-55.395512 -736.470459 49.479080 13
-50.072414 -739.950195 28.652166 13
-48.113251 -741.296570 39.171143 13
-52.412582 -744.758484 35.814930 13
-45.024582 -740.806763 11.804474 13
-46.077389 -738.516785 18.064278 13
-56.111267 -736.657471 49.165508 13
-46.244629 -737.632202 30.604935 13
-46.854237 -738.429321 24.603228 13
-44.369194 -738.112244 6.143587 13
-45.445728 -740.394226 6.981637 13
-56.008583 -741.158142 39.951023 13
-45.184662 -740.658813 17.135878 13
-51.590790 -736.948792 42.987396 13
-45.452904 -740.976746 10.123023 13
-45.923050 -741.849060 22.690151 13
-47.066315 -742.361877 23.411850 13
-50.764111 -739.577698 30.978575 13
-46.526165 -736.615234 39.716503 13
-47.102543 -740.232483 16.857754 13
-49.583595 -736.337402 43.915443 13
-51.054672 -735.709412 47.904007 13
-57.533905 -738.821350 45.770439 13
-48.100140 -740.615173 20.870319 13
-57.947426 -740.435974 44.295330 13
-47.713100 -738.062195 28.864511 13
-46.582958 -739.627991 12.275616 13
-46.143032 -738.718567 19.455164 13
-48.635685 -742.439941 25.643034 13
-47.353077 -741.301758 26.627686 13
-44.161762 -740.573120 3.441961 13
-58.418694 -742.916931 43.676338 13
-48.802078 -742.417480 38.483559 13
-51.195042 -737.156677 41.491222 13
-46.259918 -742.234070 26.941654 13
-44.823360 -740.755737 13.846957 13
-50.746376 -743.899109 31.215631 13
-46.327328 -738.678772 17.122040 13
-47.777111 -739.344849 19.101946 13
-47.094006 -740.872681 28.984684 13
-50.307835 -737.790833 37.615547 13
-48.202774 -737.265442 38.286945 13
-58.074955 -741.591431 44.026527 13
-44.862831 -740.217896 20.173992 13
-51.969105 -735.841797 48.923733 13
-59.312824 -741.849976 45.801178 13
-43.377068 -740.083069 1.295113 13
-54.739529 -745.151123 39.063194 13
-51.456226 -742.082397 44.935410 13
-54.240299 -741.972046 36.741936 13
-44.576981 -738.311340 14.440598 13
-52.966068 -744.494812 36.251068 13
-51.198444 -737.931213 38.243782 13
-45.835083 -737.780334 27.950474 13
-45.083675 -738.153931 6.300223 13
-54.032806 -739.502563 38.214478 13
-47.801029 -741.803894 22.463064 13
-46.372009 -737.071655 37.122330 13
-47.735615 -738.741455 24.444201 13
-51.441185 -736.198669 46.707241 13
-50.687893 -742.060791 40.238735 13
-49.867485 -742.783813 27.953627 13
-48.483967 -741.398865 29.716494 13
-47.662422 -738.760925 23.943779 13
-45.538216 -738.535828 20.242804 13
-45.484112 -740.197021 5.608366 13
-58.174980 -738.532898 47.011173 13
-46.635777 -736.973328 37.889980 13
-48.232857 -741.317688 40.169655 13
-54.024609 -737.574402 42.685055 13
-45.697319 -739.795105 2.453146 13
-51.049232 -741.496033 30.379660 13
-44.414619 -739.008240 14.465303 13
-49.077450 -739.577393 35.147228 13
-46.598373 -737.235718 36.437157 13
-45.306320 -740.410400 3.548122 13
-48.551250 -739.693665 34.894211 13
-47.482708 -739.044678 19.322451 13
-46.222778 -740.589844 15.138592 13
-50.382729 -742.956482 40.988159 13
-47.444340 -739.849976 15.458555 13
-44.833660 -737.319336 33.730236 13
-57.207600 -738.466248 45.491249 13
-43.916306 -738.099060 31.459711 13
-49.243031 -744.142761 29.693338 13
-50.325581 -745.005371 34.557644 13
-46.361496 -739.254761 8.991402 13
-49.692554 -743.846924 48.140587 13
-43.382980 -738.862854 0.682296 13
-47.505993 -738.778931 23.117887 13
-48.638519 -742.396606 44.638035 13
-49.688766 -735.366089 45.270039 13
-45.575752 -738.073181 26.261889 13
-45.393391 -740.801575 20.494509 13
-47.914551 -739.729797 32.240475 13
-44.565517 -738.034607 9.477674 13
-51.664795 -744.124268 33.211765 13
-52.705849 -737.401489 41.982868 13
-45.412041 -738.322388 23.932631 13
-48.341000 -740.402649 22.162409 13
-43.609570 -738.825317 1.915282 13
-56.925240 -736.756897 49.019791 13
-57.463406 -741.794067 42.888760 13
-56.508991 -742.181702 41.064140 13
-45.947300 -740.625305 7.610878 13
-49.504150 -737.591187 37.401722 13
-53.228413 -742.212524 34.455040 13
-45.649780 -741.177917 22.955244 13
-54.840565 -742.595459 37.910465 13
-51.759842 -740.293518 33.140709 13
-53.932453 -742.223450 35.873703 13
-53.374123 -736.686340 45.647991 13
-49.733547 -743.027344 42.399574 13
-45.874348 -738.381287 21.954908 13
-44.603802 -739.888000 22.789257 13
-47.100391 -737.454651 33.151360 13
-47.773369 -739.835693 18.445473 13
-45.822231 -739.780396 4.903131 13
-44.081493 -740.457397 5.546841 13
-50.831039 -742.069702 29.773361 13
-55.556881 -738.281189 43.128994 13
-45.276752 -740.745728 17.608931 13
-46.091309 -736.743530 38.508766 13
-49.368267 -740.781250 26.377090 13
-43.599178 -739.533508 5.077362 13
-44.701794 -741.119873 11.319570 13
-50.944622 -736.966125 42.339581 13
-47.644554 -740.690674 19.516968 13
-45.737267 -741.753479 21.715345 13
-44.999123 -739.150696 19.748081 13
-55.979137 -736.993164 47.307690 13
-45.976460 -737.780884 27.210920 13
-44.566235 -738.385925 12.879498 13
-44.269753 -738.531372 30.722761 13
-54.110134 -738.341614 40.644405 13
-45.685963 -739.781921 0.864426 13
-54.880402 -739.083435 40.209023 13
-55.357513 -741.678589 38.604252 13
-59.009041 -740.639832 46.910755 13
-43.763130 -740.164307 9.070181 13
-47.553955 -741.302246 21.887009 13
-44.349602 -740.338989 8.987824 13
-56.593990 -740.501953 41.257046 13
-57.717129 -738.692932 46.184753 13
-44.961555 -736.945923 34.899952 13
-59.060295 -742.428406 44.904930 13
-43.803608 -738.828186 28.266281 13
-46.052540 -738.965820 2.170534 13
-49.192551 -742.317200 36.152367 13
-50.782417 -738.387146 35.798119 13
-51.187958 -744.199158 48.420025 13
-53.829769 -740.647766 36.279785 13
-56.373367 -736.951721 48.415737 13
-47.522621 -743.991638 29.792742 13
-49.201035 -742.881104 42.525654 13
-48.346958 -741.390503 23.228712 13
-48.702660 -737.390076 37.577217 13
-52.903011 -736.583984 46.366329 13
-53.184887 -739.936401 36.270771 13
-50.591881 -744.333069 32.013405 13
-49.810223 -743.841919 47.533627 13
-45.288456 -740.598694 15.342319 13
-56.757057 -737.826843 46.380829 13
-49.669300 -741.951355 27.244007 13
-48.488194 -739.808533 21.838182 13
-49.315918 -738.915710 29.332987 13
-59.126572 -740.650452 48.421558 13
-48.394550 -741.782288 43.986359 13
-53.464397 -738.878845 38.404732 13
-47.937351 -738.741638 25.278614 13
-46.675282 -740.219177 26.039133 13
-49.061058 -743.874023 28.393757 13
-57.734371 -740.363647 43.891689 13
-51.139778 -741.234741 46.175335 13
-58.722221 -738.885864 48.300385 13
-57.606991 -741.472961 43.306545 13
-52.922813 -745.174744 37.361176 13
-45.561996 -737.958130 28.456715 13
-54.809299 -738.645447 41.004238 13
-44.636700 -740.649292 2.154890 13
-44.902603 -740.391052 16.191580 13
-44.810993 -738.551758 27.115057 13
-56.862991 -737.239319 48.386700 13
-50.293583 -744.287048 31.494656 13
-54.551701 -739.823242 38.395947 13
-50.292332 -741.964600 38.626953 13
-44.652782 -740.660156 12.616136 13
-44.682312 -740.632019 2.818046 13
-47.185993 -738.476135 24.879370 13
-52.702995 -740.514648 34.470741 13
-47.144352 -740.194519 29.901722 13
-48.978527 -742.929260 43.992958 13
-43.896774 -739.829346 8.446948 13
-46.849331 -740.373535 28.228817 13
-44.442577 -738.192383 10.018451 13
-50.120235 -741.409058 37.516655 13
-51.027691 -744.880371 34.107395 13
-45.247776 -736.943604 35.665928 13
-51.418797 -738.373352 36.545746 13
-52.399559 -744.439697 50.949760 13
-44.388405 -737.901001 5.345681 13
-48.544353 -740.559204 22.852716 13
-46.899471 -741.074341 19.642111 13
-48.720684 -739.766846 36.749218 13
-47.385719 -741.510742 25.630341 13
-46.933025 -736.586243 39.918987 13
-48.402740 -741.293579 41.825638 13
-56.370930 -738.773193 43.038536 13
-52.551514 -739.853638 35.052170 13
-51.126564 -739.164734 32.652637 13
-43.753445 -739.019043 5.869399 13
-48.523251 -742.500549 36.022911 13
-50.598919 -735.293701 46.697086 13
-45.147995 -740.740906 0.740465 13
-49.649715 -742.876831 41.220455 13
-50.404766 -743.416016 44.173725 13
-44.173771 -740.176331 8.127575 13
-44.285320 -739.911255 16.427261 13
-45.784378 -740.523376 6.368488 13
-51.439892 -744.224854 48.842594 13
-49.030128 -737.383362 38.050884 13
-48.310936 -738.036072 30.671534 13
-45.257839 -738.277527 1.541981 13
-44.464931 -739.871521 23.940842 13
-44.482582 -740.721436 13.514129 13
-44.350151 -738.719238 12.152324 13
-48.667580 -737.199890 39.328632 13
-44.279259 -740.804626 14.747311 13
-50.650772 -743.950195 49.277039 13
-52.527039 -743.587097 50.367783 13
-45.254887 -738.661194 22.328234 13
-49.325256 -742.213501 34.916935 13
-49.114559 -742.944336 44.543949 13
-47.665760 -736.401306 42.203606 13
-44.421272 -739.629517 15.544868 13
-50.847542 -743.423584 30.352781 13
-52.084473 -737.950012 39.588943 13
-56.182602 -738.541321 43.451134 13
-43.105003 -739.008850 1.501452 13
-50.191654 -741.372498 28.604967 13
-43.415474 -739.399902 3.681776 13
-48.202316 -738.625916 27.149931 13
-52.025108 -738.728455 36.080402 13
-43.545990 -739.905701 4.348029 13
-43.651829 -739.974609 4.799003 13
-48.736305 -741.946106 45.213543 13
-47.191982 -741.215576 28.323740 13
-47.468491 -737.119812 37.853096 13