-46.220993 -739.497864 9.328207 13
-53.138142 -744.147400 51.756016 13
-44.076393 -737.687805 31.935717 13
-53.867210 -745.486572 37.951649 13
-48.467731 -735.841431 43.641335 13
-47.923775 -740.977966 21.095106 13
-57.516365 -739.255127 44.590405 13
-45.481575 -740.145447 -0.326609 13
-50.363152 -743.542236 29.406118 13
-50.900387 -738.245728 36.211548 13
-53.360241 -735.345581 50.055195 13
-50.082813 -743.446533 44.548096 13
-44.366329 -738.723572 15.879003 13
-43.961922 -739.439575 25.812756 13
-59.727173 -739.002380 50.041096 13
-55.448547 -740.143250 39.303005 13
-45.793259 -736.551514 38.202690 13
-48.235577 -742.227234 39.243134 13
-43.274235 -738.836731 4.669703 13
-48.479992 -738.448059 28.812565 13
-47.700478 -741.776733 33.792305 13
-57.655975 -743.956970 42.188797 13
-52.911819 -742.406799 33.852100 13
-53.203537 -736.757080 45.233582 13
-47.363510 -743.009888 25.532728 13
-51.831940 -737.458740 40.756569 13
-52.322395 -741.875671 47.992130 13
-48.175186 -737.647339 32.971478 13
-56.558132 -737.132446 48.054047 13
-49.839764 -745.325378 33.400597 13
-48.071781 -738.863953 24.736856 13
-44.648594 -741.136047 12.669737 13
-44.593723 -739.356384 19.736660 13
-50.828503 -740.088501 31.468073 13
-47.786304 -739.551392 17.547989 13
-48.326729 -740.573425 42.751343 13
-43.695362 -737.202209 1.270251 13
-59.217888 -741.676880 46.906414 13
-54.905869 -738.117004 42.409176 13
-50.263214 -735.612976 46.765957 13
-46.901070 -743.661926 28.983881 13
-51.167160 -741.524597 40.936188 13
-48.462669 -736.903625 40.372005 13
-45.917435 -740.415894 3.074059 13
-49.365704 -743.682922 47.876987 13
-47.253906 -739.357605 14.164206 13
-44.829098 -737.810547 12.020331 13
-53.671059 -740.176941 36.413601 13
-49.883640 -741.557495 36.352280 13
-45.120426 -738.178162 28.695278 13
-45.167519 -737.494873 35.068554 13
-49.638111 -741.080200 27.125637 13
-45.591808 -741.125061 23.419598 13
-45.367611 -740.764893 6.406940 13
-47.127571 -740.791992 30.705252 13
-55.582634 -743.361389 39.739132 13
-56.859554 -740.886047 41.993488 13
-44.728500 -737.842224 7.206507 13
-52.080418 -744.898926 35.527142 13
-47.954002 -737.425049 36.260849 13
-46.721851 -740.229431 27.044107 13
-46.335564 -738.543030 22.123394 13
-49.199944 -739.531677 38.641140 13
-58.348049 -741.946045 44.169495 13
-43.400879 -740.176819 1.745798 13
-54.045891 -742.983337 36.658409 13
-51.988903 -739.762512 34.081696 13
-51.690853 -744.254028 49.346279 13
-51.202515 -741.064819 45.523464 13
-48.305481 -744.387817 31.277187 13
-45.447418 -741.040039 17.289665 13
-58.436684 -739.030212 47.286083 13
-51.159042 -736.851074 43.345432 13
-53.137554 -738.605225 38.610332 13
-51.490959 -743.663269 31.912449 13
-48.963848 -739.591858 34.697033 13
-46.701729 -737.381714 30.701956 13
-43.677261 -738.746277 9.786507 13
-55.836288 -737.395752 45.469913 13
-53.963383 -736.449646 47.745201 13
-49.295135 -742.989868 42.084652 13
-48.272762 -741.335571 23.663982 13
-46.044952 -737.884705 26.152477 13
-51.598347 -743.910706 46.651581 13
-45.775482 -741.661743 20.070145 13
-46.526722 -739.716187 11.834759 13
-46.982658 -738.828796 19.740202 13
-48.474857 -741.674194 44.992447 13
-51.563740 -741.996887 43.298717 13
-50.867722 -737.738647 38.564487 13
-47.738773 -740.602905 36.908150 13
-45.004440 -738.199097 3.037604 13
-44.308655 -740.769531 8.724899 13
-48.825432 -743.320679 27.359747 13
-45.231876 -740.678955 14.892092 13
-50.442596 -740.981445 29.342506 13
-50.421539 -741.510498 38.678596 13
-47.885601 -741.556396 28.559143 13
-55.458908 -736.198853 49.850983 13
-51.873180 -735.735657 48.380844 13
-45.119362 -738.655090 24.034290 13
-45.623363 -738.783997 17.841053 13
-49.306900 -738.463257 31.219759 13
-47.806396 -739.852844 32.692329 13
-48.355930 -740.320435 40.521912 13
-48.432907 -739.386230 22.599283 13
-44.065128 -738.991028 13.713944 13
-50.219051 -738.582153 33.220886 13
-48.758801 -741.858276 31.890646 13
-45.942165 -737.491760 33.042236 13
-44.650848 -740.034973 21.795208 13
-58.239655 -737.568604 49.416580 13
-54.336285 -738.641357 40.398872 13
-55.105282 -741.946228 38.179760 13
-48.667351 -737.318970 38.278336 13
-48.871132 -739.053589 26.801928 13
-46.010532 -739.370117 4.913719 13
-46.272114 -742.525391 27.290838 13
-43.626991 -739.573730 6.685180 13
-44.325470 -740.728821 4.563067 13
-45.182602 -740.926636 10.646937 13
-59.500374 -740.575684 48.659100 13
-45.827213 -741.565186 25.455118 13
-53.162868 -737.260864 43.094028 13
-50.037182 -740.666870 43.837959 13
-49.517338 -736.842834 42.156162 13
-51.938896 -741.661804 32.081364 13
-46.272171 -739.118408 7.339242 13
-49.220810 -740.386902 25.292435 13
-46.622208 -738.797546 16.110811 13
-47.165844 -741.027039 18.728184 13
-50.028908 -736.102966 44.865257 13
-43.741123 -738.373413 30.099150 13
-46.821720 -742.138794 22.245993 13
-46.563183 -736.376770 40.133797 13
-49.869034 -742.815796 40.187138 13
-56.610264 -739.101196 42.808414 13
-52.032433 -744.209290 33.701992 13
-44.044113 -739.571472 11.716990 13
-47.413589 -736.211243 41.856403 13
-56.623230 -742.619446 41.197117 13
-46.427078 -739.740112 25.122959 13
-48.180088 -742.059875 35.610535 13
-46.875469 -737.889771 27.943790 13
-55.951550 -739.454407 41.059193 13
-48.694595 -742.569031 37.432426 13
-47.131714 -737.415649 34.534245 13
-47.162155 -739.817993 28.883530 13
-58.537037 -740.328491 45.770401 13
-49.002090 -737.706055 34.674385 13
-53.192760 -743.168762 49.630177 13
-43.788685 -738.990601 27.632423 13
-51.750957 -742.812988 45.138000 13
-49.041615 -743.139771 46.120621 13
-51.966076 -736.349365 46.570534 13
-55.133270 -745.124634 39.337158 13
-43.000244 -738.962036 0.393657 13
-44.796417 -738.043274 5.355930 13
-54.538490 -743.742676 38.257690 13
-49.922722 -739.572632 28.209845 13
-45.112370 -740.748169 1.460139 13
-48.632351 -744.152039 29.504681 13
-52.506752 -738.853516 36.853378 13
-45.849316 -738.546814 13.316764 13
-48.931110 -742.108887 25.772652 13
-51.233459 -742.405701 30.500494 13
-53.657475 -741.696411 35.435612 13
-46.153717 -737.202759 36.564735 13
-54.656662 -737.296326 44.082775 13
-57.115101 -738.043457 46.547447 13
-50.138805 -744.417236 30.955122 13
-45.301094 -738.207153 10.293324 13
-47.460384 -740.521545 35.056583 13
-56.462399 -744.495728 40.807861 13
-46.611217 -742.452026 24.007082 13
-49.123028 -739.519226 36.731731 13
-50.171604 -737.230225 40.229519 13
-50.215298 -739.347778 29.999952 13
-43.252983 -738.784241 2.807191 13
-54.350933 -739.793701 37.993656 13
-47.269402 -740.340332 15.609509 13
-45.756271 -739.140930 1.778016 13
-53.103504 -743.511658 35.297874 13
-55.999889 -741.659485 39.906567 13
-48.427734 -742.012146 40.941078 13
-49.902668 -740.494629 42.052231 13
-57.498638 -742.330200 42.730316 13
-50.068787 -742.373291 28.163263 13
-48.489452 -741.672180 30.159567 13
-44.153652 -740.343140 16.315315 13
-57.608284 -740.547791 43.506798 13
-53.314323 -737.745544 41.491238 13
-47.989071 -740.690125 38.568222 13
-53.236542 -744.470215 36.666813 13
-45.957081 -740.618286 8.120753 13
-43.852039 -740.403320 0.156467 13
-48.901924 -742.644226 43.674377 13
-46.029457 -740.264648 13.474859 13
-46.765736 -738.487976 23.749718 13
-49.500778 -741.929626 34.623299 13
-44.511185 -740.161682 24.377270 13
-47.417515 -741.438232 26.046444 13
-49.509075 -737.637817 36.879471 13
-48.402267 -739.551453 20.181417 13
-50.613297 -745.210266 34.854038 13
-45.241398 -740.639404 18.881161 13
-54.554516 -736.685669 46.216244 13
-51.588451 -736.642517 44.951183 13
-56.093182 -738.184326 44.065102 13
-44.382225 -737.469849 33.526787 13
-43.582184 -738.804810 8.123376 13
-44.677399 -737.858032 8.846594 13
-45.158455 -737.805664 30.608109 13
-47.553070 -738.397644 26.188747 13
-50.669662 -743.220215 42.855522 13
-45.562107 -741.344360 21.736074 13
-52.201252 -743.489197 48.056992 13
-48.111938 -737.968628 30.288300 13
-45.661938 -738.669922 20.670347 13
-44.324478 -740.410583 3.026565 13
-45.548443 -738.594604 14.863405 13
-47.219425 -737.001892 38.859200 13
-52.059418 -742.002808 46.454765 13
-54.484165 -741.447754 36.778870 13
-50.858570 -738.640991 34.718719 13
-58.841557 -738.852600 48.769184 13
-47.548428 -738.931335 21.291210 13
-52.584404 -739.583984 35.514175 13
-59.247238 -742.058960 45.402332 13
-43.901691 -740.213562 10.303990 13
-50.790092 -744.118896 48.064384 13
-51.908371 -744.354675 50.827583 13
-52.903664 -740.924500 34.347469 13
-58.338856 -743.330627 43.472927 13
-47.455727 -741.245239 32.281353 13
-47.804790 -739.533875 31.120489 13
-48.952469 -739.928101 23.889299 13
-44.794441 -738.554626 26.653421 13
-55.302494 -736.425049 48.359398 13
-51.610622 -740.322937 32.697372 13
-46.690090 -740.996948 24.394516 13
-44.981869 -737.986267 1.309196 13
-47.328495 -743.496826 27.583958 13
-57.843204 -737.931458 48.043762 13
-50.991554 -737.086060 41.884872 13
-46.134529 -739.778137 23.682014 13
-53.005814 -738.045227 40.112061 13
-46.756233 -740.530334 16.996094 13
-54.104012 -736.272217 49.223503 13
-50.340122 -743.721558 45.937420 13
-45.037853 -740.496277 20.488342 13
-46.323742 -737.701294 29.284550 13
-48.794010 -744.804993 32.563068 13
-44.680931 -739.863586 17.752195 13
-55.790588 -737.004822 46.844196 13
-50.419640 -744.552307 32.359592 13
-49.523327 -742.608398 38.623009 13
-48.316505 -742.488892 24.466692 13
-59.027164 -740.325378 47.283367 13
-49.732628 -736.566589 43.529388 13
-47.781086 -737.636475 31.610170 13
-50.517159 -742.781189 41.410450 13
-57.901794 -739.034119 45.962559 13
-45.726284 -738.558716 19.225649 13
-44.543789 -739.178223 22.864513 13
-48.500671 -741.883606 42.321896 13
-47.932152 -739.828125 18.905689 13
-44.281288 -740.645569 7.243582 13
-44.415936 -740.343018 13.777065 13
-47.273220 -737.220581 37.447117 13
-47.029945 -741.094177 20.079208 13
-48.398846 -740.754150 22.444016 13
-52.069000 -737.996643 39.150093 13
-52.164116 -743.039734 32.914257 13
-43.704189 -738.540283 1.477203 13
-46.925392 -738.840027 18.391014 13
-56.862820 -738.265564 45.221558 13
-45.856956 -738.549866 11.583108 13
-51.502625 -738.192749 37.486099 13
-56.265545 -737.195923 49.370228 13
-47.452381 -744.042419 30.300556 13
-54.350323 -739.148254 39.165241 13
-48.979359 -742.044067 33.403343 13
-43.678883 -739.903015 5.393959 13
-45.634937 -737.910461 27.486042 13
-47.243927 -740.512146 33.753231 13
-46.797653 -738.295898 25.108479 13
-49.355656 -743.583679 28.541210 13
-46.054035 -739.845093 10.604400 13
-56.356358 -740.683594 40.774303 13
-45.952675 -737.679199 31.734257 13
-46.025379 -740.344849 22.452093 13
-50.326042 -738.920532 31.962332 13
-45.443432 -740.547302 9.406401 13
-45.861885 -740.708435 16.053310 13
-44.347355 -737.899963 4.144718 13
-44.266411 -739.744263 15.082220 13
-45.489220 -740.522522 11.888307 13
-52.277626 -737.254700 42.084435 13
-47.361874 -741.337463 27.332371 13
-53.315636 -736.487244 46.524460 13
-44.897263 -738.627380 25.299715 13
-49.938770 -742.055298 37.542831 13
-47.988903 -738.432922 27.480684 13
-43.535839 -739.904175 3.898246 13
-50.964836 -741.057190 30.518780 13
-44.126312 -738.945679 29.022429 13
-49.697041 -737.335266 39.029575 13
-50.637390 -742.289917 29.368368 13
-49.154396 -738.639893 29.896029 13
-48.361755 -741.495789 43.631546 13
-48.282001 -740.015503 35.888702 13
-45.876171 -739.504883 6.176342 13
-52.899139 -745.630859 37.078373 13
-58.173798 -740.678223 44.630547 13
-46.550922 -741.864136 21.046276 13
-48.858109 -742.928650 44.897263 13
-51.220924 -743.029419 44.020897 13
-45.906918 -740.475952 4.333413 13
-49.784279 -737.978638 35.679226 13
-47.178375 -741.020264 29.445501 13
-52.264103 -736.923218 43.921482 13
-52.705673 -736.262451 47.605824 13
-48.687790 -739.498779 21.392303 13
-47.950321 -741.592285 37.637569 13
-45.837132 -738.671143 8.418663 13
-52.915367 -735.923218 49.039597 13
-46.083015 -739.320984 3.674860 13
-49.202415 -738.174133 32.512363 13
-44.060677 -738.498413 6.259566 13
-50.860043 -736.195557 45.850517 13
-44.291584 -738.681519 10.851793 13
-46.199543 -742.710876 25.798655 13
-49.485294 -742.315735 27.048038 13
-51.205261 -741.939697 42.122429 13
-51.335682 -739.117065 33.244492 13
-44.887142 -738.083618 13.950763 13
-52.477169 -741.352844 33.273590 13
-50.942425 -744.763367 33.676086 13
-48.416203 -736.398254 42.544800 13
-50.614597 -741.874695 39.835140 13
-48.881802 -739.249146 25.587132 13
-44.833363 -741.105957 0.297513 13
-47.079769 -737.297058 32.569496 13
-45.172096 -738.784546 21.867537 13
-45.480980 -738.819824 16.489326 13
-46.434502 -740.563965 14.732114 13
-48.684700 -741.369263 24.800043 13
-47.795616 -741.723083 31.149027 13
-49.533447 -740.002808 26.445696 13
-43.972549 -739.652527 9.048284 13
-55.137043 -740.738647 38.146908 13
-48.098488 -743.851257 28.445225 13
-50.997795 -743.558289 30.736025 13
-48.400570 -740.947388 41.549759 13
-51.478310 -741.642395 44.512962 13
-46.711456 -739.342041 13.043870 13
-48.722206 -739.597839 33.398174 13
-45.940155 -739.449341 0.625226 13
-55.029247 -738.704224 41.379753 13
-47.992092 -743.279663 26.505728 13
-47.422554 -738.781555 22.667109 13
-50.254520 -744.059570 49.125019 13
-45.361313 -738.484436 4.326313 13
-53.352234 -739.308777 37.555809 13
-47.539333 -739.505981 16.400976 13
-51.758507 -738.732971 35.561249 13
-44.354565 -740.816406 11.457658 13
-47.545105 -737.886414 29.265318 13
-51.260410 -735.857483 47.384228 13
-46.345009 -737.314636 35.403183 13
-50.348923 -741.404480 44.778118 13
-57.347759 -736.806641 49.145908 13
-52.815445 -743.624023 50.698448 13
-50.015350 -741.134644 28.238937 13
-44.771523 -740.312561 22.949335 13
-44.385811 -738.740784 12.573171 13
-53.303238 -740.586182 35.384087 13
-48.541370 -740.005554 37.798229 13
-52.938686 -742.729431 48.583263 13
-49.073147 -739.644897 39.888084 13
-47.065765 -740.195312 31.746527 13
-48.915512 -735.765015 44.731529 13
-55.229053 -739.377319 40.133606 13
-45.070057 -736.925720 36.059612 13
-44.586929 -739.265320 20.935349 13
-45.253487 -740.442078 5.299685 13
-47.516830 -742.142029 23.352560 13
-46.619232 -740.638672 25.857212 13
-45.410244 -738.471985 6.319145 13
-51.154804 -737.564026 39.737026 13
-46.771809 -738.806274 17.251097 13
-49.885113 -735.307434 45.670025 13
-46.025578 -737.447693 34.230888 13
-48.192703 -741.125549 39.734825 13
-46.992577 -740.798096 28.320215 13
-46.114162 -741.075256 18.268927 13
-49.885975 -737.601013 37.937885 13
-53.468018 -737.051697 44.170753 13
-49.400303 -736.976746 41.037521 13
-53.983177 -744.449341 37.530075 13
-52.176094 -743.005920 47.016502 13
-46.650402 -738.871887 14.968321 13
-54.402290 -736.942749 45.134537 13
-52.570599 -744.303284 34.676758 13
-49.292164 -742.252136 35.680637 13
-50.200768 -743.903870 47.131123 13
-44.289864 -739.917969 12.752333 13
-44.360245 -740.693481 5.926453 13
-48.995663 -738.950562 27.940104 13
-54.470486 -742.750610 37.656509 13
-45.366112 -738.393127 22.981508 13
-55.224396 -742.995300 38.729824 13
-48.242977 -737.100830 39.289978 13
-49.264862 -737.995117 33.624252 13
-44.973358 -739.197388 18.626932 13
-56.969646 -743.662354 41.370522 13
-48.415127 -736.667236 41.465199 13
-51.726997 -742.606628 31.532249 13
-47.418362 -736.652649 40.855244 13
-48.019569 -737.510437 35.174267 13
-45.793663 -741.706238 24.327234 13
-46.899902 -743.109009 26.611786 13
-54.324368 -744.753906 38.635975 13
-43.870319 -739.894775 7.957610 13
-55.444080 -741.329285 39.027287 13
-49.696926 -744.230408 29.957148 13
-55.633949 -744.412415 40.045155 13
-59.321236 -739.838989 49.458935 13
-54.239395 -737.473145 43.094036 13
-55.786102 -738.780151 42.180019 13
-46.089920 -742.044739 23.122025 13
-47.289463 -739.824829 30.211016 13
-56.639942 -739.794800 41.970100 13
-47.916790 -738.939026 23.601938 13
-44.347614 -737.967529 2.214013 13
-48.317657 -742.241394 34.550522 13
-45.757915 -740.082458 7.161798 13
-47.766533 -741.690613 21.947563 13
-44.889774 -737.764160 32.633369 13
-47.663723 -741.140564 35.926422 13
-55.271679 -737.946228 43.409485 13
-49.221203 -742.727722 41.047077 13
-48.107292 -737.530334 34.099072 13
-51.312729 -741.253235 46.609283 13
-49.364727 -744.635620 31.669125 13
-50.310127 -741.089355 37.284332 13
-51.553284 -744.763672 34.543690 13
-47.775528 -740.352661 19.845657 13
-44.570419 -739.343201 16.732710 13
-57.206856 -739.541687 43.595928 13
-44.374046 -738.613831 14.725400 13
-48.192699 -741.977051 36.687977 13
-54.983501 -744.060181 39.172215 13
-59.131744 -739.691711 48.137794 13
-45.781147 -738.114807 24.863056 13
-48.037643 -739.946838 34.157696 13
-49.791054 -743.174683 43.461987 13
-48.366730 -737.362610 37.265202 13
-54.988239 -736.554199 47.370632 13
-45.022652 -740.690552 3.779052 13
-59.066463 -738.278809 49.630936 13
-48.800827 -742.566650 40.068127 13
-44.259129 -738.376648 31.142906 13
-46.778645 -738.057373 26.895784 13
-54.323494 -740.470215 37.187469 13
-43.445374 -739.811218 2.740962 13
-48.102192 -742.003601 32.842808 13
-56.146873 -743.492859 40.612785 13
-52.497227 -743.378357 34.198410 13
-44.740990 -738.403381 27.700882 13
-46.270870 -736.647400 39.166962 13
-59.503216 -741.135559 47.790962 13
-45.441345 -736.743896 37.243420 13
-49.939434 -738.170349 34.579128 13
-51.351467 -744.201904 32.801376 13
-58.755142 -742.716919 44.758965 13
-49.644596 -739.143799 29.130442 13
-44.116142 -740.734863 1.178271 13
-50.994133 -743.545715 45.014202 13
-44.705566 -738.167480 29.742851 13
-52.042892 -745.213440 36.511185 13
-58.883282 -741.294556 45.976372 13
-53.299648 -742.498413 34.795853 13
-50.221741 -739.999756 29.112139 13
-45.509796 -740.091125 2.163583 13
-51.388767 -740.944031 31.509033 13
-50.644722 -736.589294 44.206135 13
-46.893257 -737.468628 33.537273 13
-50.518562 -737.986084 37.236130 13
-51.175560 -739.416565 32.284012 13
-50.470387 -739.231995 30.996653 13
-49.385071 -742.366699 36.706501 13
-56.967617 -741.960571 41.947010 13
-42.921238 -738.012512 1.114121 13
-52.289616 -738.404541 38.093395 13
-44.520142 -740.833496 9.776907 13
-47.707565 -741.474304 34.836933 13
-57.383354 -741.344055 42.890549 13
-47.522343 -740.487549 17.834400 13
-49.284157 -741.229126 26.196165 13
-56.476337 -741.617310 41.114594 13
-44.010464 -738.219177 3.254955 13
-51.402386 -745.610718 35.324974 13
-49.234661 -743.051758 47.106400 13
-52.589214 -744.213501 49.917564 13
-44.283016 -740.771606 15.193546 13
-54.290455 -738.005981 41.567078 13
-46.663433 -742.968262 28.287876 13
-52.491322 -743.624878 49.083534 13
-43.319553 -738.879883 5.709630 13
-46.319317 -741.204224 19.231653 13
-46.083397 -739.611206 8.205845 13
-47.117073 -739.613525 27.715796 13
-51.807423 -741.844543 45.428764 13
-45.054081 -738.069397 12.971334 13
-58.504360 -739.632324 46.487007 13
-44.059891 -738.563904 7.289323 13
-48.560059 -740.156799 39.225739 13
-57.115307 -740.152771 42.751129 13
-47.425846 -736.762085 39.849640 13
-50.306366 -736.796875 42.755409 13
-53.697556 -736.311768 50.114964 13
-46.641796 -738.681824 21.034931 13
-48.884235 -737.633484 35.827267 13
-48.733677 -742.263306 45.736305 13
-44.523506 -737.765991 9.902708 13
-55.560764 -742.390381 39.444996 13
-53.645737 -738.518616 39.467495 13
-45.950233 -737.796021 28.390730 13
-49.114567 -744.450562 30.735369 13
-43.312538 -739.851685 0.826890 13
-53.719681 -742.832275 35.747952 13
-48.472435 -742.149719 38.275742 13
-49.846619 -741.419617 35.389053 13
-55.490990 -737.580078 44.591812 13
-49.585739 -743.472839 45.386501 13
-45.313099 -740.267822 0.642896 13
-52.329315 -736.548950 45.697796 13
-45.008621 -737.858276 31.574673 13
-52.033051 -737.072693 43.009052 13
-57.106426 -737.689758 47.443905 13
-50.483818 -740.285339 30.002672 13
-58.588974 -741.438171 45.076916 13
-44.196171 -739.426697 26.749495 13
-44.115887 -738.650391 8.912516 13
-49.243031 -737.149841 39.863026 13
-57.309292 -737.781677 49.307217 13
-51.871277 -743.042969 46.094597 13
-45.038647 -740.415100 16.660639 13
-45.019096 -740.677551 7.871377 13
-57.275673 -743.012695 42.082165 13
-46.315331 -737.049316 37.578285 13
-44.191776 -739.349854 24.874323 13
-55.911366 -740.092651 40.173130 13
-56.072750 -742.572815 40.352592 13
-53.910805 -741.064209 36.123440 13
-48.860828 -742.766724 26.463423 13
-44.449841 -739.447144 23.784643 13
-56.346466 -737.547424 46.264942 13
-50.804176 -737.257812 40.971252 13
-44.578476 -737.784180 11.013741 13
-46.226067 -742.368896 24.909523 13
-50.187511 -742.771362 39.286671 13
-46.702850 -739.272644 10.976489 13
-46.990959 -740.217590 13.839997 13
-52.962261 -744.494568 35.762814 13
-57.836334 -738.292847 47.177605 13
-49.746037 -740.045776 27.358295 13
-45.328796 -740.806641 13.771347 13
-58.096310 -739.771423 45.145851 13
-49.773064 -743.201477 27.771820 13
-48.262520 -742.774292 25.672283 13
-51.871555 -739.037537 34.652756 13
-52.145100 -740.495483 33.448799 13
-56.840332 -738.755676 44.105721 13
-46.463634 -738.803772 14.061768 13
-53.660316 -737.577148 42.358128 13
-47.702362 -738.150879 28.366993 13
-44.214218 -740.490295 2.086340 13
-51.047363 -744.373596 50.007545 13
-55.961750 -738.479309 43.058731 13
-46.564262 -739.741089 26.149565 13
-52.554279 -740.170532 34.755413 13
-49.082420 -739.575317 24.747911 13
-47.034683 -737.278015 36.235409 13
-44.065105 -738.383118 4.918250 13
-47.738811 -743.980286 29.332899 13
-49.072601 -739.536255 35.748825 13
-54.552090 -735.961914 49.999660 13
-53.556049 -743.665405 36.101254 13
-48.633369 -737.974243 31.763107 13
-47.338684 -739.444702 15.192982 13
-44.732262 -737.831299 6.258937 13
-43.626686 -738.989502 3.641849 13
-47.395691 -742.641296 24.470858 13
-45.097195 -737.428772 34.145554 13
-46.200096 -738.829834 12.391870 13
-47.691822 -741.775513 29.606318 13
-54.133751 -742.150452 36.272346 13
-51.569481 -743.963501 47.561951 13
-53.026592 -739.520386 36.434502 13
-45.411690 -738.331360 9.160893 13
-46.878349 -737.538025 31.639803 13
-45.524712 -741.212646 20.816944 13
-50.625946 -742.374878 40.596565 13
-50.710720 -744.098083 31.629168 13
-45.909794 -738.194092 23.929419 13
-52.389267 -742.147461 32.820618 13
-45.150707 -738.158569 8.115564 13
-46.204666 -740.200500 12.573130 13
-49.549339 -740.774170 42.846146 13
-50.758751 -742.971680 29.967680 13
-47.163120 -741.414001 25.199614 13
-45.596546 -737.871521 29.806992 13
-46.021950 -742.147827 26.517511 13
-48.763405 -741.280701 29.395407 13
-47.890778 -741.399597 22.840530 13
-44.859703 -740.208740 19.611860 13
-48.304626 -744.350708 30.358202 13
-51.761364 -741.823486 47.285019 13
-57.903595 -743.246704 42.678288 13
-51.644550 -744.104919 48.462387 13
-51.540909 -741.775757 31.198040 13
-48.183102 -740.153137 20.870914 13
-44.974712 -740.516357 15.740333 13
-58.858536 -739.255615 49.954205 13
-48.664078 -740.594116 23.316542 13
-57.833439 -741.404480 43.682537 13
-45.281708 -740.549805 21.384203 13
-53.726810 -738.072876 40.707664 13
-54.803234 -739.841858 38.752907 13
-58.530487 -738.465820 47.987846 13
-45.142990 -740.601379 18.008926 13
-54.309799 -743.623962 37.404793 13
-58.115772 -742.428711 43.461632 13
-53.245056 -736.279480 48.294380 13
-53.820969 -739.146606 38.410084 13
-45.657089 -741.459900 22.607841 13
-48.424583 -740.057617 36.908379 13
-48.870132 -742.666748 42.781551 13
-56.119484 -736.648926 48.652252 13
-47.783974 -739.282471 19.588274 13
-57.777416 -739.995911 44.168751 13
-47.578526 -739.061707 20.423883 13
-46.171215 -740.263184 9.813755 13
-52.665855 -737.736206 40.853622 13
-45.635338 -740.917053 12.674282 13
-47.770943 -737.151428 38.164948 13
-51.795639 -738.559692 36.424244 13
-45.364117 -740.919128 19.789371 13
-43.512142 -739.309265 1.877109 13
-49.681004 -744.964783 32.625725 13
-46.998623 -737.653992 29.895508 13
-48.294518 -741.216675 40.600868 13
-57.254566 -737.418823 48.493618 13
-45.859623 -739.550232 2.863181 13
-51.202908 -743.625793 45.882336 13
-46.918072 -741.043884 26.660244 13
-49.691544 -743.610962 46.488300 13
-45.915325 -738.442261 15.625185 13
-52.464584 -736.758362 44.786995 13
-58.277695 -738.137390 48.756268 13
-52.126907 -737.759583 39.988895 13
-44.044521 -739.330811 10.304835 13
-44.398491 -738.490662 11.723491 13
-46.327751 -740.683533 23.496832 13
-48.137707 -738.778320 25.679764 13
-55.783310 -736.732117 47.666199 13
-48.642284 -741.786926 31.029133 13
-50.037193 -745.077148 34.207031 13
-48.060246 -741.538086 38.747070 13
-48.716545 -740.743774 24.197647 13
-50.295509 -742.876709 28.832470 13
-52.776821 -744.485413 50.703442 13
-55.342937 -736.969116 46.079319 13
-47.205173 -737.376282 35.404663 13
-47.545052 -741.260376 33.127300 13
-49.349094 -743.136780 44.210884 13
-48.761395 -742.402100 41.688652 13
-48.278744 -739.497498 32.073948 13
-55.797695 -740.864624 39.648914 13
-47.268990 -738.556152 24.433746 13
-48.283157 -740.245178 21.709230 13
-52.442699 -743.237305 50.019001 13
-48.539394 -742.111328 44.234783 13
-52.462460 -742.727417 47.774696 13
-50.200676 -737.042542 41.628349 13
-44.305992 -738.342163 8.144520 13
-46.559319 -739.107727 10.008743 13
-50.132160 -743.070801 42.194702 13
-48.204525 -739.965637 35.045731 13
-44.943062 -740.668823 2.466642 13
-52.180866 -735.515869 49.169792 13
-54.468056 -736.305176 48.410328 13
-46.058487 -742.043701 21.943787 13
-44.559879 -740.907776 14.416408 13
-56.177368 -736.266785 49.439514 13
-53.351364 -744.994629 37.470413 13
-46.210033 -738.570190 23.142736 13
-45.300957 -738.200317 25.924086 13
-49.149757 -736.239990 44.044655 13
-53.226334 -741.714233 34.423630 13
-45.671429 -739.860718 1.307794 13
-45.292904 -738.832397 19.929991 13
-48.532597 -739.215332 24.106102 13
-54.979527 -736.323303 49.150284 13
-54.129372 -736.477417 46.909779 13
-50.761215 -738.701660 33.888165 13
-47.229290 -740.511963 32.914444 13
-46.396770 -740.157776 24.383591 13
-49.383694 -742.672668 39.464924 13
-54.721928 -741.472778 37.583775 13
-58.889767 -740.614441 46.468719 13
-45.837097 -740.568115 11.023724 13
-47.236477 -741.384094 21.346951 13
-46.156639 -738.697021 20.011580 13
-56.166218 -737.945557 44.907055 13
-48.936565 -736.382690 43.232983 13
-50.155983 -737.960449 36.470627 13
-50.951176 -742.718811 42.260830 13
-50.855694 -741.650940 29.929953 13
-48.305717 -741.898499 40.035633 13
-49.841881 -741.707947 27.645727 13
-44.787827 -740.001343 18.561058 13
-52.855991 -738.192322 39.305359 13
-50.510868 -738.283325 35.439747 13
-47.604668 -741.465271 30.356253 13
-44.365555 -739.514587 14.299796 13
-50.470531 -737.531555 39.276348 13
-49.983486 -743.564636 48.528458 13
-46.205536 -738.459717 16.746687 13
-49.138817 -737.434692 37.621315 13
-45.830288 -740.153809 8.792185 13
-45.082561 -738.454407 15.508130 13
-53.825008 -736.687134 45.770157 13
-44.234306 -740.343140 3.835689 13
-46.567963 -736.847412 38.372433 13
-51.630310 -738.025330 38.388500 13
-45.909168 -737.681885 30.907347 13
-47.321045 -741.126587 31.478212 13
-47.526810 -737.644653 30.835005 13
-48.020374 -740.739258 37.759171 13
-45.693577 -738.354370 1.552972 13
-46.095997 -738.706299 18.484674 13
-48.467873 -738.276794 29.619488 13
-52.380299 -744.148926 51.488934 13
-57.458794 -738.819031 45.269695 13
-45.616856 -738.752502 5.601936 13
-49.748669 -738.909790 30.499704 13
-48.133701 -738.642090 26.686918 13
-51.638065 -742.333374 44.061954 13
-44.394794 -739.643066 15.995400 13
-53.763466 -739.864014 37.164528 13
-51.485817 -736.771179 44.157074 13
-46.443783 -739.232361 21.722309 13
-44.407166 -740.769043 10.660904 13
-47.910267 -739.085693 21.998457 13
-46.467155 -740.417114 15.577515 13
-46.743340 -740.711609 17.872065 13
-47.583481 -740.146851 17.046158 13
-49.415073 -739.325439 27.333355 13
-45.793060 -738.413025 21.505619 13
-51.199772 -742.703613 43.230083 13
-50.805885 -736.396545 45.079136 13
-44.257504 -738.761108 28.250706 13
-46.797195 -738.224670 25.895752 13
-56.430588 -737.287415 47.271919 13
-43.620846 -739.576355 4.633649 13
-45.244804 -738.203064 11.125680 13
-47.009727 -740.016235 14.737595 13
-50.993179 -736.045898 46.624790 13
-43.880978 -740.322693 6.589578 13
-50.275398 -741.800964 28.663805 13
-54.476864 -742.259827 37.032688 13
-50.546837 -743.356018 43.741337 13
-45.146191 -740.678345 8.655324 13
-45.818592 -740.401001 5.859400 13
-44.187767 -737.858704 1.301002 13
-51.752918 -742.970764 32.230526 13
-48.143406 -743.615112 27.608446 13
-45.464066 -738.090820 26.730972 13
-45.059734 -739.073730 17.331976 13
-49.331829 -742.463135 37.858501 13
-49.177494 -739.506348 37.522453 13
-45.585629 -740.068909 3.690533 13
-44.475143 -740.497681 12.240680 13
-46.905018 -737.810303 28.728348 13
-51.679195 -737.240295 41.547173 13
-58.771137 -742.928589 43.983582 13
-48.732334 -738.193115 30.762836 13
-53.860687 -743.895386 36.827770 13
-45.574192 -738.363464 12.311213 13
-59.335579 -739.066040 49.347725 13
-44.094612 -739.853577 10.981581 13
-47.539585 -739.169128 18.747236 13
-45.213936 -737.545471 33.387772 13
-50.815441 -743.833435 46.591354 13
-44.539654 -739.239990 21.840816 13
-46.815266 -742.329529 23.021908 13
-49.633316 -738.541992 31.926594 13
-46.963261 -740.278503 29.504602 13
-47.774891 -741.044250 20.300648 13
-47.080715 -740.145142 16.394382 13
-50.737274 -738.978027 32.755474 13
-45.502033 -738.504395 7.101705 13
-48.784374 -737.550598 36.614002 13
-50.079353 -742.153259 38.298561 13
-46.025639 -740.781616 16.843472 13
-43.501350 -738.761292 6.783926 13
-55.163074 -737.148438 45.146935 13
-51.982342 -741.079468 32.587139 13
-50.382423 -744.788635 33.097645 13
-45.522942 -738.774292 3.587633 13
-56.428066 -740.068726 41.256054 13
-43.576527 -739.260681 7.508786 13
-46.532719 -740.569214 25.030075 13
-46.482613 -738.720337 19.150961 13
-44.651199 -739.830566 20.410309 13
-51.333366 -736.954651 42.557835 13
-45.833092 -740.466187 14.220730 13
-52.809834 -738.638184 37.556625 13
-51.699028 -739.867432 33.353077 13
-43.471947 -738.381409 0.723187 13
-48.559040 -742.035583 43.108555 13
-45.117863 -740.546570 4.542822 13
-47.776733 -740.569702 19.093016 13
-51.491833 -745.168640 35.988827 13
-50.007847 -740.395020 28.494600 13
-47.061455 -738.722961 21.956480 13
-50.994221 -744.274841 48.813354 13
-48.858746 -743.776550 27.969570 13
-44.059658 -740.387939 9.333815 13
-47.982609 -741.725037 31.977421 13
-48.903461 -739.675903 23.166401 13
-44.164280 -737.484436 32.808189 13
-46.244587 -737.578369 30.122948 13
-51.964600 -736.069641 47.659176 13
-57.367416 -738.402222 45.905655 13
-44.367092 -740.322998 5.216262 13
-47.531139 -738.568726 25.185293 13
-43.810265 -738.817139 12.082744 13
-47.544006 -741.140869 34.169609 13
-47.764400 -741.348999 36.683670 13
-49.351883 -744.107666 29.260389 13
-43.332481 -739.094788 1.072140 13
-45.876873 -739.509338 -0.138816 13
-51.898861 -743.719177 33.098785 13
-45.121975 -738.227600 2.025458 13
-51.552437 -736.467651 45.684658 13
-50.054848 -743.989258 47.886749 13
-45.610947 -737.188599 35.622124 13
-47.752140 -740.058167 33.413715 13
-47.028748 -740.072693 30.917906 13
-50.794090 -740.270508 30.728975 13
-58.470798 -738.732483 49.507095 13
-52.375416 -739.002197 35.919765 13
-43.750782 -738.536804 2.286681 13
-46.941635 -739.283997 12.285998 13
-45.425240 -740.659973 22.114305 13
-46.681843 -743.152893 27.450790 13
-49.024536 -741.225281 25.494873 13
-48.054466 -742.041321 23.853745 13
-48.943020 -742.527954 46.568398 13
-49.424385 -735.761658 45.303532 13
-48.532818 -742.187317 25.138603 13
-50.134346 -744.675171 31.677366 13
-51.294270 -740.367615 32.012226 13
-44.518661 -738.485596 13.313191 13
-44.359833 -738.454468 9.634340 13
-46.886219 -740.782776 27.576574 13
-48.391483 -741.320801 42.893261 13
-46.465038 -741.499390 20.383007 13
-47.347786 -743.672791 28.380428 13
-47.652847 -737.507446 33.495876 13
-45.094639 -740.656372 7.119455 13
-50.937458 -742.158081 41.435436 13
-50.252331 -741.493042 37.934761 13
-46.713753 -739.955505 28.278461 13
-53.169357 -740.005737 35.833286 13
-52.528442 -736.091370 48.327301 13
-48.964134 -737.223145 38.985439 13
-48.853985 -742.134155 35.083431 13
-59.016563 -741.982300 46.217808 13
-51.470924 -738.942566 34.027435 13
-49.100574 -738.896545 28.675903 13
-45.543083 -740.465027 10.162615 13
-45.637699 -741.274353 18.959946 13
-44.434010 -738.183289 30.446945 13
-45.523712 -738.430847 14.123540 13
-46.317200 -737.446716 32.393715 13
-48.767914 -742.240417 36.284637 13
-52.596188 -736.542786 46.921696 13
-49.643642 -741.185669 43.517597 13
-58.016983 -738.806274 46.671867 13
-51.839294 -744.408386 50.097515 13
-54.946213 -739.477051 39.453270 13
-44.546520 -738.979065 25.856104 13
-46.406055 -738.383362 24.434853 13
-54.975937 -738.920349 40.659599 13
-52.560753 -743.034424 33.528614 13
-48.854988 -742.545959 38.953289 13
-45.119198 -740.961975 11.374512 13
-46.879704 -742.766052 24.958759 13
-53.300507 -741.173035 34.940235 13
-49.535103 -743.013550 42.810780 13
-49.381039 -739.764709 25.772245 13
-46.085144 -739.701416 22.956192 13
-44.231892 -740.598694 8.005210 13
-47.741760 -737.528564 32.348850 13
-44.337898 -739.696716 13.459730 13
-47.708866 -736.179565 42.583805 13
-49.891514 -738.322937 33.867542 13
-44.564476 -739.100647 15.250159 13
-49.943874 -742.847595 40.909985 13
-52.948429 -737.368530 42.402393 13
-52.734028 -735.754639 49.728577 13
-43.934452 -739.702698 16.593044 13
-48.606552 -744.703674 31.870489 13
-53.496964 -735.949707 49.520203 13
-52.683525 -744.871460 36.405567 13
-50.955524 -737.869934 37.860252 13
-59.203220 -740.501709 47.975101 13
-50.731281 -745.309998 34.153717 13
-50.199795 -735.955261 45.565128 13
-47.875858 -740.972778 21.949484 13
-45.594761 -737.668274 32.364159 13
-47.270584 -739.068604 17.796337 13
-43.718121 -740.284363 4.478769 13
-54.599491 -745.420410 38.709335 13
-48.398426 -741.991943 33.874149 13
-45.735245 -739.712585 4.300784 13
-48.617691 -739.989380 38.529659 13
-56.169449 -739.236938 41.798111 13
-44.469570 -740.561157 13.072625 13
-50.278461 -743.588684 45.240479 13
-49.376019 -743.028015 26.974613 13
-44.720619 -739.040649 24.490618 13
-44.731750 -740.126526 21.057859 13
-56.390865 -737.855286 45.595615 13
-44.460499 -739.883118 25.515396 13
-56.555599 -738.758972 43.445446 13
-48.419449 -741.711670 41.632198 13
-48.610214 -737.696899 33.594593 13
-51.364918 -737.763672 39.071430 13
-56.703472 -737.068298 48.780170 13
-43.742973 -740.168274 7.324838 13
-46.775494 -737.255798 36.906353 13
-49.811474 -740.655518 27.746311 13
-51.873676 -742.176453 44.793407 13
-55.394512 -742.069946 38.831207 13
-43.935364 -738.486267 4.192815 13
-44.354809 -738.790955 27.159552 13
-48.583023 -740.039307 22.365356 13
-44.988113 -738.188232 14.694818 13
-52.826401 -741.470825 33.871143 13
-48.808342 -743.935120 28.821936 13
-49.986073 -736.326721 44.188980 13
-48.027187 -739.489441 18.217209 13
-51.414913 -735.352844 47.853447 13
-43.903347 -738.352234 29.358074 13
-52.264851 -742.322571 47.181759 13
-44.653858 -737.186768 34.679386 13
-48.579304 -741.380249 44.304356 13
-44.574001 -740.139771 23.614441 13
-58.741508 -739.674744 47.156551 13
-46.349907 -737.890869 27.446665 13
-45.793926 -739.890137 5.342762 13
-51.352695 -742.951660 30.935593 13
-53.296917 -736.473633 47.286411 13
-54.881996 -743.090637 38.131107 13
-49.368816 -737.393921 38.377605 13
-59.165691 -741.002686 47.110794 13
-46.140247 -738.158813 25.466175 13
-52.990925 -736.643311 45.919342 13
-44.648617 -740.576660 6.575101 13
-43.699032 -739.460022 5.939555 13
-52.020939 -742.400574 45.822399 13
-47.664703 -739.821655 31.793568 13
-53.056427 -743.176147 34.585167 13
-44.721638 -741.084778 13.498278 13
-47.340759 -738.159851 27.383301 13
-44.964169 -740.546265 -0.103143 13
-43.866070 -740.232300 8.644449 13
-47.485489 -741.618042 27.974340 13
-49.086189 -742.153076 34.087639 13
-46.306774 -739.085999 11.552787 13
-56.223873 -741.345459 40.530025 13
-47.355534 -739.259521 17.070000 13
-50.473919 -736.692566 43.432266 13
-46.271328 -738.503723 17.625839 13
-54.013203 -737.241455 43.718563 13
-53.773918 -736.935364 44.812908 13
-48.162388 -737.853760 31.046515 13
-50.381184 -742.101318 39.192074 13
-55.082745 -736.765015 46.701637 13
-49.233711 -741.961182 26.387018 13
-59.284569 -739.518372 48.813538 13
-47.533905 -740.218750 18.482489 13
-44.673412 -739.685669 22.397484 13
-47.668514 -741.632385 26.681601 13
-49.891216 -738.839355 31.270620 13
-49.861217 -738.513916 32.610970 13
-51.214092 -737.425293 40.437271 13
-50.825485 -735.350342 47.052040 13
-45.870419 -741.725403 21.227400 13
-58.421272 -740.777466 45.275772 13
-45.981300 -740.113037 11.610372 13
-58.715900 -739.133240 47.937344 13
-44.175613 -738.180176 5.639209 13
-48.486664 -739.556458 32.726955 13
-45.785042 -740.682251 15.330086 13
-46.533844 -740.712463 16.270931 13
-48.390102 -741.101257 42.246532 13
-48.873428 -736.633850 42.013115 13
-50.191547 -737.554138 38.582512 13
-44.914215 -738.923218 23.416636 13
-50.096424 -740.437561 43.185913 13
-52.457172 -740.421448 34.114262 13
-47.392059 -741.940247 22.599482 13
-44.731960 -740.664978 0.871646 13
-47.497353 -737.277588 36.764408 13
-48.755104 -741.875916 32.656513 13
-44.886288 -738.097473 4.633173 13
-47.232250 -740.834839 19.462511 13
-49.555714 -743.643616 47.215775 13
-51.369003 -741.566528 45.993507 13
-46.088837 -740.864441 17.603075 13
-50.861420 -743.968567 47.329494 13
-50.068943 -737.148499 40.941025 13
-54.563477 -739.032898 39.899078 13
-47.820999 -740.524292 36.174599 13
-48.325165 -738.489136 28.131510 13
-58.177990 -741.315796 44.395714 13
-43.146019 -739.723877 0.177130 13
-55.311714 -740.669922 38.834805 13
-44.571404 -737.886658 3.511353 13
-54.300335 -737.800537 42.426079 13
-47.834774 -742.956909 25.034351 13
-52.641968 -737.488892 41.544067 13
-55.782162 -736.836731 49.673565 13
-50.900467 -739.410034 31.538572 13
-45.667355 -738.529907 22.370310 13
-49.309525 -740.522644 25.950827 13
-43.861816 -738.801697 11.401755 13
-47.301289 -741.227722 28.759956 13
-58.234039 -739.611633 45.801529 13
-49.288754 -739.372131 26.343998 13
-43.699467 -739.071289 5.136623 13
-45.490314 -737.027954 36.590229 13
-46.919636 -736.694702 39.389122 13
-49.227932 -744.873718 33.125992 13
-50.400696 -743.874573 30.580280 13
-50.384182 -740.770996 44.550648 13
-48.257870 -740.413208 39.780022 13
-44.775692 -739.620300 19.131033 13
-51.079502 -738.299927 36.858593 13
-45.510937 -741.181946 17.987297 13
-54.651554 -740.373474 37.814438 13
-49.486477 -736.606323 42.902187 13
-45.158314 -740.647705 13.078219 13
-47.592716 -740.431274 34.321079 13
-44.239075 -739.357727 12.337291 13
-44.920334 -740.375977 17.389654 13
-48.148827 -735.975891 43.038044 13
-45.096916 -739.045105 19.321053 13
-52.161011 -738.506897 37.318489 13
-47.094601 -739.186279 15.812531 13
-43.929672 -739.350891 8.437757 13
-45.683167 -740.110840 6.495939 13
-48.620529 -738.987549 26.163589 13
-45.541630 -741.117065 24.136005 13
-49.504536 -737.925842 35.068611 13
-48.544430 -742.337280 45.088131 13
-43.725777 -740.289612 3.323671 13
-49.029442 -740.264893 24.581341 13
-52.257473 -739.540588 34.865318 13
-46.354370 -739.069702 8.574015 13
-43.914684 -740.101929 1.263786 13
-45.862743 -737.411804 34.941853 13
-55.648159 -738.951843 41.464321 13
-45.303085 -740.699768 3.056484 13
-46.840183 -742.953735 25.933159 13
-57.320782 -744.208496 41.673050 13
-54.436291 -738.382141 41.017231 13
-50.976532 -741.471191 40.208832 13
-47.258881 -740.603271 32.232956 13
-47.443428 -743.366699 26.923313 13
-58.738625 -742.073181 44.958645 13
-49.430954 -737.780762 36.214855 13
-44.404896 -738.154480 10.462687 13
-50.620087 -739.676147 30.514896 13
-43.954983 -739.338135 9.639147 13
-46.875980 -738.634216 23.039253 13
-47.272041 -742.553528 23.816212 13
-56.609966 -740.952637 41.367821 13
-50.013657 -741.608765 37.008305 13
-50.667633 -741.397339 39.286762 13
-57.768852 -737.718872 48.823578 13
-46.885899 -736.280212 40.724255 13
-50.771389 -743.370972 44.406105 13
-45.216881 -738.787781 21.204971 13
-45.607796 -737.813965 28.957106 13
-52.490288 -738.313477 38.715569 13
-46.135170 -739.630737 2.257713 13
-44.233238 -740.193787 11.667187 13
-48.625450 -738.797119 27.410492 13
-57.725117 -741.934753 43.264412 13
-49.973747 -741.040833 35.925949 13
-59.781242 -740.072815 49.044891 13
-49.871742 -735.659302 46.223106 13
-48.345108 -741.769165 24.394003 13
-46.051682 -742.083252 23.840044 13
-56.568207 -738.355408 44.583473 13
-53.907692 -744.836548 38.061302 13
-43.847775 -740.265076 5.931000 13
-52.975189 -737.052246 43.700428 13
-46.109875 -737.954651 26.799112 13
-51.097771 -738.596680 35.368332 13
-48.867004 -737.885742 33.028439 13
-48.389309 -739.248474 23.272079 13
-48.899414 -739.932190 40.493141 13
-47.767651 -736.538513 41.394928 13
-46.691231 -739.966553 13.250747 13
-46.959457 -740.441956 28.867138 13
-57.926979 -740.837891 44.015507 13
-44.903999 -738.994080 16.200598 13
-50.370483 -742.480103 39.932377 13
-42.980923 -738.613770 1.381995 13
-47.104969 -740.720642 30.027540 13
-57.140175 -740.812012 42.595722 13
-50.094105 -741.008911 36.668224 13
-44.579254 -738.424377 28.959988 13
-54.694942 -742.131104 37.684685 13
-47.918182 -741.755127 36.125004 13
-46.524654 -737.376099 34.777397 13
-46.364113 -742.739929 26.497507 13
-45.843384 -740.449463 4.977238 13
-45.657745 -738.704285 17.175987 13
-48.418964 -737.805237 32.364681 13
-51.248425 -742.313904 42.671776 13
-46.796482 -739.272461 13.695272 13
-47.325153 -741.083923 20.771275 13
-54.852974 -736.886780 45.656490 13
-51.464443 -744.470520 33.435520 13
-52.016373 -742.387146 32.071629 13
-52.794727 -742.128296 48.355633 13
-43.773380 -740.389832 2.662950 13
-48.739937 -739.625488 34.093884 13
-44.405930 -740.185730 14.408450 13
-46.545361 -741.482544 24.985857 13
-44.382633 -740.232910 15.708179 13
-49.038494 -744.315247 30.111513 13
-48.596432 -739.194519 24.951618 13
-45.969013 -742.090149 25.868126 13
-51.406910 -743.076782 44.645069 13
-47.258774 -743.614197 29.571360 13
-45.352993 -738.683960 18.500183 13
-53.855698 -736.349731 48.632099 13
-45.098156 -738.550415 24.668177 13
-45.479862 -740.774597 22.746777 13
-48.331966 -742.007324 37.332905 13
-50.566898 -741.615906 29.348368 13
-45.030712 -737.952576 9.550312 13
-46.831085 -741.824402 21.701607 13
-50.801239 -740.920593 45.037502 13
-47.400784 -743.143372 26.172792 13
-54.312477 -744.336060 38.103840 13
-45.174744 -740.973938 12.230812 13
-48.926704 -738.631958 29.296223 13
-44.350258 -739.222717 13.000857 13
-55.672905 -736.468689 49.083870 13
-44.557240 -738.631470 14.045296 13
-46.175201 -739.642944 9.966705 13
-57.098900 -741.403015 42.339188 13
-55.340569 -743.524780 39.147041 13
-47.978062 -741.212341 38.196583 13
-47.622864 -737.805359 29.905428 13
-52.709133 -742.019470 33.392979 13
-49.827702 -742.971497 41.642189 13
-52.818336 -744.092407 35.254730 13
-49.509583 -740.574829 26.747183 13
-55.523460 -737.868103 44.007912 13
-46.147991 -740.468323 10.464640 13
-47.074116 -737.061401 38.052338 13
-55.431217 -738.367615 42.703781 13
-53.201588 -738.841675 38.010826 13
-47.872463 -740.366638 35.538147 13
-54.162590 -740.701965 36.600227 13
-49.878262 -737.313110 39.662258 13
-58.094650 -738.190918 49.433891 13
-48.924828 -742.883850 45.537502 13
-48.015278 -736.567566 41.983776 13
-47.113037 -738.879456 19.108330 13
-45.638290 -738.823669 2.320824 13
-53.019917 -739.187927 37.020332 13
-48.768848 -736.924011 40.991608 13
-45.383018 -738.078003 28.062170 13
-51.278763 -742.198303 45.348579 13
-51.577145 -745.028809 35.107605 13
-50.696342 -740.929077 29.956047 13
-46.419277 -740.192017 14.203629 13
-46.775745 -739.900574 12.605062 13
-54.759624 -737.539001 43.472637 13
-45.951210 -739.571533 6.849721 13
-44.890060 -737.034546 35.405365 13
-55.157436 -741.299561 38.448124 13
-57.134491 -738.751770 44.683071 13
-47.331387 -738.659241 23.549143 13
-44.201694 -738.699402 10.207404 13
-55.213062 -744.515320 39.560734 13
-45.070168 -738.157043 6.771267 13
-55.181976 -738.470215 41.963890 13
-46.699806 -740.467041 26.463247 13
-48.760628 -739.746826 36.264275 13
-48.112373 -741.489075 29.227938 13
-44.950500 -739.124512 20.430201 13
-52.310482 -743.642151 33.638916 13
-45.813114 -738.568726 10.954113 13
-50.155205 -743.711975 30.029278 13
-51.170357 -743.684570 31.378668 13
-49.703274 -739.055664 29.770708 13
-52.886074 -744.576782 51.345570 13
-53.712368 -738.399597 40.095730 13
-48.177040 -740.824097 39.164295 13
-46.592995 -737.397339 32.977291 13
-44.287235 -738.137268 6.713908 13
-48.335327 -740.416382 41.148594 13
-46.154694 -738.686768 14.590569 13
-45.249580 -740.862671 16.196045 13
-56.380489 -742.103333 40.630238 13
-56.052578 -740.793701 40.228344 13
-43.653198 -740.384033 0.771321 13
-45.693321 -741.353638 24.834236 13
-45.792244 -740.104919 7.791772 13
-51.893539 -743.526794 47.260529 13
-49.428688 -737.995117 34.238972 13
-50.045124 -743.224670 28.363464 13
-54.334568 -739.450623 38.608547 13
-43.595451 -739.322021 3.105265 13
-45.056046 -739.072449 18.022247 13
-45.026699 -740.687134 5.834150 13
-46.263573 -737.476807 33.581268 13
-53.051613 -736.900391 44.625076 13
-44.515961 -737.935364 12.680695 13
-56.047527 -744.805786 40.311100 13
-46.384174 -738.860229 13.362029 13
-46.929455 -738.941223 16.656475 13
-44.483936 -737.839111 2.810177 13
-48.051472 -739.853760 19.586803 13
-50.809952 -744.349121 49.409519 13
-50.978806 -744.231079 32.295654 13
-47.321190 -739.339905 28.511215 13
-56.961433 -739.601379 42.986492 13
-56.722584 -737.632446 46.837978 13
-49.755772 -742.446106 27.619982 13
-50.836876 -741.529724 45.316452 13
-49.569572 -738.238342 33.128242 13
-48.845860 -742.651184 44.303642 13
-45.103397 -738.228516 27.236330 13
-44.365379 -740.740601 0.056656 13
-43.980728 -738.729736 13.133508 13
-59.868195 -739.462891 49.641037 13
-46.263210 -738.973083 7.949324 13
-47.854305 -741.529968 35.473892 13
-43.880417 -739.222046 10.941162 13
-50.489342 -735.831421 46.199070 13
-56.888721 -743.023987 41.588909 13
-50.311932 -744.142029 48.454510 13
-56.831814 -740.319763 41.692894 13
-53.814114 -738.888550 38.978680 13
-51.782436 -736.852356 43.567886 13
-47.938019 -738.990906 22.920532 13
-44.952812 -738.147705 4.004402 13
-52.037544 -744.668152 34.905201 13
-48.177353 -736.760498 40.903877 13
-56.869377 -744.266541 41.213993 13
-47.833317 -736.776611 40.317135 13
-55.141407 -736.738525 49.883671 13
-47.271954 -739.766113 15.879751 13
-48.386055 -737.555603 34.650982 13
-52.515751 -740.945496 33.767220 13
-53.408958 -742.997803 35.147961 13
-49.412651 -736.122742 44.606506 13
-50.415035 -742.950806 40.450806 13
-43.397343 -739.303345 4.111548 13
-44.718624 -739.974182 16.956272 13
-46.348591 -739.796753 11.154858 13
-49.054852 -737.034973 40.450802 13
-49.946377 -737.737549 37.344891 13
-44.027519 -737.804382 31.120983 13
-49.480034 -743.218750 44.822548 13
-46.636150 -737.422974 34.147995 13
-49.421925 -741.704956 26.952377 13
-55.503559 -739.249268 40.687775 13
-47.881626 -737.128967 38.789829 13
-53.902176 -735.735901 50.060932 13
-51.558083 -743.267944 45.513172 13
-55.786396 -743.788940 40.135208 13
-44.936699 -740.262207 22.298933 13
-54.693504 -744.258972 38.617626 13
-54.594124 -736.387939 47.811264 13
-51.400833 -739.734009 32.773167 13
-47.733521 -737.475159 34.623501 13
-49.724625 -742.531372 37.205059 13
-54.133144 -737.130859 44.341637 13
-48.672985 -742.552368 36.811172 13
-46.877258 -740.202332 27.749437 13
-47.600159 -738.380859 26.841635 13
-48.171947 -741.657532 39.442505 13
-50.443985 -736.979614 42.197788 13
-54.916569 -742.527161 38.350277 13
-52.144997 -742.666138 46.500950 13
-48.689129 -737.626465 35.246468 13
-56.909847 -738.013306 45.968437 13
-51.702415 -736.153503 47.087460 13
-45.796024 -741.297058 19.575335 13
-46.634754 -741.474060 19.670473 13
-54.889503 -743.588867 38.748657 13
-52.003754 -744.422424 34.279541 13
-45.057510 -738.865356 22.724739 13
-52.548382 -743.186035 48.456772 13
-51.679604 -743.570923 32.497204 13
-48.261276 -740.924866 23.017042 13
-46.284294 -742.092163 22.548443 13
-48.331772 -743.452698 27.041517 13
-54.788944 -744.664246 39.108059 13
-54.755836 -737.197510 44.683239 13
-50.126862 -739.461304 29.416601 13
-53.657719 -741.098267 35.516670 13
-46.421478 -737.597168 31.226809 13
-55.903019 -742.848022 39.825775 13
-51.399574 -736.300293 46.265274 13
-55.411247 -743.945374 39.678879 13
-47.907402 -744.168396 29.910589 13
-51.650982 -740.884766 32.112247 13
-45.085297 -737.649048 1.855662 13
-45.183353 -738.217712 5.817843 13
-57.681454 -737.311340 49.256203 13
-47.873314 -741.079834 37.256493 13
-48.263260 -737.501831 35.750416 13
-53.186554 -735.959167 50.083359 13
-52.198441 -739.096375 35.344967 13
-54.728615 -737.798889 42.929565 13
-52.843044 -743.134521 49.130978 13
-59.282166 -741.236755 46.424244 13
-46.112289 -740.727051 22.928976 13
-56.120991 -739.963379 40.752567 13
-52.859631 -740.090332 35.303986 13
-44.613205 -739.671997 23.193724 13
-45.296478 -738.390747 13.484134 13
-44.740501 -740.768982 9.134399 13
-53.380798 -745.600952 37.462955 13
-43.516422 -739.650696 1.374770 13
-45.400459 -738.257263 25.314678 13
-44.029644 -739.959473 9.771396 13
-43.620022 -738.992065 8.878025 13
-52.978188 -740.651978 34.872486 13
-48.927898 -742.757629 38.197403 13
-46.960106 -738.777710 20.543829 13
-57.603352 -738.401123 46.514477 13
-55.520355 -744.972534 39.838440 13
-47.875175 -740.446350 20.430805 13
-56.848976 -741.442993 41.669422 13
-54.564098 -741.027649 37.223354 13
-44.783043 -738.035278 31.009249 13
-46.478180 -738.718872 15.525920 13
-47.133820 -740.550842 31.265755 13
-47.627842 -736.962402 39.316654 13
-48.030762 -741.751526 34.380939 13
-46.102428 -737.286499 35.963173 13
-44.653683 -737.944336 7.852144 13
-47.857635 -737.278442 37.571922 13
-48.928085 -740.828613 24.877239 13
-56.104530 -744.083191 40.544724 13
-48.792625 -739.566406 22.065706 13
-44.678165 -741.120056 11.865242 13
-44.648994 -737.803345 32.057354 13
-44.583351 -739.367126 18.203630 13
-52.584496 -737.105652 43.243176 13
-43.877499 -738.695740 5.580681 13
-52.896072 -745.050964 36.934620 13
-48.165710 -741.640625 30.682911 13
-49.427364 -741.899658 35.222984 13
-50.209061 -740.943542 28.754862 13
-52.137650 -743.787109 48.647572 13
-48.060352 -738.182495 29.167942 13
-50.039257 -739.509399 28.785379 13
-43.352306 -739.283325 2.479547 13
-49.281815 -736.813354 41.593159 13
-45.647476 -739.844360 0.294752 13
-46.382454 -739.568237 24.285671 13
-51.512081 -743.142944 31.614542 13
-52.464848 -736.521606 46.259655 13
-52.746395 -743.640076 49.635220 13
-56.531471 -743.404541 41.059349 13
-45.116104 -740.760803 9.868617 13
-53.680069 -742.300537 35.406635 13
-49.222565 -743.044434 43.300709 13
-49.305553 -742.723755 40.456974 13
-45.492527 -740.102966 2.795628 13
-57.302143 -740.090942 43.302685 13
-52.859135 -743.854675 51.284100 13
-46.039616 -740.215332 23.241589 13
-48.672588 -739.755676 35.331638 13
-50.952225 -744.591675 33.108532 13
-53.834675 -739.620667 37.707493 13
-46.637596 -740.040283 25.639479 13
-46.960228 -741.116455 25.822531 13
-51.260162 -741.241150 31.016409 13
-51.386719 -741.817566 46.763454 13
-48.485600 -742.478638 40.562016 13
-53.404003 -736.290344 48.999565 13
-52.239956 -744.024231 49.440842 13
-45.665257 -737.548828 33.759384 13
-47.429897 -741.257446 30.890644 13
-48.125919 -741.965698 35.028114 13
-57.853470 -739.242859 45.419682 13
-49.753941 -743.654297 45.900860 13
-55.495052 -739.823975 39.847416 13
-48.672516 -737.129822 39.777332 13
-46.021225 -739.386230 5.557632 13
-50.405205 -745.014648 33.726707 13
-51.289108 -735.769897 48.303631 13
-53.857643 -736.625854 46.385330 13
-45.958160 -741.613281 20.624472 13
-48.325142 -740.473755 41.891834 13
-46.694939 -739.079224 22.266405 13
-55.865520 -737.232605 46.205051 13
-48.257072 -744.016113 29.059217 13
-51.968540 -745.488098 35.927021 13
-44.554676 -740.587952 1.613519 13
-49.415554 -739.190857 28.264839 13
-49.751240 -744.670410 32.115368 13
-53.451805 -741.921448 34.933804 13
-52.347832 -743.947876 34.181435 13
-55.530415 -742.972229 39.238613 13
-46.642994 -740.875244 18.418043 13
-51.078869 -740.577393 31.173462 13
-52.831116 -743.707520 34.740372 13
-48.729534 -742.393982 39.508678 13
-45.731144 -738.955688 6.297831 13
-56.205379 -738.679016 42.573944 13
-44.586807 -739.499268 17.297745 13
-48.731888 -735.851257 44.172070 13
-43.755756 -739.018250 6.324555 13
-51.116470 -736.652771 44.584846 13
-49.905907 -742.659119 38.034771 13
-58.817913 -740.115845 46.758602 13
-47.288982 -739.756409 29.631607 13
-46.930264 -737.726074 29.324366 13
-48.258320 -740.949341 43.454601 13
-47.551888 -737.472717 32.921055 13
-44.286385 -738.187927 31.703854 13
-51.443287 -744.689697 33.978371 13
-50.608253 -737.419556 39.886070 13
-50.596958 -742.901733 29.412853 13
-45.019657 -738.066956 29.266333 13
-51.509586 -742.381165 31.038076 13
-53.215904 -737.879822 40.934486 13
-55.945110 -742.239380 39.894081 13
-57.859837 -742.752991 42.987255 13
-56.317715 -742.944641 40.737507 13
-51.643692 -739.350769 33.673840 13
-53.587959 -740.605347 35.882683 13
-44.171928 -739.928833 12.173251 13
-46.070530 -739.662903 7.507328 13
-46.219234 -736.341736 38.682365 13
-51.331249 -738.499817 35.924805 13
-45.910103 -737.056030 37.062420 13
-43.438484 -737.989868 1.367748 13
-45.890202 -736.657532 37.617134 13
-47.488228 -737.457947 34.039780 13
-47.971825 -741.780518 23.333000 13
-50.108433 -741.299744 43.846130 13
-49.224590 -743.350464 27.958403 13
-44.325485 -740.362976 11.075810 13
-53.475342 -744.505920 37.207546 13
-48.096123 -739.277649 21.480501 13
-53.239437 -744.137207 36.162277 13
-53.826347 -737.785889 41.842297 13
-52.205765 -741.617981 32.596737 13
-49.808788 -743.640564 29.301222 13
-55.795429 -738.226318 43.553337 13
-53.911335 -741.730408 35.947826 13
-48.487125 -739.557617 20.750738 13
-48.683208 -738.267822 30.190645 13
-52.002701 -736.780212 44.449947 13
-48.951073 -742.796448 25.914425 13
-45.387127 -737.846375 31.128864 13
-44.225956 -740.419678 0.694537 13
-48.339737 -741.446472 41.126099 13
-46.975842 -739.330811 14.668303 13
-45.515488 -740.513245 7.508805 13
-44.057152 -738.243103 2.691506 13
-47.591557 -741.069214 35.234806 13
-49.620270 -737.119568 40.465359 13
-58.386513 -742.504028 43.980610 13
-57.229435 -739.226257 44.096199 13
-46.573486 -736.236206 39.444420 13
-47.113338 -736.665527 40.311203 13
-44.359451 -737.902039 4.848821 13
-45.908222 -741.889099 24.895885 13
-48.705051 -740.154480 22.907946 13
-45.986755 -740.705933 8.822153 13
-56.830864 -737.523682 49.089771 13
-48.997581 -736.531311 42.615372 13
-44.597248 -739.759583 24.812613 13
-44.916634 -737.861633 10.520061 13
-57.032356 -737.462769 47.977329 13
-46.007664 -742.285645 24.394644 13
-49.184963 -738.254578 31.731573 13
-50.208447 -743.813965 46.515423 13
-49.194000 -744.863586 32.157650 13
-49.890312 -740.114075 27.995419 13
-50.344135 -738.514587 34.223297 13
-55.566654 -741.839844 39.378246 13
-46.866535 -739.790771 14.195026 13
-51.678799 -737.735535 39.550205 13
-52.593258 -745.496094 36.623344 13
-48.925385 -739.719360 39.097549 13
-50.834534 -738.868652 33.313419 13
-45.854198 -740.644592 7.077089 13
-43.908428 -738.283447 30.714851 13
-54.904217 -740.248596 38.378372 13
-51.722790 -738.384094 36.973389 13
-48.056034 -736.949829 39.806229 13
-48.909046 -742.578857 42.205940 13
-45.694729 -741.587219 23.729015 13
-43.170551 -738.855530 1.923675 13
-46.420155 -741.095093 23.869476 13
-58.198483 -738.572998 47.547474 13
-44.690426 -738.411743 28.310663 13
-47.607342 -739.909241 18.014299 13
-45.381363 -740.870789 16.741758 13
-50.433933 -737.763123 38.072479 13
-48.809959 -737.672058 34.141296 13
-45.509594 -738.401917 12.888517 13
-46.419067 -742.759155 27.820808 13
-50.099743 -743.182617 42.873447 13
-45.861980 -740.437073 12.952253 13
-48.245697 -739.812317 33.650303 13
-45.946308 -740.779846 11.662931 13
-48.733059 -742.212585 35.668644 13
-53.716736 -737.343750 43.234791 13
-45.644234 -737.652649 30.325378 13
-44.320759 -739.624512 24.294243 13
-43.839806 -740.323608 5.036278 13
-46.094894 -739.617493 8.788815 13
-50.026691 -740.504272 42.637455 13
-44.429523 -739.438782 26.159592 13
-51.770180 -742.046692 31.640633 13
-44.728451 -740.025146 16.392490 13
-46.854549 -743.419373 28.026604 13
-48.051121 -738.915649 24.159607 13
-47.600250 -737.399841 35.805801 13
-59.227222 -738.790588 49.887615 13
-49.536839 -742.046448 36.255749 13
-58.077354 -740.120544 44.705807 13
-52.231651 -737.474792 41.154404 13
-51.393524 -738.743958 34.885101 13
-47.341797 -736.160828 41.300930 13
-48.141190 -741.857788 33.381020 13
-52.394070 -743.982422 50.935532 13
-52.981369 -743.467224 50.119022 13
-45.048683 -740.640747 14.236526 13
-43.529526 -739.815491 2.175799 13
-47.881096 -744.083191 30.666033 13
-46.209373 -740.240295 9.191979 13
-45.429127 -740.476562 8.204865 13
-57.066029 -742.528870 41.790421 13
-58.688332 -738.412415 49.111469 13
-56.513443 -739.359619 42.304714 13
-59.287807 -740.068115 48.532207 13
-44.627590 -739.606873 21.375719 13
-54.305443 -743.020630 37.146484 13
-44.504059 -737.281982 34.045719 13
-47.195274 -741.154175 27.885929 13
-43.805183 -738.637268 28.689383 13
-49.602577 -739.638123 26.853029 13
-46.920540 -740.010864 15.306447 13
-51.041611 -745.037598 34.531612 13
-48.275578 -740.781372 40.220581 13
-46.336960 -743.010071 27.025915 13
-54.479698 -736.512024 50.015942 13
-50.345119 -740.453308 29.484476 13
-44.774956 -740.663879 3.272704 13
-44.291309 -739.066101 16.340897 13
-51.061153 -739.815857 31.904692 13
-50.033508 -738.104065 35.197613 13
-45.062065 -738.157837 12.396035 13
-52.960365 -744.083740 50.327244 13
-58.872086 -741.655945 45.553745 13
-48.968739 -739.650757 38.018116 13
-56.579178 -736.732788 49.431328 13
-44.393978 -738.926208 26.548523 13
-54.106670 -738.748047 39.696278 13
-48.569210 -742.121094 43.686184 13
-47.766361 -741.585144 32.593491 13
-49.256226 -738.580688 30.441774 13
-46.718822 -738.751953 17.850920 13
-44.876423 -740.898743 15.345460 13
-51.051201 -745.558655 34.864552 13
-50.032818 -742.387451 38.807911 13
-51.392925 -737.300903 41.073780 13
-44.076881 -739.355164 27.323410 13
-49.996235 -743.345459 43.958748 13
-51.851200 -737.094971 42.467182 13
-51.263657 -741.807800 30.708321 13
-49.398872 -735.440125 44.856174 13
-44.525143 -738.313538 12.234561 13
-52.450241 -737.268799 42.633354 13
-45.309029 -738.667847 15.973570 13
-57.237549 -741.929443 42.425526 13
-48.241440 -740.301270 37.422672 13
-48.103127 -741.756104 38.159824 13
-48.776714 -742.417847 41.142349 13
-46.023258 -738.656189 16.266479 13
-56.941456 -740.392273 42.246639 13
-57.364079 -743.577271 41.918610 13
-56.488754 -743.961365 40.949886 13
-44.848095 -740.240173 19.069614 13
-48.797031 -739.771545 37.203888 13
-52.335361 -744.307373 50.388515 13
-43.966988 -738.169006 1.813339 13
-43.707638 -738.680664 3.153731 13
-46.386490 -738.645508 21.588398 13
-43.764915 -738.862549 10.502152 13
-45.181965 -738.086975 30.099016 13
-54.166695 -740.010254 37.500973 13
-44.063404 -738.749878 29.717186 13
-47.956600 -741.666077 37.098270 13
-44.769665 -740.635925 5.008597 13
-44.675648 -740.733887 8.306015 13
-46.502373 -742.359497 23.472746 13
-46.085064 -738.651611 15.137485 13
-49.254044 -739.837341 25.192743 13
-47.500290 -740.961243 34.716099 13
-53.799801 -737.941406 41.244633 13
-48.493610 -741.269470 24.197245 13
-52.518929 -738.050659 39.727146 13
-52.069820 -736.628540 45.192547 13
-47.390774 -741.312744 29.872299 13
-54.923634 -736.252136 49.701324 13
-45.485889 -737.325806 36.131924 13
-54.707333 -738.178406 41.908970 13
-48.639526 -740.036743 39.836372 13
-51.873814 -741.786987 45.992790 13
-44.451130 -740.441040 10.153443 13
-50.387314 -738.150940 36.008247 13
-47.525719 -739.338745 29.018032 13
-51.847553 -743.318970 46.700996 13
-46.489384 -738.090149 26.390381 13
-52.551426 -742.570190 33.139664 13
-46.089748 -739.299622 4.323771 13
-44.107426 -739.045471 14.930075 13
-48.115898 -740.022156 20.150927 13
-47.116901 -737.643738 30.432133 13
-45.283577 -738.528870 23.507315 13
-59.007389 -739.891907 47.624378 13
-49.597546 -744.925720 33.687038 13
-59.011784 -739.218689 48.393673 13
-57.343681 -738.003662 47.041916 13
-47.126926 -738.237366 26.501291 13
-50.332851 -742.342407 28.769287 13
-46.470592 -742.619141 25.324335 13
-48.251358 -741.703003 31.439833 13
-46.655903 -737.344421 35.852634 13
-46.464005 -738.562744 22.661489 13
-45.460480 -737.452698 34.550560 13
-56.818977 -742.154785 41.411510 13
-46.965443 -740.212219 30.394995 13
-44.578979 -739.084717 25.162174 13
-53.086647 -742.701172 34.335495 13
-52.550747 -737.836792 40.317860 13
-50.952446 -745.165771 35.267799 13
-50.872894 -736.889954 42.847530 13
-45.136448 -738.109070 8.727313 13
-49.690300 -744.532837 31.250658 13
-49.581821 -741.788696 35.738903 13
-47.163021 -740.604797 18.383883 13
-47.596035 -741.630493 29.080915 13
-49.220974 -743.340393 46.588108 13
-44.475163 -740.308044 15.003136 13
-45.137554 -740.476318 1.999076 13
-49.440536 -743.231018 47.586960 13
-45.579010 -740.138733 4.610552 13
-58.018402 -741.911438 43.714214 13
-46.369175 -737.760193 28.749878 13
-48.445572 -737.183899 38.757507 13
-50.894665 -741.903931 40.650589 13
-51.015121 -742.988403 30.526037 13
-45.544823 -741.138672 20.247137 13
-48.342068 -737.315796 37.846504 13
-45.860691 -740.560425 12.339059 13
-43.827171 -739.132996 7.009636 13
-50.970974 -743.092285 43.536022 13
-48.696594 -742.745422 46.015621 13
-52.520367 -744.523804 35.449745 13
-44.151138 -738.686035 30.253502 13
-48.262424 -737.421570 36.704197 13
-46.304848 -740.265747 23.870182 13
-47.795670 -743.713562 28.026590 13
-44.911934 -738.567200 25.959911 13
-47.313984 -737.576965 31.327551 13
-48.022396 -740.666687 21.520094 13
-48.181488 -740.177612 36.397346 13
-45.480717 -741.009399 18.508343 13
-44.726433 -737.621277 33.141747 13
-44.586666 -738.030151 1.727637 13
-49.682831 -744.289307 30.494200 13
-45.751472 -741.579956 23.120243 13
-55.742901 -739.627991 40.397705 13
-45.109192 -738.144348 11.638939 13
-44.075012 -738.778870 8.399797 13
-53.433788 -739.765015 36.687004 13
-52.430695 -735.823730 48.795952 13
-46.790367 -739.327576 11.538479 13
-55.834286 -736.627197 48.202587 13
-54.845490 -740.895081 37.650505 13
-47.853535 -743.030151 25.895172 13
-46.055996 -740.169067 2.613832 13
-47.294388 -737.535767 32.074108 13
-58.659611 -737.980652 49.471954 13
-59.367748 -739.375793 49.864788 13
-47.150574 -740.339966 17.307991 13
-53.797985 -743.159302 36.169411 13
-56.770737 -739.779053 42.515526 13
-44.798019 -739.167969 22.310884 13
-50.690884 -737.350769 40.412571 13
-51.504189 -737.113525 42.030670 13
-54.117615 -741.646301 36.433990 13
-46.860481 -741.466492 20.843039 13
-48.781261 -744.617310 31.242702 13
-51.900631 -740.679993 32.960506 13
-50.659218 -743.541809 29.960007 13
-47.636444 -743.868408 28.826494 13
-45.387188 -740.241516 1.544024 13
-44.036896 -738.733887 7.832743 13
-47.512856 -741.091187 33.635937 13
-47.435856 -739.893982 31.275118 13
-52.684616 -736.680420 45.297909 13
-48.315514 -742.976929 26.163916 13
-45.234280 -738.301270 4.997192 13
-57.411175 -740.828369 43.094440 13
-51.693672 -737.553528 40.236721 13
-45.366486 -740.290466 4.138457 13
-45.117458 -738.171570 7.355762 13
-50.402020 -739.777710 29.756914 13
-47.601261 -738.230652 27.845001 13
-53.238297 -737.581909 41.993073 13
-50.425938 -738.363647 34.856144 13
-44.231323 -739.030518 11.849422 13
-43.526035 -738.744141 7.418384 13
-48.340462 -740.345276 38.249893 13
-58.711983 -740.816956 45.801556 13
-58.503952 -741.722107 44.633987 13
-49.741497 -739.566956 27.681696 13
-45.873199 -738.286011 22.809690 13
-50.043056 -741.790344 28.180674 13
-46.050667 -738.568604 21.065031 13
-45.790241 -740.541016 3.567361 13
-55.734589 -740.343262 39.702412 13
-44.387444 -740.952148 13.876761 13
-57.554192 -742.850281 42.568424 13
-50.433681 -736.401978 44.671478 13
-43.472229 -739.764832 3.367348 13
-51.611629 -741.421143 31.588390 13
-46.292980 -737.740173 27.985092 13
-57.329090 -742.497437 42.261417 13
-46.698822 -736.769958 38.887791 13
-56.262691 -737.361877 46.758953 13
-53.501427 -743.296387 35.701778 13
-44.729961 -740.704163 11.079146 13
-45.632027 -738.289978 24.384388 13
-50.738232 -743.647827 45.489582 13
-45.236664 -740.559692 19.418005 13
-50.803585 -735.631287 47.538887 13
-43.831764 -738.159485 1.044373 13
-55.443298 -736.727905 47.125431 13
-44.036129 -738.908325 14.237636 13
-52.234829 -743.199219 47.617470 13
-48.836472 -741.783691 25.378401 13
-52.317932 -736.222595 47.254589 13
-58.321976 -740.214172 45.295986 13
-49.168129 -742.422729 37.258900 13
-44.616425 -737.926575 11.523429 13
-50.563667 -743.062988 41.890469 13
-48.873665 -737.464294 37.151814 13
-46.209751 -738.627502 20.523657 13
-48.932182 -741.607666 25.925262 13
-52.797806 -738.476868 38.236702 13
-46.713009 -740.900452 25.418930 13
-57.567284 -737.901611 47.594082 13
-44.776997 -738.518738 15.045286 13
-49.782543 -742.030518 36.767582 13
-43.754398 -738.964233 4.331616 13
-46.493225 -739.287598 10.502708 13
-43.365467 -738.680725 5.209677 13
-48.313553 -741.801392 32.394165 13
-49.131088 -742.819397 41.546131 13
-45.775700 -739.693359 1.887611 13
-53.952698 -740.281128 36.843040 13
-47.194443 -738.384949 25.596603 13
-55.916370 -743.206604 40.199944 13
-47.636021 -741.560730 31.627724 13
-44.818863 -737.801514 33.645054 13
-44.407604 -738.234863 9.103168 13
-49.298454 -737.789368 35.574409 13
-49.842041 -741.189087 27.700493 13
-58.609814 -740.060608 46.239002 13
-51.304726 -743.828247 47.065449 13
-52.021400 -742.385925 45.281624 13
-50.304035 -738.792725 32.524296 13
-58.137497 -739.250610 46.405899 13
-44.352993 -738.191589 7.507642 13
-45.816044 -739.911743 3.232411 13
-55.217365 -736.526062 47.870983 13
-48.148170 -742.161560 38.739651 13
-47.819496 -740.223022 34.752316 13
-48.010120 -738.665405 26.174938 13
-50.153625 -743.371643 28.869978 13
-44.893150 -739.170410 21.404743 13
-45.944702 -740.735168 9.715192 13
-56.894337 -739.159851 43.377197 13
-55.122608 -737.565247 44.122952 13
-43.805149 -739.667297 7.225491 13
-48.826660 -738.138794 31.283911 13
-46.039963 -738.638977 13.791636 13
-43.406864 -738.697205 4.002572 13
-57.770157 -739.711182 44.601425 13
-54.122303 -736.115173 49.730350 13
-44.240456 -737.839355 32.440941 13
-47.455513 -740.772949 19.923565 13
-47.676033 -741.786072 33.150112 13
-48.422310 -739.804443 34.471436 13
-51.005253 -742.426453 30.044720 13
-43.719894 -739.906677 6.304069 13
-47.462940 -739.710693 30.774153 13
-48.166935 -742.529114 25.054941 13
-44.807137 -738.040710 13.453402 13
-46.555565 -742.588928 24.514154 13
-47.467567 -740.152222 32.427166 13
-48.394806 -740.934143 41.027588 13
-50.854729 -739.157288 32.000496 13
-45.833527 -737.626221 29.423981 13
-54.606396 -736.582458 46.738274 13
-44.110695 -738.861389 9.465419 13
-46.921482 -743.193054 28.745077 13
-55.191772 -740.171936 38.838318 13
-54.351913 -736.762512 45.730141 13
-47.275261 -741.687500 22.117149 13
-48.604103 -743.114807 26.749542 13
-55.730804 -741.369385 39.524540 13
-51.641720 -741.612915 45.007607 13
-43.492691 -740.087769 0.354885 13
-58.857231 -742.418945 45.318531 13
-53.405113 -736.349548 47.807686 13
-50.944252 -736.758545 43.813168 13
-44.917236 -738.090820 2.535205 13
-48.215908 -739.539062 19.230051 13
-46.266781 -738.263489 24.979992 13
-47.091923 -738.763062 21.433512 13
-47.070705 -739.747986 13.664604 13
-52.671638 -736.927734 44.255421 13
-49.392467 -743.007996 27.497852 13
-51.937954 -736.421204 46.009327 13
-56.255859 -739.614441 41.452751 13
-58.624790 -742.300354 44.482975 13
-47.960114 -739.321716 20.064417 13
-52.698456 -739.380615 36.085423 13
-44.672451 -740.654724 4.136497 13
-52.229717 -744.743713 50.643719 13
-54.534611 -743.302673 37.822613 13
-45.681923 -741.801941 22.199730 13
-47.718697 -742.383118 24.153080 13
-51.414040 -742.603699 43.690010 13
-58.536839 -738.510925 48.494839 13
-54.151680 -742.478821 36.711372 13
-46.816544 -737.336792 32.114895 13
-54.527531 -736.342468 48.945175 13
-48.883415 -739.643372 22.600042 13
-46.628052 -739.799316 26.636951 13
-47.996662 -741.568726 29.956764 13
-43.248772 -738.872681 3.316436 13
-43.973530 -739.261902 26.309910 13
-48.756229 -738.733887 28.339457 13
-44.829666 -740.776184 10.292297 13
-53.279934 -738.388062 39.119411 13
-44.271454 -740.714661 15.797946 13
-54.540077 -741.771667 37.205242 13
-48.043304 -738.027771 29.750927 13
-48.518143 -742.328674 42.643013 13
-56.219616 -737.009033 47.692646 13
-51.312290 -739.963501 32.326473 13
-46.779633 -740.997375 19.213516 13
-48.786575 -742.075134 34.550007 13
-48.187614 -742.118286 37.825165 13
-46.081764 -740.120483 8.289887 13
-48.822849 -742.372681 37.890438 13
-45.214024 -737.763489 32.033459 13
-47.790871 -741.995422 22.914700 13
-48.052162 -739.526245 31.568979 13
-50.523823 -741.213928 38.286549 13
-51.210117 -741.712219 41.660431 13
-54.480919 -736.456848 47.326107 13
-45.504848 -738.679626 15.386825 13
-54.159950 -743.987671 37.763775 13
-52.201180 -742.557617 32.495800 13
-47.623844 -741.055115 21.491978 13
-46.126942 -741.125732 18.777456 13
-45.972874 -738.623047 12.793592 13
-49.247314 -745.228638 32.623627 13
-46.938995 -738.615173 22.468264 13
-43.450623 -739.327209 5.515400 13
-47.837013 -743.488098 27.211740 13
-50.345978 -739.059204 31.475407 13
-44.763397 -739.072266 23.925213 13
-46.959328 -739.092224 15.324127 13
-48.501919 -737.536865 36.189499 13
-48.626099 -742.683960 25.224733 13
-59.415344 -741.681152 46.205990 13
-51.325218 -741.655640 45.496243 13
-50.806545 -742.588318 41.768795 13
-51.608238 -743.464111 46.149361 13
-44.898762 -740.612854 0.385228 13
-47.356247 -740.958435 32.725933 13
-55.850750 -737.903503 44.453598 13
-51.011276 -738.115784 37.374493 13
-56.441189 -738.525146 43.882469 13
-58.576794 -739.230225 46.857685 13
-48.375191 -742.190735 41.436382 13
-55.742077 -737.586365 45.010647 13
-45.083858 -739.028381 16.840363 13
-44.732330 -737.878723 8.338035 13
-48.559460 -744.462585 30.821934 13
-52.806297 -742.995605 34.035587 13
-43.882099 -739.235474 7.951313 13
-48.376141 -742.349243 35.235485 13
-48.924561 -739.526489 24.269405 13
-53.915237 -736.856445 45.286922 13
-51.346313 -744.047913 48.006969 13
-44.989574 -740.478394 21.778511 13
-50.631065 -738.034668 36.755653 13
-50.726978 -744.822510 32.730549 13
-47.187313 -737.979309 28.340014 13
-44.615215 -739.281067 15.720633 13
-46.399548 -737.551086 31.922441 13
-51.583439 -735.836060 47.880508 13
-46.582378 -737.473450 29.658484 13
-47.543938 -739.280579 18.177504 13
-49.970310 -736.833130 42.400745 13
-51.849491 -744.078674 47.970825 13
-46.205204 -736.880798 38.031815 13
-46.167858 -738.960388 11.070024 13
-45.510777 -741.171997 22.225918 13
-52.686344 -735.491028 49.314175 13
-46.839081 -737.998352 27.435087 13
-55.037773 -741.376587 37.973129 13
-55.414631 -737.113892 45.570724 13
-44.169479 -738.059875 3.713561 13
-46.817020 -740.766113 27.051847 13
-53.259014 -738.252197 39.585415 13
-46.465027 -738.962341 12.854799 13
-44.466637 -738.301941 11.131258 13
-55.339882 -738.953186 41.051903 13
-48.561764 -741.100830 43.875908 13
-57.466763 -739.959961 43.767727 13
-43.753468 -740.365662 3.928425 13
-44.695477 -739.813599 19.900965 13
-48.175381 -737.756775 31.944139 13
-50.161991 -739.180237 30.541721 13
-43.899891 -740.408142 1.691307 13
-59.139740 -740.761597 47.557796 13
-47.268696 -741.085083 30.312960 13
-48.769493 -740.398193 23.813723 13
-50.118404 -741.154236 44.387478 13
-44.551937 -739.330994 20.242756 13
-49.875198 -742.712219 39.665260 13
-51.264973 -736.450500 45.280582 13
-47.169796 -739.729553 28.245296 13
-53.029831 -741.941956 34.037918 13
-47.688877 -740.903992 36.441422 13
-53.705322 -743.510071 36.562595 13
-45.816219 -738.333252 23.342127 13
-46.795532 -737.093445 37.459324 13
-47.703110 -740.210022 33.894264 13
-46.441452 -740.646240 24.146095 13
-45.299221 -740.292725 0.147908 13
-47.447006 -739.981262 17.488913 13
-58.985409 -738.715698 49.375870 13
-51.437996 -744.455322 49.732475 13
-58.016563 -742.951782 43.438011 13
-51.836632 -744.047607 48.914459 13
-48.588909 -743.812378 28.377747 13
-44.231918 -740.223633 7.494328 13
-44.530758 -737.832825 5.813551 13
-47.966179 -741.249756 22.371496 13
-44.333416 -739.361206 25.486877 13
-46.755920 -740.328857 16.038427 13
-48.326778 -739.348877 22.050516 13
-48.317360 -741.744629 40.506123 13
-51.758514 -738.174133 37.947227 13
-49.374176 -743.357849 45.816589 13
-43.975681 -738.673462 6.717864 13
-45.313370 -740.649658 11.056477 13
-54.648457 -738.417236 41.460999 13
-47.538040 -740.763977 35.628220 13
-48.819260 -743.058655 46.574448 13
-46.581093 -739.951233 13.763696 13
-43.460323 -738.673218 6.148932 13
-50.734303 -737.227173 41.493473 13
-48.275730 -742.117004 36.095505 13
-48.372742 -739.882629 21.346836 13
-54.189503 -745.193115 38.479332 13
-43.662441 -740.284119 2.191141 13
-56.394028 -741.176270 40.957497 13
-45.190773 -740.624390 12.583677 13
-57.591904 -743.346252 42.318680 13
-44.628231 -740.551819 7.605270 13
-52.571083 -742.599976 48.233494 13
-45.017910 -740.443298 18.501955 13
-53.641365 -739.237610 37.955280 13
-47.350967 -742.830444 25.073622 13
-51.645527 -742.592773 44.670799 13
-57.260788 -737.308289 48.989136 13
-44.394333 -739.361145 13.837020 13
-52.064701 -740.198547 33.860798 13
-49.149456 -742.434937 26.267363 13
-54.101269 -743.412231 36.936440 13
-45.385635 -737.678650 32.816780 13
-49.420719 -741.295044 26.670450 13
-48.546082 -740.924438 23.675407 13
-51.016647 -742.755249 42.774338 13
-46.903156 -741.166504 24.846231 13
-49.340851 -737.282288 39.380569 13
-47.855659 -742.562378 24.666338 13
-45.484142 -740.659973 15.753382 13
-55.633499 -740.885315 39.191437 13
-44.850937 -739.377441 17.714840 13
-46.291710 -738.453064 23.643515 13
-51.082508 -741.934875 30.251785 13
-46.782780 -740.049072 29.109608 13
-45.953888 -742.030884 25.370342 13
-50.255329 -735.364929 46.278149 13
-51.341183 -743.926514 32.320580 13
-44.192570 -740.251038 4.313888 13
-44.982658 -737.916504 10.046376 13
-45.459961 -741.000610 21.375416 13
-47.887932 -737.352234 37.030182 13
-53.443050 -737.186707 43.647327 13
-58.714474 -741.191833 45.492065 13
-45.745625 -738.086487 25.761879 13
-48.754299 -739.487061 23.769234 13
-50.200310 -736.566895 43.820229 13
-59.230145 -740.180298 49.003906 13
-47.780540 -739.441223 16.817022 13
-45.330250 -740.474854 20.875402 13
-48.762791 -740.106628 23.414291 13
-53.387966 -739.499023 37.107201 13
-46.688118 -740.804932 17.385597 13
-46.237312 -741.444031 19.955994 13
-48.452282 -736.295288 43.241249 13
-52.301327 -739.898071 34.423397 13
-49.978798 -736.634644 43.112560 13
-43.177402 -739.402954 0.544303 13
-59.548656 -740.772705 48.195232 13
-51.994064 -738.158936 38.693981 13
-44.221855 -740.650024 2.607884 13
-52.013157 -735.364380 48.684002 13
-45.186234 -740.434448 19.898682 13
-45.946991 -740.068726 11.068835 13
-53.737083 -736.321350 48.151333 13
-48.497055 -742.323181 42.116886 13
-58.414371 -741.075745 44.746147 13
-48.133667 -737.578186 33.584141 13
-49.423615 -742.699036 39.980495 13
-48.638077 -741.885498 24.772081 13
-47.343010 -740.509155 18.817291 13
-44.744133 -740.675049 14.787369 13
-58.202225 -738.213806 48.238186 13
-50.575523 -735.775513 47.106358 13
-50.285892 -738.541321 33.699459 13
-50.289772 -743.219421 43.327007 13
-44.472549 -739.227844 23.337656 13
-44.348480 -740.121399 13.235013 13
-53.513561 -737.405518 42.781536 13
-51.785721 -739.357849 34.275497 13
-46.601795 -740.179199 14.981525 13
-46.000565 -739.994141 6.148967 13
-46.368305 -741.927307 21.582817 13
-43.815670 -738.500671 3.606756 13
-47.393070 -740.736206 33.312393 13
-49.000072 -739.071289 27.288397 13
-45.563725 -740.484070 13.500070 13
-45.826099 -740.170166 9.463052 13
-45.174305 -738.294189 26.373583 13
-53.946621 -742.623718 36.298317 13
-45.155560 -738.349670 3.613446 13
-48.574249 -744.291138 29.962610 13
-48.266895 -739.742371 33.175838 13
-49.558491 -745.212280 33.026905 13
-47.462509 -739.042175 19.849241 13
-43.547588 -739.025513 1.490373 13
-54.678356 -739.475281 39.040043 13
-50.480541 -744.006775 47.609966 13
-49.214138 -743.060364 45.198753 13
-53.712616 -744.095032 37.293858 13
-44.375801 -739.832397 13.918117 13
-53.164188 -744.069519 35.675602 13
-49.386177 -743.189636 43.740181 13
-55.166222 -738.066345 42.941685 13
-55.260681 -742.524780 38.887867 13
-51.129116 -739.004333 33.667385 13
-45.472282 -740.454712 8.929526 13
-53.464363 -736.583313 46.082668 13
-57.793041 -737.769043 49.313812 13
-45.653149 -738.581238 19.748190 13
-51.856186 -742.834229 45.606255 13
-44.062374 -739.189941 28.085983 13
-50.962730 -737.604492 39.289478 13
-48.906303 -736.147400 43.642113 13
-46.695820 -739.836243 27.314880 13
-44.376785 -738.401001 29.402985 13
-58.799953 -739.454590 47.589054 13
-56.133244 -737.498291 45.833725 13
-49.696491 -735.737122 45.723541 13
-49.277702 -742.591858 26.716446 13
-44.023682 -739.799072 10.507969 13
-51.390511 -741.870972 42.558586 13
-45.779263 -740.606323 14.677817 13
-49.734333 -742.667053 39.071869 13
-55.114136 -739.821716 39.161831 13
-44.869049 -740.204834 18.072512 13
-46.806557 -740.875793 26.227770 13
-50.767540 -741.432678 39.759995 13
-44.367317 -740.355957 8.502837 13
-52.251122 -740.928589 33.211334 13
-58.285133 -743.404724 42.923721 13
-44.335201 -738.677917 27.745476 13
-49.734356 -737.005554 41.471748 13
-57.543209 -739.588196 44.187378 13
-49.862541 -743.469177 44.965355 13
-48.534882 -741.912842 33.077053 13
-54.255226 -741.167053 36.475086 13
-47.376644 -737.417603 34.953072 13
-53.045498 -735.362854 49.693394 13
-52.217625 -743.339905 33.267319 13
-57.730888 -741.024597 43.371689 13
-53.612415 -736.451599 46.897942 13
-46.222878 -739.982178 12.155423 13
-43.763866 -738.717957 4.753842 13
-48.718822 -742.458008 43.252975 13
-46.734051 -739.038574 14.389958 13
-44.582832 -737.852783 31.410307 13
-45.425472 -738.818420 18.949425 13
-52.465893 -738.999023 36.381313 13
-47.665382 -740.785461 20.694324 13
-50.397869 -736.155518 45.170658 13
-50.498383 -743.535400 44.817436 13
-47.757141 -740.174927 19.389021 13
-47.418953 -741.625549 28.457561 13
-45.572289 -740.455994 10.643909 13
-46.894520 -742.868225 25.474552 13
-44.390945 -738.182190 8.626001 13
-46.675838 -737.402710 30.231359 13
-45.500195 -737.739990 31.577650 13
-47.503681 -739.905701 16.655447 13
-46.529682 -738.739075 18.662664 13
-45.213417 -738.848083 20.738190 13
-45.465382 -740.989563 19.293427 13
-56.748440 -737.388245 47.611534 13
-49.967342 -737.891602 36.899368 13
-53.469604 -744.087769 36.567974 13
-46.670650 -738.691467 20.056707 13
-45.383614 -740.362122 6.027011 13
-57.456329 -737.638245 48.100948 13
-48.939434 -742.551086 40.711063 13
-51.064320 -743.966248 31.916037 13
-52.251755 -737.623413 40.623539 13
-51.795277 -738.959900 35.119823 13
-59.646343 -739.641418 49.207241 13
-47.050491 -743.326904 27.242022 13
-48.445770 -739.015869 25.366549 13
-45.572170 -738.680298 1.876075 13
-45.472702 -738.329407 10.731153 13
-45.187065 -740.436340 1.110579 13
-53.318001 -738.053223 40.476826 13
-43.973358 -739.200195 9.125844 13
-49.148098 -740.778625 25.577452 13
-44.200214 -738.220886 4.464967 13
-49.665661 -740.627258 27.302776 13
-48.026627 -743.126221 25.470984 13
-47.305809 -740.958984 31.928246 13
-45.438995 -741.065552 11.856632 13
-44.724567 -740.651001 5.469172 13
-51.248604 -743.722778 46.345802 13
-56.117176 -741.861328 40.336056 13
-50.146645 -744.764832 32.703491 13
-56.531723 -736.461853 49.046017 13
-52.913624 -736.124390 48.604572 13
-57.912376 -738.201477 47.676529 13
-46.880928 -737.550964 31.148117 13
-49.706181 -743.544922 28.851219 13
-48.357811 -741.785095 44.525742 13
-57.634670 -739.441772 44.994926 13
-46.810638 -737.359558 35.152210 13
-52.267319 -742.151001 47.611118 13
-46.422871 -740.137207 24.869144 13
-46.994942 -742.619446 24.240852 13
-59.155529 -741.283386 47.490662 13
-48.259594 -742.266357 39.731880 13
-51.883717 -743.655823 47.713280 13
-50.754177 -742.427307 41.110725 13
-48.871944 -737.998596 32.171169 13
-44.433521 -740.383728 9.635182 13
-57.918972 -743.768311 42.525593 13
-44.855534 -738.805176 15.743347 13
-48.103718 -738.242371 28.624207 13
-47.518810 -738.855347 22.065472 13
-47.168060 -738.559692 23.984388 13
-44.739048 -739.701965 20.857914 13
-45.032150 -738.401733 14.252291 13
-49.289108 -736.394775 43.549892 13
-53.569145 -745.129944 37.922966 13
-51.248470 -738.889404 34.444130 13
-44.284279 -738.340881 29.873400 13
-49.552094 -738.695801 30.877157 13
-47.641521 -737.768311 30.402363 13
-44.280514 -740.329224 6.835129 13
-49.836449 -740.789490 43.376003 13
-52.367428 -736.089172 47.882984 13
-43.871502 -739.140381 26.973301 13
-47.134727 -739.143616 16.293415 13
-54.896332 -736.401306 48.596630 13
-49.939964 -744.954407 33.127209 13
-49.865402 -735.835022 45.217243 13
-52.875332 -736.188477 48.033707 13
-51.124470 -735.313538 47.434341 13
-48.141056 -744.124878 29.499287 13
-50.216629 -740.574402 29.059788 13
-44.282639 -740.288818 6.351254 13
-50.820797 -743.763184 46.121670 13
-50.592670 -743.086365 42.343712 13
-47.675293 -738.573669 25.623705 13
-44.136566 -739.204224 11.426561 13
-56.060963 -740.414856 40.500389 13
-44.384403 -738.945740 13.370154 13
-45.990971 -740.090942 10.197742 13
-45.591335 -740.445923 11.406473 13
-54.479668 -736.274597 49.496563 13
-45.511505 -736.860352 36.153946 13
-55.393787 -736.477600 49.481804 13
-50.074429 -739.956055 28.657539 13
-48.113792 -741.294739 39.161720 13
-52.409607 -744.770020 35.830944 13
-45.029770 -740.815735 11.804003 13
-46.066246 -738.519958 18.061152 13
-56.104877 -736.647034 49.160378 13
-46.256985 -737.635010 30.600882 13
-46.860374 -738.430969 24.593042 13
-44.365749 -738.113708 6.148644 13
-45.443787 -740.400879 6.983241 13
-56.003780 -741.163574 39.948551 13
-45.187725 -740.663025 17.151836 13
-51.588417 -736.944275 42.979355 13
-45.439304 -740.963501 10.114654 13
-45.926140 -741.838562 22.694357 13
-47.058277 -742.368713 23.406061 13
-50.763939 -739.592590 30.974066 13
-46.528221 -736.612122 39.718983 13
-47.102982 -740.235168 16.869160 13
-49.585587 -736.329651 43.921059 13
-51.062450 -735.701111 47.907833 13
-57.531158 -738.815308 45.769833 13
-48.100052 -740.622742 20.861071 13
-57.943691 -740.428589 44.303909 13
-47.714943 -738.061829 28.863358 13
-46.592155 -739.629089 12.291059 13
-46.145008 -738.725891 19.459242 13
-48.640476 -742.432495 25.634254 13
-47.355072 -741.301270 26.638378 13
-44.170055 -740.574585 3.444788 13
-58.401752 -742.917542 43.679783 13
-48.798019 -742.421326 38.478294 13
-51.209671 -737.152039 41.493752 13
-46.258724 -742.228760 26.948097 13
-44.813736 -740.761963 13.852438 13
-50.745792 -743.894653 31.204981 13
-46.326603 -738.676575 17.123705 13
-47.778286 -739.339539 19.091686 13
-47.087490 -740.884705 28.978779 13
-50.316803 -737.792603 37.621216 13
-48.210068 -737.256226 38.281887 13
-58.065613 -741.590637 44.034214 13
-44.868790 -740.213379 20.170855 13
-51.970562 -735.838928 48.934284 13
-59.319416 -741.851990 45.804401 13
-43.387871 -740.084412 1.280153 13
-54.749496 -745.154724 39.067753 13
-51.460690 -742.080444 44.942577 13
-54.243755 -741.980713 36.734261 13
-44.593201 -738.306702 14.444534 13
-52.962608 -744.499512 36.253990 13
-51.198643 -737.932861 38.226143 13
-45.849617 -737.776672 27.936987 13
-45.086788 -738.145142 6.295430 13
-54.033100 -739.503845 38.214607 13
-47.807964 -741.795227 22.472153 13
-46.387608 -737.071777 37.116253 13
-47.732178 -738.748108 24.451515 13
-51.451252 -736.203125 46.711231 13
-50.688320 -742.062073 40.248425 13
-49.860756 -742.792053 27.963074 13
-48.478596 -741.395020 29.727510 13
-47.648476 -738.757629 23.945257 13
-45.539021 -738.539246 20.248310 13
-45.479462 -740.197083 5.610822 13
-58.181702 -738.542297 47.010899 13
-46.640640 -736.972229 37.895695 13
-48.247677 -741.332886 40.164165 13
-54.016273 -737.579407 42.679310 13
-45.706947 -739.801025 2.446199 13
-51.048519 -741.493286 30.383825 13
-44.417583 -739.010193 14.469976 13
-49.079041 -739.580505 35.146843 13
-46.585350 -737.232117 36.438450 13
-45.301136 -740.421997 3.558663 13
-48.544277 -739.697021 34.905083 13
-47.474777 -739.047363 19.324837 13
-46.222027 -740.580566 15.139625 13
-50.379623 -742.960876 40.986835 13
-47.438129 -739.850281 15.447415 13
-44.838554 -737.320251 33.726223 13
-57.204514 -738.468872 45.493084 13
-43.903927 -738.098511 31.464357 13
-49.230450 -744.127625 29.690487 13
-50.316681 -745.003235 34.561619 13
-46.368771 -739.257263 8.983006 13
-49.690887 -743.844299 48.146191 13
-43.381695 -738.859741 0.681476 13
-47.494854 -738.780151 23.116415 13
-48.642521 -742.398987 44.622471 13
-49.682751 -735.351440 45.257729 13
-45.580303 -738.073059 26.264238 13
-45.386532 -740.804077 20.485819 13
-47.922428 -739.727234 32.245911 13
-44.562809 -738.037354 9.486423 13
-51.670143 -744.125061 33.212158 13
-52.701626 -737.414795 41.984104 13
-45.405083 -738.330505 23.931557 13
-48.339664 -740.391846 22.160566 13
-43.610622 -738.830200 1.908504 13
-56.925747 -736.744629 49.008064 13
-57.466522 -741.794250 42.893063 13
-56.505875 -742.189209 41.060356 13
-45.942387 -740.635010 7.614715 13
-49.506012 -737.590271 37.401089 13
-53.227749 -742.197510 34.456306 13
-45.643696 -741.164490 22.956423 13
-54.832058 -742.591797 37.912060 13
-51.762611 -740.291687 33.142288 13
-53.930920 -742.221252 35.871128 13
-53.380920 -736.674622 45.656849 13
-49.735703 -743.018005 42.399395 13
-45.866817 -738.384888 21.957556 13
-44.602760 -739.898132 22.779427 13
-47.109333 -737.457764 33.147312 13
-47.764626 -739.842834 18.451036 13
-45.811092 -739.768982 4.907380 13
-44.088207 -740.472046 5.553287 13
-50.829800 -742.058838 29.769960 13
-55.559780 -738.274536 43.122791 13
-45.285339 -740.741394 17.598309 13
-46.084267 -736.747620 38.497211 13
-49.356415 -740.796448 26.367571 13
-43.598442 -739.533752 5.079999 13
-44.695415 -741.124512 11.320396 13
-50.952515 -736.962158 42.332916 13
-47.651512 -740.689941 19.518364 13
-45.746014 -741.754639 21.705133 13
-45.001839 -739.142944 19.756004 13
-55.987743 -736.992737 47.299107 13
-45.988438 -737.771179 27.202162 13
-44.570541 -738.385254 12.876416 13
-44.276356 -738.539978 30.724627 13
-54.100388 -738.342468 40.647579 13
-45.691303 -739.782349 0.864047 13
-54.882195 -739.076416 40.208187 13
-55.363998 -741.675842 38.605476 13
-59.016026 -740.642578 46.904400 13
-43.759781 -740.160522 9.074060 13
-47.541798 -741.296631 21.884550 13
-44.348507 -740.347473 8.972511 13
-56.586018 -740.499329 41.259312 13
-57.714382 -738.679871 46.183319 13
-44.965900 -736.944092 34.910137 13
-59.062031 -742.432922 44.907085 13
-43.809879 -738.833740 28.259224 13
-46.051750 -738.956238 2.173900 13
-49.189449 -742.314880 36.152225 13
-50.787872 -738.389771 35.800240 13
-51.190350 -744.201660 48.427471 13
-53.817467 -740.643433 36.278984 13
-56.366268 -736.933960 48.407700 13
-47.510902 -743.984131 29.790331 13
-49.219437 -742.879639 42.510525 13
-48.344883 -741.399719 23.219933 13
-48.695858 -737.388306 37.589809 13
-52.906052 -736.580872 46.375816 13
-53.175751 -739.935303 36.269836 13
-50.593716 -744.334717 32.013641 13
-49.800743 -743.844360 47.537266 13
-45.295883 -740.597900 15.335878 13
-56.760735 -737.834167 46.376785 13
-49.674767 -741.956665 27.250870 13
-48.494682 -739.799866 21.847891 13
-49.329903 -738.902893 29.330126 13
-59.132328 -740.652588 48.420135 13
-48.395004 -741.774475 43.980965 13
-53.468559 -738.874756 38.402370 13
-47.935314 -738.750977 25.277428 13
-46.678249 -740.221313 26.041784 13
-49.050018 -743.862854 28.389301 13
-57.738564 -740.356201 43.882542 13
-51.118572 -741.233032 46.186657 13
-58.723721 -738.898926 48.310902 13
-57.616074 -741.476990 43.308716 13
-52.916584 -745.163208 37.355572 13
-45.552425 -737.960754 28.457985 13
-54.815453 -738.644775 40.986046 13
-44.641151 -740.647339 2.153506 13
-44.906223 -740.388428 16.192566 13
-44.811604 -738.549500 27.108946 13
-56.862679 -737.241394 48.391800 13
-50.294079 -744.286133 31.489265 13
-54.554890 -739.825867 38.385223 13
-50.294956 -741.967224 38.635090 13
-44.639793 -740.660095 12.616716 13
-44.677513 -740.635010 2.810218 13
-47.185711 -738.486633 24.890091 13
-52.713303 -740.506226 34.477921 13
-47.140427 -740.194702 29.917488 13
-48.972649 -742.924927 43.983963 13
-43.875881 -739.833374 8.453095 13
-46.854946 -740.369812 28.224361 13
-44.432537 -738.192139 10.017358 13
-50.117413 -741.400513 37.518044 13
-51.022198 -744.894165 34.109982 13
-45.249702 -736.934021 35.672935 13
-51.414642 -738.365173 36.535908 13
-52.396469 -744.437866 50.941269 13
-44.387730 -737.897522 5.353591 13
-48.548237 -740.559937 22.839582 13
-46.884567 -741.075439 19.644529 13
-48.725334 -739.769714 36.742397 13
-47.385113 -741.513733 25.631355 13
-46.926796 -736.581848 39.913593 13
-48.410557 -741.293030 41.821377 13
-56.376095 -738.775024 43.038364 13
-52.551414 -739.848145 35.062851 13
-51.127048 -739.159180 32.659992 13
-43.760803 -739.017761 5.861612 13
-48.526299 -742.505615 36.032890 13
-50.593960 -735.302795 46.696739 13
-45.139175 -740.748474 0.748504 13
-49.641727 -742.877686 41.221786 13
-50.413158 -743.419434 44.163490 13
-44.178612 -740.170837 8.120353 13
-44.284435 -739.909180 16.428429 13
-45.795189 -740.522400 6.382856 13
-51.439835 -744.228638 48.847298 13
-49.025166 -737.381653 38.049423 13
-48.310379 -738.037476 30.675186 13
-45.260811 -738.287842 1.542915 13
-44.459099 -739.875793 23.945965 13
-44.475376 -740.723328 13.523523 13
-44.351372 -738.707703 12.135353 13
-48.675053 -737.199829 39.324467 13
-44.285336 -740.799133 14.743446 13
-50.655239 -743.945068 49.276684 13
-52.535801 -743.599792 50.363205 13
-45.244144 -738.675049 22.331467 13
-49.324909 -742.202087 34.917839 13
-49.119602 -742.934509 44.548790 13
-47.664944 -736.411865 42.201263 13
-44.430508 -739.644165 15.550127 13
-50.847679 -743.433289 30.354780 13
-52.083591 -737.958496 39.582684 13
-56.179394 -738.535095 43.445099 13
-43.108913 -739.012512 1.496726 13
-50.195210 -741.375854 28.608440 13
-43.424870 -739.400085 3.682031 13
-48.210320 -738.615723 27.154566 13
-52.033104 -738.723022 36.091892 13
-43.545906 -739.913574 4.329282 13
-43.639111 -739.988037 4.803725 13
-48.737190 -741.955688 45.214069 13
-47.195774 -741.216614 28.325111 13
-47.465149 -737.128052 37.853996 13