-46.222866 -739.507507 9.329274 13
-53.146725 -744.146423 51.754215 13
-44.083481 -737.701172 31.930933 13
-53.857807 -745.492554 37.949425 13
-48.474178 -735.841370 43.661777 13
-47.911644 -740.983704 21.084408 13
-57.512238 -739.260559 44.579182 13
-45.494785 -740.146362 -0.329073 13
-50.351662 -743.531128 29.398741 13
-50.901070 -738.247559 36.202286 13
-53.341087 -735.364929 50.049652 13
-50.079418 -743.449829 44.549240 13
-44.376095 -738.722046 15.880690 13
-43.959206 -739.427307 25.813236 13
-59.728790 -739.002869 50.042709 13
-55.445160 -740.146423 39.298782 13
-45.800213 -736.550659 38.205162 13
-48.228661 -742.244751 39.245209 13
-43.281990 -738.836487 4.660656 13
-48.473980 -738.453064 28.809435 13
-47.693558 -741.777954 33.788715 13
-57.667522 -743.955139 42.188412 13
-52.921463 -742.401550 33.851784 13
-53.207527 -736.760742 45.238262 13
-47.368896 -743.012146 25.531801 13
-51.831665 -737.470764 40.753120 13
-52.321217 -741.881042 47.998951 13
-48.179905 -737.642883 32.973083 13
-56.556232 -737.129150 48.054066 13
-49.850307 -745.325806 33.398869 13
-48.077515 -738.860352 24.729166 13
-44.653690 -741.142090 12.674457 13
-44.580235 -739.357056 19.736803 13
-50.826477 -740.084290 31.470816 13
-47.791721 -739.538757 17.554010 13
-48.345165 -740.572754 42.752567 13
-43.694202 -737.196411 1.268891 13
-59.205349 -741.684448 46.893360 13
-54.907269 -738.131409 42.414589 13
-50.255367 -735.619202 46.775074 13
-46.892200 -743.652832 28.978153 13
-51.167732 -741.531799 40.936562 13
-48.454525 -736.912109 40.362690 13
-45.911076 -740.425171 3.070003 13
-49.352127 -743.686890 47.886738 13
-47.243572 -739.369263 14.164433 13
-44.822872 -737.799683 12.018435 13
-53.668667 -740.183777 36.408089 13
-49.880802 -741.552917 36.362057 13
-45.123039 -738.177063 28.681080 13
-45.175770 -737.487854 35.070484 13
-49.636868 -741.084167 27.124645 13
-45.583672 -741.128784 23.416580 13
-45.372204 -740.753723 6.410523 13
-47.133186 -740.785278 30.700375 13
-55.586987 -743.372681 39.729286 13
-56.857208 -740.878906 41.997883 13
-44.734310 -737.837158 7.216361 13
-52.085251 -744.902100 35.529274 13
-47.957104 -737.424316 36.260387 13
-46.732948 -740.230286 27.052324 13
-46.335217 -738.544556 22.128593 13
-49.208103 -739.545044 38.636478 13
-58.340961 -741.954590 44.172783 13
-43.401592 -740.155884 1.751116 13
-54.055420 -742.993591 36.644257 13
-51.990379 -739.760559 34.073193 13
-51.679008 -744.261780 49.341698 13
-51.196400 -741.066956 45.524204 13
-48.305717 -744.388245 31.276741 13
-45.447895 -741.047119 17.287743 13
-58.438011 -739.036194 47.293312 13
-51.150703 -736.855896 43.350193 13
-53.144543 -738.612549 38.616898 13
-51.491604 -743.669495 31.909187 13
-48.961681 -739.587097 34.700066 13
-46.699810 -737.383911 30.707180 13
-43.666946 -738.740906 9.787567 13
-55.827675 -737.387146 45.470718 13
-53.973888 -736.453308 47.746868 13
-49.304657 -742.983032 42.084183 13
-48.287758 -741.320374 23.654222 13
-46.047012 -737.887573 26.147985 13
-51.594109 -743.915161 46.643559 13
-45.777496 -741.657898 20.068628 13
-46.524437 -739.728210 11.831578 13
-46.976879 -738.838501 19.734571 13
-48.477650 -741.688477 44.992210 13
-51.579330 -741.983704 43.291279 13
-50.861183 -737.737976 38.569729 13
-47.746799 -740.602234 36.900230 13
-44.997974 -738.216919 3.033372 13
-44.300880 -740.782959 8.706241 13
-48.831951 -743.318298 27.358999 13
-45.238174 -740.680908 14.907395 13
-50.455708 -740.976318 29.333504 13
-50.410152 -741.521301 38.692135 13
-47.894745 -741.556335 28.556789 13
-55.456013 -736.209595 49.836689 13
-51.878483 -735.729431 48.379593 13
-45.123417 -738.665894 24.031851 13
-45.624050 -738.783020 17.817348 13
-49.310734 -738.460693 31.211979 13
-47.791546 -739.851562 32.683273 13
-48.357708 -740.311890 40.530346 13
-48.432606 -739.387695 22.614550 13
-44.061878 -738.988708 13.722407 13
-50.215553 -738.582764 33.213165 13
-48.749496 -741.868958 31.891365 13
-45.942596 -737.492126 33.033360 13
-44.654667 -740.027161 21.790287 13
-58.238468 -737.562805 49.413170 13
-54.336468 -738.645203 40.411617 13
-55.115353 -741.949646 38.177006 13
-48.659256 -737.323425 38.282131 13
-48.876900 -739.056152 26.799093 13
-46.017628 -739.370361 4.911669 13
-46.275597 -742.527771 27.289103 13
-43.615608 -739.576965 6.679843 13
-44.313957 -740.727478 4.572326 13
-45.194000 -740.929077 10.639727 13
-59.492634 -740.577393 48.657291 13
-45.837040 -741.562012 25.459169 13
-53.156815 -737.262756 43.101021 13
-50.044430 -740.664490 43.850410 13
-49.517723 -736.839661 42.159969 13
-51.932934 -741.658142 32.075054 13
-46.281845 -739.118958 7.337213 13
-49.210476 -740.385376 25.288506 13
-46.622169 -738.793213 16.104637 13
-47.158184 -741.021606 18.727045 13
-50.041019 -736.102356 44.873531 13
-43.735111 -738.379211 30.093706 13
-46.822250 -742.148987 22.244627 13
-46.570965 -736.371155 40.130016 13
-49.863964 -742.820984 40.190250 13
-56.609451 -739.098633 42.806232 13
-52.028412 -744.209229 33.702839 13
-44.033333 -739.561829 11.708020 13
-47.411388 -736.213745 41.860069 13
-56.626705 -742.621399 41.192650 13
-46.426006 -739.747681 25.112116 13
-48.174362 -742.063293 35.613354 13
-46.879932 -737.887024 27.931828 13
-55.955090 -739.459839 41.058521 13
-48.696373 -742.561035 37.429123 13
-47.132339 -737.415283 34.542271 13
-47.158348 -739.824951 28.879189 13
-58.544239 -740.309143 45.776810 13
-49.004982 -737.708313 34.667877 13
-53.208111 -743.182312 49.631626 13
-43.789639 -738.997559 27.634037 13
-51.747807 -742.807312 45.135456 13
-49.040188 -743.138611 46.126774 13
-51.965881 -736.348389 46.571594 13
-55.125946 -745.128662 39.328762 13
-42.997429 -738.969666 0.388075 13
-44.805504 -738.057373 5.359162 13
-54.530308 -743.738525 38.252094 13
-49.932175 -739.581482 28.212553 13
-45.109509 -740.745972 1.465540 13
-48.630985 -744.150330 29.504389 13
-52.498707 -738.853638 36.846004 13
-45.847172 -738.529175 13.313884 13
-48.928715 -742.124146 25.774635 13
-51.225266 -742.393494 30.497612 13
-53.662453 -741.700623 35.432865 13
-46.151184 -737.192566 36.558666 13
-54.664570 -737.301208 44.086727 13
-57.108521 -738.043518 46.540688 13
-50.132694 -744.419983 30.949080 13
-45.306393 -738.216003 10.286217 13
-47.477703 -740.517212 35.059589 13
-56.472298 -744.500122 40.797852 13
-46.614918 -742.444641 24.022612 13
-49.122540 -739.523682 36.735901 13
-50.175404 -737.233459 40.238182 13
-50.214928 -739.354736 30.013330 13
-43.256325 -738.786682 2.803013 13
-54.342335 -739.788940 37.996906 13
-47.266022 -740.343811 15.599711 13
-45.755638 -739.139038 1.778903 13
-53.103245 -743.523010 35.303753 13
-55.998096 -741.653381 39.907612 13
-48.431393 -742.019775 40.931595 13
-49.902016 -740.499023 42.061672 13
-57.501350 -742.338257 42.729481 13
-50.061665 -742.380798 28.167084 13
-48.495178 -741.659546 30.156673 13
-44.144230 -740.344666 16.318186 13
-57.621647 -740.547058 43.503056 13
-53.321613 -737.744019 41.495014 13
-47.997234 -740.687134 38.565800 13
-53.237225 -744.468994 36.673904 13
-45.964397 -740.613525 8.113241 13
-43.856667 -740.401550 0.155447 13
-48.917877 -742.635193 43.673828 13
-46.039177 -740.263794 13.474445 13
-46.761875 -738.475220 23.763416 13
-49.508438 -741.917908 34.626842 13
-44.514549 -740.162109 24.393152 13
-47.411812 -741.441833 26.060545 13
-49.503094 -737.633728 36.872692 13
-48.398502 -739.556519 20.184801 13
-50.611832 -745.200500 34.855942 13
-45.246983 -740.641968 18.885351 13
-54.552841 -736.679260 46.218513 13
-51.584274 -736.635071 44.943832 13
-56.096077 -738.181946 44.064747 13
-44.379715 -737.483337 33.536190 13
-43.577305 -738.811646 8.125625 13
-44.676228 -737.863159 8.848893 13
-45.167561 -737.817749 30.596952 13
-47.552559 -738.406006 26.183956 13
-50.673248 -743.233521 42.859898 13
-45.566540 -741.345337 21.742294 13
-52.189034 -743.490662 48.054085 13
-48.123470 -737.966797 30.284409 13
-45.657269 -738.682312 20.667128 13
-44.323368 -740.411377 3.023257 13
-45.549118 -738.585815 14.860490 13
-47.212612 -737.003723 38.858868 13
-52.062336 -741.995850 46.456799 13
-54.484287 -741.453491 36.781452 13
-50.865082 -738.642090 34.711823 13
-58.839748 -738.854248 48.768307 13
-47.540016 -738.925232 21.285774 13
-52.578957 -739.578247 35.510441 13
-59.242199 -742.059326 45.400368 13
-43.901348 -740.210999 10.292356 13
-50.800758 -744.114807 48.058338 13
-51.912670 -744.351624 50.831886 13
-52.904427 -740.936401 34.337532 13
-58.332150 -743.336609 43.468674 13
-47.449413 -741.247925 32.266315 13
-47.798046 -739.532349 31.116457 13
-48.933178 -739.921143 23.891922 13
-44.783279 -738.543030 26.639135 13
-55.304153 -736.423767 48.367939 13
-51.597481 -740.331543 32.703125 13
-46.683437 -740.997925 24.403650 13
-44.975224 -737.982849 1.308046 13
-47.333794 -743.507751 27.585855 13
-57.832268 -737.932251 48.046566 13
-50.989094 -737.085693 41.898205 13
-46.133652 -739.787292 23.690126 13
-53.024723 -738.052734 40.116905 13
-46.762218 -740.537048 16.990122 13
-54.104439 -736.272583 49.235092 13
-50.350533 -743.720947 45.945095 13
-45.045731 -740.505005 20.487768 13
-46.333641 -737.710876 29.293217 13
-48.810005 -744.807922 32.565109 13
-44.686100 -739.859375 17.752377 13
-55.789108 -737.005188 46.844234 13
-50.426090 -744.550354 32.362999 13
-49.514732 -742.610901 38.618286 13
-48.309353 -742.489990 24.473888 13
-59.031651 -740.334534 47.290451 13
-49.733093 -736.561218 43.531120 13
-47.780846 -737.640259 31.607323 13
-50.510475 -742.774963 41.414143 13
-57.892124 -739.037476 45.965603 13
-45.723579 -738.556824 19.223200 13
-44.550949 -739.163208 22.870173 13
-48.501633 -741.873108 42.326092 13
-47.934250 -739.836182 18.905712 13
-44.284771 -740.644470 7.246644 13
-44.416466 -740.350281 13.782384 13
-47.268803 -737.223328 37.443192 13
-47.032986 -741.083069 20.071995 13
-48.388783 -740.760620 22.437380 13
-52.062794 -737.997375 39.143364 13
-52.161503 -743.039062 32.914341 13
-43.714512 -738.543091 1.478605 13
-46.928867 -738.839172 18.388830 13
-56.866905 -738.269470 45.223774 13
-45.860386 -738.547668 11.596143 13
-51.500393 -738.198181 37.482315 13
-56.276772 -737.204285 49.360565 13
-47.460800 -744.041870 30.293499 13
-54.350243 -739.153870 39.169804 13
-48.991863 -742.050842 33.391884 13
-43.678276 -739.908325 5.390938 13
-45.639565 -737.910583 27.487501 13
-47.230900 -740.516113 33.752102 13
-46.809464 -738.303650 25.105976 13
-49.350624 -743.574524 28.538862 13
-46.052227 -739.851074 10.603656 13
-56.341183 -740.673828 40.782749 13
-45.948288 -737.681580 31.727488 13
-46.020718 -740.345947 22.452108 13
-50.316208 -738.920654 31.955242 13
-45.438984 -740.557617 9.408601 13
-45.866699 -740.702759 16.058132 13
-44.343788 -737.901367 4.154907 13
-44.286373 -739.754883 15.082956 13
-45.492584 -740.521118 11.893697 13
-52.271698 -737.261230 42.079506 13
-47.358364 -741.339294 27.339766 13
-53.320393 -736.487793 46.535999 13
-44.896465 -738.626465 25.294710 13
-49.933735 -742.050354 37.539024 13
-47.983486 -738.434265 27.478296 13
-43.534336 -739.898010 3.897784 13
-50.961109 -741.056030 30.512369 13
-44.124363 -738.947388 29.023205 13
-49.706753 -737.342957 39.034996 13
-50.637939 -742.292847 29.373871 13
-49.169582 -738.643372 29.902782 13
-48.361244 -741.482849 43.626011 13
-48.282402 -740.017090 35.894508 13
-45.869305 -739.507446 6.170205 13
-52.903217 -745.624146 37.078915 13
-58.164673 -740.673279 44.617905 13
-46.544239 -741.847656 21.040070 13
-48.866302 -742.922424 44.892445 13
-51.219711 -743.033203 44.021103 13
-45.916847 -740.465881 4.332230 13
-49.793507 -737.976074 35.682907 13
-47.181767 -741.014465 29.450539 13
-52.275902 -736.920959 43.919384 13
-52.698246 -736.249512 47.597782 13
-48.681828 -739.497986 21.389938 13
-47.944534 -741.586853 37.651333 13
-45.830727 -738.672119 8.415130 13
-52.906837 -735.909973 49.037006 13
-46.081722 -739.307861 3.678288 13
-49.203785 -738.168945 32.513432 13
-44.055077 -738.492859 6.252310 13
-50.844784 -736.194885 45.864059 13
-44.296051 -738.677612 10.847985 13
-46.199886 -742.712402 25.789307 13
-49.484631 -742.310059 27.044907 13
-51.215523 -741.933899 42.111214 13
-51.335960 -739.112244 33.245770 13
-44.885277 -738.075500 13.947027 13
-52.462376 -741.358337 33.265423 13
-50.930046 -744.753357 33.669357 13
-48.413616 -736.384094 42.551868 13
-50.605091 -741.869446 39.828678 13
-48.875076 -739.241821 25.587561 13
-44.843731 -741.112244 0.287995 13
-47.078915 -737.297974 32.547993 13
-45.175037 -738.782593 21.870144 13
-45.473789 -738.825500 16.488628 13
-46.424873 -740.572327 14.735101 13
-48.679325 -741.368774 24.805519 13
-47.794464 -741.717590 31.157343 13
-49.522121 -740.008972 26.445850 13
-43.982037 -739.657471 9.039798 13
-55.140350 -740.742249 38.143246 13
-48.100986 -743.862061 28.451088 13
-50.993835 -743.557861 30.743090 13
-48.399841 -740.955505 41.550049 13
-51.477718 -741.647705 44.496559 13
-46.711128 -739.339600 13.054064 13
-48.725014 -739.605042 33.418678 13
-45.937775 -739.449280 0.619972 13
-55.030415 -738.711365 41.383278 13
-47.994049 -743.300476 26.500982 13
-47.413536 -738.764526 22.660284 13
-50.257202 -744.057739 49.124718 13
-45.353210 -738.491821 4.329497 13
-53.339729 -739.292786 37.566105 13
-47.542625 -739.490967 16.400568 13
-51.753315 -738.732910 35.559540 13
-44.362850 -740.817993 11.456317 13
-47.544781 -737.895874 29.262012 13
-51.250748 -735.860962 47.378902 13
-46.338577 -737.323914 35.414478 13
-50.352589 -741.403442 44.795124 13
-57.361607 -736.808960 49.159988 13
-52.813145 -743.626831 50.694454 13
-50.023674 -741.130432 28.244640 13
-44.780155 -740.316650 22.952900 13
-44.390072 -738.739746 12.575963 13
-53.298702 -740.582092 35.382000 13
-48.546494 -740.015564 37.797344 13
-52.929634 -742.726868 48.590977 13
-49.088009 -739.647522 39.902046 13
-47.080647 -740.198608 31.749958 13
-48.915436 -735.766113 44.728302 13
-55.218136 -739.368225 40.142567 13
-45.067986 -736.915161 36.079357 13
-44.591671 -739.239441 20.936602 13
-45.258774 -740.449646 5.301696 13
-47.514427 -742.134521 23.345959 13
-46.619762 -740.630066 25.852091 13
-45.417080 -738.468933 6.332010 13
-51.147648 -737.567017 39.740425 13
-46.773460 -738.816162 17.248596 13
-49.888901 -735.304016 45.666599 13
-46.019482 -737.442627 34.231228 13
-48.198738 -741.120789 39.740253 13
-46.993507 -740.809570 28.324518 13
-46.124916 -741.069885 18.253134 13
-49.893875 -737.603210 37.948727 13
-53.471535 -737.048706 44.170383 13
-49.403488 -736.975891 41.042915 13
-53.991436 -744.458740 37.541172 13
-52.176308 -743.011658 47.006538 13
-46.639740 -738.866943 14.966006 13
-54.404575 -736.940674 45.131851 13
-52.580173 -744.299072 34.679409 13
-49.287361 -742.250183 35.680016 13
-50.201591 -743.904053 47.135559 13
-44.282375 -739.919006 12.749275 13
-44.358025 -740.695679 5.918089 13
-48.986702 -738.940369 27.937920 13
-54.468601 -742.753113 37.662647 13
-45.374493 -738.383728 22.976461 13
-55.230305 -742.992126 38.736694 13
-48.252857 -737.090698 39.284893 13
-49.266262 -738.001404 33.622444 13
-44.972385 -739.187012 18.618092 13
-56.973293 -743.661194 41.371922 13
-48.418575 -736.675781 41.473412 13
-51.722889 -742.604065 31.533270 13
-47.425125 -736.652100 40.849842 13
-48.033978 -737.507385 35.165272 13
-45.794872 -741.711853 24.326153 13
-46.908897 -743.109863 26.606941 13
-54.336960 -744.761047 38.643326 13
-43.858898 -739.884888 7.961673 13
-55.446461 -741.321716 39.032249 13
-49.697166 -744.222046 29.956621 13
-55.632610 -744.415466 40.046867 13
-59.312481 -739.851074 49.460796 13
-54.253529 -737.468445 43.090763 13
-55.789375 -738.786926 42.188522 13
-46.093971 -742.038818 23.126080 13
-47.281929 -739.827332 30.203100 13
-56.639908 -739.800110 41.963177 13
-47.917873 -738.923279 23.610615 13
-44.344025 -737.960571 2.205383 13
-48.322041 -742.241211 34.561565 13
-45.749752 -740.097839 7.162425 13
-47.764755 -741.690796 21.954250 13
-44.898502 -737.763367 32.630253 13
-47.650581 -741.146667 35.917538 13
-55.264065 -737.941406 43.427025 13
-49.232445 -742.737366 41.045437 13
-48.118717 -737.531311 34.098270 13
-51.314621 -741.258423 46.602718 13
-49.365425 -744.643799 31.659782 13
-50.305332 -741.092468 37.285275 13
-51.570015 -744.770874 34.541931 13
-47.771412 -740.365662 19.839266 13
-44.574944 -739.342651 16.728064 13
-57.214680 -739.537476 43.604668 13
-44.363792 -738.611633 14.716130 13
-48.188164 -741.969910 36.686222 13
-54.985863 -744.054932 39.173191 13
-59.134216 -739.696960 48.140533 13
-45.778896 -738.118835 24.860905 13
-48.031933 -739.935791 34.155956 13
-49.798851 -743.171509 43.476284 13
-48.365276 -737.354187 37.264072 13
-54.978577 -736.553406 47.365211 13
-45.024776 -740.696472 3.775949 13
-59.058502 -738.288757 49.632202 13
-48.800625 -742.565369 40.073441 13
-44.257885 -738.377930 31.150349 13
-46.779652 -738.051086 26.896585 13
-54.329258 -740.466064 37.184422 13
-43.442467 -739.805176 2.749073 13
-48.101025 -742.000610 32.827248 13
-56.146698 -743.478149 40.611431 13
-52.491646 -743.376648 34.186409 13
-44.743290 -738.420898 27.709026 13
-46.273556 -736.652039 39.165092 13
-59.498878 -741.141846 47.781361 13
-45.450035 -736.753235 37.239998 13
-49.933075 -738.174866 34.579750 13
-51.338615 -744.198181 32.793636 13
-58.744045 -742.713074 44.751911 13
-49.636723 -739.144043 29.127329 13
-44.097893 -740.727966 1.174514 13
-51.004665 -743.545105 45.011929 13
-44.703709 -738.150757 29.744217 13
-52.043667 -745.211243 36.506992 13
-58.866787 -741.292603 45.982571 13
-53.307236 -742.490356 34.799076 13
-50.223919 -739.995361 29.120443 13
-45.505093 -740.097961 2.154806 13
-51.388447 -740.955200 31.503431 13
-50.648533 -736.594299 44.203449 13
-46.898098 -737.474792 33.546654 13
-50.517509 -737.982300 37.239399 13
-51.174492 -739.430847 32.288361 13
-50.473469 -739.225464 30.994638 13
-49.366451 -742.357544 36.707119 13
-56.976181 -741.953369 41.945778 13
-42.930779 -738.006409 1.114160 13
-52.298496 -738.400818 38.079254 13
-44.534016 -740.827820 9.778920 13
-47.708027 -741.482910 34.829906 13
-57.395348 -741.335083 42.892765 13
-47.517021 -740.484192 17.823017 13
-49.285957 -741.231628 26.193930 13
-56.478676 -741.614929 41.118496 13
-44.004589 -738.219971 3.264731 13
-51.400616 -745.615356 35.331696 13
-49.245480 -743.037292 47.094311 13
-52.598850 -744.218323 49.912674 13
-44.286015 -740.768066 15.200211 13
-54.284374 -738.004944 41.571690 13
-46.664555 -742.966736 28.292078 13
-52.490242 -743.614746 49.088402 13
-43.321327 -738.887085 5.715117 13
-46.312309 -741.213501 19.221289 13
-46.067654 -739.615051 8.213605 13
-47.122585 -739.611206 27.718784 13
-51.803593 -741.838257 45.442162 13
-45.054195 -738.072937 12.974005 13
-58.508701 -739.625183 46.491863 13
-44.063496 -738.567505 7.291445 13
-48.562542 -740.158875 39.221725 13
-57.123901 -740.154358 42.742935 13
-47.426945 -736.752502 39.837135 13
-50.307373 -736.798706 42.751900 13
-53.708782 -736.310974 50.127354 13
-46.630096 -738.681641 21.035074 13
-48.881710 -737.632751 35.833019 13
-48.742661 -742.249573 45.735928 13
-44.533085 -737.764771 9.900400 13
-55.567249 -742.409729 39.439255 13
-53.659782 -738.518066 39.467827 13
-45.963821 -737.788574 28.386688 13
-49.122547 -744.445801 30.745346 13
-43.316917 -739.863098 0.826647 13
-53.719700 -742.823181 35.757000 13
-48.479618 -742.152283 38.276482 13
-49.835468 -741.411560 35.396549 13
-55.493721 -737.585388 44.580181 13
-49.584595 -743.466553 45.374744 13
-45.312275 -740.280212 0.647667 13
-52.318241 -736.539246 45.693378 13
-45.007309 -737.855652 31.581846 13
-52.032635 -737.067200 43.003521 13
-57.100517 -737.681335 47.442646 13
-50.495529 -740.282715 30.004341 13
-58.587215 -741.437988 45.076267 13
-44.198429 -739.428467 26.746744 13
-44.122105 -738.640930 8.913864 13
-49.245804 -737.150330 39.866386 13
-57.308620 -737.798706 49.310719 13
-51.877441 -743.035156 46.100971 13
-45.044571 -740.421143 16.656441 13
-45.022396 -740.676453 7.872260 13
-57.273319 -743.005005 42.082714 13
-46.319901 -737.046875 37.574371 13
-44.197598 -739.356567 24.882023 13
-55.909084 -740.095520 40.164684 13
-56.071335 -742.563721 40.352638 13
-53.903950 -741.064453 36.126404 13
-48.860401 -742.759277 26.473736 13
-44.457645 -739.430847 23.777842 13
-56.348534 -737.539673 46.274330 13
-50.801807 -737.261230 40.980862 13
-44.568577 -737.786255 11.007132 13
-46.227139 -742.369019 24.913296 13
-50.183525 -742.768066 39.284420 13
-46.716347 -739.279236 10.983250 13
-46.978672 -740.214294 13.835092 13
-52.957329 -744.490479 35.756157 13
-57.826347 -738.288757 47.158524 13
-49.753414 -740.055481 27.352139 13
-45.324074 -740.818176 13.781221 13
-58.069881 -739.777832 45.152752 13
-49.767033 -743.204102 27.776230 13
-48.269928 -742.770752 25.687738 13
-51.861370 -739.034973 34.658936 13
-52.142117 -740.489929 33.445843 13
-56.830410 -738.759216 44.109722 13
-46.471954 -738.813843 14.051987 13
-53.663044 -737.566711 42.356827 13
-47.702038 -738.152283 28.358582 13
-44.218937 -740.496704 2.075957 13
-51.043480 -744.374817 50.011158 13
-55.964390 -738.483215 43.067635 13
-46.550251 -739.745361 26.145838 13
-52.551842 -740.172546 34.749981 13
-49.084606 -739.572876 24.738697 13
-47.048363 -737.278687 36.241367 13
-44.065842 -738.388245 4.909890 13
-47.739647 -743.972717 29.332359 13
-49.070156 -739.520996 35.745468 13
-54.552166 -735.961792 49.974064 13
-53.565742 -743.680725 36.113155 13
-48.632584 -737.972595 31.764038 13
-47.335041 -739.438538 15.192409 13
-44.722626 -737.840576 6.253582 13
-43.638794 -738.983887 3.641465 13
-47.401600 -742.627747 24.464798 13
-45.087482 -737.429382 34.154110 13
-46.202690 -738.825989 12.385081 13
-47.688061 -741.777954 29.597128 13
-54.136078 -742.158813 36.276497 13
-51.565559 -743.959229 47.568264 13
-53.030602 -739.523193 36.437077 13
-45.414738 -738.342468 9.158642 13
-46.871140 -737.526917 31.642622 13
-45.514172 -741.208923 20.828445 13
-50.617573 -742.372864 40.595123 13
-50.706787 -744.095642 31.617996 13
-45.912655 -738.195435 23.935555 13
-52.388676 -742.147461 32.820805 13
-45.150501 -738.161377 8.101097 13
-46.204655 -740.198853 12.571426 13
-49.554073 -740.767151 42.843685 13
-50.762180 -742.959595 29.972542 13
-47.157555 -741.404358 25.194166 13
-45.591404 -737.880493 29.807369 13
-46.022869 -742.139404 26.510515 13
-48.769627 -741.278320 29.388288 13
-47.897663 -741.395447 22.835909 13
-44.855762 -740.211182 19.616192 13
-48.310436 -744.364868 30.348883 13
-51.760479 -741.824097 47.300346 13
-57.886387 -743.233093 42.688953 13
-51.647465 -744.103027 48.452393 13
-51.543278 -741.773193 31.198084 13
-48.186214 -740.153687 20.865738 13
-44.970890 -740.515991 15.743847 13
-58.860310 -739.249084 49.951458 13
-48.670086 -740.588562 23.327650 13
-57.826363 -741.408813 43.684994 13
-45.286011 -740.558777 21.380211 13
-53.723499 -738.077332 40.723721 13
-54.806969 -739.840210 38.758156 13
-58.545174 -738.468933 47.984791 13
-45.157246 -740.594177 17.999319 13
-54.306675 -743.623047 37.408653 13
-58.108162 -742.433716 43.468594 13
-53.255306 -736.276184 48.293793 13
-53.813232 -739.154968 38.408604 13
-45.649044 -741.470886 22.613382 13
-48.429527 -740.052429 36.922714 13
-48.863762 -742.659668 42.781769 13
-56.125530 -736.645569 48.650578 13
-47.775242 -739.282104 19.582020 13
-57.778370 -740.008118 44.168983 13
-47.575226 -739.057068 20.421621 13
-46.166939 -740.271240 9.809039 13
-52.670952 -737.730225 40.849583 13
-45.638039 -740.915527 12.676074 13
-47.766617 -737.148193 38.170940 13
-51.790180 -738.559082 36.424137 13
-45.372398 -740.908936 19.798714 13
-43.508244 -739.296631 1.890328 13
-49.681492 -744.958618 32.620518 13
-46.991089 -737.661560 29.893427 13
-48.299770 -741.209290 40.601898 13
-57.260754 -737.430359 48.504723 13
-45.853828 -739.545654 2.864765 13
-51.212852 -743.616516 45.890980 13
-46.924084 -741.038086 26.661045 13
-49.676563 -743.608582 46.491974 13
-45.910648 -738.442139 15.628019 13
-52.452446 -736.748718 44.796162 13
-58.288418 -738.144043 48.755474 13
-52.123169 -737.760864 39.989117 13
-44.053543 -739.320557 10.308924 13
-44.405525 -738.506653 11.727494 13
-46.319847 -740.674194 23.484123 13
-48.135815 -738.777222 25.679701 13
-55.771458 -736.725952 47.668480 13
-48.644772 -741.779785 31.018919 13
-50.028740 -745.072021 34.207130 13
-48.065567 -741.545654 38.742283 13
-48.725422 -740.739746 24.200930 13
-50.283424 -742.875366 28.836895 13
-52.773506 -744.485596 50.703049 13
-55.348972 -736.971313 46.078938 13
-47.201771 -737.374573 35.417709 13
-47.546829 -741.267395 33.129364 13
-49.347122 -743.146606 44.210129 13
-48.753090 -742.399414 41.696907 13
-48.272472 -739.500793 32.078098 13
-55.785004 -740.864624 39.646755 13
-47.277309 -738.561096 24.448090 13
-48.284294 -740.243713 21.712458 13
-52.438282 -743.241943 50.027481 13
-48.524673 -742.115112 44.238182 13
-52.457386 -742.726257 47.775372 13
-50.186363 -737.038330 41.614143 13
-44.317062 -738.342712 8.142115 13
-46.574657 -739.117615 10.003170 13
-50.147964 -743.080688 42.184944 13
-48.207199 -739.969482 35.051449 13
-44.956978 -740.662842 2.461284 13
-52.180103 -735.515442 49.168274 13
-54.467041 -736.317627 48.417225 13
-46.048595 -742.041016 21.945616 13
-44.553066 -740.925537 14.430646 13
-56.181679 -736.269531 49.422215 13
-53.362072 -744.999573 37.470356 13
-46.200687 -738.568115 23.132000 13
-45.306129 -738.210083 25.927818 13
-49.169548 -736.235962 44.050556 13
-53.217381 -741.711792 34.435165 13
-45.676289 -739.849487 1.315520 13
-45.287083 -738.834167 19.930902 13
-48.531925 -739.204285 24.100201 13
-54.987457 -736.319641 49.173065 13
-54.129742 -736.480530 46.908329 13
-50.758789 -738.698792 33.887581 13
-47.238617 -740.493896 32.917809 13
-46.387230 -740.159424 24.387690 13
-49.374165 -742.678833 39.470474 13
-54.732845 -741.469604 37.584866 13
-58.887280 -740.622498 46.468143 13
-45.837399 -740.575012 11.026356 13
-47.239414 -741.385498 21.342598 13
-46.167210 -738.713989 20.016312 13
-56.171555 -737.948792 44.910286 13
-48.936611 -736.377563 43.225368 13
-50.148533 -737.959656 36.471550 13
-50.941994 -742.707520 42.255844 13
-50.864819 -741.642212 29.932640 13
-48.302109 -741.907104 40.033443 13
-49.833984 -741.705139 27.644972 13
-44.788139 -740.003235 18.552914 13
-52.866817 -738.184387 39.312180 13
-50.522324 -738.283936 35.431892 13
-47.618237 -741.463928 30.354719 13
-44.360348 -739.517700 14.301105 13
-50.474033 -737.544250 39.275406 13
-49.971203 -743.562256 48.522678 13
-46.211941 -738.457275 16.741482 13
-49.143940 -737.428528 37.616512 13
-45.817070 -740.155762 8.789122 13
-45.066647 -738.461121 15.508561 13
-53.821022 -736.680908 45.774826 13
-44.242401 -740.344849 3.839826 13
-46.572231 -736.836365 38.375446 13
-51.625774 -738.026611 38.386978 13
-45.907356 -737.684509 30.916504 13
-47.314156 -741.123657 31.477213 13
-47.518909 -737.639648 30.836025 13
-48.030720 -740.739563 37.745480 13
-45.700798 -738.361450 1.560637 13
-46.083309 -738.715393 18.492397 13
-48.473389 -738.284302 29.608356 13
-52.375149 -744.152588 51.480808 13
-57.463413 -738.817566 45.267052 13
-45.608513 -738.761108 5.598589 13
-49.742424 -738.902832 30.492744 13
-48.137558 -738.647827 26.691530 13
-51.648960 -742.340332 44.051487 13
-44.397125 -739.643311 15.980023 13
-53.766827 -739.872070 37.156261 13
-51.498337 -736.774353 44.158413 13
-46.437820 -739.226196 21.729177 13
-44.404057 -740.774841 10.653685 13
-47.905308 -739.087036 22.001972 13
-46.478069 -740.420471 15.573901 13
-46.749939 -740.703552 17.865154 13
-47.580414 -740.145996 17.048712 13
-49.412430 -739.329773 27.340530 13
-45.791306 -738.415466 21.522776 13
-51.189388 -742.704651 43.228359 13
-50.809536 -736.396729 45.079025 13
-44.247231 -738.758362 28.246281 13
-46.803318 -738.231079 25.897840 13
-56.422615 -737.297363 47.272919 13
-43.614822 -739.576477 4.632056 13
-45.241768 -738.200928 11.124070 13
-47.012653 -740.007690 14.738689 13
-50.993732 -736.044800 46.628353 13
-43.879208 -740.319031 6.590454 13
-50.284729 -741.787964 28.657320 13
-54.476723 -742.254822 37.034424 13
-50.533081 -743.360229 43.748581 13
-45.133537 -740.680908 8.648194 13
-45.821980 -740.378906 5.852212 13
-44.185886 -737.852234 1.305025 13
-51.754173 -742.975098 32.236240 13
-48.136890 -743.618408 27.602959 13
-45.467236 -738.095093 26.735851 13
-45.060627 -739.074219 17.339361 13
-49.340969 -742.467651 37.882309 13
-49.181244 -739.498291 37.521534 13
-45.584286 -740.074341 3.695234 13
-44.488224 -740.501465 12.230548 13
-46.907501 -737.818787 28.726553 13
-51.680496 -737.231567 41.552654 13
-58.763039 -742.923828 43.981445 13
-48.731220 -738.187500 30.761980 13
-53.844795 -743.897095 36.832191 13
-45.580776 -738.357666 12.306051 13
-59.323776 -739.065247 49.344082 13
-44.095474 -739.840698 10.970653 13
-47.535259 -739.176392 18.749397 13
-45.211811 -737.558655 33.385372 13
-50.815098 -743.841370 46.593170 13
-44.537899 -739.243530 21.839552 13
-46.808826 -742.326843 23.015520 13
-49.647114 -738.526978 31.921555 13
-46.966385 -740.268250 29.505074 13
-47.765263 -741.040771 20.294910 13
-47.085766 -740.138428 16.389791 13
-50.725410 -738.971375 32.760452 13
-45.500484 -738.509705 7.097899 13
-48.789612 -737.558899 36.609779 13
-50.071701 -742.150513 38.305504 13
-46.031693 -740.778809 16.838989 13
-43.503258 -738.767639 6.782622 13
-55.156261 -737.162231 45.144508 13
-51.978664 -741.077026 32.587402 13
-50.391743 -744.796570 33.100891 13
-45.520550 -738.777283 3.594692 13
-56.437176 -740.077148 41.246994 13
-43.586723 -739.273071 7.502380 13
-46.542145 -740.569458 25.035248 13
-46.485119 -738.714417 19.152645 13
-44.658966 -739.831116 20.416361 13
-51.335247 -736.948853 42.576756 13
-45.840572 -740.465027 14.214183 13
-52.807034 -738.635803 37.567062 13
-51.713783 -739.864014 33.335888 13
-43.457359 -738.375732 0.717162 13
-48.562695 -742.024597 43.112709 13
-45.115166 -740.533691 4.552793 13
-47.770504 -740.559570 19.091854 13
-51.485325 -745.167969 35.983921 13
-50.007473 -740.391663 28.489927 13
-47.064480 -738.730408 21.953657 13
-50.991207 -744.284851 48.817253 13
-48.850475 -743.774719 27.974304 13
-44.062893 -740.380005 9.327777 13
-47.975567 -741.725586 31.983858 13
-48.894989 -739.671814 23.170614 13
-44.160778 -737.500610 32.800552 13
-46.253704 -737.570984 30.119068 13
-51.964073 -736.060242 47.652859 13
-57.366028 -738.406921 45.907501 13
-44.369789 -740.336365 5.221548 13
-47.526615 -738.572571 25.189079 13
-43.808029 -738.816833 12.083698 13
-47.536633 -741.131653 34.172047 13
-47.773342 -741.345825 36.671844 13
-49.350407 -744.101807 29.256649 13
-43.329041 -739.094299 1.063149 13
-45.867882 -739.506226 -0.129188 13
-51.900768 -743.722229 33.102207 13
-45.116348 -738.230713 2.025312 13
-51.544888 -736.464539 45.689758 13
-50.052708 -743.978088 47.892220 13
-45.602970 -737.201355 35.606579 13
-47.746040 -740.053833 33.425327 13
-47.027302 -740.067871 30.917707 13
-50.795273 -740.283508 30.738441 13
-58.471798 -738.738464 49.503441 13
-52.377388 -738.991760 35.930561 13
-43.751080 -738.533569 2.289254 13
-46.939835 -739.279480 12.291275 13
-45.419197 -740.648438 22.117207 13
-46.672794 -743.144470 27.461245 13
-49.024288 -741.222107 25.491550 13
-48.059654 -742.032959 23.860538 13
-48.940472 -742.535706 46.564766 13
-49.409103 -735.769287 45.305923 13
-48.533627 -742.178955 25.135870 13
-50.146450 -744.666504 31.664984 13
-51.294842 -740.364014 32.006744 13
-44.534054 -738.495544 13.316640 13
-44.370319 -738.453125 9.631830 13
-46.888889 -740.791992 27.570024 13
-48.392265 -741.318787 42.898064 13
-46.471169 -741.494995 20.378410 13
-47.341274 -743.676941 28.384096 13
-47.656254 -737.503601 33.482121 13
-45.101959 -740.657776 7.115869 13
-50.952148 -742.166626 41.435894 13
-50.234188 -741.484009 37.944347 13
-46.701828 -739.962769 28.278376 13
-53.167988 -740.010254 35.836655 13
-52.531757 -736.091492 48.333553 13
-48.975597 -737.220032 38.989475 13
-48.855042 -742.129333 35.082775 13
-59.017925 -741.985962 46.216690 13
-51.453674 -738.938232 34.031464 13
-49.095768 -738.893799 28.687569 13
-45.530338 -740.461365 10.171633 13
-45.633682 -741.279297 18.948744 13
-44.427517 -738.199402 30.447243 13
-45.522388 -738.414429 14.120339 13
-46.313297 -737.453857 32.394653 13
-48.769001 -742.233521 36.281498 13
-52.610554 -736.543030 46.921761 13
-49.638428 -741.186707 43.520233 13
-58.018730 -738.816589 46.689251 13
-51.847805 -744.404419 50.086731 13
-54.947948 -739.471985 39.447502 13
-44.551605 -738.988647 25.853432 13
-46.414974 -738.381470 24.437922 13
-54.979687 -738.915710 40.679249 13
-52.559277 -743.023010 33.524239 13
-48.859016 -742.544067 38.953426 13
-45.114315 -740.962341 11.370719 13
-46.881233 -742.763550 24.972200 13
-53.301941 -741.170837 34.943283 13
-49.529446 -743.010742 42.788822 13
-49.374378 -739.756104 25.766491 13
-46.089279 -739.700195 22.958855 13
-44.233032 -740.594910 8.011286 13
-47.751942 -737.522095 32.355297 13
-44.336643 -739.694275 13.468066 13
-47.712364 -736.182617 42.575317 13
-49.891174 -738.321777 33.861755 13
-44.569027 -739.093994 15.249763 13
-49.943211 -742.838989 40.913319 13
-52.942570 -737.377808 42.400173 13
-52.731773 -735.763428 49.725376 13
-43.948978 -739.690002 16.589697 13
-48.611519 -744.702454 31.871523 13
-53.492268 -735.955139 49.515106 13
-52.674534 -744.867615 36.402218 13
-50.945072 -737.867249 37.851528 13
-59.203457 -740.495361 47.988083 13
-50.732491 -745.309937 34.147881 13
-50.199409 -735.955139 45.564312 13
-47.871315 -740.973145 21.951893 13
-45.594883 -737.666321 32.375546 13
-47.262947 -739.075134 17.799332 13
-43.734825 -740.296387 4.475156 13
-54.602936 -745.420471 38.722355 13
-48.398617 -741.984253 33.878002 13
-45.741119 -739.717651 4.300621 13
-48.625015 -739.983398 38.523773 13
-56.172001 -739.243347 41.797306 13
-44.463051 -740.555664 13.071901 13
-50.282055 -743.589600 45.234959 13
-49.363884 -743.042847 26.978411 13
-44.719093 -739.045898 24.488594 13
-44.730812 -740.128357 21.059874 13
-56.397362 -737.856567 45.605961 13
-44.441040 -739.887146 25.527239 13
-56.541565 -738.780640 43.445530 13
-48.425102 -741.711548 41.637905 13
-48.610435 -737.703430 33.593372 13
-51.375572 -737.759888 39.065205 13
-56.690773 -737.071350 48.775375 13
-43.751610 -740.172607 7.316283 13
-46.787235 -737.251404 36.915421 13
-49.802570 -740.647827 27.754698 13
-51.881756 -742.178528 44.786434 13
-55.398777 -742.066650 38.828838 13
-43.944942 -738.488098 4.194159 13
-44.356358 -738.791382 27.159994 13
-48.581753 -740.041687 22.366432 13
-44.990437 -738.190369 14.688199 13
-52.832855 -741.480957 33.874645 13
-48.797878 -743.924316 28.818777 13
-49.977036 -736.322876 44.185520 13
-48.018578 -739.491211 18.211359 13
-51.422379 -735.355652 47.855442 13
-43.901112 -738.356934 29.352724 13
-52.266472 -742.313538 47.174583 13
-44.651131 -737.190369 34.690220 13
-48.579044 -741.389160 44.301228 13
-44.571270 -740.147644 23.612522 13
-58.744854 -739.684875 47.158844 13
-46.364967 -737.861389 27.439465 13
-45.802494 -739.885620 5.331892 13
-51.354298 -742.953186 30.932775 13
-53.309006 -736.465576 47.280499 13
-54.884781 -743.101196 38.131527 13
-49.368629 -737.397583 38.381016 13
-59.177216 -741.004822 47.110043 13
-46.148209 -738.150574 25.465214 13
-52.996944 -736.643982 45.919441 13
-44.649818 -740.565918 6.572129 13
-43.698059 -739.462219 5.942968 13
-52.014267 -742.412048 45.833420 13
-47.675198 -739.821777 31.795946 13
-53.062061 -743.181335 34.586163 13
-44.732277 -741.093384 13.497673 13
-47.336681 -738.153259 27.375031 13
-44.955578 -740.541931 -0.113571 13
-43.846153 -740.228455 8.645095 13
-47.483158 -741.621033 27.974804 13
-49.087635 -742.159058 34.081680 13
-46.310364 -739.086243 11.543610 13
-56.232613 -741.352966 40.523346 13
-47.369236 -739.262939 17.054888 13
-50.457897 -736.706116 43.432667 13
-46.276028 -738.501099 17.628101 13
-54.010551 -737.240601 43.702530 13
-53.776287 -736.941101 44.804466 13
-48.174088 -737.854919 31.061020 13
-50.384411 -742.092896 39.174320 13
-55.086880 -736.759583 46.692574 13
-49.240261 -741.940674 26.389790 13
-59.296154 -739.517273 48.818577 13
-47.533070 -740.225220 18.483276 13
-44.661301 -739.677246 22.394331 13
-47.669323 -741.636536 26.682379 13
-49.900349 -738.841736 31.267599 13
-49.864475 -738.509033 32.619648 13
-51.205093 -737.425049 40.433075 13
-50.838383 -735.345276 47.058239 13
-45.867729 -741.710327 21.231146 13
-58.429249 -740.771606 45.264954 13
-45.987263 -740.123230 11.605627 13
-58.707806 -739.141418 47.931068 13
-44.170639 -738.193542 5.641823 13
-48.488644 -739.550049 32.730373 13
-45.788120 -740.666626 15.327802 13
-46.541840 -740.706970 16.268749 13
-48.394760 -741.099731 42.247154 13
-48.867737 -736.632568 42.014397 13
-50.174290 -737.554871 38.576874 13
-44.919006 -738.924072 23.419010 13
-50.120338 -740.440369 43.194736 13
-52.453289 -740.429626 34.107018 13
-47.395061 -741.939453 22.599829 13
-44.734829 -740.651733 0.868445 13
-47.499615 -737.274231 36.765209 13
-48.754124 -741.889404 32.650425 13
-44.887192 -738.105347 4.634608 13
-47.228165 -740.833191 19.465734 13
-49.552040 -743.655151 47.203194 13
-51.363243 -741.563293 45.996082 13
-46.104092 -740.880554 17.600166 13
-50.859535 -743.964417 47.321945 13
-50.071053 -737.154541 40.938480 13
-54.562443 -739.042480 39.887650 13
-47.820217 -740.519592 36.165440 13
-48.322578 -738.490540 28.135210 13
-58.171593 -741.319031 44.398872 13
-43.132252 -739.724609 0.185945 13
-55.316128 -740.677368 38.836815 13
-44.567966 -737.878174 3.505549 13
-54.304420 -737.804565 42.424400 13
-47.833744 -742.957214 25.037560 13
-52.638439 -737.492859 41.546028 13
-55.774357 -736.833252 49.673870 13
-50.882450 -739.405090 31.543751 13
-45.665630 -738.520752 22.372881 13
-49.304195 -740.527466 25.950884 13
-43.859776 -738.805054 11.398494 13
-47.296852 -741.227112 28.764711 13
-58.225964 -739.620544 45.796116 13
-49.289673 -739.376587 26.345079 13
-43.704651 -739.071533 5.141684 13
-45.495163 -737.031250 36.591206 13
-46.921234 -736.701782 39.395458 13
-49.226593 -744.863586 33.127197 13
-50.421673 -743.865540 30.592216 13
-50.387711 -740.758484 44.538998 13
-48.250008 -740.416748 39.777760 13
-44.782070 -739.625916 19.141998 13
-51.079250 -738.289307 36.860012 13
-45.513226 -741.172852 17.984579 13
-54.661396 -740.382812 37.821308 13
-49.479927 -736.609924 42.899498 13
-45.164669 -740.648376 13.074513 13
-47.593658 -740.434021 34.319462 13
-44.232426 -739.358154 12.321412 13
-44.912716 -740.378906 17.375996 13
-48.163940 -735.968567 43.034466 13
-45.088188 -739.051086 19.328012 13
-52.174362 -738.501892 37.313084 13
-47.089092 -739.189087 15.811956 13
-43.926811 -739.354614 8.442686 13
-45.685150 -740.116821 6.494470 13
-48.618038 -739.002319 26.161573 13
-45.524170 -741.123169 24.132635 13
-49.505135 -737.929565 35.063938 13
-48.543655 -742.352417 45.085876 13
-43.736698 -740.290161 3.312926 13
-49.024212 -740.266724 24.584255 13
-52.261608 -739.528809 34.862419 13
-46.353477 -739.071594 8.559149 13
-43.904457 -740.102600 1.269595 13
-45.873283 -737.408691 34.934986 13
-55.659698 -738.950439 41.469746 13
-45.304157 -740.711304 3.062485 13
-46.844078 -742.948242 25.931295 13
-57.310352 -744.204834 41.677219 13
-54.438168 -738.376282 41.016060 13
-50.988522 -741.483154 40.207310 13
-47.244011 -740.604065 32.241364 13
-47.440212 -743.363892 26.925694 13
-58.741985 -742.086121 44.955933 13
-49.438156 -737.773560 36.224453 13
-44.405941 -738.151428 10.453690 13
-50.620403 -739.677307 30.520884 13
-43.957699 -739.346375 9.639465 13
-46.868835 -738.638062 23.024044 13
-47.269241 -742.548889 23.808781 13
-56.608822 -740.952576 41.370483 13
-50.005283 -741.618591 37.011570 13
-50.671917 -741.397461 39.278717 13
-57.773045 -737.724365 48.830254 13
-46.878647 -736.283997 40.727417 13
-50.782150 -743.376465 44.417728 13
-45.218388 -738.799561 21.208138 13
-45.614517 -737.827393 28.964066 13
-52.491856 -738.311035 38.712376 13
-46.127377 -739.633301 2.254293 13
-44.237621 -740.201782 11.665069 13
-48.619152 -738.790466 27.407747 13
-57.727837 -741.923523 43.259636 13
-49.975891 -741.045349 35.927078 13
-59.778805 -740.065979 49.044098 13
-49.876225 -735.662659 46.221180 13
-48.339836 -741.766052 24.400648 13
-46.050030 -742.082947 23.847511 13
-56.570557 -738.346313 44.576294 13
-53.908638 -744.831482 38.077766 13
-43.845600 -740.260803 5.922630 13
-52.977604 -737.054749 43.704193 13
-46.108829 -737.958740 26.793756 13
-51.096504 -738.596924 35.356106 13
-48.861458 -737.888672 33.013649 13
-48.391758 -739.247131 23.269592 13
-48.905834 -739.932007 40.494278 13
-47.774616 -736.538696 41.393162 13
-46.694920 -739.973816 13.256497 13
-46.964714 -740.462952 28.875702 13
-57.915310 -740.840759 44.014198 13
-44.909985 -738.982727 16.205069 13
-50.375412 -742.479126 39.923691 13
-42.979408 -738.609741 1.378052 13
-47.102329 -740.717834 30.027300 13
-57.152325 -740.821716 42.592670 13
-50.080864 -741.020813 36.682713 13
-44.579727 -738.430420 28.962605 13
-54.697315 -742.129761 37.672558 13
-47.914871 -741.755920 36.124866 13
-46.517666 -737.370361 34.774300 13
-46.369610 -742.755188 26.480309 13
-45.836395 -740.442444 4.978326 13
-45.665588 -738.705627 17.175806 13
-48.420322 -737.812805 32.362213 13
-51.247318 -742.325989 42.676029 13
-46.784153 -739.276123 13.693129 13
-47.318024 -741.085083 20.761757 13
-54.857357 -736.874084 45.662579 13
-51.459099 -744.471191 33.434856 13
-52.017586 -742.394226 32.080555 13
-52.806606 -742.138306 48.360550 13
-43.781479 -740.390320 2.673246 13
-48.744625 -739.630737 34.081608 13
-44.392963 -740.183472 14.408314 13
-46.550777 -741.480347 24.995800 13
-44.388512 -740.235413 15.706731 13
-49.043324 -744.315918 30.106596 13
-48.597363 -739.195923 24.942415 13
-45.987236 -742.090637 25.864466 13
-51.403286 -743.058777 44.655933 13
-47.254829 -743.611511 29.574720 13
-45.356804 -738.687561 18.509247 13
-53.863964 -736.354065 48.639168 13
-45.095352 -738.551880 24.681473 13
-45.482941 -740.778625 22.749342 13
-48.332890 -742.018005 37.327644 13
-50.563358 -741.614624 29.352869 13
-45.037815 -737.951355 9.547227 13
-46.834679 -741.826599 21.696913 13
-50.797020 -740.921509 45.037167 13
-47.397144 -743.146606 26.173143 13
-54.311901 -744.338989 38.105652 13
-45.164116 -740.971863 12.221652 13
-48.923645 -738.625793 29.300268 13
-44.344257 -739.230408 12.992970 13
-55.677834 -736.471375 49.079418 13
-44.563309 -738.622314 14.052001 13
-46.167381 -739.628418 9.974428 13
-57.103821 -741.414429 42.317570 13
-55.346588 -743.517639 39.163887 13
-47.990406 -741.209900 38.192089 13
-47.617599 -737.796204 29.908649 13
-52.713001 -742.005981 33.389366 13
-49.830479 -742.962585 41.637222 13
-52.815338 -744.087524 35.265045 13
-49.497437 -740.573181 26.742088 13
-55.514198 -737.869141 44.005180 13
-46.153324 -740.461670 10.464398 13
-47.076790 -737.052612 38.041477 13
-55.426899 -738.375549 42.704094 13
-53.209610 -738.854370 38.026962 13
-47.883270 -740.349609 35.527443 13
-54.143997 -740.704468 36.599293 13
-49.885735 -737.315552 39.658272 13
-58.094193 -738.189880 49.431404 13
-48.922558 -742.894897 45.543636 13
-48.024422 -736.567627 41.985161 13
-47.096382 -738.871155 19.109116 13
-45.636600 -738.825989 2.311785 13
-53.025051 -739.188232 37.014236 13
-48.780838 -736.920288 40.982147 13
-45.391121 -738.068726 28.055634 13
-51.275444 -742.192566 45.355328 13
-51.578384 -745.029785 35.112507 13
-50.704739 -740.917969 29.946257 13
-46.416195 -740.197571 14.216101 13
-46.775085 -739.902588 12.604439 13
-54.756130 -737.532654 43.471615 13
-45.949383 -739.585266 6.858871 13
-44.895054 -737.031006 35.404728 13
-55.156994 -741.296875 38.448956 13
-57.127945 -738.766724 44.680367 13
-47.330360 -738.657776 23.554865 13
-44.199703 -738.700256 10.205533 13
-55.211521 -744.510803 39.563965 13
-45.068295 -738.160706 6.770905 13
-55.187366 -738.474609 41.961353 13
-46.693264 -740.450378 26.457468 13
-48.756126 -739.745972 36.265274 13
-48.122913 -741.486023 29.232265 13
-44.951233 -739.124329 20.430956 13
-52.314556 -743.649841 33.628113 13
-45.827202 -738.561523 10.962019 13
-50.154613 -743.713318 30.035488 13
-51.173023 -743.675964 31.374928 13
-49.697487 -739.068054 29.765017 13
-52.891289 -744.570679 51.361916 13
-53.718346 -738.392517 40.083725 13
-48.186378 -740.820374 39.158997 13
-46.592678 -737.405640 32.965565 13
-44.288284 -738.130249 6.721001 13
-48.323692 -740.416626 41.145687 13
-46.159454 -738.680664 14.585671 13
-45.249489 -740.863953 16.198549 13
-56.389328 -742.092102 40.651188 13
-56.044373 -740.787415 40.225643 13
-43.653919 -740.382507 0.757812 13
-45.694054 -741.347717 24.834623 13
-45.789749 -740.098145 7.808503 13
-51.903458 -743.521912 47.269958 13
-49.435253 -737.990356 34.234642 13
-50.037384 -743.227905 28.365864 13
-54.337830 -739.447937 38.614410 13
-43.586853 -739.304321 3.101314 13
-45.064678 -739.074463 18.011051 13
-45.028473 -740.689514 5.837841 13
-46.259884 -737.475769 33.566219 13
-53.051537 -736.897339 44.614170 13
-44.511047 -737.922119 12.678919 13
-56.046452 -744.810913 40.301281 13
-46.388680 -738.855347 13.349900 13
-46.940559 -738.938904 16.660538 13
-44.487118 -737.830383 2.808984 13
-48.058857 -739.859863 19.587307 13
-50.810223 -744.344604 49.414635 13
-50.971340 -744.248840 32.306644 13
-47.326244 -739.334595 28.508642 13
-56.959629 -739.583801 42.981258 13
-56.724960 -737.627930 46.838902 13
-49.768826 -742.455750 27.628357 13
-50.837578 -741.528931 45.318127 13
-49.552490 -738.233093 33.128990 13
-48.852375 -742.645203 44.317280 13
-45.098312 -738.226868 27.226200 13
-44.381237 -740.735901 0.062503 13
-43.983738 -738.741333 13.129813 13
-59.868565 -739.455200 49.635490 13
-46.262173 -738.967590 7.957181 13
-47.853794 -741.521912 35.471962 13
-43.883682 -739.223145 10.941383 13
-50.503193 -735.830322 46.212570 13
-56.889107 -743.015930 41.597507 13
-50.309418 -744.144958 48.446560 13
-56.831581 -740.323181 41.707794 13
-53.816727 -738.892639 38.975628 13
-51.777065 -736.853577 43.560822 13
-47.939983 -738.985046 22.919802 13
-44.956947 -738.145569 4.001796 13
-52.059910 -744.663391 34.917595 13
-48.166630 -736.755005 40.904411 13
-56.860493 -744.274414 41.214333 13
-47.836235 -736.773254 40.309971 13
-55.143173 -736.736633 49.884644 13
-47.282936 -739.767334 15.869564 13
-48.382744 -737.551636 34.653816 13
-52.521889 -740.949707 33.772522 13
-53.411343 -742.998291 35.156818 13
-49.406681 -736.115601 44.607376 13
-50.420280 -742.944153 40.448818 13
-43.390095 -739.304871 4.112428 13
-44.728817 -739.985474 16.952730 13
-46.358379 -739.801147 11.141974 13
-49.051239 -737.018311 40.447536 13
-49.945541 -737.738159 37.340416 13
-44.026268 -737.810974 31.123276 13
-49.467136 -743.225769 44.810997 13
-46.643959 -737.432495 34.159088 13
-49.420525 -741.699829 26.958847 13
-55.505287 -739.257568 40.683140 13
-47.881191 -737.133545 38.796169 13
-53.910084 -735.735474 50.055012 13
-51.572998 -743.258789 45.505684 13
-55.783253 -743.787476 40.140251 13
-44.931374 -740.257568 22.296743 13
-54.703972 -744.258911 38.622650 13
-54.599285 -736.382568 47.816364 13
-51.407776 -739.726257 32.779640 13
-47.738331 -737.472290 34.621632 13
-49.733624 -742.535889 37.207767 13
-54.122841 -737.131836 44.335472 13
-48.677631 -742.550232 36.812603 13
-46.880981 -740.202515 27.750761 13
-47.604332 -738.378479 26.843145 13
-48.156418 -741.664856 39.435143 13
-50.447205 -736.983032 42.193787 13
-54.915199 -742.532471 38.358196 13
-52.144463 -742.666565 46.503338 13
-48.686371 -737.622986 35.242367 13
-56.900208 -737.990723 45.964447 13
-51.705505 -736.152466 47.086212 13
-45.800575 -741.275574 19.571552 13
-46.637589 -741.471130 19.674570 13
-54.895443 -743.593506 38.741276 13
-52.011539 -744.409424 34.284721 13
-45.067688 -738.867432 22.708714 13
-52.539516 -743.184143 48.453243 13
-51.679630 -743.575378 32.486515 13
-48.258881 -740.939758 23.022324 13
-46.293102 -742.083252 22.543005 13
-48.318657 -743.439148 27.042194 13
-54.790230 -744.664734 39.102898 13
-54.755589 -737.194519 44.680588 13
-50.140072 -739.445801 29.417469 13
-53.653393 -741.092957 35.520920 13
-46.423969 -737.596924 31.228785 13
-55.888969 -742.846680 39.831383 13
-51.406887 -736.309631 46.262264 13
-55.393906 -743.944946 39.669266 13
-47.913731 -744.164185 29.911692 13
-51.660023 -740.881897 32.117214 13
-45.079929 -737.640015 1.869534 13
-45.193359 -738.210327 5.815062 13
-57.693325 -737.309814 49.258034 13
-47.869385 -741.079956 37.259201 13
-48.254311 -737.497986 35.747219 13
-53.190861 -735.957947 50.090607 13
-52.188114 -739.099243 35.343136 13
-54.737091 -737.796692 42.919319 13
-52.838833 -743.129272 49.131996 13
-59.286201 -741.236877 46.425327 13
-46.117271 -740.731812 22.934069 13
-56.122414 -739.952209 40.755005 13
-52.869984 -740.080566 35.306095 13
-44.614315 -739.682007 23.182123 13
-45.291645 -738.389832 13.482118 13
-44.743729 -740.770020 9.142354 13
-53.383335 -745.595581 37.463898 13
-43.523201 -739.653320 1.375117 13
-45.405922 -738.262024 25.308117 13
-44.034271 -739.967896 9.780249 13
-43.618439 -738.990479 8.878029 13
-52.983749 -740.650208 34.876026 13
-48.926540 -742.752075 38.183533 13
-46.956585 -738.768616 20.543341 13
-57.582073 -738.417236 46.510185 13
-55.520653 -744.967957 39.831268 13
-47.878799 -740.443970 20.427011 13
-56.836365 -741.439331 41.661686 13
-54.563545 -741.024719 37.217854 13
-44.783482 -738.044006 30.997227 13
-46.473209 -738.730591 15.538520 13
-47.130272 -740.549683 31.283583 13
-47.626469 -736.953674 39.313469 13
-48.032505 -741.751282 34.370495 13
-46.089355 -737.274048 35.960747 13
-44.655853 -737.947815 7.843286 13
-47.870472 -737.270142 37.571537 13
-48.928741 -740.834961 24.877954 13
-56.097675 -744.087280 40.544998 13
-48.788052 -739.572327 22.064804 13
-44.665180 -741.115784 11.862226 13
-44.661167 -737.807129 32.059925 13
-44.575962 -739.372314 18.207472 13
-52.585659 -737.111267 43.245674 13
-43.882923 -738.694519 5.581569 13
-52.905663 -745.045898 36.928646 13
-48.161030 -741.637756 30.690296 13
-49.427658 -741.895447 35.224506 13
-50.210083 -740.935669 28.760839 13
-52.136703 -743.780945 48.632030 13
-48.057617 -738.176086 29.172014 13
-50.029221 -739.514099 28.788857 13
-43.349121 -739.277527 2.475273 13
-49.281296 -736.818115 41.599468 13
-45.637341 -739.847412 0.306783 13
-46.379051 -739.560364 24.287601 13
-51.510437 -743.140808 31.619272 13
-52.472332 -736.520447 46.269020 13
-52.748077 -743.641602 49.619423 13
-56.522251 -743.410828 41.057137 13
-45.122543 -740.770264 9.875030 13
-53.679325 -742.297363 35.405499 13
-49.214508 -743.035522 43.300598 13
-49.300591 -742.723389 40.454895 13
-45.488266 -740.097839 2.791599 13
-57.296326 -740.088806 43.302727 13
-52.847523 -743.866638 51.282093 13
-46.023190 -740.202332 23.241133 13
-48.668983 -739.747864 35.348206 13
-50.965023 -744.594177 33.105217 13
-53.847275 -739.622253 37.712646 13
-46.636192 -740.042419 25.629721 13
-46.966206 -741.124329 25.827129 13
-51.250927 -741.238403 31.009851 13
-51.391079 -741.818115 46.767498 13
-48.491470 -742.474731 40.562904 13
-53.401798 -736.304688 48.989365 13
-52.245846 -744.011414 49.437553 13
-45.670891 -737.544373 33.762093 13
-47.439854 -741.259033 30.885014 13
-48.125504 -741.959167 35.033424 13
-57.837135 -739.247864 45.419910 13
-49.747791 -743.658020 45.904137 13
-55.506226 -739.822449 39.841850 13
-48.671589 -737.131470 39.778221 13
-46.024529 -739.401062 5.560683 13
-50.405735 -745.011780 33.722477 13
-51.289745 -735.769653 48.299191 13
-53.869789 -736.632202 46.378155 13
-45.951130 -741.608765 20.629017 13
-48.328678 -740.473022 41.888893 13
-46.699642 -739.073975 22.255529 13
-55.869259 -737.219849 46.202457 13
-48.251759 -744.021606 29.067213 13
-51.970154 -745.493774 35.929634 13
-44.557835 -740.588440 1.615570 13
-49.402946 -739.198486 28.276115 13
-49.760712 -744.653687 32.129517 13
-53.441086 -741.910339 34.943295 13
-52.338440 -743.948792 34.176956 13
-55.535713 -742.970459 39.237991 13
-46.647991 -740.879089 18.418509 13
-51.071102 -740.574463 31.179615 13
-52.835892 -743.706482 34.733841 13
-48.739983 -742.396301 39.512703 13
-45.732166 -738.960999 6.290786 13
-56.201183 -738.675171 42.570511 13
-44.589180 -739.503540 17.297531 13
-48.727100 -735.850891 44.164436 13
-43.749092 -739.022461 6.315235 13
-51.127754 -736.656006 44.578133 13
-49.916344 -742.644836 38.041096 13
-58.805363 -740.100647 46.743893 13
-47.280949 -739.752808 29.632849 13
-46.926674 -737.733643 29.322374 13
-48.250275 -740.944397 43.450920 13
-47.543022 -737.463684 32.919029 13
-44.284672 -738.188232 31.706964 13
-51.433815 -744.685120 33.982864 13
-50.620098 -737.420288 39.874214 13
-50.605587 -742.904968 29.413403 13
-45.019882 -738.055725 29.277130 13
-51.514179 -742.383850 31.034569 13
-53.223137 -737.880188 40.933697 13
-55.931568 -742.244934 39.892021 13
-57.854248 -742.755859 42.985626 13
-56.316078 -742.943481 40.737930 13
-51.644573 -739.360596 33.680035 13
-53.573776 -740.604126 35.884651 13
-44.164371 -739.925415 12.184522 13
-46.059673 -739.671936 7.512743 13
-46.231197 -736.342468 38.685291 13
-51.336369 -738.508545 35.932526 13
-45.912094 -737.046204 37.060337 13
-43.436703 -737.992737 1.362809 13
-45.884869 -736.644470 37.609482 13
-47.471531 -737.455566 34.047180 13
-47.969994 -741.783020 23.336321 13
-50.107113 -741.296570 43.839870 13
-49.228851 -743.342590 27.953745 13
-44.316162 -740.374512 11.077850 13
-53.475529 -744.492737 37.200981 13
-48.091564 -739.267395 21.484041 13
-53.226627 -744.133606 36.173206 13
-53.826317 -737.783020 41.849968 13
-52.188801 -741.610168 32.595928 13
-49.798428 -743.645386 29.299410 13
-55.787830 -738.217957 43.560719 13
-53.911400 -741.733521 35.946873 13
-48.478447 -739.557800 20.747210 13
-48.680759 -738.276245 30.199192 13
-51.994713 -736.784302 44.461739 13
-48.949638 -742.785461 25.901636 13
-45.397438 -737.845886 31.128649 13
-44.238457 -740.416870 0.700819 13
-48.336967 -741.441223 41.129414 13
-46.981434 -739.336914 14.664581 13
-45.515228 -740.520569 7.516949 13
-44.059948 -738.235168 2.693652 13
-47.605049 -741.080627 35.238838 13
-49.628208 -737.107117 40.461121 13
-58.389416 -742.494507 43.982883 13
-57.230949 -739.218689 44.099953 13
-46.569839 -736.244385 39.453327 13
-47.114384 -736.651733 40.324738 13
-44.358208 -737.894409 4.842060 13
-45.904209 -741.885498 24.901991 13
-48.715202 -740.145142 22.907242 13
-45.985889 -740.700134 8.812632 13
-56.839725 -737.518616 49.088120 13
-48.994030 -736.528137 42.614136 13
-44.587658 -739.769165 24.803909 13
-44.920265 -737.864685 10.526601 13
-57.027229 -737.460388 47.976139 13
-46.004189 -742.276184 24.388088 13
-49.180790 -738.253784 31.744940 13
-50.211998 -743.811035 46.510574 13
-49.196598 -744.864014 32.161949 13
-49.888535 -740.121399 28.007252 13
-50.344254 -738.508362 34.229691 13
-55.562527 -741.835571 39.384830 13
-46.872612 -739.796875 14.194901 13
-51.675987 -737.735413 39.559841 13
-52.590256 -745.500000 36.612541 13
-48.931408 -739.730164 39.099907 13
-50.835121 -738.859192 33.316917 13
-45.850258 -740.633301 7.074622 13
-43.905289 -738.272522 30.710817 13
-54.906929 -740.249084 38.374584 13
-51.730728 -738.389038 36.970840 13
-48.067661 -736.938232 39.797729 13
-48.920200 -742.588928 42.214775 13
-45.679993 -741.586426 23.735619 13
-43.152344 -738.859558 1.922806 13
-46.419579 -741.094421 23.870626 13
-58.199173 -738.565979 47.548790 13
-44.692886 -738.397400 28.307943 13
-47.594349 -739.905334 18.013350 13
-45.389915 -740.865112 16.743393 13
-50.433475 -737.760254 38.076515 13
-48.804203 -737.685791 34.137016 13
-45.506264 -738.402405 12.893890 13
-46.418259 -742.762268 27.822147 13
-50.114311 -743.176147 42.875107 13
-45.859184 -740.437927 12.961185 13
-48.252121 -739.812805 33.645283 13
-45.954830 -740.785767 11.667786 13
-48.723812 -742.217896 35.678150 13
-53.723015 -737.350952 43.235001 13
-45.647079 -737.658081 30.321955 13
-44.322140 -739.624512 24.295387 13
-43.842640 -740.329651 5.041393 13
-46.109425 -739.614319 8.791107 13
-50.017288 -740.515015 42.647446 13
-44.428623 -739.449646 26.162464 13
-51.766182 -742.050720 31.638021 13
-44.724064 -740.039307 16.389509 13
-46.849232 -743.419861 28.020788 13
-48.056400 -738.926575 24.166071 13
-47.617630 -737.400757 35.804600 13
-59.234558 -738.787537 49.900410 13
-49.533401 -742.052429 36.264355 13
-58.074966 -740.123657 44.707504 13
-52.225433 -737.478577 41.159058 13
-51.396042 -738.739136 34.886723 13
-47.342834 -736.164795 41.304108 13
-48.127895 -741.853271 33.381657 13
-52.403439 -743.983032 50.941589 13
-52.984638 -743.465637 50.113312 13
-45.044548 -740.636230 14.233613 13
-43.528049 -739.806824 2.172249 13
-47.882904 -744.077209 30.661818 13
-46.211327 -740.254700 9.178162 13
-45.424747 -740.474426 8.226007 13
-57.066368 -742.531616 41.781242 13
-58.693573 -738.413025 49.111874 13
-56.508518 -739.370361 42.310940 13
-59.291775 -740.053345 48.535507 13
-44.620148 -739.600525 21.372128 13
-54.311432 -743.020203 37.153713 13
-44.511829 -737.283325 34.051373 13
-47.191326 -741.139221 27.889603 13
-43.820637 -738.627808 28.679373 13
-49.596996 -739.628723 26.838789 13
-46.930077 -740.016113 15.307417 13
-51.039017 -745.035828 34.524841 13
-48.279808 -740.766174 40.227100 13
-46.332596 -743.003540 27.026773 13
-54.481873 -736.512634 50.011776 13
-50.334839 -740.447266 29.481634 13
-44.792511 -740.663696 3.263654 13
-44.285069 -739.061646 16.352121 13
-51.062626 -739.814636 31.890368 13
-50.032711 -738.117371 35.205692 13
-45.072792 -738.165344 12.398337 13
-52.955265 -744.080688 50.325451 13
-58.860554 -741.653687 45.561752 13
-48.977989 -739.642395 38.014244 13
-56.568371 -736.738403 49.424450 13
-44.398949 -738.934509 26.547213 13
-54.107353 -738.752686 39.699459 13
-48.569489 -742.125122 43.681828 13
-47.758347 -741.587708 32.579601 13
-49.250938 -738.579102 30.448465 13
-46.719723 -738.751648 17.848267 13
-44.872047 -740.898376 15.348575 13
-51.050404 -745.538452 34.858849 13
-50.015076 -742.392517 38.804005 13
-51.394196 -737.313171 41.078476 13
-44.077839 -739.358948 27.313835 13
-49.993568 -743.339844 43.967941 13
-51.871819 -737.089844 42.473988 13
-51.273415 -741.809814 30.711514 13
-49.393684 -735.427368 44.855553 13
-44.535648 -738.316589 12.232455 13
-52.445206 -737.273987 42.632980 13
-45.310772 -738.663757 15.976270 13
-57.233086 -741.932068 42.436928 13
-48.240726 -740.306885 37.426102 13
-48.102177 -741.758362 38.165619 13
-48.777191 -742.428040 41.133003 13
-46.016899 -738.658447 16.267094 13
-56.929203 -740.395020 42.242306 13
-57.345192 -743.588989 41.918823 13
-56.484753 -743.965271 40.948555 13
-44.859055 -740.250610 19.059952 13
-48.808983 -739.776001 37.215816 13
-52.325264 -744.306458 50.391224 13
-43.969185 -738.165833 1.810810 13
-43.711681 -738.681519 3.155694 13
-46.394917 -738.633057 21.594337 13
-43.767059 -738.873779 10.497312 13
-45.187790 -738.090210 30.105701 13
-54.169010 -740.021423 37.490227 13
-44.060162 -738.746948 29.718184 13
-47.958973 -741.672729 37.091118 13
-44.778465 -740.629883 5.003755 13
-44.666473 -740.729492 8.304970 13
-46.497459 -742.356567 23.470865 13
-46.091194 -738.646973 15.143597 13
-49.258709 -739.832031 25.189663 13
-47.504070 -740.963928 34.711258 13
-53.797710 -737.941528 41.251419 13
-48.491550 -741.275635 24.203426 13
-52.529495 -738.048157 39.729790 13
-52.079956 -736.629639 45.198246 13
-47.381916 -741.304016 29.862835 13
-54.916397 -736.253662 49.707081 13
-45.486179 -737.335449 36.134125 13
-54.722195 -738.186279 41.896664 13
-48.633045 -740.034668 39.847641 13
-51.862095 -741.784790 45.989342 13
-44.450413 -740.453735 10.153770 13
-50.380836 -738.154358 36.009472 13
-47.523605 -739.348938 29.020809 13
-51.856586 -743.316833 46.693478 13
-46.509464 -738.078247 26.391808 13
-52.550632 -742.570190 33.141838 13
-46.097660 -739.306519 4.340012 13
-44.104057 -739.036377 14.922344 13
-48.123753 -740.016541 20.140909 13
-47.109756 -737.634277 30.423449 13
-45.275970 -738.519592 23.508554 13
-59.005550 -739.886475 47.613773 13
-49.594933 -744.933228 33.685032 13
-59.008423 -739.230896 48.404663 13
-57.336220 -738.003235 47.037052 13
-47.131313 -738.238831 26.498703 13
-50.341949 -742.338318 28.772324 13
-46.473022 -742.628052 25.329838 13
-48.244473 -741.707825 31.439468 13
-46.655655 -737.339661 35.858044 13
-46.462528 -738.565918 22.650070 13
-45.461048 -737.450378 34.549603 13
-56.815781 -742.152100 41.416958 13
-46.961689 -740.229858 30.393564 13
-44.590416 -739.091492 25.160389 13
-53.077126 -742.702759 34.339367 13
-52.546204 -737.839050 40.317871 13
-50.964310 -745.176331 35.272633 13
-50.885189 -736.891663 42.851234 13
-45.137680 -738.105652 8.721318 13
-49.695854 -744.528992 31.236717 13
-49.583874 -741.794189 35.751972 13
-47.156494 -740.605591 18.372990 13
-47.604767 -741.636597 29.078085 13
-49.235291 -743.338501 46.591923 13
-44.475006 -740.297852 15.011995 13
-45.142883 -740.464661 1.986940 13
-49.432243 -743.232239 47.587097 13
-45.583141 -740.134338 4.604991 13
-58.021420 -741.919006 43.723518 13
-46.361233 -737.758667 28.764093 13
-48.449474 -737.188477 38.767143 13
-50.879421 -741.890686 40.660271 13
-51.005665 -742.986206 30.518406 13
-45.552265 -741.150391 20.239906 13
-48.344173 -737.317261 37.838020 13
-45.871166 -740.559265 12.327337 13
-43.819202 -739.152405 7.005977 13
-50.966179 -743.093384 43.525455 13
-48.692909 -742.738831 46.010368 13
-52.512848 -744.530090 35.453190 13
-44.146809 -738.687866 30.252327 13
-48.271584 -737.421875 36.703049 13
-46.302711 -740.269348 23.863834 13
-47.794735 -743.713196 28.033543 13
-44.917709 -738.575623 25.970505 13
-47.319763 -737.581055 31.316778 13
-48.011719 -740.672607 21.517107 13
-48.176525 -740.162415 36.403419 13
-45.470688 -741.004883 18.512964 13
-44.726753 -737.629517 33.138969 13
-44.581989 -738.032104 1.742032 13
-49.695675 -744.286499 30.495358 13
-45.770473 -741.577820 23.118393 13
-55.749500 -739.627319 40.390469 13
-45.104183 -738.124512 11.638548 13
-44.073669 -738.790222 8.393793 13
-53.436768 -739.761719 36.694695 13
-52.439751 -735.823181 48.792912 13
-46.787228 -739.325317 11.537138 13
-55.826183 -736.623901 48.192150 13
-54.850883 -740.897400 37.655052 13
-47.854942 -743.036865 25.899803 13
-46.053410 -740.171204 2.610057 13
-47.291153 -737.524719 32.071533 13
-58.656483 -737.991150 49.469749 13
-59.376728 -739.381287 49.856865 13
-47.155079 -740.343323 17.308620 13
-53.796749 -743.149109 36.158726 13
-56.791275 -739.794067 42.505169 13
-44.811707 -739.172119 22.308846 13
-50.685257 -737.328003 40.413418 13
-51.515125 -737.104919 42.036293 13
-54.123413 -741.652222 36.438091 13
-46.860981 -741.466980 20.838049 13
-48.782768 -744.620178 31.239254 13
-51.903561 -740.691772 32.968445 13
-50.659012 -743.545532 29.964573 13
-47.629051 -743.877380 28.822668 13
-45.392780 -740.249268 1.554131 13
-44.028156 -738.723633 7.830072 13
-47.509624 -741.085449 33.640678 13
-47.431229 -739.896851 31.268911 13
-52.679298 -736.678345 45.296211 13
-48.315731 -742.993042 26.157707 13
-45.230907 -738.298096 4.994558 13
-57.400085 -740.831421 43.090885 13
-51.698204 -737.557373 40.248360 13
-45.373482 -740.291016 4.136052 13
-45.119648 -738.179260 7.360981 13
-50.409100 -739.783447 29.756409 13
-47.607159 -738.236145 27.850176 13
-53.241096 -737.582703 41.999897 13
-50.418900 -738.372192 34.843513 13
-44.225727 -739.021790 11.839271 13
-43.525349 -738.753052 7.417056 13
-48.329632 -740.351929 38.256550 13
-58.711178 -740.816406 45.801441 13
-58.493122 -741.732971 44.635395 13
-49.733627 -739.563599 27.682344 13
-45.865295 -738.289978 22.801975 13
-50.045757 -741.797241 28.186651 13
-46.047688 -738.559570 21.061186 13
-45.792393 -740.547791 3.567478 13
-55.729713 -740.336304 39.696739 13
-44.389225 -740.952271 13.875223 13
-57.555321 -742.857727 42.569374 13
-50.432129 -736.392761 44.665775 13
-43.469318 -739.763428 3.359419 13
-51.623951 -741.422607 31.582403 13
-46.292488 -737.739929 27.974455 13
-57.323509 -742.497437 42.253532 13
-46.707085 -736.751770 38.890484 13
-56.260887 -737.360168 46.746342 13
-53.501060 -743.298889 35.699291 13
-44.736233 -740.717896 11.055857 13
-45.624500 -738.294800 24.388973 13
-50.735298 -743.634460 45.495705 13
-45.238499 -740.568970 19.418264 13
-50.806938 -735.633423 47.537510 13
-43.837399 -738.164429 1.042139 13
-55.440121 -736.727661 47.121620 13
-44.030071 -738.906006 14.232913 13
-52.222843 -743.199280 47.618938 13
-48.844345 -741.777161 25.371239 13
-52.314114 -736.230774 47.246010 13
-58.327785 -740.224792 45.300686 13
-49.170013 -742.435059 37.268951 13
-44.621902 -737.933289 11.514705 13
-50.572598 -743.072632 41.893677 13
-48.864567 -737.456787 37.162334 13
-46.205093 -738.633606 20.525356 13
-48.937210 -741.605957 25.920668 13
-52.796497 -738.483521 38.224346 13
-46.725765 -740.904114 25.410820 13
-57.564568 -737.898804 47.600063 13
-44.786541 -738.522400 15.043175 13
-49.777496 -742.027893 36.758606 13
-43.746170 -738.958191 4.324450 13
-46.486637 -739.286072 10.504853 13
-43.358650 -738.680298 5.211350 13
-48.303673 -741.808350 32.394566 13
-49.134911 -742.832825 41.548409 13
-45.785812 -739.684570 1.879428 13
-53.949722 -740.290955 36.847206 13
-47.188446 -738.381165 25.590977 13
-55.921959 -743.218323 40.213963 13
-47.633564 -741.562317 31.632647 13
-44.814777 -737.797668 33.656712 13
-44.398121 -738.223450 9.105518 13
-49.304569 -737.798096 35.568657 13
-49.840691 -741.179626 27.694145 13
-58.612335 -740.071533 46.244366 13
-51.300804 -743.823364 47.062023 13
-52.021225 -742.381287 45.281296 13
-50.311367 -738.785706 32.522644 13
-58.142456 -739.248901 46.403347 13
-44.345043 -738.182495 7.509720 13
-45.817142 -739.905823 3.235775 13
-55.224636 -736.530334 47.864372 13
-48.142185 -742.160645 38.730907 13
-47.820759 -740.232117 34.732807 13
-48.012833 -738.656433 26.161142 13
-50.151230 -743.375916 28.866922 13
-44.889759 -739.165955 21.410320 13
-45.942986 -740.730774 9.721203 13
-56.901611 -739.153809 43.361572 13
-55.115665 -737.568970 44.135036 13
-43.807156 -739.662964 7.231727 13
-48.825504 -738.131470 31.273203 13
-46.034801 -738.628357 13.790675 13
-43.407318 -738.695190 4.010604 13
-57.765182 -739.704651 44.617344 13
-54.135395 -736.110779 49.731232 13
-44.240986 -737.850891 32.436562 13
-47.461693 -740.770569 19.928665 13
-47.682583 -741.783813 33.135036 13
-48.433010 -739.792175 34.472633 13
-51.005829 -742.428528 30.029181 13
-43.719139 -739.897400 6.297556 13
-47.460892 -739.717529 30.780523 13
-48.163902 -742.542053 25.049063 13
-44.802929 -738.049927 13.443801 13
-46.560139 -742.589722 24.510555 13
-47.460915 -740.153320 32.430771 13
-48.387875 -740.932800 41.030735 13
-50.845554 -739.155945 32.010956 13
-45.822865 -737.622314 29.421234 13
-54.606564 -736.573242 46.737537 13
-44.108013 -738.866516 9.469925 13
-46.923878 -743.198242 28.738657 13
-55.195148 -740.173523 38.840942 13
-54.361027 -736.768066 45.728992 13
-47.268181 -741.688416 22.115662 13
-48.597511 -743.120361 26.746183 13
-55.730186 -741.360291 39.531219 13
-51.641533 -741.605042 45.002087 13
-43.507046 -740.093933 0.366802 13
-58.877266 -742.417969 45.321201 13
-53.401096 -736.354004 47.810387 13
-50.942810 -736.763367 43.812046 13
-44.910656 -738.097961 2.539817 13
-48.213978 -739.526306 19.227213 13
-46.255196 -738.251160 24.987474 13
-47.088558 -738.761658 21.431356 13
-47.074669 -739.743164 13.664886 13
-52.667976 -736.939331 44.254894 13
-49.373970 -743.011230 27.494482 13
-51.941021 -736.411621 46.009350 13
-56.255302 -739.616394 41.453205 13
-58.634087 -742.294556 44.492851 13
-47.948971 -739.311829 20.076118 13
-52.684269 -739.384644 36.075485 13
-44.665977 -740.651367 4.140694 13
-52.233109 -744.735352 50.649734 13
-54.517902 -743.303589 37.827854 13
-45.677650 -741.792480 22.196571 13
-47.717304 -742.383972 24.157660 13
-51.410290 -742.608643 43.683132 13
-58.536236 -738.516541 48.490078 13
-54.143040 -742.474121 36.718632 13
-46.813198 -737.342590 32.110729 13
-54.524666 -736.344360 48.945522 13
-48.877644 -739.637024 22.614304 13
-46.627697 -739.806519 26.642881 13
-47.985985 -741.574646 29.952898 13
-43.249874 -738.875610 3.319712 13
-43.969765 -739.265503 26.318264 13
-48.751259 -738.728455 28.346027 13
-44.822353 -740.775208 10.298079 13
-53.276463 -738.380371 39.108162 13
-44.281910 -740.713257 15.793406 13
-54.533154 -741.764465 37.216518 13
-48.043056 -738.030212 29.739367 13
-48.520432 -742.317261 42.644855 13
-56.236176 -737.011108 47.702606 13
-51.315258 -739.953979 32.334606 13
-46.779625 -740.999451 19.211527 13
-48.777927 -742.076050 34.548069 13
-48.190186 -742.114380 37.821571 13
-46.085629 -740.118713 8.290307 13
-48.820107 -742.366333 37.882511 13
-45.201069 -737.763123 32.040676 13
-47.781780 -742.005066 22.917448 13
-48.066250 -739.530090 31.560362 13
-50.538551 -741.206665 38.279587 13
-51.206116 -741.707520 41.667744 13
-54.487175 -736.455017 47.310646 13
-45.514545 -738.678650 15.385247 13
-54.152348 -744.003540 37.761391 13
-52.202377 -742.557983 32.505089 13
-47.616196 -741.065979 21.492117 13
-46.118988 -741.130493 18.771187 13
-45.963863 -738.624756 12.792075 13
-49.252987 -745.227173 32.625225 13
-46.937706 -738.615295 22.473986 13
-43.446301 -739.329041 5.519979 13
-47.837997 -743.485779 27.199686 13
-50.345978 -739.062439 31.466471 13
-44.764553 -739.070618 23.923185 13
-46.955956 -739.087219 15.333732 13
-48.508137 -737.537964 36.181240 13
-48.624851 -742.676697 25.223194 13
-59.421192 -741.678894 46.211342 13
-51.330486 -741.660156 45.498653 13
-50.804211 -742.584900 41.781425 13
-51.607597 -743.470032 46.165600 13
-44.893848 -740.618774 0.388485 13
-47.360149 -740.949402 32.729385 13
-55.844872 -737.909668 44.444622 13
-51.025620 -738.113403 37.379230 13
-56.432575 -738.512695 43.889717 13
-58.578144 -739.228210 46.840244 13
-48.368061 -742.194702 41.443001 13
-55.751060 -737.584229 45.007286 13
-45.092926 -739.023560 16.840965 13
-44.738056 -737.874695 8.347006 13
-48.556751 -744.462769 30.822174 13
-52.808941 -742.999573 34.023514 13
-43.874432 -739.237732 7.945456 13
-48.376102 -742.346130 35.235920 13
-48.926998 -739.522339 24.268106 13
-53.916428 -736.851624 45.278404 13
-51.341042 -744.044128 48.007179 13
-45.000622 -740.473083 21.787523 13
-50.639511 -738.036560 36.753708 13
-50.730659 -744.819397 32.728363 13
-47.184475 -737.977478 28.321177 13
-44.626896 -739.276245 15.714987 13
-46.411076 -737.551575 31.917591 13
-51.593330 -735.824341 47.879494 13
-46.584301 -737.469116 29.667677 13
-47.533096 -739.263794 18.158205 13
-49.974930 -736.836548 42.389420 13
-51.846066 -744.088135 47.959240 13
-46.207645 -736.885132 38.043941 13
-46.180485 -738.958130 11.064152 13
-45.516155 -741.176270 22.235443 13
-52.690594 -735.486816 49.320499 13
-46.846348 -737.986877 27.437605 13
-55.030357 -741.382996 37.968029 13
-55.414921 -737.112854 45.567886 13
-44.164814 -738.069153 3.712974 13
-46.817631 -740.755066 27.055460 13
-53.259308 -738.247559 39.600677 13
-46.468338 -738.958618 12.842812 13
-44.467400 -738.293884 11.128656 13
-55.334743 -738.941528 41.047222 13
-48.564278 -741.102783 43.869705 13
-57.465824 -739.946106 43.758015 13
-43.744678 -740.352783 3.929420 13
-44.694279 -739.810303 19.906679 13
-48.164738 -737.748840 31.942146 13
-50.155308 -739.173096 30.542877 13
-43.909332 -740.408630 1.702685 13
-59.134632 -740.760803 47.555710 13
-47.263920 -741.084473 30.319111 13
-48.771404 -740.386230 23.814785 13
-50.130444 -741.157349 44.388580 13
-44.543945 -739.326172 20.246344 13
-49.879501 -742.700989 39.667465 13
-51.267639 -736.454590 45.284222 13
-47.171288 -739.733032 28.249619 13
-53.034374 -741.958191 34.033192 13
-47.692001 -740.905396 36.449684 13
-53.694862 -743.512695 36.551800 13
-45.822273 -738.333618 23.347172 13
-46.798241 -737.092957 37.456951 13
-47.708122 -740.208740 33.891399 13
-46.444054 -740.640198 24.156572 13
-45.302029 -740.302368 0.143610 13
-47.440899 -739.983887 17.494553 13
-58.977757 -738.715637 49.381996 13
-51.432949 -744.446533 49.720730 13
-58.017941 -742.945618 43.432072 13
-51.841267 -744.053894 48.916321 13
-48.592594 -743.811951 28.386904 13
-44.222523 -740.221313 7.493016 13
-44.518959 -737.825378 5.807163 13
-47.966789 -741.240234 22.376560 13
-44.338924 -739.358215 25.494455 13
-46.766785 -740.332031 16.052761 13
-48.325500 -739.352295 22.054150 13
-48.305569 -741.736938 40.498264 13
-51.759758 -738.175232 37.932838 13
-49.382332 -743.348877 45.819878 13
-43.981750 -738.665527 6.723962 13
-45.306911 -740.653503 11.049106 13
-54.638035 -738.416016 41.468372 13
-47.534019 -740.753357 35.623474 13
-48.817249 -743.055603 46.579166 13
-46.575623 -739.953613 13.759809 13
-43.462193 -738.657654 6.136596 13
-50.739941 -737.232849 41.496635 13
-48.276123 -742.120789 36.100800 13
-48.367744 -739.885864 21.344625 13
-54.199169 -745.195618 38.474594 13
-43.665421 -740.283264 2.192056 13
-56.386185 -741.163330 40.958366 13
-45.196018 -740.625122 12.594307 13
-57.588947 -743.359985 42.310402 13
-44.618652 -740.559326 7.609828 13
-52.565502 -742.604370 48.231289 13
-45.010036 -740.441589 18.499475 13
-53.637150 -739.235046 37.965313 13
-47.353294 -742.825867 25.076488 13
-51.653206 -742.599365 44.664478 13
-57.268551 -737.305237 48.984684 13
-44.397953 -739.358215 13.826244 13
-52.064232 -740.197876 33.866096 13
-49.147934 -742.422668 26.264982 13
-54.106281 -743.412903 36.946388 13
-45.387264 -737.673828 32.823479 13
-49.414242 -741.296448 26.662760 13
-48.553608 -740.904785 23.672249 13
-51.009804 -742.765198 42.775238 13
-46.899445 -741.168518 24.843672 13
-49.356888 -737.274048 39.370201 13
-47.852726 -742.552673 24.672874 13
-45.484547 -740.651550 15.744332 13
-55.639023 -740.887573 39.188694 13
-44.850697 -739.388855 17.717442 13
-46.283257 -738.451416 23.648146 13
-51.073940 -741.936035 30.255096 13
-46.777081 -740.032471 29.112982 13
-45.956711 -742.028198 25.386223 13
-50.262955 -735.365112 46.267315 13
-51.336361 -743.936646 32.319523 13
-44.207500 -740.254761 4.324662 13
-44.979927 -737.919678 10.050668 13
-45.452934 -741.006592 21.377893 13
-47.893757 -737.347900 37.035736 13
-53.440704 -737.175598 43.635361 13
-58.707142 -741.188477 45.484222 13
-45.754147 -738.082397 25.769855 13
-48.765110 -739.482605 23.773951 13
-50.206398 -736.570496 43.831326 13
-59.233719 -740.179993 49.007423 13
-47.783886 -739.438293 16.818989 13
-45.331463 -740.464966 20.876236 13
-48.761021 -740.114685 23.410093 13
-53.390236 -739.506165 37.102840 13
-46.677315 -740.807373 17.389151 13
-46.228184 -741.441895 19.959400 13
-48.462906 -736.291565 43.245113 13
-52.304836 -739.901367 34.426899 13
-49.980759 -736.631714 43.105427 13
-43.168766 -739.413208 0.548017 13
-59.534309 -740.760986 48.205460 13
-51.990158 -738.159485 38.698124 13
-44.236435 -740.646118 2.612179 13
-52.007866 -735.367737 48.676411 13
-45.190689 -740.431946 19.906340 13
-45.958508 -740.069519 11.076780 13
-53.745342 -736.320435 48.153210 13
-48.493778 -742.326721 42.128166 13
-58.410297 -741.080322 44.753819 13
-48.135109 -737.574524 33.586269 13
-49.421074 -742.697449 39.977905 13
-48.642349 -741.883728 24.775757 13
-47.349247 -740.511841 18.829916 13
-44.738342 -740.657288 14.786075 13
-58.220798 -738.214844 48.230419 13
-50.572342 -735.794739 47.095070 13
-50.295025 -738.537781 33.692226 13
-50.300182 -743.219299 43.320011 13
-44.469505 -739.226257 23.345701 13
-44.351475 -740.116333 13.236883 13
-53.506706 -737.408081 42.791512 13
-51.784149 -739.361328 34.270752 13
-46.609985 -740.173828 14.985691 13
-46.006363 -739.991577 6.148859 13
-46.368969 -741.928589 21.582691 13
-43.821995 -738.510071 3.612796 13
-47.388409 -740.740479 33.311359 13
-48.997704 -739.064758 27.292631 13
-45.560879 -740.497070 13.498793 13
-45.828041 -740.181458 9.468177 13
-45.171467 -738.286682 26.382322 13
-53.940639 -742.626831 36.307472 13
-45.156071 -738.348328 3.613279 13
-48.588066 -744.298218 29.957529 13
-48.271217 -739.725708 33.166878 13
-49.570652 -745.215271 33.034992 13
-47.463345 -739.040833 19.850214 13
-43.544323 -739.015991 1.491315 13
-54.679218 -739.464905 39.032265 13
-50.480209 -744.011169 47.614975 13
-49.207863 -743.064575 45.196346 13
-53.722454 -744.099854 37.303566 13
-44.369171 -739.825500 13.919734 13
-53.155907 -744.072510 35.662231 13
-49.389919 -743.184692 43.738518 13
-55.158073 -738.053894 42.949200 13
-55.268551 -742.524414 38.892517 13
-51.133141 -739.007629 33.668217 13
-45.477974 -740.455750 8.931235 13
-53.472504 -736.578369 46.095608 13
-57.798744 -737.770081 49.303749 13
-45.663280 -738.583740 19.745703 13
-51.848625 -742.831909 45.604233 13
-44.059803 -739.176636 28.087591 13
-50.957798 -737.620361 39.297127 13
-48.907135 -736.132507 43.654427 13
-46.699360 -739.838989 27.319456 13
-44.378708 -738.394775 29.403046 13
-58.798130 -739.465149 47.586403 13
-56.117416 -737.495361 45.829624 13
-49.688808 -735.739563 45.713802 13
-49.276207 -742.589600 26.722034 13
-44.031475 -739.797180 10.502547 13
-51.386101 -741.874329 42.550095 13
-45.780197 -740.595520 14.672005 13
-49.732601 -742.674500 39.061928 13
-55.109650 -739.825928 39.172279 13
-44.872601 -740.194641 18.064430 13
-46.798527 -740.877625 26.228924 13
-50.775780 -741.428711 39.759243 13
-44.357311 -740.358521 8.499838 13
-52.260574 -740.932617 33.214245 13
-58.275333 -743.401672 42.926620 13
-44.337257 -738.672058 27.757315 13
-49.729206 -737.016235 41.466034 13
-57.549206 -739.585205 44.194958 13
-49.862427 -743.467407 44.970249 13
-48.543476 -741.910889 33.079205 13
-54.256638 -741.152954 36.476254 13
-47.372242 -737.414185 34.937500 13
-53.051125 -735.361023 49.676094 13
-52.223629 -743.354431 33.276802 13
-57.733578 -741.028931 43.381165 13
-53.612309 -736.445740 46.915993 13
-46.209072 -739.977356 12.162333 13
-43.765369 -738.720825 4.751156 13
-48.726753 -742.456848 43.238522 13
-46.747494 -739.029602 14.388977 13
-44.566772 -737.851685 31.399940 13
-45.421623 -738.819458 18.955191 13
-52.466003 -739.009766 36.389671 13
-47.681358 -740.784729 20.687130 13
-50.393867 -736.149902 45.176487 13
-50.504681 -743.529114 44.823700 13
-47.763485 -740.179993 19.383820 13
-47.418011 -741.637817 28.458811 13
-45.568932 -740.465454 10.653486 13
-46.898922 -742.875671 25.478130 13
-44.394062 -738.194519 8.622161 13
-46.674717 -737.396851 30.224581 13
-45.495983 -737.729797 31.575565 13
-47.508381 -739.899170 16.654562 13
-46.525333 -738.737793 18.666561 13
-45.212601 -738.837341 20.731203 13
-45.462360 -740.986206 19.285238 13
-56.744587 -737.382019 47.603455 13
-49.960377 -737.883667 36.904125 13
-53.472431 -744.070618 36.574913 13
-46.666527 -738.682861 20.066929 13
-45.386639 -740.372437 6.024049 13
-57.467808 -737.636658 48.100285 13
-48.943752 -742.545227 40.714588 13
-51.070663 -743.970459 31.926571 13
-52.257710 -737.612488 40.625961 13
-51.793732 -738.938965 35.123539 13
-59.652351 -739.632141 49.205936 13
-47.067375 -743.326111 27.236155 13
-48.456779 -739.026123 25.371595 13
-45.566669 -738.675171 1.872348 13
-45.472244 -738.333740 10.731970 13
-45.182621 -740.434265 1.115705 13
-53.311005 -738.048218 40.475086 13
-43.970566 -739.200623 9.135731 13
-49.153481 -740.780518 25.587259 13
-44.211040 -738.205261 4.474031 13
-49.684303 -740.626343 27.297836 13
-48.033215 -743.123535 25.472179 13
-47.296085 -740.957947 31.922634 13
-45.444538 -741.071594 11.854262 13
-44.737755 -740.651855 5.468657 13
-51.251900 -743.712830 46.349216 13
-56.112186 -741.857727 40.349560 13
-50.137119 -744.754944 32.704742 13
-56.529949 -736.453491 49.043900 13
-52.906170 -736.124756 48.608120 13
-57.907780 -738.204163 47.666599 13
-46.883499 -737.547485 31.144285 13
-49.716938 -743.552490 28.849955 13
-48.359703 -741.787964 44.511086 13
-57.644707 -739.445435 44.982533 13
-46.809856 -737.362549 35.159058 13
-52.267952 -742.162537 47.625668 13
-46.429493 -740.125671 24.859053 13
-46.993397 -742.617004 24.239367 13
-59.155609 -741.286072 47.481617 13
-48.254768 -742.261841 39.729717 13
-51.882812 -743.654236 47.718269 13
-50.754509 -742.426575 41.103718 13
-48.865788 -737.989197 32.178513 13
-44.436455 -740.385803 9.635512 13
-57.917854 -743.757324 42.530361 13
-44.863293 -738.808960 15.739930 13
-48.100948 -738.238586 28.623373 13
-47.516018 -738.844788 22.075857 13
-47.163555 -738.563354 23.978659 13
-44.736805 -739.700317 20.860126 13
-45.030739 -738.413391 14.254299 13
-49.291672 -736.391541 43.544815 13
-53.574036 -745.119751 37.920525 13
-51.258797 -738.890625 34.441807 13
-44.287693 -738.343689 29.882486 13
-49.559334 -738.704651 30.874239 13
-47.649128 -737.775391 30.392700 13
-44.282001 -740.326904 6.828667 13
-49.839890 -740.798767 43.366089 13
-52.361416 -736.088501 47.890579 13
-43.872921 -739.126831 26.967007 13
-47.137283 -739.141785 16.290907 13
-54.895252 -736.396912 48.590591 13
-49.951530 -744.959167 33.107189 13
-49.866051 -735.851196 45.229866 13
-52.874733 -736.192505 48.037720 13
-51.131050 -735.311829 47.434162 13
-48.145599 -744.124146 29.504084 13
-50.212307 -740.575989 29.053282 13
-44.291470 -740.288513 6.365523 13
-50.834774 -743.769470 46.128475 13
-50.590229 -743.090332 42.361240 13
-47.679420 -738.578186 25.628561 13
-44.136093 -739.196655 11.417528 13
-56.059345 -740.410095 40.493572 13
-44.392353 -738.960022 13.366038 13
-45.991386 -740.094360 10.195400 13
-45.595032 -740.438232 11.405466 13
-54.490643 -736.281311 49.491985 13
-45.514923 -736.859314 36.151531 13
-55.394085 -736.491699 49.488392 13
-50.071472 -739.958496 28.661797 13
-48.119427 -741.291260 39.158619 13
-52.408092 -744.760803 35.828835 13
-45.028923 -740.813354 11.799199 13
-46.068611 -738.527588 18.058632 13
-56.106762 -736.646912 49.170925 13
-46.243370 -737.634399 30.597618 13
-46.856575 -738.422485 24.593155 13
-44.373093 -738.122925 6.142925 13
-45.450859 -740.397339 6.982189 13
-55.991333 -741.158020 39.947289 13
-45.183804 -740.653381 17.147587 13
-51.587025 -736.939087 42.982220 13
-45.440395 -740.970398 10.114239 13
-45.927734 -741.833862 22.698383 13
-47.069756 -742.375183 23.410246 13
-50.776382 -739.585632 30.979004 13
-46.533081 -736.612305 39.721157 13
-47.098251 -740.239014 16.865566 13
-49.590126 -736.343262 43.924183 13
-51.061268 -735.709534 47.909763 13
-57.532036 -738.817749 45.764881 13
-48.095531 -740.624390 20.865900 13
-57.951336 -740.422974 44.299671 13
-47.705303 -738.055664 28.865185 13
-46.585217 -739.634521 12.283933 13
-46.141144 -738.712952 19.467127 13
-48.637894 -742.439026 25.634813 13
-47.351788 -741.296143 26.625246 13
-44.165318 -740.564087 3.454660 13
-58.404415 -742.920471 43.679890 13
-48.798782 -742.416382 38.475536 13
-51.210289 -737.166687 41.493202 13
-46.257755 -742.217529 26.936489 13
-44.819172 -740.763428 13.858776 13
-50.740627 -743.891235 31.216242 13
-46.324570 -738.689148 17.115463 13
-47.781116 -739.337402 19.100470 13
-47.091843 -740.887634 28.994965 13
-50.313251 -737.787170 37.628613 13
-48.205669 -737.255188 38.289181 13
-58.073261 -741.587158 44.041424 13
-44.862503 -740.219666 20.175297 13
-51.979332 -735.844849 48.932423 13
-59.312092 -741.842285 45.798988 13
-43.379627 -740.074402 1.292464 13
-54.745914 -745.155945 39.059406 13
-51.462498 -742.075439 44.942902 13
-54.246872 -741.964478 36.742905 13
-44.580162 -738.302246 14.450502 13
-52.952377 -744.497192 36.253910 13
-51.209126 -737.920471 38.231888 13
-45.824612 -737.769043 27.942314 13
-45.085251 -738.146423 6.301670 13
-54.030762 -739.503967 38.209297 13
-47.816067 -741.805359 22.468702 13
-46.389114 -737.063416 37.120556 13
-47.725914 -738.744080 24.456018 13
-51.432777 -736.206787 46.701965 13
-50.679543 -742.056580 40.239376 13
-49.863655 -742.789307 27.959108 13
-48.478317 -741.391724 29.723761 13
-47.653690 -738.755859 23.943548 13
-45.540337 -738.534485 20.241983 13
-45.480923 -740.199585 5.608697 13
-58.165630 -738.535767 46.995552 13
-46.644817 -736.981506 37.893005 13
-48.239964 -741.327454 40.163868 13
-54.004723 -737.568665 42.682568 13
-45.713821 -739.797791 2.439890 13
-51.052685 -741.502502 30.388176 13
-44.412098 -739.013428 14.455247 13
-49.068451 -739.571228 35.141964 13
-46.594158 -737.231445 36.433548 13
-45.309616 -740.419250 3.543374 13
-48.546009 -739.704773 34.901585 13
-47.478661 -739.056763 19.320782 13
-46.222122 -740.583252 15.142164 13
-50.386047 -742.971741 40.978897 13
-47.437149 -739.852722 15.454406 13
-44.839214 -737.310669 33.723644 13
-57.200424 -738.467468 45.494732 13
-43.922981 -738.084412 31.464382 13
-49.227116 -744.144714 29.683538 13
-50.319740 -744.992371 34.557331 13
-46.358746 -739.249329 8.980078 13
-49.700611 -743.844055 48.142712 13
-43.379017 -738.863586 0.684409 13
-47.500389 -738.779907 23.112972 13
-48.641068 -742.403076 44.634773 13
-49.678341 -735.359070 45.275196 13
-45.565857 -738.075439 26.261246 13
-45.390541 -740.796814 20.496597 13
-47.922943 -739.726807 32.235069 13
-44.566673 -738.033508 9.473142 13
-51.672672 -744.130188 33.220150 13
-52.700085 -737.410889 41.982540 13
-45.403351 -738.320618 23.940722 13
-48.335293 -740.393127 22.167963 13
-43.617214 -738.824707 1.918201 13
-56.924168 -736.744812 49.026512 13
-57.465672 -741.793457 42.887093 13
-56.504341 -742.187439 41.061325 13
-45.939510 -740.616577 7.611349 13
-49.497337 -737.592773 37.394737 13
-53.227802 -742.208252 34.460434 13
-45.644810 -741.167419 22.948891 13
-54.835430 -742.582520 37.910042 13
-51.752132 -740.294189 33.147327 13
-53.930824 -742.217773 35.880745 13
-53.373123 -736.682739 45.642094 13
-49.743435 -743.023315 42.401218 13
-45.873215 -738.389709 21.954062 13
-44.611614 -739.906738 22.794277 13
-47.117126 -737.450928 33.158684 13
-47.770748 -739.841675 18.434532 13
-45.816788 -739.762817 4.902417 13
-44.085098 -740.472961 5.539118 13
-50.838444 -742.073242 29.779942 13
-55.559174 -738.272034 43.126694 13
-45.284313 -740.750000 17.599516 13
-46.087475 -736.738220 38.497395 13
-49.365326 -740.782593 26.366825 13
-43.593121 -739.528259 5.079754 13
-44.685448 -741.122375 11.314727 13
-50.935806 -736.968384 42.341446 13
-47.639885 -740.691528 19.516258 13
-45.741768 -741.753845 21.704163 13
-44.990078 -739.150085 19.747808 13
-55.985172 -736.994873 47.318153 13
-45.985615 -737.784302 27.210798 13
-44.574272 -738.380432 12.879361 13
-44.274105 -738.532959 30.719660 13
-54.101257 -738.348328 40.643913 13
-45.683273 -739.782166 0.864768 13
-54.873005 -739.077087 40.206207 13
-55.354660 -741.679138 38.601330 13
-59.010517 -740.629883 46.899712 13
-43.760025 -740.157715 9.073165 13
-47.554703 -741.305969 21.889137 13
-44.344173 -740.356445 8.980517 13
-56.587227 -740.499817 41.273216 13
-57.715622 -738.685486 46.187614 13
-44.970215 -736.941711 34.911274 13
-59.069881 -742.433228 44.900436 13
-43.806252 -738.817200 28.265606 13
-46.045067 -738.968384 2.174994 13
-49.186897 -742.306030 36.149731 13
-50.791847 -738.388977 35.804157 13
-51.195351 -744.194153 48.416466 13
-53.819672 -740.642639 36.267879 13
-56.370872 -736.953796 48.416672 13
-47.515774 -743.990784 29.795376 13
-49.205074 -742.894470 42.525543 13
-48.344692 -741.391174 23.229610 13
-48.705242 -737.392517 37.587009 13
-52.912815 -736.581604 46.371761 13
-53.188553 -739.930359 36.281696 13
-50.595127 -744.327454 32.003124 13
-49.803101 -743.845459 47.541325 13
-45.277851 -740.591309 15.342553 13
-56.760338 -737.836670 46.393459 13
-49.671970 -741.957458 27.243876 13
-48.497807 -739.802856 21.848480 13
-49.321465 -738.909973 29.323387 13
-59.119564 -740.644531 48.431068 13
-48.392719 -741.775452 43.983368 13
-53.457558 -738.871521 38.405308 13
-47.928505 -738.753296 25.281660 13
-46.676510 -740.228943 26.040567 13
-49.040607 -743.870972 28.393274 13
-57.730797 -740.355591 43.887867 13
-51.127663 -741.237305 46.178341 13
-58.730251 -738.885071 48.297371 13
-57.604561 -741.477356 43.302757 13
-52.922798 -745.161621 37.356819 13
-45.560322 -737.962708 28.468697 13
-54.812778 -738.662354 41.002621 13
-44.635986 -740.636963 2.157357 13
-44.908123 -740.390869 16.204391 13
-44.812157 -738.543640 27.110123 13
-56.864407 -737.241699 48.394836 13
-50.288960 -744.291443 31.491611 13
-54.549400 -739.832336 38.385708 13
-50.296040 -741.962646 38.627907 13
-44.664413 -740.660522 12.622036 13
-44.684441 -740.641418 2.820864 13
-47.189819 -738.484375 24.877886 13
-52.705513 -740.511597 34.476498 13
-47.136406 -740.195923 29.906273 13
-48.978264 -742.934692 43.993923 13
-43.879658 -739.832336 8.449603 13
-46.848312 -740.378418 28.226648 13
-44.435005 -738.194214 10.025564 13
-50.125099 -741.408020 37.516472 13
-51.023865 -744.890564 34.117725 13
-45.249924 -736.929443 35.668224 13
-51.409588 -738.361328 36.537609 13
-52.400604 -744.430542 50.939648 13
-44.388668 -737.905762 5.347683 13
-48.549541 -740.546570 22.840750 13
-46.901875 -741.071472 19.651138 13
-48.722301 -739.776611 36.734959 13
-47.387512 -741.517578 25.628086 13
-46.928226 -736.587585 39.910980 13
-48.403614 -741.299072 41.821999 13
-56.380169 -738.774658 43.037807 13
-52.556187 -739.854614 35.069695 13
-51.127571 -739.157410 32.654587 13
-43.764572 -739.019348 5.865645 13
-48.534500 -742.509399 36.020794 13
-50.588997 -735.303711 46.683167 13
-45.143410 -740.746338 0.740303 13
-49.658966 -742.876038 41.219646 13
-50.421227 -743.407959 44.162041 13
-44.169163 -740.176575 8.119802 13
-44.289013 -739.907288 16.433588 13
-45.791328 -740.524658 6.368236 13
-51.441010 -744.242615 48.843048 13
-49.024357 -737.383667 38.044930 13
-48.328526 -738.041931 30.670103 13
-45.258530 -738.288757 1.544541 13
-44.465290 -739.868347 23.946413 13
-44.477112 -740.714294 13.512032 13
-44.358509 -738.715027 12.142438 13
-48.686176 -737.215637 39.322346 13
-44.287136 -740.788330 14.744249 13
-50.643097 -743.944946 49.275917 13
-52.526859 -743.583923 50.363110 13
-45.243412 -738.669495 22.341413 13
-49.329178 -742.205383 34.924614 13
-49.113735 -742.936218 44.538799 13
-47.668381 -736.407410 42.192497 13
-44.430531 -739.631897 15.556049 13
-50.839420 -743.436157 30.348213 13
-52.081074 -737.952637 39.578327 13
-56.188847 -738.540771 43.451920 13
-43.105301 -739.019470 1.494797 13
-50.197414 -741.369263 28.607546 13
-43.419979 -739.397400 3.689144 13
-48.210484 -738.619080 27.165653 13
-52.021767 -738.720886 36.072491 13
-43.538609 -739.912903 4.331212 13
-43.646809 -739.986572 4.793168 13
-48.720627 -741.956543 45.211452 13
-47.195778 -741.208984 28.313555 13
-47.469284 -737.118225 37.845505 13