-46.216545 -739.497437 9.323804 13
-53.142380 -744.150818 51.751114 13
-44.075691 -737.697693 31.924511 13
-53.854954 -745.499268 37.961575 13
-48.461872 -735.841248 43.651730 13
-47.923275 -740.988525 21.091032 13
-57.507347 -739.261292 44.590324 13
-45.494347 -740.132935 -0.332046 13
-50.354679 -743.541931 29.398888 13
-50.893253 -738.247498 36.206787 13
-53.362141 -735.362244 50.061588 13
-50.079086 -743.437378 44.538601 13
-44.378796 -738.715698 15.883454 13
-43.963203 -739.435486 25.816248 13
-59.729969 -739.006042 50.041485 13
-55.451134 -740.143860 39.297752 13
-45.798294 -736.540466 38.204941 13
-48.224228 -742.241638 39.246571 13
-43.277966 -738.831970 4.671915 13
-48.474979 -738.460144 28.810637 13
-47.693890 -741.786804 33.799721 13
-57.657051 -743.961121 42.177746 13
-52.909691 -742.401245 33.852039 13
-53.199814 -736.750916 45.243816 13
-47.371136 -743.000977 25.529816 13
-51.825520 -737.463318 40.751640 13
-52.315136 -741.879761 47.995808 13
-48.180286 -737.637390 32.965687 13
-56.556282 -737.131104 48.053726 13
-49.846672 -745.325378 33.401039 13
-48.067406 -738.868286 24.728674 13
-44.646843 -741.144592 12.670829 13
-44.588287 -739.358704 19.732851 13
-50.827644 -740.087769 31.465881 13
-47.780903 -739.548096 17.543575 13
-48.338120 -740.571167 42.750515 13
-43.695580 -737.196655 1.271361 13
-59.206680 -741.669861 46.901489 13
-54.906315 -738.129150 42.420914 13
-50.255554 -735.625549 46.777145 13
-46.899509 -743.644653 28.974072 13
-51.178696 -741.519287 40.934082 13
-48.454029 -736.902222 40.365032 13
-45.902859 -740.421814 3.068819 13
-49.370789 -743.687622 47.889015 13
-47.246971 -739.362366 14.162957 13
-44.824192 -737.806274 12.017921 13
-53.669109 -740.187561 36.405388 13
-49.877487 -741.563293 36.349567 13
-45.121395 -738.183777 28.691259 13
-45.167179 -737.496582 35.071323 13
-49.632763 -741.099426 27.132135 13
-45.590321 -741.116882 23.422155 13
-45.365871 -740.756836 6.405964 13
-47.138962 -740.788330 30.700451 13
-55.590733 -743.366333 39.742920 13
-56.849930 -740.884033 41.988583 13
-44.723507 -737.838440 7.212038 13
-52.080246 -744.890747 35.529583 13
-47.956505 -737.426208 36.272686 13
-46.724487 -740.242371 27.056999 13
-46.336834 -738.537903 22.134178 13
-49.201160 -739.539917 38.629082 13
-58.346447 -741.960266 44.175510 13
-43.401089 -740.160706 1.753826 13
-54.048649 -742.988159 36.650524 13
-51.999992 -739.765076 34.078884 13
-51.688229 -744.256958 49.336308 13
-51.204033 -741.057678 45.513943 13
-48.296753 -744.385193 31.270414 13
-45.446388 -741.048584 17.290760 13
-58.440899 -739.034973 47.294334 13
-51.143806 -736.849670 43.357056 13
-53.144405 -738.611450 38.613457 13
-51.497967 -743.660339 31.928045 13
-48.960052 -739.581848 34.709969 13
-46.693665 -737.383606 30.699724 13
-43.662918 -738.738586 9.789654 13
-55.829765 -737.389587 45.464924 13
-53.971748 -736.445923 47.739948 13
-49.305595 -742.983643 42.083492 13
-48.280071 -741.334595 23.648314 13
-46.045532 -737.879028 26.143057 13
-51.589355 -743.924194 46.650223 13
-45.771282 -741.665527 20.068991 13
-46.520596 -739.720459 11.837053 13
-46.984249 -738.837463 19.742998 13
-48.469856 -741.681824 44.993340 13
-51.561035 -742.007324 43.290211 13
-50.856129 -737.729309 38.569649 13
-47.740898 -740.611511 36.906422 13
-45.000992 -738.208069 3.036000 13
-44.303520 -740.772156 8.719728 13
-48.826355 -743.317688 27.359795 13
-45.229359 -740.683350 14.909945 13
-50.451260 -740.988525 29.331596 13
-50.420933 -741.516418 38.670048 13
-47.884239 -741.553406 28.555576 13
-55.450722 -736.198425 49.845230 13
-51.867695 -735.730957 48.380562 13
-45.129372 -738.662781 24.028879 13
-45.614883 -738.778992 17.817371 13
-49.306557 -738.457275 31.209129 13
-47.805908 -739.849060 32.691002 13
-48.370213 -740.315369 40.526558 13
-48.437439 -739.389587 22.606798 13
-44.063175 -738.993042 13.713910 13
-50.223026 -738.581787 33.222557 13
-48.754459 -741.859131 31.883087 13
-45.936146 -737.490295 33.039440 13
-44.657784 -740.031860 21.791166 13
-58.242958 -737.570923 49.427052 13
-54.332764 -738.635681 40.415134 13
-55.103817 -741.950317 38.196423 13
-48.663490 -737.331909 38.283821 13
-48.881039 -739.053162 26.791723 13
-46.017262 -739.366333 4.920455 13
-46.274090 -742.530518 27.286610 13
-43.622952 -739.569824 6.686941 13
-44.318508 -740.736572 4.560863 13
-45.193245 -740.925354 10.636803 13
-59.498734 -740.564453 48.662521 13
-45.831711 -741.575745 25.460941 13
-53.158310 -737.258179 43.099087 13
-50.039471 -740.668640 43.848377 13
-49.517231 -736.851807 42.158569 13
-51.937710 -741.670959 32.064156 13
-46.272831 -739.125977 7.345393 13
-49.204506 -740.393311 25.299358 13
-46.629921 -738.786316 16.105892 13
-47.155712 -741.014404 18.720875 13
-50.035355 -736.101135 44.859928 13
-43.736549 -738.366272 30.094948 13
-46.826736 -742.143188 22.251461 13
-46.568661 -736.369080 40.132652 13
-49.855293 -742.820068 40.170177 13
-56.609760 -739.097046 42.809044 13
-52.025791 -744.211609 33.710327 13
-44.045879 -739.566895 11.720015 13
-47.408512 -736.220215 41.866703 13
-56.610264 -742.618103 41.205162 13
-46.432022 -739.751343 25.129997 13
-48.195236 -742.066528 35.623775 13
-46.889378 -737.882996 27.941730 13
-55.956284 -739.457703 41.056087 13
-48.687187 -742.572510 37.428787 13
-47.130135 -737.416687 34.528751 13
-47.159538 -739.813843 28.868486 13
-58.533230 -740.312683 45.776070 13
-48.998253 -737.710266 34.664841 13
-53.200474 -743.174988 49.634113 13
-43.792465 -738.996887 27.626478 13
-51.743153 -742.812866 45.137047 13
-49.045929 -743.137939 46.126331 13
-51.976036 -736.342773 46.577129 13
-55.130253 -745.125610 39.326817 13
-42.995647 -738.968933 0.395023 13
-44.811291 -738.045349 5.361003 13
-54.527855 -743.734009 38.267136 13
-49.925320 -739.572754 28.208057 13
-45.120243 -740.742004 1.463637 13
-48.632320 -744.152344 29.501856 13
-52.498867 -738.847534 36.858864 13
-45.854614 -738.538147 13.321955 13
-48.930302 -742.109741 25.769913 13
-51.230461 -742.408142 30.499065 13
-53.660103 -741.699341 35.436203 13
-46.159027 -737.197144 36.559891 13
-54.660767 -737.297974 44.092518 13
-57.104820 -738.042236 46.547222 13
-50.138897 -744.418396 30.967659 13
-45.305676 -738.207886 10.289307 13
-47.468521 -740.525146 35.053829 13
-56.450909 -744.497314 40.797623 13
-46.616676 -742.451965 24.020411 13
-49.118687 -739.528137 36.731434 13
-50.171463 -737.230713 40.223633 13
-50.212151 -739.353210 29.993998 13
-43.268230 -738.773560 2.807481 13
-54.344677 -739.797363 37.999474 13
-47.262554 -740.340698 15.605089 13
-45.761078 -739.136230 1.774376 13
-53.101727 -743.522034 35.306427 13
-55.998863 -741.658813 39.917484 13
-48.427170 -742.012878 40.922142 13
-49.904102 -740.497314 42.066021 13
-57.506886 -742.335571 42.724579 13
-50.059288 -742.388489 28.166464 13
-48.499184 -741.671448 30.162279 13
-44.132908 -740.340515 16.320951 13
-57.618496 -740.541992 43.501850 13
-53.320717 -737.738464 41.492428 13
-47.989822 -740.678650 38.571129 13
-53.230137 -744.473938 36.681763 13
-45.959667 -740.618958 8.116414 13
-43.853222 -740.403198 0.162241 13
-48.908920 -742.638306 43.669846 13
-46.026978 -740.261841 13.467456 13
-46.759819 -738.474915 23.764355 13
-49.500126 -741.936279 34.612709 13
-44.508049 -740.163635 24.394354 13
-47.421398 -741.441040 26.057339 13
-49.501194 -737.649658 36.886600 13
-48.402687 -739.560547 20.182571 13
-50.604103 -745.209351 34.864624 13
-45.243324 -740.641174 18.886988 13
-54.552845 -736.677002 46.215416 13
-51.587303 -736.643433 44.945221 13
-56.102604 -738.184448 44.068691 13
-44.381233 -737.471313 33.539768 13
-43.583504 -738.807495 8.119528 13
-44.669144 -737.866882 8.848959 13
-45.161530 -737.809875 30.605076 13
-47.549469 -738.398438 26.185684 13
-50.668747 -743.234497 42.861294 13
-45.551617 -741.337402 21.731018 13
-52.194981 -743.485962 48.056751 13
-48.119152 -737.969849 30.285948 13
-45.660034 -738.681641 20.666561 13
-44.321373 -740.414978 3.014534 13
-45.546497 -738.595886 14.858762 13
-47.214821 -737.005066 38.858589 13
-52.058685 -742.004150 46.459316 13
-54.487713 -741.451782 36.784546 13
-50.861816 -738.642273 34.706326 13
-58.838856 -738.857178 48.771732 13
-47.558983 -738.935608 21.291819 13
-52.578129 -739.595459 35.511299 13
-59.252083 -742.067566 45.387482 13
-43.902832 -740.220642 10.306834 13
-50.776806 -744.123230 48.056618 13
-51.914509 -744.366577 50.839310 13
-52.904694 -740.926819 34.335258 13
-58.324909 -743.334961 43.467846 13
-47.457130 -741.245789 32.269882 13
-47.798042 -739.529724 31.113962 13
-48.940639 -739.929199 23.887838 13
-44.795769 -738.541687 26.643044 13
-55.306850 -736.428528 48.359871 13
-51.604622 -740.322205 32.692577 13
-46.687832 -740.991089 24.391033 13
-44.978222 -737.982239 1.311835 13
-47.325859 -743.490479 27.590660 13
-57.830013 -737.928650 48.041996 13
-50.990021 -737.097717 41.890858 13
-46.130901 -739.795654 23.685099 13
-53.029343 -738.033569 40.116806 13
-46.760174 -740.524414 16.984453 13
-54.107555 -736.281555 49.233654 13
-50.350666 -743.719177 45.945885 13
-45.053589 -740.497681 20.487080 13
-46.325993 -737.708496 29.293238 13
-48.806602 -744.809570 32.570992 13
-44.679356 -739.849915 17.750587 13
-55.800266 -737.008850 46.849495 13
-50.420929 -744.543396 32.367584 13
-49.513081 -742.606384 38.622231 13
-48.307671 -742.482483 24.469070 13
-59.037548 -740.331360 47.293060 13
-49.742081 -736.562683 43.531082 13
-47.782524 -737.637756 31.616047 13
-50.515942 -742.785828 41.415531 13
-57.898014 -739.036194 45.958836 13
-45.725658 -738.547363 19.217226 13
-44.553463 -739.167175 22.875137 13
-48.503372 -741.878418 42.321621 13
-47.925579 -739.826599 18.912588 13
-44.291203 -740.647217 7.249188 13
-44.420372 -740.348999 13.776143 13
-47.270939 -737.210632 37.447487 13
-47.026848 -741.097168 20.082331 13
-48.384769 -740.761353 22.430204 13
-52.051399 -737.988098 39.149975 13
-52.161125 -743.049133 32.902412 13
-43.712879 -738.533325 1.487196 13
-46.918587 -738.842957 18.385601 13
-56.871132 -738.267761 45.225288 13
-45.860115 -738.546326 11.585638 13
-51.496742 -738.192932 37.478550 13
-56.271652 -737.199646 49.364128 13
-47.455326 -744.058228 30.291948 13
-54.334103 -739.152161 39.175312 13
-49.000416 -742.045959 33.396011 13
-43.672874 -739.912231 5.389187 13
-45.628155 -737.918579 27.483250 13
-47.236347 -740.522949 33.763348 13
-46.792873 -738.303223 25.102386 13
-49.350285 -743.580139 28.549107 13
-46.052586 -739.842651 10.606024 13
-56.345871 -740.677307 40.784431 13
-45.941914 -737.679382 31.723822 13
-46.026714 -740.350830 22.454981 13
-50.324585 -738.926636 31.962223 13
-45.443996 -740.560242 9.414709 13
-45.873672 -740.700256 16.051918 13
-44.340488 -737.913269 4.146534 13
-44.280724 -739.755371 15.092414 13
-45.490253 -740.532715 11.889775 13
-52.269768 -737.257141 42.083923 13
-47.362740 -741.332458 27.355528 13
-53.309525 -736.476501 46.535923 13
-44.901215 -738.629944 25.294704 13
-49.938240 -742.054810 37.534210 13
-47.980446 -738.435608 27.479597 13
-43.534771 -739.884094 3.896679 13
-50.948441 -741.059937 30.511906 13
-44.136330 -738.949158 29.015234 13
-49.694088 -737.340881 39.029602 13
-50.645580 -742.298157 29.366665 13
-49.159096 -738.643799 29.898010 13
-48.351471 -741.484985 43.629696 13
-48.279800 -740.023438 35.881332 13
-45.870426 -739.506042 6.164948 13
-52.915726 -745.627991 37.072899 13
-58.168728 -740.667786 44.625141 13
-46.557007 -741.850586 21.039757 13
-48.852081 -742.917725 44.889988 13
-51.216076 -743.023254 44.031471 13
-45.908543 -740.467712 4.332586 13
-49.792248 -737.981750 35.679958 13
-47.178253 -741.027954 29.441620 13
-52.284355 -736.920532 43.923767 13
-52.704105 -736.256836 47.597752 13
-48.690807 -739.513550 21.387526 13
-47.948780 -741.586243 37.645664 13
-45.828625 -738.673889 8.420537 13
-52.904572 -735.930542 49.045570 13
-46.068298 -739.317566 3.680192 13
-49.196526 -738.156738 32.504894 13
-44.063316 -738.496460 6.250840 13
-50.859516 -736.198669 45.854412 13
-44.277145 -738.681702 10.857609 13
-46.191780 -742.716553 25.794748 13
-49.485741 -742.306763 27.044460 13
-51.211842 -741.938416 42.116673 13
-51.342251 -739.116821 33.252937 13
-44.890549 -738.078308 13.950562 13
-52.465405 -741.358337 33.269318 13
-50.939781 -744.762024 33.674477 13
-48.423233 -736.390381 42.540661 13
-50.612381 -741.880737 39.830120 13
-48.869980 -739.246826 25.587797 13
-44.840279 -741.109253 0.287293 13
-47.075352 -737.311584 32.564980 13
-45.169830 -738.789062 21.866066 13
-45.472122 -738.822388 16.496866 13
-46.431057 -740.555969 14.739793 13
-48.681320 -741.377319 24.801151 13
-47.793396 -741.723267 31.152950 13
-49.533508 -740.005127 26.437229 13
-43.980679 -739.652222 9.037369 13
-55.135494 -740.741394 38.136532 13
-48.096844 -743.850586 28.448738 13
-50.998779 -743.557800 30.744627 13
-48.404263 -740.960022 41.550415 13
-51.476601 -741.647034 44.502514 13
-46.710815 -739.346741 13.050758 13
-48.723320 -739.606628 33.403893 13
-45.931561 -739.441833 0.633907 13
-55.019707 -738.709229 41.368839 13
-47.993191 -743.291992 26.504444 13
-47.411674 -738.772949 22.657793 13
-50.256561 -744.058716 49.108349 13
-45.367165 -738.480408 4.322350 13
-53.341972 -739.309937 37.564350 13
-47.540051 -739.498169 16.391039 13
-51.761131 -738.734619 35.558788 13
-44.356472 -740.827881 11.455610 13
-47.538918 -737.891296 29.260393 13
-51.259766 -735.860535 47.384296 13
-46.346180 -737.323486 35.413383 13
-50.355125 -741.396240 44.788662 13
-57.350872 -736.813965 49.153618 13
-52.821228 -743.633057 50.698254 13
-50.017448 -741.138123 28.236982 13
-44.771744 -740.313110 22.958448 13
-44.394756 -738.730347 12.573676 13
-53.295998 -740.581421 35.374077 13
-48.546658 -740.010193 37.797520 13
-52.946369 -742.731628 48.594025 13
-49.072674 -739.642334 39.894596 13
-47.071281 -740.194946 31.750757 13
-48.910225 -735.767395 44.727829 13
-55.227886 -739.367432 40.124557 13
-45.066811 -736.914856 36.082462 13
-44.586945 -739.262024 20.928875 13
-45.249439 -740.437988 5.303347 13
-47.506096 -742.130920 23.353035 13
-46.617310 -740.634277 25.855070 13
-45.408455 -738.467712 6.325886 13
-51.152103 -737.559692 39.732281 13
-46.782921 -738.813171 17.238995 13
-49.886868 -735.296936 45.672535 13
-46.020042 -737.446289 34.235271 13
-48.202988 -741.122253 39.735580 13
-46.991009 -740.805298 28.318558 13
-46.127445 -741.072449 18.264910 13
-49.888565 -737.600342 37.948673 13
-53.471924 -737.048340 44.172703 13
-49.403610 -736.970032 41.035480 13
-53.991096 -744.465393 37.531078 13
-52.170742 -743.009705 47.021828 13
-46.638622 -738.873840 14.965067 13
-54.394653 -736.934143 45.128616 13
-52.584404 -744.297791 34.679188 13
-49.294662 -742.245911 35.684307 13
-50.192844 -743.911499 47.127174 13
-44.290913 -739.924438 12.744715 13
-44.365479 -740.698975 5.935637 13
-48.989323 -738.936707 27.942072 13
-54.478985 -742.748962 37.663738 13
-45.372704 -738.384705 22.983686 13
-55.226143 -742.999390 38.736107 13
-48.253605 -737.098267 39.289314 13
-49.254009 -738.012085 33.624973 13
-44.973595 -739.195190 18.622786 13
-56.962048 -743.656799 41.366074 13
-48.417843 -736.669739 41.462738 13
-51.724991 -742.599731 31.523388 13
-47.432491 -736.654663 40.853767 13
-48.032650 -737.506775 35.166859 13
-45.807255 -741.713257 24.326790 13
-46.908276 -743.100342 26.605709 13
-54.333839 -744.747498 38.633327 13
-43.853008 -739.884460 7.966515 13
-55.443008 -741.313721 39.025383 13
-49.699081 -744.224365 29.952564 13
-55.638271 -744.414612 40.036453 13
-59.316921 -739.851562 49.465317 13
-54.239609 -737.466614 43.088367 13
-55.778816 -738.779724 42.184879 13
-46.095139 -742.039978 23.124271 13
-47.283154 -739.832886 30.210741 13
-56.645451 -739.784302 41.969986 13
-47.922863 -738.939209 23.616997 13
-44.351421 -737.960876 2.215823 13
-48.314396 -742.248169 34.553032 13
-45.751823 -740.083618 7.162485 13
-47.766136 -741.691589 21.947973 13
-44.884853 -737.761108 32.634464 13
-47.653133 -741.134583 35.924465 13
-55.269749 -737.936646 43.409275 13
-49.224159 -742.740845 41.039749 13
-48.116447 -737.526733 34.109791 13
-51.309555 -741.247131 46.607674 13
-49.357128 -744.646973 31.659561 13
-50.321377 -741.079529 37.286602 13
-51.578648 -744.763794 34.543133 13
-47.782505 -740.370850 19.841702 13
-44.571701 -739.340393 16.737944 13
-57.211666 -739.544312 43.596474 13
-44.373249 -738.603699 14.732419 13
-48.192696 -741.988586 36.686604 13
-54.985935 -744.071716 39.165752 13
-59.125015 -739.701416 48.130096 13
-45.777008 -738.115601 24.859348 13
-48.035198 -739.934692 34.155766 13
-49.790627 -743.180420 43.471348 13
-48.367989 -737.354187 37.264778 13
-54.987640 -736.557556 47.361702 13
-45.025372 -740.703918 3.789633 13
-59.068424 -738.292053 49.628548 13
-48.799847 -742.566101 40.069099 13
-44.255409 -738.390198 31.145653 13
-46.774048 -738.049561 26.895113 13
-54.325565 -740.469482 37.200741 13
-43.445095 -739.801392 2.739395 13
-48.097557 -742.012024 32.845875 13
-56.136379 -743.487061 40.604465 13
-52.502750 -743.387634 34.196114 13
-44.739971 -738.405945 27.699575 13
-46.269939 -736.648987 39.169632 13
-59.502850 -741.141846 47.788441 13
-45.448437 -736.753906 37.243668 13
-49.931583 -738.166260 34.572647 13
-51.352112 -744.194641 32.803993 13
-58.755341 -742.721130 44.757164 13
-49.641598 -739.146362 29.130924 13
-44.111607 -740.734985 1.175035 13
-50.997593 -743.541687 45.013596 13
-44.703316 -738.156372 29.745148 13
-52.034828 -745.211365 36.510632 13
-58.884865 -741.289734 45.982609 13
-53.311256 -742.493286 34.795170 13
-50.228539 -739.993347 29.114479 13
-45.514767 -740.097778 2.163254 13
-51.381207 -740.956604 31.507832 13
-50.653915 -736.595581 44.211006 13
-46.892899 -737.468994 33.553604 13
-50.519699 -737.982910 37.246410 13
-51.187191 -739.437195 32.287712 13
-50.471710 -739.237732 30.998592 13
-49.370358 -742.364807 36.701595 13
-56.969215 -741.964417 41.947418 13
-42.921738 -738.014221 1.116421 13
-52.285015 -738.399719 38.091835 13
-44.538258 -740.836121 9.782345 13
-47.705791 -741.491516 34.835300 13
-57.387939 -741.340515 42.885578 13
-47.522057 -740.479553 17.823664 13
-49.283989 -741.225830 26.191614 13
-56.486965 -741.618591 41.123940 13
-44.002346 -738.233154 3.261534 13
-51.398254 -745.606445 35.344200 13
-49.242428 -743.052063 47.111671 13
-52.603378 -744.201172 49.911259 13
-44.294178 -740.780945 15.200881 13
-54.282967 -738.002502 41.574226 13
-46.660160 -742.960510 28.292845 13
-52.487968 -743.618591 49.091175 13
-43.316116 -738.881714 5.712774 13
-46.323650 -741.203003 19.223135 13
-46.070873 -739.622559 8.203156 13
-47.110485 -739.609680 27.717543 13
-51.798660 -741.836853 45.431664 13
-45.045574 -738.068726 12.964420 13
-58.501305 -739.615173 46.487957 13
-44.055489 -738.573914 7.298714 13
-48.556221 -740.154175 39.219490 13
-57.117516 -740.159241 42.741646 13
-47.434086 -736.766479 39.841209 13
-50.302864 -736.790771 42.769001 13
-53.702892 -736.321960 50.120071 13
-46.634563 -738.681152 21.031193 13
-48.878834 -737.641235 35.825718 13
-48.743546 -742.252502 45.738644 13
-44.537102 -737.770386 9.894445 13
-55.567371 -742.405334 39.444740 13
-53.655960 -738.520203 39.474323 13
-45.961262 -737.786621 28.391123 13
-49.111511 -744.441711 30.744938 13
-43.316040 -739.855042 0.834277 13
-53.725834 -742.831055 35.752033 13
-48.485188 -742.152771 38.268238 13
-49.826374 -741.429077 35.390732 13
-55.481808 -737.578918 44.594334 13
-49.578098 -743.462585 45.377808 13
-45.320499 -740.272217 0.637596 13
-52.314072 -736.541504 45.692352 13
-45.002350 -737.861694 31.574455 13
-52.038494 -737.080933 42.992218 13
-57.094749 -737.679688 47.448547 13
-50.485691 -740.280762 30.005323 13
-58.587097 -741.440002 45.068008 13
-44.203613 -739.423279 26.738403 13
-44.114281 -738.649048 8.906963 13
-49.240318 -737.156494 39.861565 13
-57.299301 -737.800232 49.296829 13
-51.876167 -743.039978 46.105877 13
-45.033688 -740.414368 16.651638 13
-45.017624 -740.685913 7.864792 13
-57.263100 -743.007690 42.084923 13
-46.312813 -737.049927 37.575825 13
-44.197948 -739.362854 24.882853 13
-55.903606 -740.093567 40.171852 13
-56.075718 -742.564270 40.349617 13
-53.901310 -741.057861 36.116272 13
-48.858253 -742.757568 26.472925 13
-44.445736 -739.437195 23.782942 13
-56.355873 -737.547302 46.264999 13
-50.798141 -737.257141 40.972729 13
-44.564377 -737.782959 11.022494 13
-46.232521 -742.367920 24.907759 13
-50.185326 -742.764832 39.288685 13
-46.708263 -739.275818 10.987404 13
-46.987003 -740.222534 13.850594 13
-52.973915 -744.490051 35.761864 13
-57.832924 -738.283752 47.155632 13
-49.759842 -740.053772 27.360851 13
-45.322590 -740.822327 13.768167 13
-58.082966 -739.773865 45.147808 13
-49.769108 -743.208496 27.780531 13
-48.260014 -742.781250 25.676008 13
-51.863777 -739.027649 34.646259 13
-52.154778 -740.484253 33.451534 13
-56.840149 -738.768921 44.113262 13
-46.459774 -738.821838 14.052101 13
-53.662682 -737.575928 42.354416 13
-47.707687 -738.154236 28.358944 13
-44.218330 -740.485229 2.070804 13
-51.036907 -744.369080 50.012596 13
-55.950218 -738.480652 43.062656 13
-46.560268 -739.744202 26.130114 13
-52.545818 -740.169800 34.749092 13
-49.076172 -739.574280 24.738781 13
-47.034782 -737.281555 36.236622 13
-44.064449 -738.385620 4.914968 13
-47.739834 -743.977173 29.329197 13
-49.064842 -739.533142 35.747047 13
-54.543835 -735.949280 49.984360 13
-53.560692 -743.688171 36.108421 13
-48.632565 -737.977051 31.763126 13
-47.335899 -739.443054 15.201981 13
-44.734337 -737.843445 6.257850 13
-43.632019 -738.983582 3.640691 13
-47.402443 -742.635254 24.469696 13
-45.081680 -737.430664 34.150608 13
-46.201538 -738.837402 12.400192 13
-47.693821 -741.771118 29.591364 13
-54.137283 -742.152710 36.275665 13
-51.573574 -743.965027 47.566208 13
-53.023235 -739.524841 36.428154 13
-45.416805 -738.342102 9.154895 13
-46.870361 -737.523438 31.639406 13
-45.520512 -741.210938 20.824961 13
-50.618401 -742.366028 40.591942 13
-50.708138 -744.090759 31.622946 13
-45.913422 -738.181580 23.932985 13
-52.394669 -742.151855 32.822056 13
-45.155170 -738.153992 8.113005 13
-46.195740 -740.187073 12.589979 13
-49.557903 -740.767517 42.852581 13
-50.756977 -742.975220 29.963917 13
-47.165657 -741.414673 25.200470 13
-45.601540 -737.887634 29.813423 13
-46.018784 -742.140015 26.510145 13
-48.763161 -741.274780 29.392141 13
-47.890583 -741.392456 22.835871 13
-44.862316 -740.209900 19.603653 13
-48.307228 -744.363037 30.356245 13
-51.764088 -741.813843 47.296257 13
-57.899918 -743.244934 42.684574 13
-51.659275 -744.107117 48.457714 13
-51.537251 -741.775818 31.181665 13
-48.175251 -740.139587 20.872168 13
-44.970215 -740.522827 15.750559 13
-58.854916 -739.250366 49.951897 13
-48.674328 -740.595520 23.330816 13
-57.842876 -741.396606 43.680149 13
-45.286640 -740.551575 21.372501 13
-53.728973 -738.064880 40.717110 13
-54.808613 -739.838135 38.749985 13
-58.534225 -738.468872 47.990814 13
-45.145580 -740.595764 18.000072 13
-54.302906 -743.616699 37.396217 13
-58.113235 -742.430969 43.460175 13
-53.251713 -736.286560 48.286411 13
-53.808800 -739.164978 38.417233 13
-45.658581 -741.469543 22.618860 13
-48.432465 -740.047241 36.922577 13
-48.872543 -742.665405 42.783501 13
-56.124542 -736.651367 48.648510 13
-47.776726 -739.286072 19.577507 13
-57.770748 -740.006836 44.165222 13
-47.580479 -739.063599 20.428480 13
-46.168694 -740.260620 9.801344 13
-52.667133 -737.733337 40.848095 13
-45.636131 -740.919922 12.670834 13
-47.765648 -737.160706 38.170376 13
-51.791370 -738.554138 36.420288 13
-45.363716 -740.909058 19.786203 13
-43.513409 -739.312012 1.880186 13
-49.680603 -744.976624 32.614902 13
-46.983368 -737.655090 29.893917 13
-48.308777 -741.205688 40.603157 13
-57.248714 -737.427063 48.501030 13
-45.847935 -739.543518 2.860111 13
-51.210411 -743.614563 45.880157 13
-46.922890 -741.036987 26.663553 13
-49.685638 -743.606384 46.493488 13
-45.907234 -738.443420 15.631740 13
-52.459141 -736.758667 44.798218 13
-58.279572 -738.136536 48.765186 13
-52.123287 -737.761108 39.981785 13
-44.053261 -739.327820 10.292103 13
-44.401169 -738.506714 11.718102 13
-46.327316 -740.671021 23.487684 13
-48.131584 -738.786499 25.676863 13
-55.780930 -736.719482 47.676113 13
-48.639225 -741.769409 31.022173 13
-50.036808 -745.081421 34.204865 13
-48.064598 -741.540955 38.750175 13
-48.728127 -740.746521 24.200974 13
-50.283016 -742.883850 28.839544 13
-52.778728 -744.486389 50.710793 13
-55.345974 -736.955505 46.071774 13
-47.207897 -737.380127 35.403801 13
-47.548325 -741.265259 33.122086 13
-49.350918 -743.140625 44.222801 13
-48.752731 -742.399963 41.699219 13
-48.272396 -739.501343 32.070019 13
-55.804585 -740.870850 39.654621 13
-47.270130 -738.552612 24.437399 13
-48.296162 -740.245728 21.716921 13
-52.432873 -743.246887 50.013012 13
-48.530224 -742.113342 44.231022 13
-52.456917 -742.734985 47.776703 13
-50.186531 -737.032654 41.612453 13
-44.308792 -738.347107 8.144071 13
-46.572544 -739.113342 9.994478 13
-50.139893 -743.064087 42.195332 13
-48.208485 -739.976379 35.047131 13
-44.937611 -740.668762 2.460709 13
-52.177097 -735.514282 49.164619 13
-54.474506 -736.315247 48.419533 13
-46.051247 -742.044128 21.936209 13
-44.550617 -740.904907 14.421112 13
-56.180523 -736.267700 49.432896 13
-53.352673 -745.001648 37.460876 13
-46.207882 -738.567322 23.137365 13
-45.300797 -738.207581 25.924967 13
-49.155064 -736.242615 44.040459 13
-53.215195 -741.705383 34.436562 13
-45.667194 -739.861572 1.305614 13
-45.295704 -738.825073 19.933477 13
-48.535374 -739.218201 24.111528 13
-54.989563 -736.322205 49.152927 13
-54.125965 -736.477234 46.906864 13
-50.763889 -738.692200 33.885525 13
-47.237400 -740.500854 32.920002 13
-46.391357 -740.146240 24.383772 13
-49.379719 -742.671936 39.469872 13
-54.735283 -741.486572 37.579388 13
-58.889145 -740.612183 46.468479 13
-45.844421 -740.570374 11.021340 13
-47.240971 -741.391479 21.344114 13
-46.156437 -738.710205 20.007845 13
-56.161411 -737.940674 44.910671 13
-48.941639 -736.380188 43.236073 13
-50.153088 -737.964417 36.481457 13
-50.949219 -742.713318 42.260746 13
-50.858154 -741.641357 29.931936 13
-48.308369 -741.901794 40.027340 13
-49.835239 -741.705688 27.645727 13
-44.790955 -739.996643 18.560959 13
-52.860691 -738.181213 39.304379 13
-50.522057 -738.282532 35.432030 13
-47.610485 -741.456360 30.354885 13
-44.366203 -739.517029 14.298523 13
-50.470081 -737.538513 39.258499 13
-49.975086 -743.556335 48.523342 13
-46.209896 -738.464661 16.740005 13
-49.154755 -737.428711 37.614819 13
-45.821377 -740.155090 8.793434 13
-45.067493 -738.458557 15.512943 13
-53.815838 -736.682129 45.767799 13
-44.239643 -740.349365 3.838470 13
-46.567184 -736.844055 38.383923 13
-51.618855 -738.037781 38.383995 13
-45.907444 -737.682800 30.909554 13
-47.322601 -741.128418 31.471987 13
-47.528481 -737.649658 30.836740 13
-48.030567 -740.727234 37.754089 13
-45.684139 -738.352661 1.562028 13
-46.082100 -738.704529 18.482805 13
-48.469337 -738.277954 29.610689 13
-52.378517 -744.154602 51.487675 13
-57.461349 -738.812256 45.268669 13
-45.617481 -738.755066 5.591430 13
-49.748158 -738.912537 30.490824 13
-48.128819 -738.647034 26.692736 13
-51.651203 -742.332703 44.053761 13
-44.407543 -739.648438 15.998231 13
-53.760475 -739.869629 37.152729 13
-51.489891 -736.780579 44.151756 13
-46.439365 -739.233643 21.731871 13
-44.407631 -740.765747 10.661706 13
-47.914185 -739.093567 21.996843 13
-46.471302 -740.424927 15.577066 13
-46.752838 -740.709290 17.865957 13
-47.581635 -740.135376 17.061050 13
-49.413136 -739.327698 27.348618 13
-45.794228 -738.420410 21.522816 13
-51.189545 -742.704163 43.227406 13
-50.812538 -736.395813 45.080807 13
-44.252987 -738.764160 28.245464 13
-46.807858 -738.236450 25.905954 13
-56.433125 -737.297241 47.281189 13
-43.617165 -739.584595 4.627108 13
-45.243065 -738.201599 11.119579 13
-47.016289 -740.011780 14.735918 13
-50.993053 -736.046143 46.622677 13
-43.878891 -740.316406 6.591303 13
-50.277142 -741.794922 28.669992 13
-54.474155 -742.252869 37.028347 13
-50.543125 -743.338867 43.744728 13
-45.132366 -740.675659 8.653243 13
-45.830593 -740.387756 5.838537 13
-44.192238 -737.859863 1.304119 13
-51.757477 -742.971924 32.234947 13
-48.145565 -743.611511 27.601391 13
-45.460011 -738.086853 26.724764 13
-45.058773 -739.078918 17.339066 13
-49.345196 -742.460571 37.867798 13
-49.178127 -739.497192 37.515789 13
-45.573223 -740.069519 3.695746 13
-44.483715 -740.504028 12.244198 13
-46.904694 -737.813477 28.726408 13
-51.684700 -737.242798 41.541550 13
-58.761513 -742.934021 43.990711 13
-48.722836 -738.186462 30.747158 13
-53.848728 -743.895264 36.823940 13
-45.574432 -738.362549 12.296461 13
-59.333347 -739.071716 49.359947 13
-44.093315 -739.840637 10.973273 13
-47.530098 -739.174561 18.744345 13
-45.208294 -737.549805 33.385811 13
-50.811516 -743.851379 46.584534 13
-44.541229 -739.247681 21.847847 13
-46.816181 -742.320068 23.016954 13
-49.640308 -738.535522 31.921099 13
-46.966007 -740.267456 29.501873 13
-47.770977 -741.034302 20.295931 13
-47.093239 -740.144043 16.386198 13
-50.739910 -738.982605 32.753277 13
-45.496349 -738.509155 7.106969 13
-48.777115 -737.562744 36.606777 13
-50.073013 -742.159790 38.295444 13
-46.025139 -740.778625 16.843977 13
-43.506153 -738.762695 6.782915 13
-55.158607 -737.153809 45.133659 13
-51.984383 -741.084351 32.590027 13
-50.393265 -744.803833 33.103394 13
-45.516426 -738.770325 3.592704 13
-56.437386 -740.080505 41.249798 13
-43.582142 -739.276489 7.499268 13
-46.539841 -740.566833 25.032270 13
-46.478416 -738.720215 19.159883 13
-44.659000 -739.826599 20.415922 13
-51.327511 -736.954468 42.574398 13
-45.837326 -740.465820 14.226413 13
-52.805347 -738.624695 37.573273 13
-51.705147 -739.861206 33.362385 13
-43.470917 -738.383545 0.722902 13
-48.556252 -742.034546 43.102425 13
-45.115070 -740.538818 4.541924 13
-47.776134 -740.567566 19.088243 13
-51.476814 -745.174561 35.981430 13
-50.006893 -740.394653 28.489504 13
-47.051235 -738.717957 21.956757 13
-50.989502 -744.276428 48.816654 13
-48.862709 -743.784363 27.977982 13
-44.069523 -740.400635 9.338952 13
-47.977116 -741.721619 31.987316 13
-48.906967 -739.676208 23.171436 13
-44.161034 -737.492676 32.799606 13
-46.250530 -737.569946 30.119242 13
-51.965984 -736.059998 47.651161 13
-57.369114 -738.413086 45.909573 13
-44.367653 -740.332886 5.217953 13
-47.534138 -738.577332 25.190262 13
-43.802002 -738.824646 12.086224 13
-47.543655 -741.133301 34.170113 13
-47.770351 -741.346985 36.677147 13
-49.356392 -744.106506 29.259090 13
-43.327850 -739.092712 1.071543 13
-45.872719 -739.502502 -0.140170 13
-51.900467 -743.727112 33.098141 13
-45.109013 -738.231873 2.027388 13
-51.543861 -736.463867 45.692745 13
-50.051632 -743.982300 47.892662 13
-45.612637 -737.198547 35.612823 13
-47.732029 -740.060181 33.428120 13
-47.027390 -740.081299 30.912804 13
-50.789970 -740.274475 30.747160 13
-58.471413 -738.746948 49.510899 13
-52.371803 -738.995544 35.942738 13
-43.749531 -738.540833 2.287421 13
-46.938576 -739.286438 12.292475 13
-45.417004 -740.663879 22.124292 13
-46.670647 -743.144775 27.457378 13
-49.024372 -741.214905 25.488850 13
-48.053783 -742.030090 23.858091 13
-48.944950 -742.532349 46.566330 13
-49.417896 -735.770508 45.308357 13
-48.528000 -742.191772 25.130198 13
-50.136971 -744.680481 31.668251 13
-51.294064 -740.365173 32.016449 13
-44.534233 -738.494629 13.308932 13
-44.374115 -738.457031 9.636778 13
-46.883266 -740.786316 27.574423 13
-48.395351 -741.313782 42.891407 13
-46.469398 -741.492615 20.383261 13
-47.341217 -743.671814 28.380142 13
-47.652092 -737.493591 33.485970 13
-45.083389 -740.656616 7.124182 13
-50.934475 -742.160400 41.435852 13
-50.247162 -741.462463 37.946442 13
-46.704742 -739.954590 28.282326 13
-53.154793 -740.007996 35.843895 13
-52.531685 -736.093201 48.329151 13
-48.957432 -737.220886 38.983723 13
-48.853893 -742.142822 35.088383 13
-59.022797 -741.987183 46.218369 13
-51.465118 -738.930847 34.029884 13
-49.096478 -738.905029 28.676807 13
-45.532375 -740.446533 10.157166 13
-45.632549 -741.281555 18.957731 13
-44.430256 -738.191162 30.440590 13
-45.525700 -738.420166 14.120789 13
-46.316097 -737.445862 32.407013 13
-48.772129 -742.243225 36.286163 13
-52.597649 -736.544250 46.916897 13
-49.639023 -741.176880 43.503490 13
-58.017693 -738.809509 46.672371 13
-51.845005 -744.408203 50.095512 13
-54.946186 -739.479614 39.445766 13
-44.553741 -738.984009 25.860912 13
-46.415260 -738.390564 24.433825 13
-54.976974 -738.925354 40.677750 13
-52.576637 -743.038452 33.525410 13
-48.860802 -742.543213 38.951416 13
-45.108154 -740.963257 11.366315 13
-46.872524 -742.761841 24.966335 13
-53.298389 -741.175110 34.938564 13
-49.536247 -743.003784 42.799129 13
-49.380108 -739.753967 25.775682 13
-46.077457 -739.691772 22.948912 13
-44.230938 -740.596558 8.008451 13
-47.754604 -737.526123 32.352234 13
-44.341019 -739.692078 13.456543 13
-47.708858 -736.183838 42.576435 13
-49.893837 -738.318909 33.854885 13
-44.558208 -739.087646 15.240997 13
-49.951752 -742.840820 40.907978 13
-52.938927 -737.365540 42.412785 13
-52.743286 -735.764038 49.733074 13
-43.934422 -739.688965 16.593405 13
-48.604111 -744.708984 31.865540 13
-53.495575 -735.964539 49.514610 13
-52.685890 -744.873047 36.403790 13
-50.949520 -737.863037 37.851734 13
-59.202801 -740.495178 47.975113 13
-50.742931 -745.322876 34.147060 13
-50.192192 -735.953369 45.569405 13
-47.882450 -740.976196 21.951450 13
-45.593967 -737.668762 32.371521 13
-47.258568 -739.075012 17.797628 13
-43.721260 -740.280518 4.486032 13
-54.600788 -745.426270 38.712543 13
-48.396709 -741.976501 33.888260 13
-45.754269 -739.720276 4.296714 13
-48.627701 -739.991760 38.526371 13
-56.173325 -739.242065 41.792545 13
-44.460003 -740.557251 13.073668 13
-50.283581 -743.586487 45.241104 13
-49.374043 -743.026855 26.977226 13
-44.713223 -739.048218 24.498005 13
-44.730442 -740.122559 21.057970 13
-56.404366 -737.852112 45.593731 13
-44.447796 -739.874939 25.513208 13
-56.553204 -738.768677 43.436668 13
-48.418659 -741.704346 41.640060 13
-48.597672 -737.696899 33.592690 13
-51.376068 -737.770691 39.071358 13
-56.693001 -737.066284 48.778702 13
-43.754776 -740.177856 7.324610 13
-46.785992 -737.249756 36.913719 13
-49.807796 -740.648376 27.751741 13
-51.876740 -742.177185 44.792171 13
-55.394039 -742.056091 38.830959 13
-43.945713 -738.485229 4.191305 13
-44.361000 -738.794067 27.163073 13
-48.591988 -740.043640 22.354071 13
-44.992619 -738.187805 14.703660 13
-52.834694 -741.469116 33.868320 13
-48.802635 -743.940613 28.820408 13
-49.979202 -736.331726 44.186470 13
-48.032387 -739.481018 18.211193 13
-51.416050 -735.355225 47.862766 13
-43.905312 -738.355896 29.341759 13
-52.269890 -742.325623 47.182129 13
-44.657932 -737.194824 34.682762 13
-48.581509 -741.383179 44.302078 13
-44.568108 -740.146851 23.618093 13
-58.739742 -739.684631 47.162415 13
-46.359001 -737.877625 27.445011 13
-45.802860 -739.892212 5.340552 13
-51.347065 -742.952454 30.934856 13
-53.304146 -736.470032 47.292683 13
-54.880062 -743.093262 38.129425 13
-49.375580 -737.398682 38.386837 13
-59.166935 -740.998108 47.108364 13
-46.150639 -738.151184 25.460352 13
-52.998817 -736.643738 45.917183 13
-44.656128 -740.582275 6.572087 13
-43.699547 -739.457642 5.939316 13
-52.022087 -742.406921 45.824173 13
-47.678822 -739.836914 31.803036 13
-53.050594 -743.187622 34.591705 13
-44.734962 -741.093384 13.492237 13
-47.331768 -738.161072 27.366335 13
-44.959225 -740.550110 -0.113363 13
-43.854549 -740.222107 8.636454 13
-47.478069 -741.625977 27.981554 13
-49.099056 -742.152466 34.081657 13
-46.313114 -739.079224 11.555349 13
-56.226429 -741.353882 40.517376 13
-47.360271 -739.264343 17.065996 13
-50.468864 -736.696594 43.429493 13
-46.271736 -738.497559 17.628054 13
-54.007286 -737.244263 43.709614 13
-53.769131 -736.934204 44.803829 13
-48.166534 -737.854919 31.047630 13
-50.377605 -742.108032 39.183243 13
-55.080532 -736.755920 46.697132 13
-49.240936 -741.945923 26.384155 13
-59.285812 -739.514709 48.820179 13
-47.523819 -740.218994 18.497889 13
-44.669624 -739.678772 22.391745 13
-47.666409 -741.631897 26.686728 13
-49.901485 -738.833069 31.272354 13
-49.863132 -738.515747 32.616943 13
-51.207680 -737.418335 40.436039 13
-50.841282 -735.348816 47.057858 13
-45.867935 -741.713379 21.224241 13
-58.417343 -740.774597 45.260540 13
-45.988148 -740.116394 11.616006 13
-58.715553 -739.134644 47.941685 13
-44.178204 -738.183533 5.641382 13
-48.492760 -739.550598 32.733101 13
-45.786774 -740.672974 15.339412 13
-46.528275 -740.714966 16.274574 13
-48.398117 -741.092285 42.241230 13
-48.864494 -736.637634 42.012539 13
-50.182842 -737.555359 38.567436 13
-44.921139 -738.924438 23.429905 13
-50.111843 -740.445679 43.198956 13
-52.471939 -740.434570 34.111210 13
-47.389698 -741.945068 22.588800 13
-44.736340 -740.656921 0.875516 13
-47.496830 -737.275696 36.758602 13
-48.754528 -741.883118 32.649914 13
-44.885960 -738.101685 4.644935 13
-47.218472 -740.833984 19.471937 13
-49.552830 -743.656372 47.224400 13
-51.359417 -741.571899 45.989159 13
-46.102417 -740.879883 17.590992 13
-50.866657 -743.965881 47.326389 13
-50.076214 -737.139587 40.943047 13
-54.567486 -739.041321 39.895226 13
-47.827343 -740.519653 36.175568 13
-48.319656 -738.488220 28.140099 13
-58.175072 -741.318787 44.398613 13
-43.142170 -739.724182 0.181763 13
-55.317715 -740.676147 38.833832 13
-44.577747 -737.896301 3.507584 13
-54.304035 -737.808777 42.431499 13
-47.844032 -742.969971 25.039772 13
-52.636562 -737.490417 41.546459 13
-55.778992 -736.844543 49.677883 13
-50.894501 -739.405518 31.542448 13
-45.667713 -738.524231 22.380089 13
-49.298157 -740.535156 25.962383 13
-43.860428 -738.796753 11.404578 13
-47.299541 -741.222778 28.759693 13
-58.236233 -739.611511 45.789932 13
-49.280003 -739.376953 26.348576 13
-43.707645 -739.075134 5.143995 13
-45.483131 -737.017029 36.587509 13
-46.918076 -736.696716 39.396137 13
-49.223469 -744.872375 33.130280 13
-50.417408 -743.869141 30.589092 13
-50.388565 -740.766418 44.550762 13
-48.243713 -740.412231 39.774395 13
-44.758923 -739.618713 19.136332 13
-51.085163 -738.301514 36.864712 13
-45.503796 -741.180237 17.981083 13
-54.660847 -740.380737 37.815853 13
-49.480343 -736.613098 42.890709 13
-45.165260 -740.656067 13.072459 13
-47.597370 -740.416687 34.323067 13
-44.234322 -739.356079 12.316078 13
-44.910606 -740.371460 17.395651 13
-48.153378 -735.970154 43.038120 13
-45.086124 -739.050598 19.316574 13
-52.162777 -738.510620 37.315929 13
-47.084732 -739.180847 15.814399 13
-43.926750 -739.350464 8.437672 13
-45.687912 -740.090210 6.510128 13
-48.616779 -738.994995 26.149488 13
-45.529602 -741.117432 24.137184 13
-49.511436 -737.926270 35.077412 13
-48.545689 -742.349609 45.081875 13
-43.728882 -740.297546 3.330246 13
-49.027905 -740.268494 24.579384 13
-52.251751 -739.526733 34.867149 13
-46.356373 -739.059692 8.561316 13
-43.915169 -740.106445 1.270956 13
-45.863415 -737.405396 34.940437 13
-55.656361 -738.951721 41.469666 13
-45.293705 -740.710144 3.058088 13
-46.832798 -742.954224 25.942875 13
-57.322346 -744.199402 41.664906 13
-54.427990 -738.381836 41.026829 13
-50.987213 -741.468994 40.210518 13
-47.253574 -740.606018 32.245731 13
-47.437428 -743.360352 26.914253 13
-58.740917 -742.076233 44.950573 13
-49.439663 -737.773438 36.210255 13
-44.413189 -738.150574 10.460397 13
-50.617470 -739.674438 30.518408 13
-43.951134 -739.341614 9.646428 13
-46.872623 -738.632507 23.035273 13
-47.268543 -742.547913 23.810812 13
-56.603886 -740.950256 41.364090 13
-50.026085 -741.613159 37.003227 13
-50.677158 -741.385254 39.281849 13
-57.765331 -737.716248 48.825302 13
-46.875927 -736.286621 40.730309 13
-50.775997 -743.379822 44.419678 13
-45.226086 -738.783630 21.195286 13
-45.616085 -737.820312 28.961864 13
-52.493607 -738.305969 38.707306 13
-46.137405 -739.614746 2.255640 13
-44.232456 -740.196106 11.673081 13
-48.621559 -738.796082 27.409924 13
-57.727837 -741.923523 43.266224 13
-49.959538 -741.037170 35.926712 13
-59.781948 -740.067993 49.047283 13
-49.868000 -735.665771 46.227924 13
-48.329601 -741.761780 24.400328 13
-46.048412 -742.083679 23.845392 13
-56.577217 -738.347168 44.582058 13
-53.900425 -744.849182 38.074677 13
-43.847195 -740.261047 5.930562 13
-52.972225 -737.060303 43.699791 13
-46.115025 -737.967346 26.803186 13
-51.098568 -738.593506 35.358532 13
-48.863079 -737.902222 33.020981 13
-48.399639 -739.241211 23.277952 13
-48.901890 -739.932373 40.486526 13
-47.777252 -736.533997 41.390842 13
-46.676666 -739.972778 13.252963 13
-46.964237 -740.444336 28.865053 13
-57.917847 -740.831421 44.002113 13
-44.904224 -738.995544 16.199894 13
-50.373238 -742.478210 39.919907 13
-42.978191 -738.610046 1.375011 13
-47.104107 -740.725586 30.033108 13
-57.145512 -740.820129 42.601906 13
-50.086590 -741.016846 36.670181 13
-44.573677 -738.429260 28.950031 13
-54.695099 -742.138184 37.686222 13
-47.914703 -741.751465 36.119671 13
-46.524902 -737.368958 34.781258 13
-46.367851 -742.754761 26.497517 13
-45.842125 -740.442566 4.971766 13
-45.651234 -738.707214 17.174294 13
-48.415451 -737.811768 32.365238 13
-51.245243 -742.315613 42.676132 13
-46.805206 -739.271118 13.687963 13
-47.312614 -741.077332 20.767609 13
-54.852432 -736.881226 45.661560 13
-51.463783 -744.480713 33.424812 13
-52.012119 -742.387024 32.064129 13
-52.808495 -742.138489 48.366192 13
-43.776546 -740.382568 2.680802 13
-48.745594 -739.630005 34.090591 13
-44.401768 -740.194214 14.411000 13
-46.550823 -741.479919 24.991882 13
-44.385807 -740.233337 15.706413 13
-49.042358 -744.314453 30.111866 13
-48.598145 -739.186401 24.958540 13
-45.987610 -742.086426 25.875700 13
-51.390427 -743.059753 44.640957 13
-47.254524 -743.610229 29.575615 13
-45.357792 -738.680115 18.519949 13
-53.862358 -736.345520 48.629715 13
-45.092579 -738.553345 24.671656 13
-45.484512 -740.773621 22.750107 13
-48.330467 -742.013123 37.339401 13
-50.554829 -741.614258 29.352297 13
-45.043167 -737.953369 9.548481 13
-46.829601 -741.820496 21.688471 13
-50.802559 -740.922180 45.029232 13
-47.405464 -743.149536 26.170252 13
-54.304363 -744.331360 38.100765 13
-45.161457 -740.965820 12.237652 13
-48.928898 -738.630005 29.298319 13
-44.354374 -739.228516 12.997719 13
-55.667271 -736.474915 49.069302 13
-44.558327 -738.631165 14.055233 13
-46.172497 -739.650391 9.974156 13
-57.095558 -741.406921 42.324291 13
-55.335144 -743.522644 39.155926 13
-47.983547 -741.204773 38.195396 13
-47.607193 -737.800659 29.921833 13
-52.709873 -742.014587 33.380501 13
-49.829800 -742.972595 41.646275 13
-52.822224 -744.091003 35.258842 13
-49.492447 -740.582458 26.742287 13
-55.507545 -737.864746 43.992161 13
-46.153294 -740.456177 10.463202 13
-47.072861 -737.063293 38.045227 13
-55.438923 -738.378052 42.702888 13
-53.207291 -738.846680 38.024025 13
-47.873936 -740.356140 35.522266 13
-54.150547 -740.707397 36.599327 13
-49.885094 -737.320312 39.663704 13
-58.088135 -738.194885 49.434650 13
-48.919861 -742.886963 45.533993 13
-48.017277 -736.564453 41.984978 13
-47.102074 -738.869629 19.112692 13
-45.647022 -738.821228 2.316559 13
-53.022675 -739.183777 37.004906 13
-48.766685 -736.908203 40.995094 13
-45.391541 -738.075012 28.052450 13
-51.273544 -742.187439 45.351303 13
-51.579872 -745.028198 35.125221 13
-50.700420 -740.928894 29.935730 13
-46.419899 -740.201050 14.213701 13
-46.777813 -739.907227 12.612822 13
-54.756035 -737.531128 43.474541 13
-45.944942 -739.564880 6.843926 13
-44.896412 -737.033691 35.402046 13
-55.168621 -741.308044 38.461803 13
-57.129589 -738.764404 44.671909 13
-47.328304 -738.659241 23.541212 13
-44.198811 -738.699402 10.203261 13
-55.222748 -744.508118 39.557045 13
-45.073692 -738.163147 6.766043 13
-55.176350 -738.471497 41.960842 13
-46.702091 -740.463501 26.451088 13
-48.762386 -739.751648 36.260338 13
-48.116402 -741.479370 29.238602 13
-44.961136 -739.123596 20.422073 13
-52.304565 -743.640991 33.629044 13
-45.823788 -738.564514 10.940872 13
-50.156593 -743.718872 30.025908 13
-51.170036 -743.684998 31.371229 13
-49.694336 -739.059082 29.768253 13
-52.885986 -744.568176 51.351166 13
-53.709961 -738.398254 40.081406 13
-48.181480 -740.823303 39.151875 13
-46.584721 -737.392578 32.972389 13
-44.283333 -738.132751 6.711965 13
-48.328808 -740.411316 41.147404 13
-46.156170 -738.677856 14.591538 13
-45.253475 -740.862854 16.193806 13
-56.384903 -742.099304 40.644131 13
-56.045315 -740.790039 40.227261 13
-43.659966 -740.382507 0.767776 13
-45.700325 -741.344177 24.837482 13
-45.792980 -740.099854 7.795153 13
-51.901062 -743.518433 47.259071 13
-49.428631 -737.997864 34.235931 13
-50.039188 -743.224548 28.373585 13
-54.329098 -739.437927 38.618896 13
-43.592503 -739.319946 3.104348 13
-45.069538 -739.069641 18.014553 13
-45.022041 -740.687622 5.833875 13
-46.264908 -737.475464 33.582565 13
-53.049114 -736.909119 44.623806 13
-44.519138 -737.919678 12.667794 13
-56.051376 -744.801758 40.304817 13
-46.392170 -738.859802 13.359115 13
-46.929005 -738.943481 16.659351 13
-44.477356 -737.848450 2.809560 13
-48.049137 -739.860962 19.593725 13
-50.811268 -744.345886 49.418297 13
-50.966637 -744.240723 32.288975 13
-47.330193 -739.339478 28.506521 13
-56.969597 -739.588074 42.979534 13
-56.706177 -737.632019 46.839386 13
-49.769238 -742.449280 27.621801 13
-50.827560 -741.526611 45.316158 13
-49.557087 -738.237976 33.124256 13
-48.846050 -742.653503 44.307064 13
-45.100716 -738.233521 27.228731 13
-44.371719 -740.739136 0.057426 13
-43.989876 -738.745422 13.138255 13
-59.869717 -739.462341 49.646751 13
-46.259739 -738.966003 7.960620 13
-47.854038 -741.520020 35.484482 13
-43.882847 -739.213135 10.947250 13
-50.483746 -735.833252 46.212162 13
-56.883972 -743.024170 41.587776 13
-50.309853 -744.148865 48.447895 13
-56.836266 -740.316650 41.700729 13
-53.807930 -738.875977 38.973061 13
-51.785286 -736.858582 43.554996 13
-47.940178 -738.986694 22.920597 13
-44.954411 -738.143616 4.003412 13
-52.055317 -744.668640 34.906033 13
-48.169891 -736.759827 40.894951 13
-56.870342 -744.264038 41.208267 13
-47.828285 -736.777405 40.308983 13
-55.142223 -736.736084 49.886086 13
-47.272194 -739.775452 15.882158 13
-48.379456 -737.561584 34.649956 13
-52.509369 -740.936890 33.755352 13
-53.403763 -742.994629 35.152966 13
-49.408192 -736.117920 44.608887 13
-50.413517 -742.945435 40.454834 13
-43.400940 -739.295593 4.119355 13
-44.720898 -739.970215 16.960758 13
-46.347988 -739.796875 11.147631 13
-49.058498 -737.032471 40.456062 13
-49.942482 -737.737854 37.350109 13
-44.025501 -737.810181 31.129089 13
-49.469604 -743.206909 44.806385 13
-46.634686 -737.432617 34.156040 13
-49.419910 -741.702087 26.966204 13
-55.505684 -739.239929 40.682087 13
-47.876877 -737.128235 38.796852 13
-53.903927 -735.737305 50.055878 13
-51.571980 -743.270508 45.498447 13
-55.774773 -743.785095 40.133949 13
-44.933411 -740.264343 22.297014 13
-54.695732 -744.258362 38.619629 13
-54.602062 -736.381470 47.818092 13
-51.397587 -739.735901 32.778088 13
-47.737736 -737.463562 34.628613 13
-49.726215 -742.528931 37.208218 13
-54.133854 -737.131104 44.336330 13
-48.673790 -742.553894 36.815128 13
-46.890068 -740.200928 27.737930 13
-47.602303 -738.390198 26.826553 13
-48.163651 -741.657227 39.436417 13
-50.437721 -736.977600 42.193069 13
-54.919216 -742.531372 38.357296 13
-52.142456 -742.658142 46.500740 13
-48.683193 -737.622253 35.241421 13
-56.897446 -738.005737 45.978149 13
-51.692223 -736.145142 47.085304 13
-45.806656 -741.298523 19.580421 13
-46.636162 -741.478516 19.682541 13
-54.882492 -743.592712 38.743805 13
-52.013420 -744.423096 34.282185 13
-45.059399 -738.866455 22.722216 13
-52.546001 -743.186707 48.459869 13
-51.680244 -743.578796 32.496510 13
-48.261082 -740.928528 23.018852 13
-46.287071 -742.084351 22.553358 13
-48.320385 -743.441650 27.038715 13
-54.795406 -744.666626 39.107140 13
-54.753971 -737.197815 44.675865 13
-50.135101 -739.441589 29.409557 13
-53.650925 -741.099121 35.520329 13
-46.423431 -737.600037 31.227623 13
-55.895424 -742.845642 39.827469 13
-51.401714 -736.294067 46.260544 13
-55.409481 -743.940735 39.678650 13
-47.912239 -744.159363 29.904726 13
-51.655102 -740.880554 32.111172 13
-45.080818 -737.642395 1.861176 13
-45.186489 -738.224060 5.822838 13
-57.690086 -737.310425 49.257915 13
-47.866619 -741.081726 37.258259 13
-48.254906 -737.492432 35.745628 13
-53.190708 -735.964722 50.081421 13
-52.193863 -739.100891 35.347492 13
-54.732796 -737.801147 42.922035 13
-52.849380 -743.131226 49.136013 13
-59.289406 -741.228027 46.431667 13
-46.109303 -740.724548 22.927742 13
-56.126011 -739.952759 40.748905 13
-52.858772 -740.070190 35.309139 13
-44.611416 -739.680298 23.193758 13
-45.285320 -738.386841 13.484991 13
-44.742458 -740.771362 9.137727 13
-53.388752 -745.597229 37.465496 13
-43.524853 -739.655579 1.380909 13
-45.413025 -738.265137 25.311338 13
-44.021698 -739.958374 9.768977 13
-43.628971 -738.983948 8.875161 13
-52.977871 -740.654236 34.873451 13
-48.922005 -742.747986 38.190720 13
-46.956566 -738.777222 20.538805 13
-57.597557 -738.406677 46.508362 13
-55.530544 -744.968994 39.834766 13
-47.873722 -740.447815 20.428053 13
-56.847065 -741.433838 41.665894 13
-54.564407 -741.032959 37.220913 13
-44.787991 -738.043274 31.016960 13
-46.473267 -738.729553 15.532788 13
-47.134575 -740.554810 31.262928 13
-47.630608 -736.955688 39.315521 13
-48.037445 -741.748840 34.370819 13
-46.091198 -737.290222 35.948776 13
-44.660709 -737.943359 7.845954 13
-47.867321 -737.272522 37.574371 13
-48.935299 -740.833252 24.869205 13
-56.094158 -744.100037 40.547966 13
-48.789280 -739.548950 22.069479 13
-44.669003 -741.107910 11.871473 13
-44.661331 -737.814636 32.056427 13
-44.587132 -739.363647 18.211046 13
-52.589817 -737.107361 43.238289 13
-43.867870 -738.688965 5.587810 13
-52.893291 -745.042786 36.924072 13
-48.164021 -741.632080 30.685547 13
-49.430397 -741.895142 35.220135 13
-50.214649 -740.924683 28.761316 13
-52.142727 -743.784912 48.636246 13
-48.051609 -738.184998 29.165909 13
-50.041630 -739.518066 28.797525 13
-43.346420 -739.283813 2.481597 13
-49.282944 -736.815491 41.588718 13
-45.638454 -739.851135 0.299293 13
-46.372948 -739.565308 24.282253 13
-51.514332 -743.141541 31.615702 13
-52.465336 -736.514709 46.262329 13
-52.743477 -743.644287 49.626148 13
-56.530014 -743.413574 41.055317 13
-45.112701 -740.764526 9.872719 13
-53.683395 -742.290833 35.400738 13
-49.211132 -743.032410 43.304897 13
-49.303596 -742.717712 40.456860 13
-45.496941 -740.104004 2.776976 13
-57.283581 -740.080383 43.305466 13
-52.843052 -743.863586 51.279041 13
-46.027821 -740.222351 23.237776 13
-48.669147 -739.755676 35.339844 13
-50.958324 -744.585266 33.109772 13
-53.852230 -739.631592 37.721306 13
-46.641697 -740.037781 25.631472 13
-46.947403 -741.134583 25.839062 13
-51.253925 -741.239258 31.005880 13
-51.382671 -741.828796 46.752792 13
-48.491840 -742.479675 40.561985 13
-53.409737 -736.295349 48.996162 13
-52.243366 -744.019409 49.437038 13
-45.657696 -737.549072 33.758106 13
-47.439812 -741.257385 30.892591 13
-48.120865 -741.966858 35.034618 13
-57.845280 -739.254272 45.407600 13
-49.759590 -743.656494 45.905544 13
-55.493549 -739.825562 39.847420 13
-48.666340 -737.129150 39.780746 13
-46.028133 -739.395447 5.554874 13
-50.407757 -745.020752 33.719856 13
-51.293648 -735.762634 48.301540 13
-53.867470 -736.630005 46.385067 13
-45.952736 -741.612427 20.626541 13
-48.325989 -740.466797 41.885857 13
-46.698895 -739.076965 22.256069 13
-55.862640 -737.217590 46.204384 13
-48.255245 -744.030151 29.066509 13
-51.970497 -745.481934 35.931725 13
-44.561520 -740.584473 1.620146 13
-49.418289 -739.187195 28.266108 13
-49.756779 -744.661438 32.120422 13
-53.442848 -741.911987 34.924717 13
-52.349815 -743.941589 34.187122 13
-55.536438 -742.962219 39.232861 13
-46.647053 -740.884399 18.426022 13
-51.080719 -740.575806 31.193087 13
-52.843060 -743.709961 34.737663 13
-48.731785 -742.389221 39.504402 13
-45.737209 -738.949585 6.300242 13
-56.204021 -738.677979 42.570911 13
-44.590611 -739.495300 17.306440 13
-48.729717 -735.849060 44.174248 13
-43.742638 -739.019897 6.320557 13
-51.122421 -736.657471 44.588741 13
-49.923203 -742.646240 38.042446 13
-58.818451 -740.105103 46.747574 13
-47.286530 -739.760376 29.631241 13
-46.921444 -737.735535 29.326004 13
-48.245625 -740.943665 43.446392 13
-47.552979 -737.466736 32.927982 13
-44.285332 -738.194397 31.706318 13
-51.432499 -744.685608 33.974796 13
-50.622631 -737.425171 39.881828 13
-50.602966 -742.895752 29.414227 13
-45.018768 -738.048584 29.272436 13
-51.509426 -742.389648 31.031111 13
-53.229836 -737.869873 40.934765 13
-55.950420 -742.239014 39.896294 13
-57.862640 -742.763977 42.992676 13
-56.307945 -742.945923 40.723999 13
-51.652534 -739.365845 33.673584 13
-53.585560 -740.604065 35.880341 13
-44.183529 -739.921143 12.162990 13
-46.067043 -739.666321 7.520598 13
-46.229469 -736.345093 38.679840 13
-51.337582 -738.504883 35.917912 13
-45.914398 -737.041016 37.068665 13
-43.450039 -738.001831 1.360157 13
-45.880253 -736.655273 37.614182 13
-47.485905 -737.467041 34.030594 13
-47.973984 -741.791931 23.324282 13
-50.108837 -741.301636 43.843296 13
-49.231548 -743.338074 27.973776 13
-44.320789 -740.380127 11.069509 13
-53.467327 -744.507996 37.203545 13
-48.098812 -739.265137 21.465279 13
-53.230633 -744.129150 36.168308 13
-53.824596 -737.784607 41.842323 13
-52.212574 -741.617432 32.589863 13
-49.801765 -743.646973 29.301521 13
-55.789658 -738.221619 43.552731 13
-53.925846 -741.725037 35.949192 13
-48.477669 -739.545837 20.746977 13
-48.667366 -738.273804 30.181810 13
-52.000011 -736.773743 44.453751 13
-48.933487 -742.798584 25.906326 13
-45.396671 -737.851013 31.119850 13
-44.238186 -740.415466 0.699877 13
-48.342396 -741.445068 41.129852 13
-46.979401 -739.329590 14.666429 13
-45.519310 -740.515930 7.507040 13
-44.065430 -738.229431 2.698610 13
-47.597351 -741.086121 35.238121 13
-49.627117 -737.114075 40.459766 13
-58.392403 -742.494934 43.980556 13
-57.224308 -739.217468 44.082180 13
-46.557198 -736.232910 39.447239 13
-47.118832 -736.656250 40.311901 13
-44.356514 -737.903687 4.853789 13
-45.899670 -741.894958 24.894039 13
-48.706127 -740.152466 22.918011 13
-45.974049 -740.701660 8.818025 13
-56.834740 -737.522095 49.087475 13
-48.997478 -736.523560 42.618050 13
-44.596344 -739.765259 24.815619 13
-44.922321 -737.866577 10.523684 13
-57.033955 -737.458130 47.977314 13
-46.003281 -742.273743 24.388268 13
-49.171307 -738.248047 31.741169 13
-50.220016 -743.816833 46.509033 13
-49.193195 -744.863586 32.155479 13
-49.893883 -740.128540 28.002785 13
-50.353271 -738.510376 34.238945 13
-55.560993 -741.840637 39.376072 13
-46.860260 -739.781250 14.191454 13
-51.676983 -737.737488 39.554230 13
-52.592777 -745.494690 36.619591 13
-48.925838 -739.726868 39.089279 13
-50.836170 -738.856567 33.327160 13
-45.864239 -740.639709 7.061890 13
-43.908340 -738.283813 30.723402 13
-54.901974 -740.249939 38.372944 13
-51.732349 -738.397095 36.977905 13
-48.063293 -736.946594 39.791862 13
-48.920502 -742.574585 42.210339 13
-45.690418 -741.592712 23.728823 13
-43.167221 -738.849426 1.922253 13
-46.424278 -741.082458 23.872824 13
-58.197952 -738.575134 47.542202 13
-44.690250 -738.411926 28.297680 13
-47.607243 -739.914001 18.009188 13
-45.389977 -740.855469 16.746387 13
-50.446545 -737.768066 38.090893 13
-48.806427 -737.678284 34.131756 13
-45.508125 -738.396240 12.886767 13
-46.418091 -742.767639 27.816998 13
-50.102169 -743.187134 42.877293 13
-45.852242 -740.438110 12.959044 13
-48.231255 -739.815552 33.647739 13
-45.941853 -740.784851 11.662210 13
-48.725479 -742.220398 35.668018 13
-53.718586 -737.348083 43.232449 13
-45.653625 -737.658203 30.326319 13
-44.323994 -739.635315 24.295076 13
-43.829556 -740.329712 5.033034 13
-46.104820 -739.616089 8.795282 13
-50.020096 -740.514038 42.642586 13
-44.424213 -739.438416 26.166950 13
-51.768238 -742.050110 31.642406 13
-44.720501 -740.034973 16.385950 13
-46.858273 -743.426086 28.038614 13
-48.047729 -738.913208 24.168566 13
-47.615482 -737.408997 35.807384 13
-59.231880 -738.788330 49.891678 13
-49.535282 -742.047424 36.260117 13
-58.080383 -740.115234 44.702690 13
-52.220333 -737.477356 41.152100 13
-51.395317 -738.742615 34.883999 13
-47.344788 -736.162231 41.305298 13
-48.129894 -741.852356 33.377449 13
-52.401031 -743.990967 50.940632 13
-52.975300 -743.471008 50.112152 13
-45.066235 -740.644836 14.234975 13
-43.526936 -739.812134 2.171684 13
-47.886070 -744.081909 30.670485 13
-46.206745 -740.241882 9.190648 13
-45.423820 -740.471191 8.213502 13
-57.068134 -742.524963 41.782928 13
-58.695648 -738.416199 49.108574 13
-56.514969 -739.358459 42.301426 13
-59.295578 -740.047424 48.524727 13
-44.622040 -739.606201 21.363838 13
-54.308315 -743.018921 37.155304 13
-44.515926 -737.275879 34.051235 13
-47.187225 -741.143982 27.890224 13
-43.811134 -738.641602 28.675835 13
-49.594433 -739.621826 26.845486 13
-46.922489 -740.009338 15.307402 13
-51.040478 -745.038452 34.528526 13
-48.282211 -740.766174 40.222233 13
-46.339115 -743.014160 27.015661 13
-54.478542 -736.517639 50.010490 13
-50.349827 -740.453186 29.491449 13
-44.777119 -740.658691 3.267358 13
-44.286682 -739.066345 16.336782 13
-51.056103 -739.803406 31.891590 13
-50.037712 -738.105225 35.200222 13
-45.065838 -738.155701 12.379875 13
-52.956234 -744.087463 50.322163 13
-58.865456 -741.658813 45.561337 13
-48.973602 -739.658875 38.016617 13
-56.571712 -736.742065 49.432133 13
-44.401638 -738.922241 26.557940 13
-54.099163 -738.754944 39.698746 13
-48.564110 -742.127258 43.674297 13
-47.752277 -741.585938 32.591099 13
-49.254772 -738.577576 30.448750 13
-46.720127 -738.745789 17.842674 13
-44.891850 -740.896057 15.353614 13
-51.052246 -745.545288 34.862988 13
-50.019527 -742.397156 38.787331 13
-51.389435 -737.283020 41.075050 13
-44.080963 -739.351746 27.324291 13
-49.991001 -743.345459 43.960655 13
-51.873344 -737.086853 42.462059 13
-51.270199 -741.805481 30.710340 13
-49.395611 -735.442688 44.859516 13
-44.525112 -738.313721 12.228541 13
-52.452595 -737.274780 42.633083 13
-45.316395 -738.660461 15.970212 13
-57.239384 -741.927734 42.428963 13
-48.253078 -740.301025 37.417011 13
-48.110558 -741.758179 38.166843 13
-48.775597 -742.420349 41.142586 13
-46.014950 -738.652527 16.266565 13
-56.937401 -740.381042 42.239578 13
-57.355347 -743.588684 41.907738 13
-56.479534 -743.969421 40.951431 13
-44.854416 -740.234558 19.054377 13
-48.806969 -739.775818 37.198921 13
-52.317093 -744.302612 50.384647 13
-43.968185 -738.174377 1.815904 13
-43.720631 -738.682678 3.162053 13
-46.383537 -738.636780 21.584209 13
-43.756992 -738.868896 10.497604 13
-45.192055 -738.086792 30.096100 13
-54.163998 -740.013916 37.505814 13
-44.050518 -738.740540 29.715696 13
-47.959816 -741.664978 37.108742 13
-44.779873 -740.638123 5.001686 13
-44.680496 -740.732056 8.307571 13
-46.499386 -742.358521 23.470196 13
-46.085114 -738.653625 15.135190 13
-49.251690 -739.829407 25.188435 13
-47.501301 -740.963379 34.705643 13
-53.797577 -737.942383 41.243382 13
-48.499546 -741.277710 24.197941 13
-52.531582 -738.046570 39.721706 13
-52.077103 -736.637146 45.198517 13
-47.385826 -741.310974 29.853958 13
-54.926571 -736.256165 49.704536 13
-45.489132 -737.327271 36.134457 13
-54.715046 -738.184692 41.903603 13
-48.627934 -740.045654 39.844837 13
-51.872253 -741.789368 45.990299 13
-44.453777 -740.445007 10.152795 13
-50.380920 -738.153809 36.000336 13
-47.521152 -739.346008 29.028112 13
-51.847656 -743.320679 46.694904 13
-46.498283 -738.086853 26.387449 13
-52.533504 -742.574890 33.148212 13
-46.081841 -739.302368 4.333114 13
-44.109871 -739.048096 14.935852 13
-48.112160 -740.011841 20.160095 13
-47.110847 -737.625366 30.421122 13
-45.285446 -738.521423 23.514549 13
-59.015358 -739.883057 47.621948 13
-49.596340 -744.925354 33.677353 13
-59.008606 -739.218079 48.402744 13
-57.339676 -738.003967 47.039734 13
-47.135662 -738.235962 26.497515 13
-50.332726 -742.343201 28.768520 13
-46.476528 -742.627625 25.324665 13
-48.250088 -741.704285 31.434813 13
-46.661640 -737.351685 35.859066 13
-46.464951 -738.565247 22.662449 13
-45.458740 -737.462952 34.551819 13
-56.818230 -742.151245 41.421867 13
-46.961906 -740.223938 30.399696 13
-44.590359 -739.089844 25.163914 13
-53.076897 -742.707397 34.338196 13
-52.545734 -737.843872 40.319447 13
-50.963726 -745.179688 35.271332 13
-50.879601 -736.891296 42.856873 13
-45.143520 -738.092712 8.725110 13
-49.698261 -744.519836 31.237070 13
-49.577312 -741.795959 35.736553 13
-47.154964 -740.604919 18.373941 13
-47.608643 -741.635132 29.078695 13
-49.220806 -743.345337 46.595997 13
-44.480324 -740.308655 15.018788 13
-45.135952 -740.478455 2.000408 13
-49.440548 -743.208496 47.579189 13
-45.566589 -740.140381 4.605667 13
-58.023331 -741.916260 43.715672 13
-46.366695 -737.760864 28.755533 13
-48.441971 -737.187439 38.753422 13
-50.892735 -741.885925 40.651157 13
-51.006695 -742.991089 30.520624 13
-45.554733 -741.141357 20.253138 13
-48.337204 -737.320618 37.842945 13
-45.869698 -740.572021 12.330010 13
-43.821533 -739.133301 7.014218 13
-50.960178 -743.096130 43.534477 13
-48.699947 -742.733887 46.014755 13
-52.515255 -744.515930 35.445427 13
-44.148781 -738.693481 30.256939 13
-48.277599 -737.422913 36.702850 13
-46.308075 -740.265747 23.868864 13
-47.801968 -743.718750 28.032009 13
-44.910374 -738.573181 25.966496 13
-47.306267 -737.575928 31.321007 13
-48.014408 -740.668091 21.499392 13
-48.174801 -740.185242 36.395367 13
-45.483818 -741.011719 18.510458 13
-44.728210 -737.640564 33.147179 13
-44.587910 -738.034424 1.733783 13
-49.689541 -744.280090 30.493187 13
-45.763149 -741.582153 23.128613 13
-55.747623 -739.623718 40.391392 13
-45.104954 -738.130066 11.632525 13
-44.072987 -738.792480 8.396103 13
-53.440414 -739.762268 36.691933 13
-52.439449 -735.820923 48.790855 13
-46.790600 -739.332275 11.538275 13
-55.820278 -736.628845 48.199951 13
-54.853176 -740.890198 37.656460 13
-47.850430 -743.021484 25.887270 13
-46.059708 -740.169373 2.614234 13
-47.300892 -737.530090 32.071712 13
-58.655018 -737.982666 49.469551 13
-59.374683 -739.385559 49.857208 13
-47.153446 -740.348999 17.304056 13
-53.788704 -743.162415 36.166302 13
-56.773792 -739.779602 42.508266 13
-44.799351 -739.164124 22.303158 13
-50.686817 -737.344543 40.414284 13
-51.517334 -737.101379 42.028183 13
-54.119705 -741.640442 36.441788 13
-46.865154 -741.476379 20.834951 13
-48.774220 -744.620850 31.237600 13
-51.908138 -740.687134 32.975891 13
-50.665260 -743.546570 29.957373 13
-47.630016 -743.864502 28.819752 13
-45.388615 -740.233948 1.555709 13
-44.029564 -738.735962 7.835487 13
-47.506233 -741.088074 33.647854 13
-47.433056 -739.889526 31.276302 13
-52.680141 -736.685120 45.285664 13
-48.325184 -742.989563 26.167221 13
-45.225765 -738.299011 4.989142 13
-57.414631 -740.817139 43.092361 13
-51.686996 -737.553345 40.238361 13
-45.359009 -740.278809 4.135146 13
-45.118462 -738.180725 7.352232 13
-50.401608 -739.775208 29.754137 13
-47.597652 -738.236938 27.842169 13
-53.226414 -737.582458 41.994942 13
-50.437775 -738.362732 34.861938 13
-44.235962 -739.021790 11.839523 13
-43.527359 -738.751160 7.420063 13
-48.337334 -740.348267 38.249264 13
-58.714287 -740.823059 45.805634 13
-58.506763 -741.724915 44.630470 13
-49.736492 -739.570007 27.682844 13
-45.873032 -738.286560 22.804888 13
-50.034916 -741.805115 28.186430 13
-46.047688 -738.573425 21.073519 13
-45.804523 -740.543945 3.569415 13
-55.740936 -740.338196 39.697952 13
-44.394455 -740.952087 13.874171 13
-57.549488 -742.858643 42.575367 13
-50.425941 -736.397095 44.670891 13
-43.480560 -739.770081 3.364965 13
-51.613213 -741.416077 31.574913 13
-46.300411 -737.747864 27.982700 13
-57.323002 -742.492126 42.251713 13
-46.697193 -736.762878 38.881397 13
-56.249123 -737.357849 46.752239 13
-53.501587 -743.307434 35.686390 13
-44.734062 -740.716980 11.075548 13
-45.629398 -738.298218 24.396198 13
-50.741882 -743.634888 45.503067 13
-45.236790 -740.571411 19.428705 13
-50.807320 -735.627075 47.534988 13
-43.839127 -738.158081 1.037992 13
-55.443989 -736.716858 47.127922 13
-44.030361 -738.900452 14.220067 13
-52.237789 -743.199707 47.614101 13
-48.840019 -741.784607 25.367313 13
-52.312046 -736.230347 47.244148 13
-58.326939 -740.201050 45.295326 13
-49.168549 -742.420898 37.266838 13
-44.620956 -737.930603 11.524537 13
-50.579575 -743.065857 41.894096 13
-48.872707 -737.453979 37.159412 13
-46.210091 -738.636414 20.531931 13
-48.934277 -741.619690 25.919395 13
-52.798431 -738.476257 38.224957 13
-46.715622 -740.912598 25.410557 13
-57.567974 -737.890198 47.591660 13
-44.782982 -738.521667 15.056831 13
-49.782108 -742.029297 36.759045 13
-43.744663 -738.967407 4.337359 13
-46.488602 -739.293152 10.500737 13
-43.364441 -738.680786 5.216926 13
-48.293926 -741.804688 32.392406 13
-49.149002 -742.827087 41.546097 13
-45.773674 -739.694702 1.882163 13
-53.957016 -740.281494 36.841789 13
-47.201542 -738.388306 25.598526 13
-55.923157 -743.213806 40.209759 13
-47.632328 -741.564880 31.629799 13
-44.822342 -737.785034 33.640816 13
-44.401611 -738.226074 9.103395 13
-49.316040 -737.795776 35.568588 13
-49.845943 -741.171509 27.700838 13
-58.613800 -740.076721 46.242485 13
-51.307590 -743.822327 47.070114 13
-52.020813 -742.373047 45.289570 13
-50.311729 -738.793640 32.525490 13
-58.135441 -739.259155 46.416039 13
-44.343941 -738.188965 7.507592 13
-45.809090 -739.911255 3.230999 13
-55.220047 -736.525513 47.856812 13
-48.146236 -742.148071 38.730087 13
-47.821827 -740.227722 34.745247 13
-48.005432 -738.658447 26.158617 13
-50.163181 -743.377258 28.874754 13
-44.882175 -739.168213 21.404688 13
-45.949753 -740.739929 9.719056 13
-56.902878 -739.148254 43.362495 13
-55.113815 -737.559998 44.121464 13
-43.794010 -739.673035 7.234595 13
-48.828178 -738.137268 31.271414 13
-46.034527 -738.628357 13.795607 13
-43.409184 -738.697388 4.014068 13
-57.772255 -739.707764 44.608807 13
-54.126007 -736.114197 49.734848 13
-44.241493 -737.846130 32.440460 13
-47.463799 -740.766052 19.920044 13
-47.680733 -741.783936 33.141541 13
-48.435104 -739.797424 34.464985 13
-51.012600 -742.433411 30.039400 13
-43.714073 -739.903931 6.299911 13
-47.450542 -739.722961 30.779566 13
-48.167797 -742.531982 25.047958 13
-44.795120 -738.041016 13.447139 13
-46.562714 -742.598328 24.511070 13
-47.468674 -740.142029 32.428566 13
-48.389446 -740.937805 41.028202 13
-50.847279 -739.158020 32.001179 13
-45.830276 -737.627441 29.419569 13
-54.612118 -736.587830 46.738457 13
-44.105515 -738.860840 9.461366 13
-46.931046 -743.194519 28.750048 13
-55.189816 -740.161011 38.833981 13
-54.353027 -736.770691 45.728687 13
-47.270168 -741.699341 22.125004 13
-48.607803 -743.115845 26.733906 13
-55.734615 -741.364929 39.534527 13
-51.644787 -741.607605 45.004578 13
-43.500034 -740.084656 0.366149 13
-58.861977 -742.420593 45.318874 13
-53.399250 -736.346497 47.803097 13
-50.938335 -736.751770 43.823326 13
-44.919426 -738.098999 2.537697 13
-48.213684 -739.533508 19.231606 13
-46.269871 -738.264038 24.981617 13
-47.082638 -738.758484 21.419960 13
-47.064014 -739.741516 13.652447 13
-52.664654 -736.934265 44.252014 13
-49.387672 -743.024597 27.492785 13
-51.932941 -736.410339 46.014061 13
-56.257816 -739.602173 41.452335 13
-58.628910 -742.304016 44.486118 13
-47.962772 -739.320068 20.071123 13
-52.684696 -739.372803 36.085484 13
-44.661057 -740.662170 4.138607 13
-52.227566 -744.752136 50.641312 13
-54.526436 -743.301514 37.825275 13
-45.690575 -741.795959 22.193840 13
-47.714703 -742.390991 24.154032 13
-51.413219 -742.603882 43.690220 13
-58.537636 -738.513489 48.495049 13
-54.139744 -742.483154 36.718895 13
-46.825752 -737.337646 32.120831 13
-54.528870 -736.351807 48.949852 13
-48.881130 -739.630676 22.601395 13
-46.628086 -739.800049 26.634123 13
-48.001293 -741.581848 29.948954 13
-43.246620 -738.869812 3.305741 13
-43.971405 -739.262329 26.320414 13
-48.751968 -738.733582 28.349970 13
-44.817635 -740.779602 10.285924 13
-53.275139 -738.391846 39.103954 13
-44.267632 -740.722595 15.799291 13
-54.545918 -741.769897 37.212612 13
-48.041775 -738.020630 29.749510 13
-48.515236 -742.305603 42.648647 13
-56.226635 -737.003967 47.686249 13
-51.309071 -739.956482 32.330326 13
-46.789017 -740.991089 19.206715 13
-48.799042 -742.062317 34.557648 13
-48.195999 -742.115173 37.830879 13
-46.087059 -740.109619 8.291429 13
-48.814896 -742.368652 37.882656 13
-45.209808 -737.754395 32.039867 13
-47.776150 -742.019104 22.908825 13
-48.066586 -739.529419 31.564293 13
-50.541416 -741.211182 38.295677 13
-51.215363 -741.706116 41.660465 13
-54.479034 -736.456543 47.319756 13
-45.509705 -738.680481 15.384805 13
-54.170784 -743.994019 37.760399 13
-52.201527 -742.560669 32.510971 13
-47.613819 -741.056213 21.484478 13
-46.109917 -741.131714 18.774633 13
-45.971130 -738.627930 12.791209 13
-49.245678 -745.243042 32.622181 13
-46.932510 -738.628052 22.480680 13
-43.447567 -739.332031 5.518052 13
-47.846745 -743.485107 27.217262 13
-50.347424 -739.063599 31.462063 13
-44.762856 -739.080444 23.923080 13
-46.961205 -739.099670 15.330300 13
-48.503712 -737.541077 36.181675 13
-48.619129 -742.682678 25.226973 13
-59.414883 -741.670776 46.206654 13
-51.334000 -741.659912 45.503326 13
-50.805984 -742.590698 41.774616 13
-51.610615 -743.469116 46.152233 13
-44.900066 -740.607849 0.389487 13
-47.355198 -740.956116 32.723637 13
-55.851135 -737.896729 44.444614 13
-51.020653 -738.109009 37.379318 13
-56.437439 -738.518372 43.886074 13
-58.580486 -739.228027 46.848450 13
-48.373829 -742.183289 41.439037 13
-55.750931 -737.589600 45.015282 13
-45.082005 -739.027893 16.844017 13
-44.738178 -737.873840 8.349041 13
-48.554237 -744.460815 30.835920 13
-52.807346 -742.998169 34.042240 13
-43.883137 -739.236816 7.940513 13
-48.378807 -742.354431 35.233986 13
-48.922672 -739.542297 24.270069 13
-53.920048 -736.856689 45.288223 13
-51.341015 -744.062073 48.000137 13
-44.994564 -740.475891 21.783098 13
-50.637081 -738.034302 36.747948 13
-50.729801 -744.807007 32.718815 13
-47.184978 -737.982483 28.325163 13
-44.610428 -739.279419 15.721210 13
-46.407829 -737.545044 31.922977 13
-51.574890 -735.825684 47.882015 13
-46.581730 -737.470947 29.662609 13
-47.526394 -739.273987 18.155041 13
-49.974522 -736.836609 42.393276 13
-51.841175 -744.081909 47.969475 13
-46.211170 -736.888306 38.035938 13
-46.181961 -738.961670 11.085731 13
-45.515888 -741.175781 22.233677 13
-52.694187 -735.481140 49.318081 13
-46.846600 -737.990173 27.442684 13
-55.036045 -741.366028 37.967899 13
-55.408321 -737.116028 45.575634 13
-44.164448 -738.060913 3.721477 13
-46.825142 -740.749268 27.053822 13
-53.262257 -738.246277 39.598797 13
-46.465794 -738.955750 12.854597 13
-44.466702 -738.295410 11.135457 13
-55.328411 -738.944458 41.045845 13
-48.559170 -741.103271 43.869682 13
-57.466133 -739.952698 43.759014 13
-43.750629 -740.356934 3.925949 13
-44.691902 -739.815735 19.909836 13
-48.164425 -737.759583 31.938730 13
-50.164955 -739.170593 30.541649 13
-43.913090 -740.411682 1.700366 13
-59.139454 -740.753052 47.563881 13
-47.262375 -741.087280 30.323929 13
-48.765572 -740.389526 23.811316 13
-50.113789 -741.158936 44.395012 13
-44.536354 -739.333923 20.245359 13
-49.869301 -742.715881 39.662872 13
-51.257236 -736.457886 45.289005 13
-47.174820 -739.721802 28.255108 13
-53.030209 -741.949524 34.044395 13
-47.681229 -740.906555 36.453339 13
-53.697105 -743.508606 36.547832 13
-45.827770 -738.329956 23.344181 13
-46.798710 -737.100708 37.466492 13
-47.713745 -740.192078 33.887650 13
-46.442711 -740.643982 24.150021 13
-45.310032 -740.294312 0.149441 13
-47.430435 -739.987732 17.491510 13
-58.981167 -738.724792 49.374058 13
-51.438339 -744.452209 49.730480 13
-58.028297 -742.956421 43.438831 13
-51.829556 -744.054810 48.915936 13
-48.582050 -743.805847 28.393114 13
-44.231300 -740.221008 7.489497 13
-44.531231 -737.824463 5.814050 13
-47.967953 -741.255493 22.372305 13
-44.347084 -739.365417 25.490662 13
-46.764458 -740.335510 16.041975 13
-48.326012 -739.352783 22.043211 13
-48.309753 -741.737366 40.496731 13
-51.755077 -738.174927 37.947456 13
-49.389965 -743.349182 45.805035 13
-43.990791 -738.675232 6.715542 13
-45.309471 -740.637756 11.049247 13
-54.648384 -738.418213 41.465469 13
-47.531425 -740.762512 35.630932 13
-48.815872 -743.061707 46.578262 13
-46.580601 -739.958252 13.751060 13
-43.462685 -738.669739 6.136452 13
-50.731972 -737.233643 41.492577 13
-48.277672 -742.111633 36.100349 13
-48.371414 -739.886719 21.333973 13
-54.206436 -745.200378 38.480160 13
-43.657654 -740.286072 2.198075 13
-56.386147 -741.159119 40.958931 13
-45.193748 -740.623535 12.581512 13
-57.592819 -743.354858 42.312977 13
-44.620678 -740.564819 7.599627 13
-52.573360 -742.617859 48.238186 13
-45.019421 -740.445068 18.509796 13
-53.635750 -739.235718 37.965141 13
-47.348919 -742.830322 25.074408 13
-51.652168 -742.591064 44.672417 13
-57.270584 -737.312988 48.976322 13
-44.394371 -739.354797 13.826715 13
-52.071194 -740.199890 33.857788 13
-49.152809 -742.428101 26.267187 13
-54.102802 -743.411377 36.940781 13
-45.395401 -737.681641 32.815102 13
-49.422337 -741.290649 26.659746 13
-48.557919 -740.917114 23.667791 13
-51.008045 -742.755554 42.783707 13
-46.906731 -741.165405 24.843733 13
-49.346703 -737.280334 39.375004 13
-47.856590 -742.566650 24.666666 13
-45.485134 -740.656555 15.749981 13
-55.630741 -740.891907 39.189442 13
-44.849621 -739.372375 17.698370 13
-46.281208 -738.445923 23.646782 13
-51.085354 -741.938660 30.243168 13
-46.777187 -740.038086 29.114061 13
-45.967579 -742.025024 25.377344 13
-50.257347 -735.362793 46.280228 13
-51.344177 -743.929932 32.324558 13
-44.187252 -740.260376 4.321305 13
-44.989700 -737.917358 10.040980 13
-45.460945 -741.012085 21.367514 13
-47.888405 -737.357605 37.041061 13
-53.442947 -737.170227 43.642952 13
-58.705353 -741.183289 45.488762 13
-45.754955 -738.080505 25.763731 13
-48.745182 -739.492249 23.775595 13
-50.197155 -736.570374 43.828671 13
-59.231297 -740.177856 49.004280 13
-47.782314 -739.444519 16.813866 13
-45.340405 -740.467407 20.886803 13
-48.762150 -740.117310 23.415054 13
-53.388409 -739.504395 37.102840 13
-46.685745 -740.808044 17.393631 13
-46.231377 -741.440247 19.964504 13
-48.447594 -736.287415 43.232677 13
-52.314869 -739.903503 34.416634 13
-49.982349 -736.641235 43.112751 13
-43.169315 -739.403748 0.548734 13
-59.533207 -740.768188 48.208244 13
-51.984207 -738.160278 38.696728 13
-44.227921 -740.657715 2.612915 13
-52.006016 -735.368347 48.680153 13
-45.177288 -740.431091 19.904961 13
-45.943565 -740.062805 11.073729 13
-53.742893 -736.319824 48.153149 13
-48.504154 -742.311584 42.123951 13
-58.417625 -741.073608 44.746532 13
-48.144577 -737.566284 33.595737 13
-49.416336 -742.702881 39.986332 13
-48.633537 -741.884705 24.775547 13
-47.347073 -740.515076 18.830669 13
-44.752224 -740.666809 14.784454 13
-58.214142 -738.208191 48.238464 13
-50.577667 -735.783813 47.100945 13
-50.291672 -738.537476 33.686951 13
-50.300735 -743.218750 43.313206 13
-44.479816 -739.230530 23.342785 13
-44.348671 -740.123535 13.242831 13
-53.513584 -737.405212 42.784771 13
-51.791271 -739.369507 34.260323 13
-46.596729 -740.178711 14.987266 13
-46.001072 -739.998047 6.147613 13
-46.367462 -741.932617 21.589142 13
-43.826546 -738.519165 3.614196 13
-47.391720 -740.744385 33.322380 13
-48.993374 -739.061829 27.280861 13
-45.553196 -740.496033 13.510201 13
-45.826504 -740.173950 9.469403 13
-45.171066 -738.290588 26.381737 13
-53.941349 -742.622803 36.292507 13
-45.154137 -738.354065 3.618419 13
-48.576225 -744.294189 29.945803 13
-48.274464 -739.729614 33.173992 13
-49.564362 -745.208618 33.028400 13
-47.455414 -739.037964 19.852383 13
-43.543167 -739.026550 1.495316 13
-54.668896 -739.467896 39.048618 13
-50.493340 -744.007568 47.605881 13
-49.215813 -743.067810 45.190670 13
-53.705780 -744.097351 37.300102 13
-44.376896 -739.834106 13.918315 13
-53.158047 -744.078308 35.657734 13
-49.389488 -743.182556 43.733448 13
-55.161667 -738.053589 42.936840 13
-55.258987 -742.527832 38.884735 13
-51.136860 -739.017761 33.670967 13
-45.490040 -740.449097 8.941905 13
-53.460873 -736.584717 46.098019 13
-57.800625 -737.781128 49.299149 13
-45.661484 -738.572815 19.749260 13
-51.852306 -742.827209 45.610046 13
-44.063587 -739.169128 28.094069 13
-50.963058 -737.622192 39.307198 13
-48.898926 -736.134155 43.651783 13
-46.701866 -739.833191 27.312706 13
-44.381687 -738.407410 29.407642 13
-58.798908 -739.451721 47.590652 13
-56.121983 -737.499451 45.839245 13
-49.688515 -735.735840 45.729465 13
-49.286434 -742.593018 26.712873 13
-44.043282 -739.786621 10.505341 13
-51.392006 -741.865906 42.551521 13
-45.780563 -740.599243 14.673130 13
-49.746841 -742.659241 39.065319 13
-55.118088 -739.819214 39.160633 13
-44.872665 -740.203491 18.070618 13
-46.795284 -740.876526 26.221851 13
-50.765915 -741.430115 39.757694 13
-44.356915 -740.360779 8.487711 13
-52.254433 -740.927612 33.219383 13
-58.271568 -743.409668 42.926941 13
-44.339329 -738.668457 27.750319 13
-49.729626 -736.999390 41.477615 13
-57.544083 -739.593445 44.199860 13
-49.865524 -743.469604 44.966660 13
-48.536137 -741.903687 33.076061 13
-54.246021 -741.158936 36.468899 13
-47.378780 -737.422729 34.939514 13
-53.045692 -735.362183 49.683876 13
-52.222984 -743.340149 33.269745 13
-57.730263 -741.034119 43.369881 13
-53.608311 -736.452087 46.906494 13
-46.204605 -739.987183 12.160429 13
-43.760788 -738.720276 4.765364 13
-48.713116 -742.461609 43.251469 13
-46.737545 -739.025391 14.380522 13
-44.567265 -737.852173 31.396719 13
-45.419411 -738.817871 18.956121 13
-52.462669 -739.008850 36.388248 13
-47.673054 -740.787964 20.698669 13
-50.388592 -736.150635 45.167648 13
-50.502972 -743.531372 44.825020 13
-47.761864 -740.171631 19.380239 13
-47.423103 -741.628052 28.472406 13
-45.577919 -740.476318 10.650485 13
-46.898266 -742.870422 25.475245 13
-44.393345 -738.191589 8.631690 13
-46.683159 -737.398987 30.221359 13
-45.504349 -737.728821 31.581577 13
-47.504410 -739.902649 16.648006 13
-46.531696 -738.744446 18.667019 13
-45.217896 -738.843933 20.740274 13
-45.475723 -740.985962 19.284117 13
-56.742046 -737.383118 47.615608 13
-49.959557 -737.878540 36.902191 13
-53.470047 -744.076477 36.568890 13
-46.656017 -738.686523 20.060461 13
-45.386917 -740.372131 6.033303 13
-57.469398 -737.639832 48.098339 13
-48.934525 -742.547852 40.717957 13
-51.069290 -743.974121 31.915453 13
-52.253719 -737.630310 40.623314 13
-51.805500 -738.945557 35.117180 13
-59.655758 -739.632324 49.218903 13
-47.048584 -743.327087 27.240187 13
-48.448853 -739.022522 25.369545 13
-45.569962 -738.668335 1.868359 13
-45.470387 -738.335266 10.722586 13
-45.190659 -740.441101 1.111896 13
-53.310791 -738.049377 40.484753 13
-43.971222 -739.193298 9.134720 13
-49.147156 -740.781372 25.584200 13
-44.207573 -738.212585 4.481375 13
-49.669430 -740.635193 27.305910 13
-48.026344 -743.124634 25.459961 13
-47.314713 -740.958191 31.931673 13
-45.433147 -741.069458 11.849890 13
-44.727146 -740.657349 5.477334 13
-51.251820 -743.715454 46.345680 13
-56.114887 -741.864319 40.335876 13
-50.150295 -744.758667 32.704472 13
-56.534008 -736.458496 49.055901 13
-52.907238 -736.121460 48.606022 13
-57.910332 -738.204895 47.673874 13
-46.881233 -737.547180 31.150425 13
-49.712364 -743.548401 28.842188 13
-48.363605 -741.782043 44.515362 13
-57.647007 -739.451294 44.988899 13
-46.814487 -737.369324 35.151043 13
-52.256130 -742.156494 47.618649 13
-46.423519 -740.132263 24.864027 13
-46.989346 -742.621216 24.249020 13
-59.154945 -741.280823 47.485123 13
-48.256542 -742.256348 39.727276 13
-51.883171 -743.660950 47.722660 13
-50.751514 -742.430237 41.104401 13
-48.857391 -737.991760 32.169228 13
-44.427956 -740.400635 9.647271 13
-57.916004 -743.766479 42.532722 13
-44.865078 -738.807129 15.751390 13
-48.101002 -738.244141 28.625795 13
-47.511673 -738.858276 22.075741 13
-47.169125 -738.559204 23.979197 13
-44.735291 -739.704712 20.856701 13
-45.033825 -738.404358 14.251086 13
-49.291233 -736.400635 43.543011 13
-53.569252 -745.128235 37.918045 13
-51.254501 -738.897705 34.444683 13
-44.294468 -738.345642 29.866486 13
-49.550034 -738.704651 30.868452 13
-47.645580 -737.770203 30.409258 13
-44.281109 -740.326172 6.834981 13
-49.850109 -740.786316 43.379345 13
-52.369431 -736.102478 47.889927 13
-43.867962 -739.126038 26.960905 13
-47.136200 -739.150085 16.295549 13
-54.890774 -736.408569 48.599178 13
-49.933777 -744.959290 33.117134 13
-49.867073 -735.836792 45.230476 13
-52.877880 -736.186340 48.042007 13
-51.134674 -735.317078 47.437668 13
-48.138721 -744.126221 29.510078 13
-50.215416 -740.572937 29.057133 13
-44.284203 -740.279846 6.357283 13
-50.822216 -743.764221 46.138050 13
-50.579460 -743.091431 42.352543 13
-47.672211 -738.580444 25.628696 13
-44.131714 -739.192322 11.416820 13
-56.059299 -740.409241 40.496727 13
-44.393494 -738.945740 13.371256 13
-45.985275 -740.088928 10.201015 13
-45.603954 -740.437195 11.405023 13
-54.483234 -736.273743 49.500496 13
-45.510807 -736.868042 36.165257 13
-55.384407 -736.489868 49.484661 13
-50.069344 -739.956604 28.648443 13
-48.121479 -741.300476 39.151310 13
-52.401154 -744.772034 35.825565 13
-45.039185 -740.813721 11.801547 13
-46.070683 -738.516113 18.057941 13
-56.119568 -736.653748 49.175766 13
-46.252834 -737.640686 30.595009 13
-46.849319 -738.420105 24.587990 13
-44.369946 -738.115051 6.137806 13
-45.444809 -740.395996 6.977789 13
-56.000088 -741.153320 39.957905 13
-45.198383 -740.664185 17.141701 13
-51.598984 -736.937317 42.978607 13
-45.453369 -740.969788 10.117884 13
-45.927006 -741.831604 22.688269 13
-47.068985 -742.376099 23.400911 13
-50.771008 -739.583008 30.987206 13
-46.531063 -736.615356 39.727489 13
-47.098358 -740.235474 16.857954 13
-49.592712 -736.337341 43.915215 13
-51.062485 -735.702087 47.903160 13
-57.523308 -738.819214 45.772926 13
-48.093544 -740.616882 20.868851 13
-57.940067 -740.435913 44.305378 13
-47.708420 -738.060242 28.858313 13
-46.586220 -739.635620 12.293928 13
-46.141037 -738.721313 19.462418 13
-48.636040 -742.443665 25.628252 13
-47.359341 -741.303955 26.616898 13
-44.164864 -740.572449 3.450379 13
-58.416546 -742.920593 43.685059 13
-48.795605 -742.415344 38.479099 13
-51.208302 -737.153564 41.491436 13
-46.262726 -742.227478 26.948997 13
-44.809479 -740.766174 13.855060 13
-50.746971 -743.890808 31.219673 13
-46.329044 -738.686768 17.124474 13
-47.781563 -739.334839 19.103640 13
-47.100487 -740.884460 28.984659 13
-50.309944 -737.790527 37.627716 13
-48.196091 -737.255371 38.279903 13
-58.070908 -741.595459 44.040997 13
-44.866608 -740.218079 20.178091 13
-51.974495 -735.844727 48.926872 13
-59.311741 -741.846375 45.799053 13
-43.388390 -740.081909 1.286483 13
-54.745155 -745.155151 39.068970 13
-51.458103 -742.071899 44.945866 13
-54.234760 -741.981995 36.733719 13
-44.586517 -738.308472 14.449588 13
-52.954239 -744.490723 36.258202 13
-51.204159 -737.928711 38.240524 13
-45.839912 -737.774109 27.930862 13
-45.079510 -738.152466 6.303832 13
-54.027962 -739.507507 38.214516 13
-47.814171 -741.806763 22.465628 13
-46.395935 -737.074402 37.131420 13
-47.732361 -738.738586 24.453970 13
-51.447113 -736.202881 46.708454 13
-50.685543 -742.065125 40.250534 13
-49.864315 -742.797241 27.966864 13
-48.478790 -741.400208 29.721062 13
-47.646980 -738.757324 23.948992 13
-45.533939 -738.534973 20.254915 13
-45.488922 -740.194031 5.605374 13
-58.174179 -738.536011 46.995625 13
-46.638443 -736.979614 37.886955 13
-48.249722 -741.319031 40.157513 13
-53.995800 -737.571838 42.693985 13
-45.705215 -739.793518 2.444432 13
-51.047745 -741.502136 30.379063 13
-44.414028 -739.010315 14.465192 13
-49.065655 -739.577209 35.145329 13
-46.583618 -737.230408 36.440136 13
-45.303764 -740.419067 3.552554 13
-48.546936 -739.697754 34.895130 13
-47.480057 -739.046692 19.330194 13
-46.227131 -740.587097 15.149014 13
-50.378876 -742.968018 40.986515 13
-47.448257 -739.854736 15.458072 13
-44.838310 -737.308533 33.728882 13
-57.203918 -738.462463 45.490528 13
-43.911304 -738.097900 31.468107 13
-49.225571 -744.133972 29.707243 13
-50.309258 -744.999878 34.555843 13
-46.360325 -739.249329 8.980082 13
-49.691376 -743.847046 48.136833 13
-43.369846 -738.868469 0.687564 13
-47.492882 -738.782715 23.102308 13
-48.640057 -742.397888 44.630810 13
-49.681904 -735.364563 45.265961 13
-45.583199 -738.075195 26.258802 13
-45.392895 -740.804382 20.491003 13
-47.915783 -739.726196 32.234821 13
-44.571266 -738.039429 9.475010 13
-51.670734 -744.134583 33.213440 13
-52.701847 -737.412415 41.970493 13
-45.410549 -738.331055 23.942455 13
-48.340107 -740.386780 22.170792 13
-43.613312 -738.827881 1.910259 13
-56.917820 -736.744141 49.020023 13
-57.465584 -741.791809 42.889652 13
-56.492180 -742.188477 41.070461 13
-45.939789 -740.626282 7.621417 13
-49.514320 -737.584900 37.390797 13
-53.228245 -742.209412 34.454731 13
-45.654697 -741.182922 22.952967 13
-54.834450 -742.588684 37.912170 13
-51.758541 -740.293152 33.148247 13
-53.928967 -742.224243 35.868118 13
-53.375469 -736.681824 45.647289 13
-49.743614 -743.032715 42.406296 13
-45.867126 -738.385803 21.955330 13
-44.605354 -739.904053 22.787413 13
-47.107296 -737.459045 33.158302 13
-47.768372 -739.840210 18.440487 13
-45.822853 -739.772949 4.911299 13
-44.086166 -740.464355 5.545183 13
-50.838070 -742.068176 29.777088 13
-55.563057 -738.286865 43.119480 13
-45.278790 -740.743286 17.603434 13
-46.083206 -736.743347 38.501087 13
-49.357899 -740.790894 26.366467 13
-43.596615 -739.524170 5.083988 13
-44.690338 -741.128357 11.310403 13
-50.952324 -736.967407 42.350628 13
-47.648029 -740.690918 19.519205 13
-45.734138 -741.762878 21.715998 13
-44.993965 -739.139832 19.755053 13
-55.988480 -736.996216 47.311295 13
-45.982849 -737.778870 27.208881 13
-44.561642 -738.390320 12.884124 13
-44.270069 -738.536621 30.709534 13
-54.104774 -738.344849 40.653725 13
-45.687565 -739.776367 0.863818 13
-54.886810 -739.083374 40.206097 13
-55.345711 -741.688416 38.604500 13
-59.001545 -740.624390 46.907501 13
-43.763149 -740.157166 9.081099 13
-47.540276 -741.314270 21.883518 13
-44.351955 -740.346313 8.987634 13
-56.586380 -740.490295 41.259720 13
-57.710026 -738.685974 46.185947 13
-44.957108 -736.946533 34.903770 13
-59.063057 -742.432129 44.898655 13
-43.811481 -738.841431 28.263842 13
-46.039684 -738.959717 2.183022 13
-49.191158 -742.307190 36.156464 13
-50.789864 -738.395081 35.794640 13
-51.191563 -744.191589 48.425510 13
-53.830429 -740.646912 36.270603 13
-56.381145 -736.947510 48.422733 13
-47.516983 -743.984741 29.791924 13
-49.209148 -742.885071 42.516178 13
-48.353329 -741.393188 23.229307 13
-48.697464 -737.382019 37.578388 13
-52.906647 -736.583618 46.371971 13
-53.177139 -739.943542 36.283047 13
-50.593899 -744.334656 32.008759 13
-49.809238 -743.848999 47.543926 13
-45.288296 -740.593628 15.337448 13
-56.758690 -737.836365 46.381676 13
-49.677376 -741.961365 27.248611 13
-48.489029 -739.796143 21.844473 13
-49.324108 -738.909424 29.337479 13
-59.123173 -740.646667 48.435287 13
-48.388504 -741.763855 43.986683 13
-53.462955 -738.869751 38.400330 13
-47.932503 -738.738525 25.270117 13
-46.672268 -740.221008 26.036198 13
-49.056694 -743.868530 28.384720 13
-57.731190 -740.355225 43.891876 13
-51.129978 -741.243530 46.180897 13
-58.725258 -738.883484 48.291668 13
-57.619728 -741.477295 43.303822 13
-52.927437 -745.170959 37.359959 13
-45.562122 -737.964722 28.458740 13
-54.815220 -738.647217 41.006229 13
-44.632099 -740.655029 2.154798 13
-44.914825 -740.387756 16.199766 13
-44.814148 -738.549133 27.115572 13
-56.867210 -737.237000 48.388500 13
-50.296669 -744.295654 31.494019 13
-54.552059 -739.825867 38.377731 13
-50.298199 -741.963135 38.635586 13
-44.652821 -740.658386 12.620359 13
-44.699764 -740.636780 2.823108 13
-47.181789 -738.481384 24.879581 13
-52.699562 -740.515259 34.474388 13
-47.131798 -740.197327 29.905828 13
-48.976631 -742.933044 43.997215 13
-43.879467 -739.830261 8.455410 13
-46.859390 -740.375610 28.221973 13
-44.437592 -738.197144 10.025449 13
-50.120270 -741.415955 37.521488 13
-51.026508 -744.887390 34.103481 13
-45.236225 -736.936218 35.667240 13
-51.419846 -738.370422 36.531361 13
-52.402985 -744.437012 50.940762 13
-44.386642 -737.903992 5.351089 13
-48.547752 -740.560425 22.841345 13
-46.887730 -741.079956 19.649225 13
-48.730228 -739.766724 36.742275 13
-47.386566 -741.512146 25.626143 13
-46.919308 -736.587891 39.910221 13
-48.404663 -741.299927 41.819153 13
-56.374363 -738.775391 43.033031 13
-52.551159 -739.852173 35.074181 13
-51.122841 -739.168152 32.658890 13
-43.754768 -739.022583 5.865880 13
-48.528629 -742.511719 36.028381 13
-50.600548 -735.311707 46.691826 13
-45.140438 -740.746277 0.740790 13
-49.657074 -742.872681 41.227108 13
-50.412842 -743.412109 44.167263 13
-44.177624 -740.178467 8.116432 13
-44.288937 -739.908997 16.425013 13
-45.790749 -740.527710 6.376934 13
-51.438721 -744.240723 48.837746 13
-49.026386 -737.372864 38.052151 13
-48.319138 -738.031799 30.680098 13
-45.259277 -738.282471 1.538065 13
-44.454750 -739.880066 23.948137 13
-44.481247 -740.722900 13.518300 13
-44.349499 -738.709900 12.135446 13
-48.673767 -737.196289 39.320530 13
-44.284439 -740.802368 14.740380 13
-50.646255 -743.937988 49.279671 13
-52.534763 -743.591614 50.366455 13
-45.243439 -738.678528 22.331377 13
-49.326176 -742.205505 34.915302 13
-49.119629 -742.940308 44.538338 13
-47.674828 -736.404053 42.192562 13
-44.430016 -739.635559 15.550745 13
-50.837727 -743.425293 30.360176 13
-52.078068 -737.952515 39.584881 13
-56.169670 -738.532166 43.442322 13
-43.108063 -739.012146 1.498977 13
-50.197063 -741.367798 28.599991 13
-43.419399 -739.403076 3.679439 13
-48.200989 -738.625488 27.160307 13
-52.026844 -738.723450 36.089699 13
-43.550472 -739.912964 4.346972 13
-43.638111 -739.983459 4.804777 13
-48.739792 -741.955933 45.219204 13
-47.205750 -741.206665 28.319529 13
-47.462952 -737.119202 37.855152 13