-46.223099 -739.505859 9.332033 13
-53.147575 -744.155457 51.740391 13
-44.078972 -737.687744 31.928547 13
-53.860004 -745.499817 37.952732 13
-48.470757 -735.844055 43.655216 13
-47.922989 -740.981323 21.080137 13
-57.526115 -739.254700 44.594028 13
-45.499096 -740.138916 -0.316752 13
-50.360592 -743.548889 29.406263 13
-50.901321 -738.243774 36.215794 13
-53.349701 -735.365112 50.047935 13
-50.079525 -743.437256 44.545803 13
-44.372318 -738.715271 15.881210 13
-43.969208 -739.434448 25.811724 13
-59.724083 -739.005920 50.044956 13
-55.446690 -740.140503 39.306248 13
-45.786766 -736.555725 38.197407 13
-48.225174 -742.231689 39.253876 13
-43.270462 -738.831238 4.664632 13
-48.474354 -738.463135 28.808958 13
-47.698246 -741.784912 33.791206 13
-57.659729 -743.958801 42.188530 13
-52.914295 -742.402893 33.847431 13
-53.216965 -736.750061 45.239742 13
-47.361862 -743.008362 25.534420 13
-51.824116 -737.474487 40.746307 13
-52.319748 -741.873047 48.002228 13
-48.174717 -737.642822 32.972950 13
-56.568192 -737.137756 48.055779 13
-49.841248 -745.326965 33.410099 13
-48.073612 -738.865723 24.734575 13
-44.644417 -741.147583 12.669660 13
-44.594875 -739.359985 19.726177 13
-50.829865 -740.077393 31.473623 13
-47.772160 -739.545410 17.554514 13
-48.337650 -740.570557 42.746403 13
-43.695633 -737.206848 1.273503 13
-59.208031 -741.681946 46.895195 13
-54.917652 -738.135376 42.407734 13
-50.261395 -735.615112 46.774536 13
-46.900703 -743.655518 28.974155 13
-51.173687 -741.520935 40.942440 13
-48.454834 -736.908997 40.376949 13
-45.919140 -740.417847 3.071615 13
-49.358677 -743.677734 47.884377 13
-47.247871 -739.362793 14.160105 13
-44.824421 -737.807007 12.003129 13
-53.673279 -740.170471 36.405293 13
-49.877544 -741.558411 36.352444 13
-45.111744 -738.188354 28.693981 13
-45.160892 -737.491211 35.065369 13
-49.630157 -741.081787 27.135567 13
-45.578758 -741.123291 23.423838 13
-45.375084 -740.763000 6.411913 13
-47.136581 -740.794006 30.707361 13
-55.588421 -743.364075 39.731796 13
-56.849682 -740.876648 41.997238 13
-44.727295 -737.837280 7.218047 13
-52.080372 -744.899902 35.524429 13
-47.958755 -737.428162 36.269402 13
-46.726818 -740.234802 27.057011 13
-46.342709 -738.538391 22.132980 13
-49.200539 -739.539124 38.632671 13
-58.347092 -741.954407 44.180145 13
-43.400795 -740.173157 1.743235 13
-54.050152 -742.988342 36.654942 13
-51.989986 -739.760193 34.070137 13
-51.692322 -744.253479 49.337368 13
-51.193188 -741.060120 45.520439 13
-48.309067 -744.394836 31.280420 13
-45.445625 -741.039551 17.282822 13
-58.439770 -739.033813 47.289440 13
-51.146969 -736.850952 43.347404 13
-53.134407 -738.612671 38.620621 13
-51.502167 -743.668884 31.911219 13
-48.954247 -739.590027 34.703804 13
-46.699535 -737.375366 30.699314 13
-43.671551 -738.748291 9.780343 13
-55.834213 -737.383789 45.472710 13
-53.969200 -736.443237 47.745377 13
-49.301540 -742.989197 42.084831 13
-48.283970 -741.312500 23.672331 13
-46.046417 -737.889526 26.146883 13
-51.596169 -743.908630 46.651905 13
-45.781845 -741.660583 20.078556 13
-46.510681 -739.723816 11.833604 13
-46.984653 -738.840027 19.742180 13
-48.476322 -741.673462 44.995728 13
-51.564045 -741.996643 43.301403 13
-50.864895 -737.738770 38.565105 13
-47.737034 -740.606873 36.897167 13
-44.998466 -738.210144 3.032972 13
-44.302784 -740.769470 8.709297 13
-48.823605 -743.310791 27.362816 13
-45.242928 -740.690918 14.898699 13
-50.450230 -740.965271 29.335365 13
-50.427078 -741.507568 38.681396 13
-47.881847 -741.554016 28.552383 13
-55.448509 -736.204346 49.848755 13
-51.872189 -735.730103 48.370178 13
-45.121902 -738.663208 24.024128 13
-45.622536 -738.783142 17.819151 13
-49.317005 -738.464783 31.212023 13
-47.793243 -739.852783 32.678638 13
-48.367859 -740.307800 40.512741 13
-48.421825 -739.382385 22.623323 13
-44.057026 -738.992371 13.713507 13
-50.212524 -738.585815 33.216652 13
-48.753536 -741.858032 31.897190 13
-45.924271 -737.490784 33.043186 13
-44.654404 -740.031494 21.777470 13
-58.230907 -737.568054 49.424889 13
-54.337368 -738.640991 40.399387 13
-55.106964 -741.953918 38.190994 13
-48.665264 -737.331482 38.271748 13
-48.889565 -739.055725 26.801502 13
-46.015358 -739.362488 4.908369 13
-46.277473 -742.523010 27.294304 13
-43.618908 -739.576721 6.684290 13
-44.317036 -740.739319 4.580553 13
-45.198627 -740.933960 10.636688 13
-59.500145 -740.567932 48.656857 13
-45.836319 -741.556641 25.463451 13
-53.153324 -737.255371 43.092014 13
-50.049980 -740.654358 43.845737 13
-49.518860 -736.843506 42.154011 13
-51.935181 -741.662659 32.080227 13
-46.269306 -739.117798 7.335898 13
-49.215561 -740.388733 25.295965 13
-46.629757 -738.775818 16.112143 13
-47.157166 -741.017273 18.731503 13
-50.035824 -736.094299 44.855606 13
-43.733860 -738.362366 30.101553 13
-46.826637 -742.146973 22.260996 13
-46.557674 -736.369568 40.129028 13
-49.867184 -742.823181 40.183609 13
-56.604485 -739.102783 42.801460 13
-52.033562 -744.217285 33.701279 13
-44.044044 -739.565430 11.702405 13
-47.413048 -736.219666 41.856964 13
-56.626617 -742.618958 41.203400 13
-46.414066 -739.748291 25.131983 13
-48.175503 -742.075439 35.624744 13
-46.883369 -737.882812 27.935978 13
-55.952629 -739.455933 41.057358 13
-48.696510 -742.568970 37.424240 13
-47.123825 -737.416077 34.532646 13
-47.164967 -739.821472 28.868610 13
-58.540421 -740.308960 45.783817 13
-49.001728 -737.708618 34.663567 13
-53.199524 -743.176270 49.639294 13
-43.790089 -738.996338 27.631090 13
-51.753082 -742.804810 45.138702 13
-49.039661 -743.136780 46.132660 13
-51.973885 -736.347534 46.562260 13
-55.135529 -745.125977 39.328773 13
-42.990013 -738.968018 0.394641 13
-44.807644 -738.049194 5.360331 13
-54.535583 -743.741699 38.248215 13
-49.922192 -739.570923 28.214165 13
-45.111671 -740.735229 1.457864 13
-48.633999 -744.139282 29.507763 13
-52.505676 -738.855408 36.846104 13
-45.843636 -738.531677 13.312896 13
-48.927395 -742.107910 25.776493 13
-51.230064 -742.398743 30.498877 13
-53.663898 -741.696899 35.436657 13
-46.146851 -737.202087 36.554714 13
-54.666943 -737.309509 44.089157 13
-57.108089 -738.038391 46.551788 13
-50.153023 -744.413025 30.953655 13
-45.304447 -738.213501 10.284703 13
-47.458046 -740.520874 35.059177 13
-56.467102 -744.496704 40.790768 13
-46.617844 -742.453979 24.014507 13
-49.120792 -739.519653 36.734474 13
-50.167835 -737.226196 40.227158 13
-50.216507 -739.354736 30.005562 13
-43.260239 -738.769226 2.800679 13
-54.348610 -739.799805 38.000763 13
-47.270126 -740.343384 15.612812 13
-45.762341 -739.145813 1.778858 13
-53.103924 -743.516907 35.299152 13
-55.994778 -741.659180 39.912834 13
-48.429001 -742.010193 40.942406 13
-49.914558 -740.504822 42.054279 13
-57.500591 -742.343567 42.734402 13
-50.059105 -742.383423 28.165298 13
-48.491291 -741.669861 30.155762 13
-44.152832 -740.341187 16.311911 13
-57.612507 -740.535950 43.508892 13
-53.330105 -737.735718 41.495552 13
-47.984737 -740.698059 38.562840 13
-53.235241 -744.464722 36.664730 13
-45.974262 -740.612305 8.116115 13
-43.848301 -740.406372 0.170805 13
-48.914551 -742.636230 43.682030 13
-46.030724 -740.269165 13.462200 13
-46.750530 -738.473450 23.761755 13
-49.510395 -741.929138 34.618645 13
-44.519440 -740.168091 24.384737 13
-47.416225 -741.439209 26.062138 13
-49.517403 -737.646545 36.881283 13
-48.397591 -739.554626 20.180691 13
-50.607285 -745.209961 34.857079 13
-45.248264 -740.640381 18.894346 13
-54.553772 -736.677429 46.221020 13
-51.583530 -736.651245 44.941658 13
-56.098629 -738.183472 44.058537 13
-44.374180 -737.479736 33.545269 13
-43.576935 -738.809448 8.123458 13
-44.677834 -737.854187 8.854321 13
-45.153366 -737.812988 30.606611 13
-47.552208 -738.402832 26.185638 13
-50.667374 -743.232544 42.866074 13
-45.555664 -741.334961 21.733051 13
-52.193676 -743.481506 48.053692 13
-48.110825 -737.971008 30.285107 13
-45.666637 -738.679749 20.677608 13
-44.320580 -740.418518 3.020148 13
-45.548279 -738.595398 14.854951 13
-47.219398 -737.011353 38.854591 13
-52.061298 -742.011963 46.472736 13
-54.483540 -741.455383 36.793678 13
-50.861679 -738.643799 34.718624 13
-58.847355 -738.840454 48.769470 13
-47.549736 -738.932983 21.285767 13
-52.577202 -739.583374 35.510220 13
-59.235149 -742.057800 45.395855 13
-43.907078 -740.207397 10.306330 13
-50.792866 -744.118835 48.056156 13
-51.908543 -744.365173 50.827263 13
-52.895565 -740.946472 34.341488 13
-58.323166 -743.337097 43.473705 13
-47.446583 -741.247070 32.269173 13
-47.791672 -739.534668 31.124260 13
-48.939453 -739.932190 23.888542 13
-44.792881 -738.544250 26.647339 13
-55.300793 -736.428833 48.369087 13
-51.602318 -740.321289 32.693127 13
-46.687931 -740.991333 24.402075 13
-44.972145 -737.986328 1.309429 13
-47.335388 -743.506714 27.590124 13
-57.831821 -737.934448 48.042358 13
-50.984173 -737.086609 41.891457 13
-46.123589 -739.784180 23.679045 13
-53.023304 -738.044556 40.109577 13
-46.761799 -740.528137 16.988369 13
-54.101959 -736.280762 49.223923 13
-50.355438 -743.721313 45.938950 13
-45.041107 -740.506409 20.488417 13
-46.325542 -737.706177 29.293547 13
-48.802841 -744.807434 32.572559 13
-44.686962 -739.858887 17.742699 13
-55.787666 -737.006653 46.841774 13
-50.417389 -744.541260 32.366234 13
-49.507313 -742.611328 38.625259 13
-48.317200 -742.484924 24.472214 13
-59.022144 -740.334595 47.283657 13
-49.732067 -736.570129 43.544449 13
-47.780231 -737.641174 31.616911 13
-50.516403 -742.779602 41.419304 13
-57.899529 -739.047241 45.960625 13
-45.723049 -738.563232 19.228024 13
-44.545731 -739.169617 22.858721 13
-48.498013 -741.881409 42.335609 13
-47.928997 -739.831787 18.905346 13
-44.277573 -740.650085 7.253542 13
-44.415730 -740.351746 13.774533 13
-47.281071 -737.220703 37.438858 13
-47.028507 -741.089111 20.074490 13
-48.390244 -740.759583 22.441902 13
-52.053535 -737.985168 39.155983 13
-52.163712 -743.041626 32.904583 13
-43.707916 -738.534851 1.494454 13
-46.911369 -738.836487 18.394869 13
-56.861481 -738.269287 45.226288 13
-45.860027 -738.541931 11.579155 13
-51.504669 -738.203186 37.481564 13
-56.275051 -737.203491 49.370991 13
-47.451546 -744.043884 30.291643 13
-54.341846 -739.145020 39.161217 13
-48.988899 -742.043579 33.402420 13
-43.669609 -739.912842 5.383733 13
-45.637543 -737.915527 27.488443 13
-47.236732 -740.512634 33.754665 13
-46.796913 -738.307678 25.102228 13
-49.344032 -743.579102 28.542860 13
-46.049797 -739.843140 10.608130 13
-56.355122 -740.674255 40.774860 13
-45.949234 -737.692749 31.743349 13
-46.020893 -740.346619 22.462931 13
-50.323174 -738.915771 31.950251 13
-45.428780 -740.547485 9.401886 13
-45.865917 -740.693054 16.065258 13
-44.332790 -737.898560 4.154120 13
-44.265110 -739.753296 15.079781 13
-45.501644 -740.534546 11.889005 13
-52.273331 -737.260437 42.083729 13
-47.360085 -741.333252 27.344862 13
-53.314014 -736.487061 46.533947 13
-44.892433 -738.635071 25.297981 13
-49.939693 -742.048340 37.547497 13
-47.986286 -738.431458 27.491526 13
-43.536140 -739.887085 3.894217 13
-50.962711 -741.054688 30.518736 13
-44.134354 -738.951355 29.024252 13
-49.696739 -737.332153 39.027252 13
-50.643017 -742.291687 29.363058 13
-49.155907 -738.636597 29.902887 13
-48.360855 -741.485535 43.635944 13
-48.290615 -740.013184 35.888248 13
-45.874256 -739.510071 6.172340 13
-52.906025 -745.628967 37.077312 13
-58.178043 -740.683533 44.625633 13
-46.539642 -741.850464 21.050398 13
-48.868931 -742.925049 44.903042 13
-51.219620 -743.020447 44.025581 13
-45.917809 -740.469543 4.335306 13
-49.790901 -737.989685 35.682728 13
-47.176933 -741.030334 29.451111 13
-52.279797 -736.923279 43.921249 13
-52.696674 -736.255127 47.600548 13
-48.678612 -739.493591 21.397757 13
-47.955414 -741.591614 37.639458 13
-45.831806 -738.675415 8.423080 13
-52.924618 -735.915100 49.036541 13
-46.077919 -739.321594 3.664869 13
-49.208687 -738.176697 32.512241 13
-44.059174 -738.498169 6.262217 13
-50.856316 -736.199646 45.857918 13
-44.289734 -738.687500 10.849036 13
-46.191311 -742.705994 25.795460 13
-49.495716 -742.309692 27.043669 13
-51.208195 -741.948059 42.109821 13
-51.340523 -739.120483 33.258022 13
-44.887486 -738.074585 13.955388 13
-52.468506 -741.353882 33.263977 13
-50.927139 -744.769409 33.677917 13
-48.408367 -736.389893 42.547935 13
-50.610226 -741.879822 39.841053 13
-48.873405 -739.246948 25.588026 13
-44.847385 -741.111572 0.304772 13
-47.081352 -737.306885 32.555618 13
-45.167839 -738.787659 21.875160 13
-45.479572 -738.821045 16.485119 13
-46.434002 -740.573669 14.735199 13
-48.677536 -741.362244 24.798527 13
-47.793331 -741.721985 31.143795 13
-49.530060 -740.004028 26.438276 13
-43.970993 -739.659302 9.029201 13
-55.137440 -740.735474 38.140312 13
-48.095249 -743.869873 28.433147 13
-50.996952 -743.562866 30.731432 13
-48.402466 -740.945984 41.555595 13
-51.481884 -741.639465 44.504063 13
-46.706875 -739.342529 13.063141 13
-48.725014 -739.604370 33.411007 13
-45.938728 -739.449036 0.622044 13
-55.028286 -738.711121 41.383965 13
-47.997326 -743.299316 26.501509 13
-47.415310 -738.773071 22.660879 13
-50.251144 -744.063293 49.118420 13
-45.357693 -738.491272 4.332016 13
-53.345322 -739.302368 37.557350 13
-47.543995 -739.492126 16.400219 13
-51.751812 -738.732422 35.555565 13
-44.350796 -740.813477 11.456820 13
-47.535427 -737.890259 29.256868 13
-51.252403 -735.852844 47.388260 13
-46.352684 -737.318420 35.410667 13
-50.347187 -741.398499 44.790493 13
-57.363564 -736.818237 49.157658 13
-52.822159 -743.619873 50.699810 13
-50.011093 -741.136658 28.238688 13
-44.776852 -740.314209 22.953411 13
-44.400715 -738.741760 12.572049 13
-53.306969 -740.588135 35.382744 13
-48.548611 -740.006592 37.793716 13
-52.939587 -742.726746 48.578995 13
-49.075180 -739.645325 39.881119 13
-47.066799 -740.192566 31.741301 13
-48.907982 -735.765625 44.726456 13
-55.224869 -739.379822 40.128338 13
-45.060009 -736.921021 36.067940 13
-44.584099 -739.259949 20.939344 13
-45.255188 -740.448486 5.296167 13
-47.509407 -742.139587 23.355848 13
-46.619869 -740.636841 25.851534 13
-45.411140 -738.474670 6.330096 13
-51.162586 -737.557495 39.737934 13
-46.780239 -738.813843 17.249264 13
-49.884499 -735.297974 45.662365 13
-46.025127 -737.447937 34.233459 13
-48.192726 -741.132690 39.733398 13
-46.997910 -740.803894 28.307091 13
-46.115654 -741.077820 18.260910 13
-49.892426 -737.604248 37.951843 13
-53.460598 -737.048706 44.169159 13
-49.403240 -736.981567 41.030266 13
-53.992840 -744.451721 37.536888 13
-52.179680 -743.011230 47.017471 13
-46.642223 -738.870361 14.972747 13
-54.404190 -736.949707 45.136200 13
-52.578236 -744.288757 34.681007 13
-49.295750 -742.249756 35.681767 13
-50.208084 -743.898621 47.130714 13
-44.290325 -739.920105 12.746186 13
-44.357632 -740.691467 5.918624 13
-48.985653 -738.943970 27.934525 13
-54.468719 -742.747192 37.652985 13
-45.378426 -738.380371 22.979548 13
-55.236584 -743.002563 38.744011 13
-48.245174 -737.094116 39.282032 13
-49.259403 -738.002319 33.633305 13
-44.955849 -739.191467 18.616121 13
-56.966084 -743.660400 41.371304 13
-48.420422 -736.666443 41.472000 13
-51.730183 -742.601685 31.524220 13
-47.424835 -736.644958 40.842804 13
-48.042072 -737.504517 35.171955 13
-45.786922 -741.710876 24.331848 13
-46.895329 -743.103577 26.608517 13
-54.335529 -744.748535 38.624611 13
-43.865013 -739.883972 7.959356 13
-55.440121 -741.318604 39.023102 13
-49.699799 -744.228516 29.955086 13
-55.632561 -744.415222 40.036198 13
-59.317169 -739.851990 49.461216 13
-54.252289 -737.473450 43.088993 13
-55.777412 -738.784790 42.185070 13
-46.093849 -742.029358 23.123459 13
-47.290642 -739.826782 30.212658 13
-56.643257 -739.791870 41.968117 13
-47.925808 -738.944885 23.601547 13
-44.339970 -737.970886 2.221771 13
-48.321106 -742.245178 34.554329 13
-45.751251 -740.085144 7.173540 13
-47.763115 -741.684753 21.949060 13
-44.893185 -737.757935 32.621647 13
-47.662403 -741.129944 35.919258 13
-55.273907 -737.948303 43.412483 13
-49.216778 -742.735229 41.041416 13
-48.103741 -737.526611 34.100903 13
-51.306469 -741.256165 46.612034 13
-49.358650 -744.650635 31.664431 13
-50.312450 -741.086243 37.275639 13
-51.572540 -744.760986 34.540977 13
-47.762337 -740.359985 19.836496 13
-44.565063 -739.333923 16.738054 13
-57.216728 -739.545227 43.603771 13
-44.372810 -738.611755 14.726492 13
-48.189606 -741.977783 36.685062 13
-54.984390 -744.058105 39.165264 13
-59.125786 -739.694336 48.141785 13
-45.777523 -738.117554 24.855942 13
-48.034790 -739.938110 34.155098 13
-49.805389 -743.177979 43.479832 13
-48.368767 -737.357178 37.259335 13
-54.981804 -736.556458 47.360058 13
-45.024956 -740.701172 3.784661 13
-59.070454 -738.271301 49.627377 13
-48.796917 -742.566772 40.064285 13
-44.257954 -738.386169 31.140474 13
-46.784630 -738.047363 26.884102 13
-54.322693 -740.462463 37.181046 13
-43.440323 -739.815979 2.737626 13
-48.110786 -742.006531 32.838104 13
-56.137352 -743.478027 40.605846 13
-52.494980 -743.376526 34.199547 13
-44.738194 -738.413818 27.713276 13
-46.274548 -736.648987 39.170483 13
-59.499115 -741.142761 47.786781 13
-45.449963 -736.750488 37.241230 13
-49.938858 -738.173645 34.581913 13
-51.352001 -744.207520 32.788982 13
-58.760368 -742.721252 44.756119 13
-49.648361 -739.140747 29.133560 13
-44.110107 -740.732056 1.180430 13
-51.007053 -743.543579 45.016209 13
-44.708126 -738.161804 29.743008 13
-52.045177 -745.219727 36.514423 13
-58.877121 -741.299927 45.980457 13
-53.318680 -742.495605 34.799507 13
-50.221111 -739.995483 29.109390 13
-45.501709 -740.101379 2.164497 13
-51.378624 -740.952454 31.507833 13
-50.655567 -736.596863 44.198990 13
-46.898338 -737.472412 33.550758 13
-50.513020 -737.980347 37.244484 13
-51.184746 -739.419006 32.298664 13
-50.467415 -739.229553 30.998295 13
-49.372589 -742.370056 36.706066 13
-56.979481 -741.959229 41.945515 13
-42.925213 -738.016418 1.126141 13
-52.290115 -738.395081 38.085968 13
-44.526543 -740.828430 9.770136 13
-47.705639 -741.483032 34.844521 13
-57.406944 -741.344482 42.885288 13
-47.524830 -740.495056 17.835833 13
-49.286026 -741.231873 26.197311 13
-56.483250 -741.619263 41.108471 13
-44.008106 -738.228699 3.265174 13
-51.396130 -745.602722 35.328041 13
-49.241436 -743.044495 47.099659 13
-52.594521 -744.208862 49.916363 13
-44.291061 -740.778137 15.210172 13
-54.292179 -738.007568 41.565624 13
-46.669395 -742.971313 28.302189 13
-52.486656 -743.621338 49.086071 13
-43.298435 -738.886230 5.704043 13
-46.317036 -741.208313 19.229433 13
-46.080589 -739.611755 8.212176 13
-47.114498 -739.606201 27.713793 13
-51.811081 -741.844055 45.439304 13
-45.042046 -738.071045 12.961240 13
-58.508694 -739.610596 46.482029 13
-44.050804 -738.565796 7.285389 13
-48.553703 -740.161133 39.224697 13
-57.115849 -740.149048 42.738621 13
-47.424870 -736.763184 39.853668 13
-50.303913 -736.794861 42.759941 13
-53.705715 -736.316162 50.125511 13
-46.627941 -738.677063 21.039112 13
-48.885586 -737.635986 35.844868 13
-48.741646 -742.265320 45.737804 13
-44.532856 -737.764221 9.904571 13
-55.576481 -742.396057 39.428150 13
-53.658924 -738.512268 39.476162 13
-45.960571 -737.790161 28.394386 13
-49.120010 -744.455383 30.737808 13
-43.314457 -739.853577 0.833793 13
-53.716454 -742.822327 35.756523 13
-48.480297 -742.147766 38.273941 13
-49.842232 -741.412659 35.394287 13
-55.492416 -737.583801 44.590084 13
-49.579807 -743.473755 45.371647 13
-45.327366 -740.274841 0.642685 13
-52.319439 -736.539612 45.682659 13
-45.007385 -737.854980 31.581968 13
-52.032631 -737.070374 42.995434 13
-57.104713 -737.684204 47.451176 13
-50.498199 -740.286499 29.998528 13
-58.580242 -741.429382 45.071587 13
-44.191406 -739.424622 26.735996 13
-44.122417 -738.643860 8.924451 13
-49.238983 -737.152405 39.859100 13
-57.306751 -737.791138 49.300709 13
-51.866684 -743.041260 46.101929 13
-45.028660 -740.423462 16.650059 13
-45.018124 -740.666870 7.864006 13
-57.257446 -743.013672 42.092216 13
-46.317188 -737.057556 37.574448 13
-44.191624 -739.355835 24.875689 13
-55.907906 -740.093445 40.172104 13
-56.074116 -742.560364 40.355221 13
-53.901451 -741.053772 36.124283 13
-48.867325 -742.760010 26.470333 13
-44.444954 -739.439941 23.776827 13
-56.351208 -737.544739 46.265537 13
-50.798290 -737.256348 40.965591 13
-44.568367 -737.775024 11.012276 13
-46.227406 -742.357849 24.913811 13
-50.182701 -742.775940 39.281685 13
-46.721291 -739.272705 10.975007 13
-46.987156 -740.222595 13.838623 13
-52.965328 -744.484985 35.764862 13
-57.817505 -738.281067 47.172306 13
-49.757168 -740.051819 27.353579 13
-45.322365 -740.808472 13.771434 13
-58.087975 -739.776001 45.150860 13
-49.776073 -743.203186 27.780317 13
-48.274578 -742.774475 25.681164 13
-51.857521 -739.026611 34.651054 13
-52.146641 -740.490784 33.463326 13
-56.837120 -738.767090 44.103329 13
-46.455917 -738.822327 14.056409 13
-53.659317 -737.583496 42.356579 13
-47.702686 -738.163147 28.369001 13
-44.211197 -740.492126 2.078565 13
-51.040909 -744.378235 50.012146 13
-55.960457 -738.476685 43.074287 13
-46.556686 -739.746704 26.128752 13
-52.553391 -740.174133 34.749016 13
-49.084732 -739.568970 24.735516 13
-47.030354 -737.279358 36.242569 13
-44.062119 -738.382568 4.915989 13
-47.740593 -743.978394 29.332853 13
-49.068562 -739.542114 35.743969 13
-54.550491 -735.963440 49.978333 13
-53.567898 -743.670105 36.099960 13
-48.631889 -737.974182 31.776995 13
-47.331169 -739.444214 15.197679 13
-44.719395 -737.839844 6.261544 13
-43.628185 -738.984192 3.647168 13
-47.404697 -742.635315 24.466597 13
-45.080719 -737.423340 34.148983 13
-46.198574 -738.828918 12.386038 13
-47.682087 -741.779236 29.592916 13
-54.130520 -742.153320 36.278030 13
-51.577736 -743.967529 47.571980 13
-53.027168 -739.526672 36.437401 13
-45.415176 -738.338623 9.153824 13
-46.872711 -737.533936 31.643448 13
-45.511433 -741.225220 20.818558 13
-50.620125 -742.379456 40.601791 13
-50.708054 -744.101135 31.627565 13
-45.902702 -738.188110 23.935957 13
-52.392792 -742.146179 32.826084 13
-45.154236 -738.153931 8.112538 13
-46.199436 -740.186035 12.585009 13
-49.553219 -740.773926 42.850815 13
-50.766300 -742.967590 29.968458 13
-47.164471 -741.410645 25.194050 13
-45.602440 -737.873169 29.810326 13
-46.018341 -742.140625 26.515329 13
-48.769390 -741.273804 29.393627 13
-47.894062 -741.404480 22.835115 13
-44.850594 -740.208923 19.610630 13
-48.300797 -744.356628 30.358061 13
-51.759701 -741.822327 47.292404 13
-57.902111 -743.239624 42.680145 13
-51.642445 -744.101929 48.460865 13
-51.537186 -741.771118 31.191746 13
-48.182766 -740.156006 20.865801 13
-44.968117 -740.509888 15.746098 13
-58.860039 -739.252014 49.949078 13
-48.664646 -740.595581 23.325296 13
-57.836517 -741.398010 43.681065 13
-45.293995 -740.547546 21.386885 13
-53.716724 -738.066101 40.724815 13
-54.803516 -739.840027 38.756630 13
-58.539452 -738.466064 47.980957 13
-45.146317 -740.593811 18.005121 13
-54.306320 -743.615051 37.413094 13
-58.109566 -742.427002 43.467239 13
-53.258121 -736.289734 48.287235 13
-53.816353 -739.154114 38.413956 13
-45.660252 -741.461182 22.608934 13
-48.425228 -740.056335 36.920589 13
-48.873455 -742.656006 42.785927 13
-56.115147 -736.651245 48.644917 13
-47.777504 -739.290283 19.584999 13
-57.790184 -739.997620 44.170685 13
-47.570988 -739.061890 20.412525 13
-46.159599 -740.272156 9.801332 13
-52.661701 -737.727539 40.842319 13
-45.642780 -740.915588 12.668576 13
-47.761837 -737.158630 38.163280 13
-51.792744 -738.557190 36.416080 13
-45.372143 -740.919250 19.786442 13
-43.514359 -739.307922 1.884563 13
-49.681232 -744.970886 32.615898 13
-46.991726 -737.659302 29.897429 13
-48.306999 -741.209778 40.595734 13
-57.249557 -737.426636 48.490379 13
-45.857132 -739.543701 2.869296 13
-51.218952 -743.613037 45.888351 13
-46.919392 -741.050171 26.652988 13
-49.684914 -743.608276 46.494488 13
-45.917576 -738.447388 15.633945 13
-52.477760 -736.749146 44.788921 13
-58.282864 -738.126587 48.766281 13
-52.123531 -737.748962 39.987148 13
-44.044590 -739.332825 10.295047 13
-44.400349 -738.507202 11.724149 13
-46.327473 -740.678406 23.487244 13
-48.146198 -738.781433 25.683674 13
-55.774395 -736.725342 47.670769 13
-48.636772 -741.783997 31.021669 13
-50.036415 -745.060913 34.200592 13
-48.057796 -741.551514 38.751106 13
-48.711330 -740.744568 24.214544 13
-50.284428 -742.864929 28.835346 13
-52.777836 -744.484314 50.710896 13
-55.358513 -736.968140 46.081730 13
-47.200527 -737.374023 35.406136 13
-47.541439 -741.268738 33.122910 13
-49.352856 -743.135559 44.215836 13
-48.758568 -742.395752 41.694733 13
-48.267441 -739.499817 32.076633 13
-55.805347 -740.866455 39.648071 13
-47.269341 -738.562134 24.443487 13
-48.283913 -740.236877 21.711435 13
-52.443493 -743.240173 50.029652 13
-48.533142 -742.109497 44.233410 13
-52.462315 -742.727661 47.778198 13
-50.183594 -737.028625 41.618916 13
-44.308159 -738.343140 8.146830 13
-46.575211 -739.109802 10.002316 13
-50.141979 -743.072510 42.187717 13
-48.215954 -739.968567 35.047699 13
-44.957249 -740.664917 2.465387 13
-52.182556 -735.509094 49.164047 13
-54.463177 -736.310608 48.401817 13
-46.054100 -742.046753 21.938740 13
-44.562698 -740.910278 14.422198 13
-56.169304 -736.275574 49.442303 13
-53.355568 -744.991882 37.462482 13
-46.203400 -738.574707 23.141541 13
-45.315144 -738.216125 25.924129 13
-49.150951 -736.232788 44.048061 13
-53.211376 -741.713379 34.433285 13
-45.669678 -739.851624 1.305078 13
-45.299217 -738.836670 19.938129 13
-48.529686 -739.206543 24.111933 13
-54.982708 -736.323486 49.159683 13
-54.125076 -736.491577 46.915531 13
-50.755180 -738.701233 33.884762 13
-47.237152 -740.501099 32.928246 13
-46.389301 -740.149719 24.385136 13
-49.373638 -742.667969 39.469746 13
-54.730392 -741.474182 37.582123 13
-58.895420 -740.613159 46.465149 13
-45.839691 -740.567932 11.033766 13
-47.241558 -741.384277 21.345795 13
-46.164684 -738.714905 20.009342 13
-56.168396 -737.940735 44.906662 13
-48.940926 -736.375061 43.237030 13
-50.153637 -737.966309 36.457607 13
-50.939003 -742.718811 42.255692 13
-50.860447 -741.638000 29.932688 13
-48.293633 -741.895874 40.032608 13
-49.843201 -741.709839 27.652906 13
-44.791489 -739.999817 18.558441 13
-52.857944 -738.183411 39.306808 13
-50.512379 -738.278687 35.446144 13
-47.620773 -741.467957 30.361696 13
-44.370674 -739.523438 14.287864 13
-50.466114 -737.538452 39.268219 13
-49.976757 -743.558350 48.530075 13
-46.203991 -738.460571 16.746849 13
-49.142532 -737.430176 37.626762 13
-45.832600 -740.155029 8.782061 13
-45.064369 -738.469971 15.512110 13
-53.819504 -736.678040 45.775829 13
-44.249233 -740.349731 3.853445 13
-46.566391 -736.841736 38.375103 13
-51.629616 -738.027405 38.396236 13
-45.913708 -737.685974 30.915874 13
-47.316006 -741.121033 31.469395 13
-47.528118 -737.645874 30.842766 13
-48.039627 -740.741150 37.760948 13
-45.684162 -738.356689 1.548279 13
-46.094421 -738.703369 18.485718 13
-48.472446 -738.284851 29.616535 13
-52.386341 -744.154602 51.482361 13
-57.461285 -738.812317 45.267521 13
-45.601002 -738.757019 5.592624 13
-49.735626 -738.901428 30.487930 13
-48.146229 -738.645996 26.692629 13
-51.638351 -742.341492 44.058453 13
-44.404232 -739.645935 15.995848 13
-53.759254 -739.858582 37.164265 13
-51.501301 -736.775452 44.156227 13
-46.439201 -739.228394 21.730083 13
-44.408951 -740.771973 10.662172 13
-47.909077 -739.084961 21.990873 13
-46.470684 -740.416565 15.578101 13
-46.758266 -740.699097 17.866331 13
-47.575279 -740.145508 17.052408 13
-49.404667 -739.320312 27.333904 13
-45.793797 -738.415344 21.516485 13
-51.198303 -742.707764 43.224899 13
-50.807838 -736.387939 45.075459 13
-44.253151 -738.752747 28.248241 13
-46.800701 -738.234924 25.906033 13
-56.429672 -737.289124 47.278690 13
-43.620899 -739.578857 4.633719 13
-45.250698 -738.199646 11.125532 13
-47.004021 -740.010010 14.737712 13
-50.989933 -736.048035 46.627666 13
-43.881702 -740.317139 6.586909 13
-50.272476 -741.796082 28.667379 13
-54.486786 -742.249878 37.025681 13
-50.538723 -743.353882 43.740173 13
-45.152946 -740.682312 8.657961 13
-45.818943 -740.382629 5.861565 13
-44.198116 -737.853333 1.302761 13
-51.751152 -742.973755 32.231529 13
-48.132908 -743.615906 27.600183 13
-45.460396 -738.087769 26.718203 13
-45.061054 -739.071472 17.354429 13
-49.344536 -742.459595 37.867481 13
-49.189934 -739.506531 37.521969 13
-45.580803 -740.074951 3.693057 13
-44.482052 -740.504272 12.239854 13
-46.908798 -737.816772 28.717747 13
-51.682827 -737.235779 41.549419 13
-58.765663 -742.921570 43.981552 13
-48.733829 -738.190063 30.766422 13
-53.851254 -743.894226 36.828266 13
-45.580669 -738.357422 12.300685 13
-59.325397 -739.061096 49.351173 13
-44.098099 -739.854187 10.970708 13
-47.541012 -739.174500 18.747480 13
-45.211876 -737.545898 33.383507 13
-50.816689 -743.843079 46.584461 13
-44.540810 -739.242859 21.831026 13
-46.814877 -742.324585 23.026695 13
-49.634918 -738.539612 31.924358 13
-46.961411 -740.265137 29.495516 13
-47.771423 -741.039673 20.297930 13
-47.090961 -740.124817 16.398714 13
-50.740913 -738.984314 32.759087 13
-45.500385 -738.508240 7.105072 13
-48.772888 -737.550537 36.607155 13
-50.081326 -742.158325 38.300415 13
-46.029713 -740.770813 16.844372 13
-43.506126 -738.762329 6.782678 13
-55.153683 -737.156860 45.141136 13
-51.985764 -741.084717 32.594254 13
-50.384804 -744.805847 33.104298 13
-45.516380 -738.766479 3.590457 13
-56.421932 -740.079712 41.262890 13
-43.577572 -739.270264 7.499732 13
-46.532234 -740.571228 25.024019 13
-46.477337 -738.721680 19.155130 13
-44.643330 -739.823792 20.408155 13
-51.329510 -736.964417 42.566536 13
-45.849976 -740.471252 14.217042 13
-52.809536 -738.633972 37.564857 13
-51.707951 -739.871643 33.361950 13
-43.471329 -738.379517 0.723737 13
-48.552502 -742.031128 43.094025 13
-45.122646 -740.535889 4.546310 13
-47.774265 -740.563354 19.091061 13
-51.479332 -745.174377 35.988483 13
-50.003780 -740.384155 28.478907 13
-47.062748 -738.732422 21.953823 13
-50.995930 -744.272888 48.808567 13
-48.860378 -743.784729 27.981171 13
-44.064865 -740.387390 9.334465 13
-47.981750 -741.719971 31.987654 13
-48.894772 -739.676758 23.170925 13
-44.165230 -737.487305 32.808739 13
-46.248219 -737.574646 30.118267 13
-51.951221 -736.063965 47.648525 13
-57.371338 -738.403687 45.906322 13
-44.367985 -740.347046 5.220310 13
-47.529606 -738.581909 25.196623 13
-43.807526 -738.825378 12.086136 13
-47.540733 -741.147949 34.169254 13
-47.772514 -741.346008 36.670860 13
-49.362156 -744.107300 29.253817 13
-43.329868 -739.097656 1.071592 13
-45.876850 -739.509338 -0.144361 13
-51.898209 -743.730713 33.098591 13
-45.105728 -738.228455 2.026400 13
-51.549633 -736.469727 45.697590 13
-50.052818 -743.983765 47.880398 13
-45.606853 -737.192566 35.613937 13
-47.748707 -740.065796 33.416767 13
-47.025967 -740.067810 30.909298 13
-50.797375 -740.275452 30.735678 13
-58.471474 -738.731812 49.503448 13
-52.376076 -738.994690 35.931232 13
-43.755905 -738.541016 2.289924 13
-46.936954 -739.283447 12.294883 13
-45.421993 -740.651489 22.114561 13
-46.676708 -743.156921 27.453100 13
-49.016876 -741.219360 25.488144 13
-48.062172 -742.029114 23.853043 13
-48.944149 -742.539795 46.564930 13
-49.418087 -735.764954 45.299969 13
-48.537392 -742.186890 25.131720 13
-50.138130 -744.671265 31.667799 13
-51.297443 -740.376099 32.013111 13
-44.535797 -738.492188 13.312301 13
-44.362743 -738.448914 9.624197 13
-46.887726 -740.786743 27.572529 13
-48.397869 -741.325012 42.898396 13
-46.462929 -741.489380 20.387131 13
-47.348286 -743.662292 28.373903 13
-47.643044 -737.511169 33.482693 13
-45.090717 -740.653992 7.109398 13
-50.936993 -742.157349 41.426868 13
-50.230453 -741.464417 37.947506 13
-46.712112 -739.949341 28.294441 13
-53.163311 -739.995911 35.845890 13
-52.534920 -736.098511 48.331139 13
-48.961758 -737.209778 38.987976 13
-48.862129 -742.130371 35.079834 13
-59.017178 -741.987610 46.216236 13
-51.461945 -738.945129 34.024940 13
-49.108528 -738.896912 28.681808 13
-45.544678 -740.455200 10.167591 13
-45.618656 -741.280029 18.948769 13
-44.429951 -738.191345 30.447262 13
-45.529270 -738.416870 14.123252 13
-46.314411 -737.445068 32.395836 13
-48.764202 -742.236816 36.280293 13
-52.592384 -736.548645 46.919010 13
-49.645401 -741.186218 43.516438 13
-58.013927 -738.803955 46.683041 13
-51.840973 -744.411255 50.091846 13
-54.953712 -739.470093 39.445805 13
-44.552696 -738.982605 25.860312 13
-46.405220 -738.386902 24.433250 13
-54.986160 -738.917847 40.678551 13
-52.561211 -743.037048 33.519329 13
-48.863174 -742.536316 38.949314 13
-45.113228 -740.960632 11.369494 13
-46.861835 -742.761780 24.968262 13
-53.304790 -741.167542 34.938499 13
-49.532520 -743.005859 42.802734 13
-49.382229 -739.763672 25.755987 13
-46.089249 -739.696045 22.952877 13
-44.232937 -740.602173 8.010012 13
-47.753647 -737.518005 32.357441 13
-44.335613 -739.696228 13.459076 13
-47.715054 -736.172913 42.576199 13
-49.893517 -738.314453 33.865555 13
-44.558228 -739.095154 15.242052 13
-49.953079 -742.846313 40.908676 13
-52.948429 -737.369873 42.406452 13
-52.737091 -735.762634 49.733810 13
-43.936436 -739.690552 16.596121 13
-48.611847 -744.702026 31.865444 13
-53.489090 -735.951538 49.516109 13
-52.676151 -744.873291 36.403328 13
-50.951336 -737.856628 37.847870 13
-59.200756 -740.499023 47.983101 13
-50.736485 -745.328796 34.141663 13
-50.198009 -735.946594 45.566345 13
-47.872368 -740.968994 21.959936 13
-45.595310 -737.667114 32.377449 13
-47.262661 -739.075562 17.789114 13
-43.709576 -740.283203 4.476347 13
-54.603668 -745.427002 38.715805 13
-48.397324 -741.991638 33.880463 13
-45.742867 -739.728027 4.308817 13
-48.622795 -739.987244 38.526264 13
-56.173721 -739.239136 41.796406 13
-44.460545 -740.562439 13.070392 13
-50.279396 -743.578491 45.231663 13
-49.369961 -743.033508 26.976957 13
-44.716984 -739.044617 24.484991 13
-44.725220 -740.130310 21.065758 13
-56.398884 -737.856567 45.602013 13
-44.447708 -739.875305 25.518642 13
-56.555534 -738.764648 43.434990 13
-48.419559 -741.713501 41.639717 13
-48.600605 -737.705017 33.601601 13
-51.376896 -737.772400 39.066792 13
-56.694756 -737.076843 48.772118 13
-43.752583 -740.169189 7.317313 13
-46.776154 -737.251526 36.923328 13
-49.808678 -740.643921 27.746988 13
-51.873505 -742.167542 44.781532 13
-55.397877 -742.062622 38.827805 13
-43.952892 -738.490112 4.198666 13
-44.362823 -738.785461 27.157785 13
-48.579380 -740.038879 22.352310 13
-44.984409 -738.187012 14.698629 13
-52.833275 -741.484558 33.867985 13
-48.800709 -743.943237 28.814161 13
-49.988297 -736.320312 44.196106 13
-48.029083 -739.479126 18.204485 13
-51.413227 -735.345581 47.859013 13
-43.907360 -738.354736 29.348011 13
-52.265457 -742.313782 47.184650 13
-44.649658 -737.189331 34.681381 13
-48.571049 -741.384583 44.291260 13
-44.559746 -740.150879 23.616795 13
-58.740860 -739.693604 47.159294 13
-46.359535 -737.877502 27.433292 13
-45.785465 -739.890137 5.338498 13
-51.344322 -742.947815 30.937605 13
-53.302006 -736.462158 47.276749 13
-54.884193 -743.083740 38.122871 13
-49.364326 -737.393677 38.378719 13
-59.173737 -741.003174 47.109020 13
-46.141872 -738.146057 25.461767 13
-52.992161 -736.644287 45.924622 13
-44.654686 -740.586426 6.571662 13
-43.694992 -739.467529 5.935820 13
-52.009079 -742.405396 45.821301 13
-47.670460 -739.831116 31.798218 13
-53.058479 -743.181152 34.584213 13
-44.729919 -741.086243 13.491076 13
-47.337009 -738.154663 27.365393 13
-44.941936 -740.538513 -0.112006 13
-43.856533 -740.225403 8.640697 13
-47.481663 -741.631775 27.974997 13
-49.090324 -742.156921 34.085770 13
-46.310730 -739.083191 11.540017 13
-56.214504 -741.350647 40.527554 13
-47.358425 -739.262146 17.071714 13
-50.461590 -736.699707 43.443451 13
-46.264034 -738.509094 17.621172 13
-53.998566 -737.249878 43.699623 13
-53.768093 -736.940613 44.824734 13
-48.163715 -737.858948 31.051311 13
-50.383884 -742.103210 39.183876 13
-55.081081 -736.754456 46.697659 13
-49.235870 -741.953491 26.383940 13
-59.290550 -739.516968 48.814533 13
-47.527672 -740.217285 18.491394 13
-44.679241 -739.682983 22.401882 13
-47.667015 -741.641541 26.683971 13
-49.894619 -738.843933 31.276697 13
-49.855923 -738.508118 32.623100 13
-51.215118 -737.429688 40.430771 13
-50.827694 -735.342712 47.059235 13
-45.865841 -741.714661 21.245325 13
-58.421593 -740.777039 45.261135 13
-45.985893 -740.107544 11.615948 13
-58.707909 -739.139954 47.934986 13
-44.187943 -738.184448 5.642190 13
-48.488678 -739.558899 32.727303 13
-45.769260 -740.675171 15.344123 13
-46.529453 -740.700439 16.270386 13
-48.393288 -741.105042 42.249569 13
-48.866920 -736.625793 42.019207 13
-50.187572 -737.550598 38.569035 13
-44.914284 -738.922913 23.424438 13
-50.118305 -740.429749 43.196716 13
-52.467712 -740.431335 34.105663 13
-47.392208 -741.936829 22.589958 13
-44.731613 -740.661987 0.874538 13
-47.481953 -737.277893 36.771126 13
-48.762218 -741.890686 32.655251 13
-44.880836 -738.099060 4.637883 13
-47.228168 -740.837402 19.459669 13
-49.561050 -743.645752 47.204540 13
-51.364014 -741.560852 45.995331 13
-46.109505 -740.868347 17.599621 13
-50.857433 -743.958496 47.325596 13
-50.064983 -737.143127 40.942566 13
-54.562309 -739.037842 39.888962 13
-47.826618 -740.519714 36.173477 13
-48.316265 -738.485535 28.139000 13
-58.170635 -741.328125 44.395786 13
-43.144768 -739.719055 0.184901 13
-55.306622 -740.675293 38.829102 13
-44.570477 -737.886047 3.505774 13
-54.304150 -737.802002 42.421696 13
-47.839920 -742.959290 25.033884 13
-52.628002 -737.490356 41.540516 13
-55.776104 -736.835571 49.672440 13
-50.893120 -739.405029 31.542934 13
-45.663376 -738.519653 22.377609 13
-49.307163 -740.535339 25.948803 13
-43.869621 -738.802002 11.404325 13
-47.300858 -741.227356 28.756004 13
-58.227089 -739.610413 45.795685 13
-49.281429 -739.374939 26.343758 13
-43.701488 -739.073364 5.136008 13
-45.483280 -737.033813 36.602249 13
-46.915081 -736.691162 39.394108 13
-49.234329 -744.871033 33.122215 13
-50.422890 -743.873291 30.591482 13
-50.390541 -740.766785 44.543468 13
-48.251999 -740.418030 39.774727 13
-44.776886 -739.626038 19.136547 13
-51.069233 -738.305725 36.860924 13
-45.512646 -741.180908 17.992758 13
-54.660217 -740.375916 37.815575 13
-49.484688 -736.619141 42.890610 13
-45.166973 -740.646118 13.077662 13
-47.595676 -740.421936 34.330685 13
-44.244411 -739.347229 12.319141 13
-44.916290 -740.377319 17.384085 13
-48.157349 -735.971069 43.045170 13
-45.092693 -739.055115 19.320202 13
-52.173290 -738.497009 37.320065 13
-47.092690 -739.185913 15.814693 13
-43.927780 -739.344360 8.433563 13
-45.685604 -740.101868 6.494235 13
-48.619465 -738.998535 26.163549 13
-45.538506 -741.114746 24.133335 13
-49.507542 -737.923401 35.076931 13
-48.545277 -742.338745 45.075947 13
-43.734180 -740.286987 3.324773 13
-49.023224 -740.266296 24.585764 13
-52.267349 -739.524597 34.864723 13
-46.359032 -739.061340 8.561467 13
-43.910656 -740.107605 1.277852 13
-45.861698 -737.416443 34.930824 13
-55.654682 -738.963684 41.464947 13
-45.296528 -740.704468 3.062917 13
-46.833439 -742.950684 25.932838 13
-57.309093 -744.209106 41.663780 13
-54.436779 -738.390381 41.016438 13
-50.983093 -741.475037 40.223606 13
-47.249287 -740.612366 32.246708 13
-47.440254 -743.365356 26.913111 13
-58.749912 -742.081421 44.953522 13
-49.433723 -737.780090 36.207588 13
-44.409412 -738.143433 10.453838 13
-50.617996 -739.675720 30.517790 13
-43.956532 -739.340820 9.646475 13
-46.878502 -738.632141 23.026850 13
-47.266083 -742.548889 23.813625 13
-56.613140 -740.958130 41.379486 13
-50.014767 -741.601013 37.004810 13
-50.661747 -741.402710 39.295204 13
-57.763672 -737.718994 48.826920 13
-46.875076 -736.267883 40.727325 13
-50.773544 -743.383118 44.409531 13
-45.223419 -738.790466 21.205488 13
-45.606312 -737.816345 28.963736 13
-52.484722 -738.313416 38.707962 13
-46.128433 -739.622070 2.260853 13
-44.234737 -740.202026 11.660001 13
-48.623905 -738.792480 27.410910 13
-57.727455 -741.925049 43.264122 13
-49.966053 -741.032898 35.932133 13
-59.778431 -740.063843 49.039719 13
-49.872520 -735.654968 46.229935 13
-48.345367 -741.766968 24.408707 13
-46.049179 -742.079468 23.848173 13
-56.573158 -738.340820 44.588882 13
-53.908031 -744.836426 38.076164 13
-43.849125 -740.258850 5.929092 13
-52.963284 -737.061768 43.689224 13
-46.108528 -737.966064 26.791508 13
-51.086227 -738.590149 35.365456 13
-48.870750 -737.899353 33.021542 13
-48.404484 -739.244080 23.273180 13
-48.905388 -739.923340 40.497158 13
-47.770096 -736.532410 41.392071 13
-46.690590 -739.963623 13.251248 13
-46.958931 -740.449219 28.871090 13
-57.921543 -740.843445 44.023056 13
-44.908188 -738.993774 16.203474 13
-50.368298 -742.488220 39.929691 13
-42.978355 -738.614380 1.370857 13
-47.097137 -740.725647 30.027023 13
-57.146210 -740.819214 42.594124 13
-50.089500 -741.008179 36.671337 13
-44.575726 -738.419006 28.970354 13
-54.687290 -742.142944 37.682053 13
-47.913696 -741.750793 36.126431 13
-46.520397 -737.383423 34.789043 13
-46.382080 -742.744263 26.483938 13
-45.837761 -740.439209 4.977610 13
-45.664219 -738.716797 17.176989 13
-48.420135 -737.814148 32.361538 13
-51.247871 -742.325989 42.669575 13
-46.794197 -739.266846 13.703838 13
-47.318966 -741.091858 20.775465 13
-54.854671 -736.873718 45.664394 13
-51.471340 -744.471008 33.434624 13
-52.011417 -742.377380 32.067909 13
-52.793625 -742.128845 48.353226 13
-43.769947 -740.379883 2.683059 13
-48.738548 -739.627380 34.092438 13
-44.390839 -740.186035 14.409242 13
-46.545837 -741.489685 24.999022 13
-44.387310 -740.229492 15.699920 13
-49.040718 -744.312805 30.103270 13
-48.598373 -739.189941 24.945517 13
-45.976959 -742.094666 25.858479 13
-51.394619 -743.060242 44.642429 13
-47.256058 -743.603699 29.581743 13
-45.354053 -738.681763 18.509869 13
-53.858646 -736.341675 48.632252 13
-45.099594 -738.550598 24.667326 13
-45.479000 -740.782898 22.742292 13
-48.330650 -742.014099 37.334019 13
-50.556664 -741.620667 29.346182 13
-45.035923 -737.954285 9.550345 13
-46.833874 -741.823853 21.694027 13
-50.802921 -740.926086 45.039555 13
-47.393970 -743.141602 26.168766 13
-54.309566 -744.340637 38.103115 13
-45.164314 -740.971375 12.228034 13
-48.931431 -738.623840 29.293274 13
-44.352192 -739.214478 13.005052 13
-55.661045 -736.477295 49.082081 13
-44.563404 -738.628601 14.041122 13
-46.171581 -739.641663 9.955956 13
-57.091419 -741.405334 42.322430 13
-55.328300 -743.520081 39.157440 13
-47.981514 -741.215454 38.191593 13
-47.619976 -737.799744 29.904959 13
-52.711937 -742.011108 33.390038 13
-49.823315 -742.971191 41.637577 13
-52.820808 -744.098389 35.264393 13
-49.505035 -740.571289 26.750191 13
-55.520844 -737.865906 43.996002 13
-46.157543 -740.459656 10.464354 13
-47.084431 -737.064148 38.052090 13
-55.438614 -738.375427 42.704910 13
-53.211071 -738.844727 38.019630 13
-47.873726 -740.357849 35.541546 13
-54.152893 -740.703857 36.596783 13
-49.887054 -737.309631 39.663883 13
-58.096592 -738.195190 49.440685 13
-48.911991 -742.896057 45.541950 13
-48.023106 -736.575012 41.989273 13
-47.098621 -738.873474 19.111019 13
-45.632832 -738.826782 2.314467 13
-53.022514 -739.198486 37.016544 13
-48.776173 -736.916931 40.992916 13
-45.391201 -738.076660 28.052744 13
-51.268223 -742.187439 45.347324 13
-51.566719 -745.031250 35.125034 13
-50.694729 -740.922546 29.955530 13
-46.414299 -740.196594 14.219627 13
-46.779007 -739.906921 12.613052 13
-54.754475 -737.535645 43.485764 13
-45.950226 -739.566772 6.837922 13
-44.894016 -737.034119 35.397903 13
-55.157246 -741.312012 38.453861 13
-57.122646 -738.752747 44.674137 13
-47.327492 -738.655273 23.537115 13
-44.198101 -738.695190 10.205783 13
-55.216171 -744.511658 39.557079 13
-45.064732 -738.167664 6.770177 13
-55.185158 -738.476257 41.971607 13
-46.688915 -740.462036 26.455244 13
-48.758297 -739.749451 36.249783 13
-48.115078 -741.496521 29.228498 13
-44.957256 -739.126343 20.431328 13
-52.305298 -743.644531 33.627510 13
-45.818130 -738.568787 10.946404 13
-50.151318 -743.717224 30.024109 13
-51.170204 -743.679382 31.373070 13
-49.703938 -739.065186 29.768917 13
-52.884682 -744.564697 51.353664 13
-53.714581 -738.399048 40.091629 13
-48.181606 -740.819031 39.164143 13
-46.591259 -737.394470 32.961151 13
-44.279202 -738.137756 6.722826 13
-48.323120 -740.418579 41.146557 13
-46.151249 -738.687439 14.590158 13
-45.247681 -740.856567 16.192968 13
-56.378532 -742.092529 40.632702 13
-56.042587 -740.790344 40.233383 13
-43.663216 -740.380310 0.763456 13
-45.703991 -741.346558 24.838039 13
-45.794712 -740.100647 7.791146 13
-51.897327 -743.533936 47.258011 13
-49.436596 -737.988586 34.238113 13
-50.037788 -743.222046 28.368954 13
-54.336575 -739.442017 38.616199 13
-43.588085 -739.316284 3.104577 13
-45.065445 -739.075500 18.012300 13
-45.026634 -740.685547 5.842079 13
-46.258770 -737.476685 33.578072 13
-53.055004 -736.902161 44.626095 13
-44.508537 -737.930420 12.671349 13
-56.049488 -744.804749 40.313492 13
-46.396645 -738.869263 13.349615 13
-46.929119 -738.946045 16.645517 13
-44.479443 -737.838135 2.809514 13
-48.051411 -739.856934 19.589596 13
-50.805897 -744.346069 49.406723 13
-50.963753 -744.228760 32.296211 13
-47.321304 -739.335327 28.517021 13
-56.957466 -739.585693 42.969585 13
-56.717869 -737.622925 46.839523 13
-49.769836 -742.448181 27.621006 13
-50.830753 -741.532654 45.318623 13
-49.560371 -738.230408 33.119282 13
-48.843929 -742.642395 44.314594 13
-45.100468 -738.232971 27.235203 13
-44.372196 -740.728088 0.060568 13
-43.985783 -738.737427 13.127648 13
-59.871574 -739.465881 49.643314 13
-46.264790 -738.964600 7.955391 13
-47.857635 -741.534485 35.480797 13
-43.880287 -739.218445 10.936484 13
-50.486885 -735.827393 46.208569 13
-56.885151 -743.013733 41.578907 13
-50.305779 -744.156372 48.444256 13
-56.836300 -740.324951 41.700569 13
-53.816547 -738.881409 38.976089 13
-51.786545 -736.849731 43.557095 13
-47.940002 -738.990356 22.923695 13
-44.957710 -738.146790 4.005760 13
-52.054646 -744.667664 34.914806 13
-48.173359 -736.763184 40.899128 13
-56.868103 -744.271301 41.221287 13
-47.841129 -736.783813 40.312122 13
-55.151520 -736.740479 49.889122 13
-47.271591 -739.773132 15.882897 13
-48.376869 -737.567566 34.653240 13
-52.519291 -740.951965 33.760414 13
-53.401581 -742.994141 35.150227 13
-49.400238 -736.111267 44.600246 13
-50.409168 -742.931396 40.450798 13
-43.394981 -739.296631 4.117564 13
-44.729000 -739.971985 16.957611 13
-46.346897 -739.806824 11.140716 13
-49.058979 -737.029358 40.443172 13
-49.954090 -737.734497 37.351246 13
-44.033134 -737.813049 31.131947 13
-49.477512 -743.215881 44.820438 13
-46.637482 -737.430359 34.150761 13
-49.427425 -741.702515 26.952929 13
-55.502167 -739.234375 40.695866 13
-47.877182 -737.125122 38.790577 13
-53.906212 -735.740295 50.054733 13
-51.570347 -743.267456 45.503559 13
-55.780769 -743.790649 40.128025 13
-44.939827 -740.265381 22.294296 13
-54.701004 -744.255859 38.610306 13
-54.604527 -736.381836 47.815838 13
-51.407261 -739.726868 32.770138 13
-47.729000 -737.477905 34.624676 13
-49.725300 -742.537415 37.211014 13
-54.116394 -737.129700 44.348427 13
-48.671425 -742.546265 36.812542 13
-46.886665 -740.205872 27.749523 13
-47.595486 -738.382141 26.851330 13
-48.158455 -741.661438 39.443409 13
-50.439728 -736.976990 42.186981 13
-54.913200 -742.518188 38.354794 13
-52.139545 -742.667725 46.505146 13
-48.675186 -737.629028 35.243698 13
-56.901093 -737.995300 45.968090 13
-51.707790 -736.146790 47.074005 13
-45.808769 -741.290100 19.581570 13
-46.633556 -741.483093 19.672504 13
-54.897121 -743.589417 38.745373 13
-52.010849 -744.416626 34.278175 13
-45.061111 -738.865540 22.715729 13
-52.547642 -743.180664 48.462597 13
-51.683495 -743.586731 32.489491 13
-48.275211 -740.930115 23.024841 13
-46.283825 -742.099548 22.546860 13
-48.337395 -743.443970 27.043694 13
-54.793522 -744.657715 39.104084 13
-54.751488 -737.191956 44.683048 13
-50.129307 -739.450012 29.412163 13
-53.650208 -741.105957 35.521545 13
-46.423656 -737.596069 31.232426 13
-55.903870 -742.843140 39.816528 13
-51.401115 -736.306091 46.258572 13
-55.412418 -743.941467 39.682373 13
-47.914352 -744.165649 29.916056 13
-51.649815 -740.893494 32.116306 13
-45.078854 -737.641968 1.852488 13
-45.187096 -738.204956 5.819405 13
-57.682281 -737.315002 49.259319 13
-47.866722 -741.081299 37.257633 13
-48.258232 -737.500549 35.748520 13
-53.192944 -735.955322 50.077778 13
-52.194267 -739.095276 35.350136 13
-54.726955 -737.798218 42.920311 13
-52.844593 -743.133362 49.126240 13
-59.290745 -741.240601 46.433533 13
-46.118099 -740.735962 22.932484 13
-56.130692 -739.949829 40.760250 13
-52.860939 -740.078674 35.313496 13
-44.610069 -739.676208 23.191217 13
-45.294327 -738.389709 13.481839 13
-44.745640 -740.766663 9.128184 13
-53.382679 -745.602966 37.465916 13
-43.519176 -739.650696 1.385231 13
-45.391388 -738.253967 25.311472 13
-44.024967 -739.965759 9.767124 13
-43.622200 -738.997803 8.867037 13
-52.993752 -740.658020 34.875607 13
-48.928196 -742.753967 38.187469 13
-46.964069 -738.772278 20.536572 13
-57.598030 -738.419495 46.499298 13
-55.530628 -744.965515 39.834251 13
-47.876797 -740.445862 20.420336 13
-56.851738 -741.440979 41.665226 13
-54.561428 -741.020691 37.217003 13
-44.776188 -738.047729 30.995928 13
-46.467899 -738.723877 15.521399 13
-47.134102 -740.557251 31.270864 13
-47.632702 -736.964233 39.312775 13
-48.039631 -741.753784 34.379860 13
-46.101936 -737.281860 35.955311 13
-44.651680 -737.939575 7.845406 13
-47.867882 -737.265625 37.570957 13
-48.939365 -740.835144 24.871935 13
-56.096367 -744.094727 40.550060 13
-48.802090 -739.559448 22.065786 13
-44.660233 -741.114319 11.870039 13
-44.653664 -737.819214 32.063061 13
-44.580795 -739.370056 18.200399 13
-52.580940 -737.118225 43.246449 13
-43.864555 -738.695312 5.586805 13
-52.895660 -745.044495 36.925980 13
-48.162228 -741.633118 30.693834 13
-49.426708 -741.896118 35.218086 13
-50.212040 -740.939209 28.773663 13
-52.141678 -743.771179 48.624569 13
-48.049183 -738.178772 29.165085 13
-50.045391 -739.518311 28.786163 13
-43.350300 -739.280823 2.481658 13
-49.283489 -736.817200 41.594051 13
-45.629822 -739.850159 0.297953 13
-46.377880 -739.566650 24.287588 13
-51.511070 -743.151794 31.630562 13
-52.472031 -736.518372 46.272083 13
-52.754387 -743.641724 49.631554 13
-56.517994 -743.409729 41.058353 13
-45.110455 -740.762207 9.864785 13
-53.682571 -742.295593 35.393520 13
-49.205349 -743.048462 43.301826 13
-49.306107 -742.720337 40.456642 13
-45.493233 -740.093628 2.787561 13
-57.302917 -740.090515 43.308807 13
-52.845409 -743.860901 51.280888 13
-46.022713 -740.216309 23.242622 13
-48.680920 -739.756348 35.345436 13
-50.958759 -744.590027 33.113743 13
-53.855019 -739.625916 37.722027 13
-46.636429 -740.046753 25.628496 13
-46.954895 -741.118896 25.829618 13
-51.250751 -741.247742 31.011978 13
-51.389328 -741.818054 46.769295 13
-48.487263 -742.475159 40.564667 13
-53.390381 -736.304688 48.994041 13
-52.244789 -744.028259 49.433311 13
-45.669010 -737.547607 33.763378 13
-47.440800 -741.265564 30.884441 13
-48.124241 -741.965271 35.026459 13
-57.848866 -739.259399 45.424469 13
-49.754463 -743.655273 45.911110 13
-55.499462 -739.815735 39.851624 13
-48.667576 -737.130615 39.787075 13
-46.025326 -739.406433 5.556287 13
-50.408417 -745.016418 33.733223 13
-51.286026 -735.765991 48.299541 13
-53.872375 -736.623779 46.385517 13
-45.947578 -741.613464 20.627356 13
-48.333176 -740.482239 41.884239 13
-46.699635 -739.074402 22.258898 13
-55.861786 -737.216919 46.198364 13
-48.263657 -744.023254 29.074217 13
-51.970875 -745.492554 35.930687 13
-44.562256 -740.590576 1.619552 13
-49.416264 -739.191650 28.268270 13
-49.757839 -744.666809 32.128929 13
-53.439278 -741.909302 34.929287 13
-52.346283 -743.953796 34.180981 13
-55.537754 -742.975281 39.249836 13
-46.640995 -740.875793 18.426645 13
-51.064106 -740.575928 31.176172 13
-52.843239 -743.712769 34.733597 13
-48.739712 -742.387329 39.512745 13
-45.731598 -738.951355 6.290510 13
-56.196190 -738.682434 42.576672 13
-44.594822 -739.499390 17.305511 13
-48.738297 -735.834839 44.174068 13
-43.748131 -739.022705 6.314595 13
-51.118633 -736.655823 44.585316 13
-49.911346 -742.651306 38.037796 13
-58.807037 -740.093994 46.750805 13
-47.277191 -739.752869 29.629604 13
-46.918301 -737.724670 29.328148 13
-48.243259 -740.944397 43.446362 13
-47.546085 -737.470764 32.909489 13
-44.291508 -738.202454 31.698687 13
-51.445141 -744.691772 33.982059 13
-50.615112 -737.423462 39.878784 13
-50.604836 -742.904053 29.419678 13
-45.028080 -738.055237 29.278574 13
-51.506653 -742.378113 31.036062 13
-53.223213 -737.872742 40.934486 13
-55.932735 -742.238159 39.884750 13
-57.858639 -742.761963 42.982117 13
-56.320065 -742.948608 40.739349 13
-51.647652 -739.367249 33.667240 13
-53.581657 -740.625854 35.879910 13
-44.177834 -739.934265 12.176274 13
-46.053650 -739.667969 7.523031 13
-46.234711 -736.343018 38.676121 13
-51.330158 -738.504150 35.927349 13
-45.918522 -737.049927 37.061577 13
-43.443527 -737.991943 1.367322 13
-45.883266 -736.656799 37.607849 13
-47.483486 -737.460693 34.035461 13
-47.976223 -741.789124 23.337505 13
-50.119843 -741.297607 43.841328 13
-49.233658 -743.334839 27.955725 13
-44.319885 -740.373169 11.059827 13
-53.471268 -744.504089 37.200176 13
-48.101337 -739.269165 21.478203 13
-53.221252 -744.138306 36.169392 13
-53.826080 -737.784668 41.849686 13
-52.216492 -741.616089 32.593933 13
-49.793873 -743.651428 29.298191 13
-55.794510 -738.225586 43.547123 13
-53.920509 -741.728882 35.950668 13
-48.483303 -739.555176 20.745676 13
-48.673248 -738.264954 30.185667 13
-52.001579 -736.773010 44.451283 13
-48.945564 -742.799377 25.893650 13
-45.398224 -737.839111 31.119604 13
-44.239491 -740.416199 0.690849 13
-48.344616 -741.450562 41.126602 13
-46.967289 -739.332886 14.666034 13
-45.507347 -740.511047 7.506165 13
-44.061996 -738.233887 2.699162 13
-47.600204 -741.079407 35.230984 13
-49.624550 -737.112610 40.462711 13
-58.386436 -742.498779 43.985657 13
-57.219421 -739.218628 44.091980 13
-46.566231 -736.236450 39.453758 13
-47.107594 -736.672241 40.316158 13
-44.364037 -737.903381 4.848423 13
-45.907406 -741.895264 24.895445 13
-48.710896 -740.154053 22.902632 13
-45.975060 -740.698486 8.820828 13
-56.837921 -737.528748 49.096371 13
-49.002193 -736.535034 42.611271 13
-44.587780 -739.757935 24.791868 13
-44.920803 -737.859253 10.527706 13
-57.029858 -737.463562 47.961079 13
-46.008324 -742.280396 24.388132 13
-49.178638 -738.251648 31.747084 13
-50.226372 -743.810852 46.507797 13
-49.194164 -744.861694 32.163013 13
-49.893707 -740.127197 28.004723 13
-50.333870 -738.505737 34.232845 13
-55.560909 -741.834045 39.389545 13
-46.863556 -739.788330 14.188978 13
-51.668381 -737.724121 39.561836 13
-52.593754 -745.492432 36.620605 13
-48.931438 -739.729675 39.097401 13
-50.825974 -738.860352 33.319126 13
-45.855125 -740.637207 7.061690 13
-43.903587 -738.278442 30.725958 13
-54.911209 -740.256348 38.378368 13
-51.735630 -738.390381 36.974472 13
-48.068310 -736.945923 39.810455 13
-48.921154 -742.580566 42.217281 13
-45.699429 -741.590942 23.738453 13
-43.168457 -738.853271 1.925290 13
-46.418491 -741.090210 23.869476 13
-58.194859 -738.572998 47.539963 13
-44.680096 -738.404785 28.309267 13
-47.603733 -739.900085 18.015652 13
-45.398315 -740.874146 16.744375 13
-50.435753 -737.767273 38.072601 13
-48.798153 -737.678406 34.140701 13
-45.499290 -738.411987 12.896247 13
-46.421486 -742.763184 27.823071 13
-50.108147 -743.194702 42.881260 13
-45.863258 -740.444702 12.962135 13
-48.256424 -739.819763 33.646790 13
-45.948151 -740.789978 11.666901 13
-48.722790 -742.227539 35.669712 13
-53.717007 -737.344543 43.228973 13
-45.645630 -737.652771 30.329060 13
-44.323280 -739.617065 24.310236 13
-43.839901 -740.319214 5.042332 13
-46.095123 -739.624207 8.796584 13
-50.008316 -740.511841 42.638195 13
-44.414921 -739.439636 26.169502 13
-51.769337 -742.056335 31.633863 13
-44.714287 -740.029724 16.391075 13
-46.852318 -743.427429 28.023844 13
-48.058891 -738.921143 24.172543 13
-47.609009 -737.405884 35.805435 13
-59.230087 -738.781311 49.893616 13
-49.537697 -742.058167 36.265472 13
-58.084122 -740.117065 44.708126 13
-52.217728 -737.480164 41.154396 13
-51.392616 -738.737915 34.879635 13
-47.347916 -736.153992 41.305645 13
-48.138950 -741.853699 33.379314 13
-52.391800 -743.991699 50.950886 13
-52.975586 -743.470581 50.115089 13
-45.048252 -740.648193 14.230399 13
-43.528450 -739.809814 2.172865 13
-47.886169 -744.079346 30.663685 13
-46.202072 -740.254211 9.186811 13
-45.414505 -740.482544 8.207794 13
-57.063862 -742.526367 41.789074 13
-58.702675 -738.403687 49.119373 13
-56.510460 -739.358765 42.294754 13
-59.297993 -740.058105 48.529636 13
-44.614815 -739.609558 21.374973 13
-54.308376 -743.018738 37.140465 13
-44.515530 -737.276733 34.046032 13
-47.194279 -741.147095 27.881754 13
-43.806946 -738.634766 28.688345 13
-49.601479 -739.635193 26.839954 13
-46.926266 -740.018372 15.308171 13
-51.039032 -745.031311 34.519207 13
-48.287418 -740.779907 40.217506 13
-46.346046 -743.012756 27.033892 13
-54.469017 -736.511169 50.013729 13
-50.345577 -740.447388 29.490379 13
-44.781708 -740.658142 3.262120 13
-44.292866 -739.064331 16.351507 13
-51.072811 -739.805481 31.896118 13
-50.035202 -738.112793 35.207138 13
-45.060619 -738.166260 12.394245 13
-52.951710 -744.080078 50.328590 13
-58.867970 -741.653931 45.559406 13
-48.975552 -739.656982 38.020500 13
-56.572067 -736.735474 49.416962 13
-44.395477 -738.926025 26.559261 13
-54.103142 -738.741333 39.708279 13
-48.577740 -742.126770 43.670467 13
-47.760620 -741.577393 32.594109 13
-49.248013 -738.571289 30.443077 13
-46.716549 -738.754578 17.856806 13
-44.881557 -740.898682 15.345612 13
-51.043312 -745.548767 34.861309 13
-50.024117 -742.391357 38.797955 13
-51.389832 -737.296204 41.078060 13
-44.087448 -739.359497 27.315916 13
-49.993671 -743.347900 43.964531 13
-51.860119 -737.088074 42.477924 13
-51.264542 -741.809753 30.704416 13
-49.401031 -735.433594 44.853123 13
-44.521469 -738.309143 12.230966 13
-52.449131 -737.269226 42.644825 13
-45.319809 -738.654114 15.967678 13
-57.233318 -741.934753 42.422249 13
-48.247692 -740.301086 37.418354 13
-48.098251 -741.751892 38.170982 13
-48.781395 -742.410217 41.140491 13
-46.017376 -738.655029 16.251738 13
-56.928787 -740.386658 42.236591 13
-57.354065 -743.591431 41.905411 13
-56.480759 -743.971375 40.951698 13
-44.856651 -740.242493 19.053326 13
-48.803318 -739.768005 37.210682 13
-52.322559 -744.297241 50.375862 13
-43.969368 -738.173096 1.803750 13
-43.709686 -738.678711 3.144760 13
-46.389919 -738.641663 21.599554 13
-43.759239 -738.856995 10.507987 13
-45.184605 -738.089050 30.108459 13
-54.173870 -740.011475 37.497559 13
-44.063461 -738.750000 29.712681 13
-47.957405 -741.664612 37.098228 13
-44.778419 -740.623596 4.999149 13
-44.679279 -740.717773 8.308563 13
-46.503582 -742.352539 23.463631 13
-46.091343 -738.642761 15.125283 13
-49.242950 -739.838440 25.196686 13
-47.495407 -740.944397 34.713589 13
-53.803078 -737.938660 41.248058 13
-48.492664 -741.271973 24.204363 13
-52.530842 -738.046814 39.718975 13
-52.069237 -736.640503 45.194973 13
-47.373478 -741.312744 29.853546 13
-54.921028 -736.249756 49.709675 13
-45.495968 -737.334900 36.129852 13
-54.719063 -738.181885 41.918655 13
-48.633850 -740.040833 39.844086 13
-51.872078 -741.783569 45.992668 13
-44.450813 -740.438171 10.152530 13
-50.380337 -738.157898 36.003300 13
-47.518826 -739.336487 29.015356 13
-51.846367 -743.321655 46.701733 13
-46.494091 -738.076660 26.385805 13
-52.546688 -742.562561 33.147549 13
-46.084942 -739.313171 4.338602 13
-44.111290 -739.043823 14.928250 13
-48.118420 -740.018127 20.152912 13
-47.111538 -737.637756 30.436243 13
-45.283230 -738.526978 23.501276 13
-59.006413 -739.896423 47.612015 13
-49.596733 -744.928589 33.692078 13
-59.011730 -739.231812 48.395912 13
-57.334576 -738.004700 47.029438 13
-47.131615 -738.240967 26.493441 13
-50.327507 -742.341736 28.767637 13
-46.480877 -742.620667 25.319365 13
-48.246426 -741.706482 31.440952 13
-46.656151 -737.342224 35.865124 13
-46.476322 -738.561707 22.651480 13
-45.447552 -737.461853 34.554111 13
-56.816292 -742.151917 41.415997 13
-46.961269 -740.216370 30.397436 13
-44.592941 -739.094299 25.155321 13
-53.075684 -742.692871 34.340393 13
-52.547092 -737.841553 40.317032 13
-50.961212 -745.174683 35.278965 13
-50.873177 -736.889221 42.851425 13
-45.143848 -738.102234 8.722093 13
-49.694057 -744.533569 31.246998 13
-49.583584 -741.794373 35.741535 13
-47.160275 -740.601074 18.372969 13
-47.602989 -741.632080 29.072729 13
-49.235874 -743.338135 46.597298 13
-44.478115 -740.302368 15.010276 13
-45.139294 -740.474243 1.984474 13
-49.433475 -743.224243 47.587982 13
-45.575642 -740.135132 4.603415 13
-58.025562 -741.922180 43.723820 13
-46.373676 -737.762085 28.755686 13
-48.453621 -737.187134 38.764290 13
-50.886135 -741.895935 40.658314 13
-51.006329 -742.982239 30.516512 13
-45.548149 -741.141846 20.256330 13
-48.343025 -737.319824 37.846001 13
-45.867573 -740.557434 12.339887 13
-43.823837 -739.143982 7.010948 13
-50.969715 -743.085266 43.525806 13
-48.692230 -742.733459 46.009018 13
-52.526875 -744.523193 35.446526 13
-44.150391 -738.690735 30.257044 13
-48.264015 -737.418640 36.710110 13
-46.300705 -740.253784 23.863382 13
-47.788284 -743.701843 28.030582 13
-44.902576 -738.576721 25.968483 13
-47.308178 -737.579529 31.333500 13
-48.015293 -740.677002 21.515686 13
-48.174839 -740.175232 36.389568 13
-45.477978 -741.014465 18.507824 13
-44.733768 -737.624084 33.143902 13
-44.578232 -738.034485 1.731729 13
-49.690586 -744.277893 30.481415 13
-45.763615 -741.571777 23.122519 13
-55.747898 -739.629700 40.386742 13
-45.108055 -738.131348 11.626684 13
-44.079029 -738.786804 8.403625 13
-53.438976 -739.763428 36.701492 13
-52.440632 -735.819641 48.790565 13
-46.784214 -739.330444 11.535476 13
-55.830856 -736.635193 48.203499 13
-54.845524 -740.895752 37.655891 13
-47.858204 -743.029968 25.889755 13
-46.065926 -740.180298 2.610078 13
-47.293407 -737.523376 32.065105 13
-58.659328 -737.979309 49.477642 13
-59.369900 -739.375061 49.852489 13
-47.151638 -740.345276 17.308144 13
-53.786419 -743.162048 36.170116 13
-56.775669 -739.776917 42.510590 13
-44.798817 -739.160583 22.300955 13
-50.674606 -737.345215 40.414356 13
-51.511833 -737.108765 42.046356 13
-54.125511 -741.643433 36.440346 13
-46.875610 -741.469543 20.838995 13
-48.777290 -744.632080 31.251118 13
-51.901394 -740.682983 32.962303 13
-50.663372 -743.541382 29.959564 13
-47.635998 -743.862427 28.816774 13
-45.390987 -740.244019 1.551632 13
-44.032223 -738.731262 7.836360 13
-47.505627 -741.086853 33.634464 13
-47.424500 -739.886169 31.279951 13
-52.682980 -736.677063 45.287029 13
-48.312107 -742.977844 26.163048 13
-45.229713 -738.299316 5.000067 13
-57.402241 -740.824707 43.092899 13
-51.684395 -737.546936 40.244610 13
-45.369350 -740.279846 4.137411 13
-45.110283 -738.178162 7.347782 13
-50.404011 -739.776184 29.753902 13
-47.601749 -738.232117 27.838671 13
-53.230160 -737.571228 42.003994 13
-50.423481 -738.366577 34.856228 13
-44.238640 -739.023682 11.842791 13
-43.528561 -738.749634 7.420061 13
-48.334332 -740.349548 38.253391 13
-58.701866 -740.813171 45.800816 13
-58.496918 -741.729187 44.624882 13
-49.735970 -739.560608 27.681431 13
-45.873531 -738.293030 22.802261 13
-50.046921 -741.798401 28.184530 13
-46.047070 -738.569763 21.064369 13
-45.787495 -740.544312 3.574173 13
-55.738720 -740.338196 39.698601 13
-44.400230 -740.946289 13.872026 13
-57.554253 -742.847412 42.572746 13
-50.421444 -736.398865 44.660679 13
-43.476238 -739.763184 3.373123 13
-51.615917 -741.419189 31.579636 13
-46.288506 -737.752808 27.979445 13
-57.326546 -742.495972 42.248940 13
-46.698925 -736.753174 38.883560 13
-56.244064 -737.365112 46.760204 13
-53.502018 -743.298218 35.696415 13
-44.716255 -740.708862 11.076482 13
-45.625881 -738.303406 24.394669 13
-50.736534 -743.643738 45.498180 13
-45.240944 -740.561340 19.427130 13
-50.812840 -735.630432 47.530712 13
-43.829914 -738.155273 1.033273 13
-55.436935 -736.731567 47.114895 13
-44.031681 -738.907410 14.225674 13
-52.221920 -743.201111 47.621548 13
-48.838017 -741.780518 25.378956 13
-52.311676 -736.219666 47.246117 13
-58.323898 -740.224670 45.293709 13
-49.176846 -742.428467 37.264950 13
-44.618401 -737.924133 11.519435 13
-50.575420 -743.067871 41.887886 13
-48.875305 -737.456238 37.141510 13
-46.208855 -738.617615 20.526186 13
-48.941563 -741.608337 25.931309 13
-52.796932 -738.488098 38.218658 13
-46.712238 -740.902771 25.407566 13
-57.559971 -737.896667 47.591808 13
-44.778267 -738.513733 15.055989 13
-49.783150 -742.033081 36.748898 13
-43.752510 -738.962219 4.333543 13
-46.493614 -739.291748 10.499279 13
-43.361828 -738.684326 5.217105 13
-48.299305 -741.811035 32.385643 13
-49.138836 -742.827209 41.555565 13
-45.767876 -739.675720 1.883937 13
-53.955311 -740.288879 36.842728 13
-47.200035 -738.390869 25.589165 13
-55.922173 -743.222534 40.207104 13
-47.637180 -741.555908 31.622244 13
-44.818947 -737.780518 33.640141 13
-44.409760 -738.223083 9.098596 13
-49.306274 -737.789917 35.572536 13
-49.843773 -741.189148 27.690067 13
-58.616726 -740.064209 46.232937 13
-51.299191 -743.831726 47.067623 13
-52.017391 -742.382874 45.281815 13
-50.305347 -738.793945 32.521046 13
-58.133091 -739.253357 46.397968 13
-44.345749 -738.191833 7.501573 13
-45.815102 -739.912964 3.234158 13
-55.222679 -736.529480 47.863873 13
-48.149414 -742.156738 38.726768 13
-47.821709 -740.221436 34.747982 13
-48.016094 -738.657227 26.172956 13
-50.147007 -743.387146 28.871077 13
-44.886166 -739.158081 21.403263 13
-45.948334 -740.730774 9.728566 13
-56.893665 -739.160706 43.381157 13
-55.115852 -737.558105 44.118629 13
-43.800613 -739.665161 7.241292 13
-48.814762 -738.141235 31.269884 13
-46.034218 -738.639893 13.788107 13
-43.400269 -738.702026 4.007046 13
-57.767868 -739.702637 44.607616 13
-54.124489 -736.111755 49.742310 13
-44.245373 -737.843506 32.431698 13
-47.460285 -740.769348 19.927036 13
-47.676960 -741.778015 33.146877 13
-48.421371 -739.800720 34.474983 13
-51.007137 -742.417725 30.023613 13
-43.715935 -739.893677 6.297620 13
-47.450359 -739.723267 30.783028 13
-48.158382 -742.536743 25.047558 13
-44.801388 -738.047607 13.437697 13
-46.564999 -742.589844 24.510796 13
-47.470417 -740.151367 32.430950 13
-48.395618 -740.934875 41.034222 13
-50.857548 -739.147705 32.007145 13
-45.830658 -737.621826 29.418682 13
-54.601917 -736.571411 46.739391 13
-44.099514 -738.867737 9.468446 13
-46.922939 -743.194458 28.750652 13
-55.192509 -740.170532 38.830307 13
-54.351871 -736.763306 45.722839 13
-47.275558 -741.684265 22.121202 13
-48.611053 -743.109192 26.736094 13
-55.743935 -741.364380 39.534031 13
-51.647491 -741.608093 45.013538 13
-43.496117 -740.103577 0.372254 13
-58.873310 -742.424988 45.323338 13
-53.396931 -736.343994 47.802128 13
-50.957653 -736.743469 43.812988 13
-44.915123 -738.099731 2.545389 13
-48.218510 -739.530762 19.233383 13
-46.279682 -738.266174 24.979059 13
-47.083694 -738.757996 21.426973 13
-47.067673 -739.745300 13.658276 13
-52.672916 -736.932373 44.265530 13
-49.381046 -743.009766 27.498501 13
-51.945549 -736.417236 46.014351 13
-56.250320 -739.616089 41.448093 13
-58.630680 -742.296753 44.486507 13
-47.962257 -739.328552 20.074190 13
-52.687138 -739.371582 36.080193 13
-44.664902 -740.660767 4.153018 13
-52.234886 -744.751587 50.642448 13
-54.527863 -743.297363 37.834732 13
-45.679836 -741.795654 22.198435 13
-47.714939 -742.385437 24.154919 13
-51.429756 -742.598572 43.677624 13
-58.538467 -738.515198 48.495388 13
-54.150681 -742.473877 36.704517 13
-46.817757 -737.330688 32.120323 13
-54.528706 -736.346130 48.949295 13
-48.890572 -739.629211 22.605890 13
-46.625858 -739.809448 26.635979 13
-47.993637 -741.578979 29.958351 13
-43.235771 -738.870483 3.305525 13
-43.967926 -739.262939 26.311016 13
-48.751335 -738.720581 28.344950 13
-44.813263 -740.781555 10.288836 13
-53.284336 -738.383362 39.116905 13
-44.267883 -740.721619 15.800341 13
-54.543545 -741.782471 37.203949 13
-48.043945 -738.026733 29.756084 13
-48.515144 -742.321045 42.648182 13
-56.228844 -737.009033 47.697914 13
-51.315590 -739.959900 32.326241 13
-46.787102 -740.995911 19.201433 13
-48.799606 -742.070862 34.558609 13
-48.177681 -742.124756 37.820019 13
-46.083740 -740.111267 8.295160 13
-48.823170 -742.362305 37.877155 13
-45.204334 -737.764343 32.037102 13
-47.784744 -742.011414 22.913975 13
-48.067505 -739.528748 31.553093 13
-50.532314 -741.214966 38.278492 13
-51.215054 -741.713440 41.653091 13
-54.482655 -736.456848 47.317390 13
-45.526085 -738.677429 15.394990 13
-54.167072 -743.997620 37.757172 13
-52.204418 -742.565552 32.506310 13
-47.622059 -741.052795 21.482584 13
-46.112820 -741.127319 18.775833 13
-45.970402 -738.629761 12.789153 13
-49.243126 -745.228882 32.623749 13
-46.941906 -738.618286 22.486914 13
-43.447617 -739.313965 5.520932 13
-47.843651 -743.487244 27.218056 13
-50.342411 -739.068542 31.467888 13
-44.776382 -739.078491 23.917646 13
-46.957222 -739.094055 15.339163 13
-48.499619 -737.537231 36.185619 13
-48.614384 -742.673889 25.222258 13
-59.414005 -741.683594 46.211849 13
-51.323418 -741.659119 45.497772 13
-50.815094 -742.581970 41.773853 13
-51.612301 -743.475525 46.162998 13
-44.907349 -740.620544 0.385682 13
-47.358471 -740.954041 32.732635 13
-55.851383 -737.904053 44.446564 13
-51.016247 -738.114197 37.376190 13
-56.431431 -738.517090 43.890579 13
-58.575241 -739.231201 46.845695 13
-48.372917 -742.193176 41.440769 13
-55.758450 -737.588623 45.008163 13
-45.077003 -739.025452 16.850460 13
-44.733311 -737.879272 8.342364 13
-48.554928 -744.459961 30.832260 13
-52.813534 -742.993652 34.043228 13
-43.866188 -739.230164 7.947808 13
-48.365883 -742.347778 35.231300 13
-48.931110 -739.533447 24.269346 13
-53.913509 -736.847229 45.287472 13
-51.345448 -744.052917 48.009579 13
-45.004162 -740.481628 21.790260 13
-50.644138 -738.034790 36.759453 13
-50.741329 -744.813660 32.724697 13
-47.183750 -737.983765 28.331791 13
-44.623325 -739.282043 15.713775 13
-46.407379 -737.546448 31.916481 13
-51.576679 -735.822998 47.883308 13
-46.590511 -737.469177 29.670937 13
-47.541882 -739.267700 18.163548 13
-49.972919 -736.833496 42.389053 13
-51.836872 -744.081848 47.968521 13
-46.210247 -736.888367 38.042694 13
-46.180393 -738.955505 11.079391 13
-45.520374 -741.175354 22.223309 13
-52.693638 -735.486450 49.321968 13
-46.843937 -737.982666 27.432749 13
-55.037952 -741.377380 37.967342 13
-55.415245 -737.113831 45.581852 13
-44.161388 -738.070984 3.719265 13
-46.817429 -740.760925 27.064947 13
-53.263359 -738.252441 39.595478 13
-46.464897 -738.950439 12.839598 13
-44.472984 -738.289490 11.128833 13
-55.329342 -738.950317 41.045029 13
-48.560249 -741.104248 43.873985 13
-57.457684 -739.953552 43.744331 13
-43.741249 -740.358826 3.922952 13
-44.692760 -739.810425 19.906132 13
-48.170876 -737.762146 31.928795 13
-50.154366 -739.164368 30.540592 13
-43.915363 -740.410339 1.702092 13
-59.130623 -740.752441 47.562626 13
-47.268108 -741.093567 30.322262 13
-48.770851 -740.397400 23.805805 13
-50.110573 -741.148254 44.397156 13
-44.531746 -739.326965 20.251900 13
-49.869236 -742.700195 39.659275 13
-51.263145 -736.456421 45.287281 13
-47.176830 -739.727356 28.249937 13
-53.036186 -741.947998 34.039768 13
-47.681232 -740.904846 36.435238 13
-53.706188 -743.506165 36.558426 13
-45.822830 -738.335510 23.353386 13
-46.806015 -737.084290 37.450989 13
-47.703487 -740.199768 33.897991 13
-46.433849 -740.647583 24.152016 13
-45.304134 -740.287292 0.139829 13
-47.443710 -739.989441 17.497189 13
-58.977432 -738.722412 49.378834 13
-51.439220 -744.450684 49.722256 13
-58.026848 -742.956787 43.435997 13
-51.831860 -744.055908 48.907810 13
-48.595310 -743.815063 28.384157 13
-44.233284 -740.227173 7.496703 13
-44.521362 -737.840759 5.813565 13
-47.965008 -741.248962 22.375954 13
-44.335285 -739.362976 25.480400 13
-46.761440 -740.333130 16.052614 13
-48.323387 -739.351868 22.044525 13
-48.305489 -741.740784 40.499275 13
-51.759895 -738.178711 37.950516 13
-49.394554 -743.347534 45.819904 13
-43.980442 -738.668030 6.721186 13
-45.309704 -740.648804 11.044330 13
-54.641678 -738.421875 41.463238 13
-47.523396 -740.760742 35.626587 13
-48.818676 -743.070435 46.570683 13
-46.590759 -739.949158 13.757740 13
-43.469086 -738.671448 6.136276 13
-50.738041 -737.235535 41.493023 13
-48.268436 -742.116577 36.102272 13
-48.379391 -739.888306 21.333733 13
-54.205074 -745.194092 38.473797 13
-43.663834 -740.281921 2.192472 13
-56.399258 -741.167847 40.956757 13
-45.194294 -740.622681 12.588609 13
-57.582935 -743.358948 42.322536 13
-44.621143 -740.556030 7.608294 13
-52.568905 -742.607727 48.243122 13
-45.016590 -740.442017 18.497869 13
-53.633514 -739.242798 37.973793 13
-47.355015 -742.829163 25.073420 13
-51.655556 -742.582031 44.680168 13
-57.256763 -737.300537 48.981510 13
-44.388287 -739.362671 13.836548 13
-52.064350 -740.197693 33.861595 13
-49.153561 -742.421692 26.256638 13
-54.095581 -743.413086 36.953018 13
-45.394123 -737.671997 32.812336 13
-49.427631 -741.304810 26.667440 13
-48.558086 -740.916199 23.678286 13
-51.009460 -742.758850 42.786049 13
-46.900887 -741.176086 24.846817 13
-49.346470 -737.279602 39.371178 13
-47.844147 -742.565979 24.676504 13
-45.487865 -740.656128 15.757232 13
-55.625446 -740.887512 39.186188 13
-44.841110 -739.376831 17.700230 13
-46.294605 -738.448730 23.643929 13
-51.078381 -741.937561 30.246740 13
-46.782223 -740.043823 29.115435 13
-45.965084 -742.024963 25.365824 13
-50.265213 -735.369751 46.274261 13
-51.350647 -743.921143 32.324600 13
-44.201981 -740.249207 4.315516 13
-44.987938 -737.925537 10.046444 13
-45.449574 -741.007446 21.373240 13
-47.895561 -737.345825 37.034386 13
-53.441563 -737.178650 43.643707 13
-58.707504 -741.193604 45.487141 13
-45.739365 -738.068787 25.754574 13
-48.754368 -739.485779 23.776333 13
-50.201015 -736.578613 43.826405 13
-59.230679 -740.177734 49.001511 13
-47.780155 -739.447388 16.808054 13
-45.335014 -740.469666 20.882717 13
-48.761456 -740.109985 23.407446 13
-53.386417 -739.491638 37.103222 13
-46.682373 -740.794983 17.388742 13
-46.222633 -741.448364 19.968084 13
-48.457035 -736.300049 43.241089 13
-52.307468 -739.902161 34.422539 13
-49.978298 -736.630432 43.115547 13
-43.163734 -739.409485 0.558574 13
-59.538441 -740.765442 48.211876 13
-51.988010 -738.164490 38.699139 13
-44.224102 -740.654419 2.599584 13
-52.017368 -735.364685 48.672695 13
-45.178864 -740.437927 19.901558 13
-45.959534 -740.073242 11.064236 13
-53.735134 -736.316650 48.162312 13
-48.501614 -742.321655 42.117580 13
-58.419090 -741.076721 44.740936 13
-48.134945 -737.572693 33.586475 13
-49.410107 -742.695129 39.980064 13
-48.629436 -741.884338 24.768541 13
-47.346218 -740.518127 18.828558 13
-44.741886 -740.675110 14.790229 13
-58.201126 -738.218445 48.237225 13
-50.579899 -735.784241 47.093864 13
-50.292877 -738.532043 33.695396 13
-50.300720 -743.223694 43.309998 13
-44.462639 -739.230774 23.337423 13
-44.354599 -740.117981 13.234731 13
-53.509693 -737.409485 42.774780 13
-51.789356 -739.368469 34.264744 13
-46.599041 -740.174927 14.978354 13
-46.005466 -739.995911 6.149908 13
-46.377850 -741.918152 21.577341 13
-43.813728 -738.505005 3.615580 13
-47.380894 -740.751404 33.310062 13
-49.006710 -739.079468 27.287931 13
-45.559643 -740.498047 13.504776 13
-45.821518 -740.175598 9.473073 13
-45.171242 -738.292053 26.380518 13
-53.937218 -742.617004 36.298306 13
-45.159756 -738.343201 3.616722 13
-48.574333 -744.292114 29.959063 13
-48.271191 -739.733582 33.169147 13
-49.579952 -745.210754 33.020988 13
-47.461906 -739.037598 19.844532 13
-43.554893 -739.022156 1.495602 13
-54.677387 -739.466309 39.043625 13
-50.479427 -744.010803 47.613300 13
-49.203121 -743.059082 45.197651 13
-53.708050 -744.092468 37.302864 13
-44.382435 -739.839539 13.918906 13
-53.170509 -744.067078 35.658108 13
-49.377754 -743.187988 43.735706 13
-55.164486 -738.061218 42.949181 13
-55.271004 -742.523499 38.895203 13
-51.139599 -739.005859 33.666424 13
-45.484936 -740.451355 8.931693 13
-53.470085 -736.583008 46.087738 13
-57.801113 -737.764404 49.302185 13
-45.665138 -738.586914 19.753075 13
-51.859547 -742.827148 45.607342 13
-44.062595 -739.180786 28.087482 13
-50.955387 -737.615723 39.299110 13
-48.902973 -736.136963 43.645088 13
-46.698318 -739.838989 27.319590 13
-44.377197 -738.402649 29.410740 13
-58.815639 -739.460083 47.589745 13
-56.120914 -737.502747 45.834808 13
-49.689014 -735.745605 45.728111 13
-49.279999 -742.587769 26.713276 13
-44.030727 -739.795898 10.499243 13
-51.391945 -741.863586 42.554729 13
-45.782269 -740.588013 14.676670 13
-49.727371 -742.662476 39.069012 13
-55.112659 -739.830505 39.167725 13
-44.873253 -740.203247 18.061035 13
-46.788342 -740.871460 26.233850 13
-50.770405 -741.431885 39.760933 13
-44.368416 -740.350342 8.495975 13
-52.248062 -740.928772 33.219101 13
-58.280033 -743.406555 42.926430 13
-44.350391 -738.677063 27.743149 13
-49.738430 -737.003479 41.475487 13
-57.553310 -739.593201 44.196541 13
-49.866951 -743.472229 44.969326 13
-48.541965 -741.906555 33.083279 13
-54.254536 -741.172974 36.483173 13
-47.375889 -737.425720 34.943165 13
-53.052540 -735.358337 49.679657 13
-52.219513 -743.338318 33.276062 13
-57.737751 -741.030457 43.375740 13
-53.610321 -736.443176 46.896736 13
-46.204311 -739.984497 12.151242 13
-43.748085 -738.729736 4.762774 13
-48.718708 -742.447754 43.250683 13
-46.733109 -739.029724 14.383574 13
-44.572628 -737.850281 31.398651 13
-45.433392 -738.817566 18.969419 13
-52.467083 -739.002258 36.395744 13
-47.667683 -740.783447 20.680801 13
-50.394421 -736.155457 45.173798 13
-50.494175 -743.543030 44.816017 13
-47.760620 -740.166565 19.391674 13
-47.433556 -741.632080 28.457401 13
-45.582306 -740.471680 10.656876 13
-46.890366 -742.865356 25.475435 13
-44.384911 -738.191528 8.639586 13
-46.690952 -737.405029 30.225540 13
-45.503307 -737.733765 31.574255 13
-47.507687 -739.905396 16.648790 13
-46.527966 -738.742920 18.669228 13
-45.214424 -738.850708 20.737137 13
-45.459137 -740.987122 19.283073 13
-56.751476 -737.372986 47.610199 13
-49.958061 -737.891724 36.905701 13
-53.471806 -744.089661 36.569698 13
-46.665764 -738.688721 20.056372 13
-45.392357 -740.376770 6.031588 13
-57.474083 -737.640869 48.091290 13
-48.941967 -742.555115 40.713894 13
-51.069077 -743.970337 31.913111 13
-52.251747 -737.621887 40.624435 13
-51.795734 -738.951660 35.121929 13
-59.654312 -739.634338 49.207806 13
-47.063576 -743.327209 27.235106 13
-48.443974 -739.027039 25.363817 13
-45.575245 -738.675720 1.876474 13
-45.473507 -738.321289 10.723365 13
-45.177330 -740.443726 1.102330 13
-53.317822 -738.049011 40.471691 13
-43.971226 -739.204041 9.132399 13
-49.156322 -740.793823 25.584938 13
-44.202736 -738.213562 4.472587 13
-49.675396 -740.632507 27.292751 13
-48.021534 -743.129395 25.468945 13
-47.307987 -740.948975 31.929623 13
-45.446850 -741.061523 11.855853 13
-44.733692 -740.655945 5.473348 13
-51.260593 -743.714294 46.335663 13
-56.104542 -741.844910 40.342110 13
-50.152859 -744.759094 32.702484 13
-56.535633 -736.449829 49.044647 13
-52.913143 -736.128479 48.605701 13
-57.899563 -738.199890 47.664459 13
-46.875740 -737.553223 31.136442 13
-49.706429 -743.552979 28.848818 13
-48.370895 -741.789429 44.526714 13
-57.646217 -739.456482 44.979866 13
-46.802986 -737.372803 35.157421 13
-52.266369 -742.155884 47.621868 13
-46.424568 -740.131714 24.856979 13
-46.995010 -742.619324 24.239449 13
-59.145859 -741.294739 47.483170 13
-48.266159 -742.249268 39.735260 13
-51.892391 -743.659241 47.715580 13
-50.756104 -742.437622 41.107563 13
-48.862198 -737.986572 32.163898 13
-44.431023 -740.397766 9.639448 13
-57.910995 -743.767517 42.536346 13
-44.857887 -738.813782 15.749624 13
-48.098179 -738.254456 28.624369 13
-47.502644 -738.859009 22.078896 13
-47.164742 -738.559082 23.988451 13
-44.732265 -739.707642 20.854826 13
-45.035477 -738.407959 14.252169 13
-49.284210 -736.399597 43.543072 13
-53.565071 -745.124756 37.930099 13
-51.258671 -738.884644 34.435902 13
-44.295441 -738.346130 29.876102 13
-49.555733 -738.698608 30.861423 13
-47.651875 -737.769592 30.399981 13
-44.274834 -740.327515 6.833659 13
-49.833927 -740.791931 43.372097 13
-52.358330 -736.091919 47.887825 13
-43.872471 -739.122192 26.970387 13
-47.145206 -739.151733 16.289341 13
-54.889065 -736.407593 48.596077 13
-49.943127 -744.962646 33.118874 13
-49.867470 -735.836609 45.230545 13
-52.873875 -736.194580 48.034203 13
-51.128555 -735.329590 47.438915 13
-48.149422 -744.129944 29.503109 13
-50.216961 -740.576050 29.064497 13
-44.280632 -740.288635 6.356084 13
-50.811047 -743.764832 46.135254 13
-50.586590 -743.092407 42.351582 13
-47.655586 -738.569275 25.631336 13
-44.122562 -739.193970 11.422288 13
-56.062664 -740.415527 40.492546 13
-44.386749 -738.940918 13.371193 13
-45.987358 -740.085999 10.189990 13
-45.604233 -740.446045 11.414539 13
-54.483982 -736.270874 49.485909 13
-45.520386 -736.861633 36.158077 13
-55.394386 -736.487915 49.477627 13
-50.070965 -739.955933 28.660782 13
-48.113209 -741.294312 39.158298 13
-52.402706 -744.767334 35.827873 13
-45.026554 -740.814026 11.782475 13
-46.069462 -738.505371 18.064814 13
-56.114853 -736.644958 49.172310 13
-46.239651 -737.628906 30.597076 13
-46.861084 -738.419006 24.596720 13
-44.359642 -738.113281 6.139941 13
-45.448727 -740.389893 6.985934 13
-55.993965 -741.167419 39.953049 13
-45.192627 -740.651550 17.153870 13
-51.595970 -736.938477 42.977634 13
-45.448616 -740.970337 10.116454 13
-45.927483 -741.849365 22.698837 13
-47.071434 -742.365967 23.405466 13
-50.768085 -739.588806 30.977297 13
-46.541862 -736.607178 39.716167 13
-47.108673 -740.235291 16.859962 13
-49.594105 -736.334290 43.919853 13
-51.055515 -735.698669 47.912197 13
-57.528923 -738.810120 45.770210 13
-48.092384 -740.621399 20.868134 13
-57.949261 -740.436218 44.303120 13
-47.713848 -738.059387 28.865454 13
-46.580177 -739.631042 12.289255 13
-46.147427 -738.714172 19.472662 13
-48.641071 -742.439270 25.637699 13
-47.359150 -741.303223 26.626598 13
-44.162575 -740.571350 3.449753 13
-58.416470 -742.916687 43.671074 13
-48.793892 -742.407837 38.487270 13
-51.210651 -737.160645 41.498158 13
-46.258808 -742.226624 26.939552 13
-44.826965 -740.767395 13.860298 13
-50.742241 -743.903137 31.208643 13
-46.326244 -738.685364 17.128271 13
-47.774387 -739.349792 19.101805 13
-47.095421 -740.886780 28.977318 13
-50.313988 -737.793457 37.621174 13
-48.192955 -737.249329 38.292706 13
-58.076504 -741.590881 44.046371 13
-44.868214 -740.212585 20.170614 13
-51.966736 -735.846558 48.926792 13
-59.314251 -741.852661 45.804264 13
-43.382641 -740.081238 1.291255 13
-54.737930 -745.157532 39.066864 13
-51.464882 -742.080566 44.943230 13
-54.241512 -741.977722 36.745724 13
-44.582966 -738.309143 14.448187 13
-52.963120 -744.495361 36.257023 13
-51.197880 -737.936035 38.238991 13
-45.849869 -737.783936 27.935085 13
-45.084995 -738.145386 6.301268 13
-54.028477 -739.512207 38.219467 13
-47.804375 -741.807800 22.467749 13
-46.380596 -737.062622 37.126080 13
-47.732773 -738.733276 24.455555 13
-51.442562 -736.207825 46.706787 13
-50.675812 -742.055725 40.242287 13
-49.869591 -742.785278 27.964964 13
-48.482540 -741.390625 29.725866 13
-47.662411 -738.758301 23.937815 13
-45.550152 -738.535034 20.250528 13
-45.483078 -740.197021 5.611208 13
-58.188740 -738.537354 47.006851 13
-46.635826 -736.972839 37.892525 13
-48.240238 -741.337158 40.164547 13
-54.006676 -737.576843 42.684532 13
-45.706093 -739.802856 2.445142 13
-51.042175 -741.498291 30.389471 13
-44.418987 -739.013367 14.464373 13
-49.075626 -739.575317 35.137074 13
-46.582943 -737.227539 36.436218 13
-45.310963 -740.413513 3.554118 13
-48.552322 -739.702087 34.894966 13
-47.481522 -739.045166 19.330389 13
-46.227787 -740.583618 15.142561 13
-50.383865 -742.963501 40.988152 13
-47.435482 -739.855835 15.462753 13
-44.839069 -737.310181 33.730301 13
-57.202915 -738.462952 45.490814 13
-43.915768 -738.088440 31.469885 13
-49.237381 -744.143066 29.692524 13
-50.324245 -745.000000 34.550797 13
-46.355637 -739.244324 8.976795 13
-49.686966 -743.840698 48.130051 13
-43.371368 -738.853210 0.687029 13
-47.508183 -738.781433 23.109684 13
-48.642967 -742.403137 44.624832 13
-49.687611 -735.356323 45.266441 13
-45.572716 -738.071960 26.264685 13
-45.386547 -740.798218 20.499289 13
-47.915543 -739.723694 32.240196 13
-44.571819 -738.033875 9.479814 13
-51.670368 -744.125305 33.214203 13
-52.702782 -737.405945 41.980148 13
-45.399220 -738.329712 23.931526 13
-48.343174 -740.407410 22.165039 13
-43.621029 -738.828552 1.913374 13
-56.934891 -736.747742 49.015743 13
-57.467609 -741.791565 42.896255 13
-56.499676 -742.181519 41.062016 13
-45.936832 -740.625793 7.614830 13
-49.504261 -737.586243 37.400818 13
-53.218594 -742.202698 34.462486 13
-45.641014 -741.173584 22.960857 13
-54.823853 -742.591187 37.924961 13
-51.755356 -740.292908 33.152847 13
-53.934864 -742.206360 35.877941 13
-53.380669 -736.681824 45.652210 13
-49.746445 -743.022644 42.404812 13
-45.877022 -738.390076 21.957035 13
-44.597450 -739.901123 22.789371 13
-47.116848 -737.467224 33.148098 13
-47.766521 -739.836914 18.455645 13
-45.825932 -739.771240 4.896661 13
-44.084351 -740.464783 5.549589 13
-50.834290 -742.058228 29.778961 13
-55.559315 -738.277222 43.121395 13
-45.282871 -740.740234 17.598566 13
-46.092045 -736.745056 38.496449 13
-49.357574 -740.787170 26.371559 13
-43.606232 -739.538147 5.075830 13
-44.700294 -741.123718 11.314906 13
-50.944897 -736.964661 42.343197 13
-47.635139 -740.695312 19.510925 13
-45.741394 -741.761597 21.712891 13
-45.001572 -739.145630 19.755938 13
-55.988914 -736.986572 47.322765 13
-45.985859 -737.778442 27.207966 13
-44.574921 -738.390625 12.882209 13
-44.263248 -738.533081 30.716467 13
-54.111763 -738.344238 40.650063 13
-45.697338 -739.781677 0.866573 13
-54.869919 -739.072754 40.202408 13
-55.365730 -741.687012 38.602089 13
-59.014103 -740.637085 46.911549 13
-43.768368 -740.168335 9.074123 13
-47.552155 -741.310730 21.894997 13
-44.339672 -740.340332 8.983599 13
-56.568394 -740.489685 41.264015 13
-57.707134 -738.693726 46.178768 13
-44.956505 -736.944702 34.909042 13
-59.065720 -742.423767 44.901009 13
-43.806656 -738.831604 28.243118 13
-46.046185 -738.965515 2.173131 13
-49.196838 -742.326294 36.151062 13
-50.787788 -738.391663 35.794857 13
-51.187649 -744.192261 48.423290 13
-53.827877 -740.643433 36.271706 13
-56.384109 -736.945557 48.421505 13
-47.522915 -743.985413 29.792982 13
-49.205418 -742.884460 42.518044 13
-48.336330 -741.395569 23.227110 13
-48.698421 -737.389587 37.578495 13
-52.911781 -736.580933 46.377678 13
-53.170639 -739.942444 36.285805 13
-50.591633 -744.330933 32.013805 13
-49.812729 -743.842102 47.542671 13
-45.288567 -740.589966 15.341990 13
-56.757908 -737.837524 46.378963 13
-49.665649 -741.968628 27.245510 13
-48.483608 -739.807068 21.845478 13
-49.326191 -738.904785 29.336279 13
-59.124947 -740.649841 48.418095 13
-48.392456 -741.768860 43.982716 13
-53.462887 -738.863770 38.407024 13
-47.933002 -738.752808 25.276646 13
-46.672977 -740.223328 26.048819 13
-49.047421 -743.869324 28.385962 13
-57.732555 -740.358948 43.886520 13
-51.126774 -741.228760 46.183815 13
-58.721062 -738.881104 48.300026 13
-57.618835 -741.476807 43.299442 13
-52.924225 -745.168213 37.365742 13
-45.561573 -737.970886 28.455362 13
-54.814171 -738.649841 40.996700 13
-44.636517 -740.647888 2.147450 13
-44.911179 -740.384705 16.204187 13
-44.817177 -738.549072 27.111345 13
-56.862835 -737.245544 48.382633 13
-50.291180 -744.300171 31.491737 13
-54.550991 -739.832581 38.389183 13
-50.299480 -741.962036 38.629978 13
-44.648720 -740.658997 12.617404 13
-44.677074 -740.639038 2.819165 13
-47.188065 -738.484009 24.882389 13
-52.701824 -740.526245 34.470192 13
-47.136585 -740.209106 29.908335 13
-48.983540 -742.929932 43.997700 13
-43.873959 -739.838684 8.442412 13
-46.856697 -740.363708 28.216284 13
-44.434605 -738.182617 10.023209 13
-50.121010 -741.402527 37.517040 13
-51.035873 -744.895813 34.110477 13
-45.246655 -736.937256 35.672836 13
-51.414600 -738.367188 36.534054 13
-52.401539 -744.430664 50.944229 13
-44.381222 -737.907104 5.352536 13
-48.549076 -740.561951 22.849287 13
-46.904472 -741.075928 19.651476 13
-48.726307 -739.766785 36.744839 13
-47.382786 -741.521973 25.628902 13
-46.926895 -736.599426 39.908718 13
-48.410236 -741.297241 41.814831 13
-56.377983 -738.769958 43.033676 13
-52.553196 -739.853699 35.063728 13
-51.124924 -739.153931 32.658314 13
-43.766193 -739.020142 5.860888 13
-48.524307 -742.506470 36.030743 13
-50.607403 -735.307251 46.691746 13
-45.140553 -740.750610 0.737006 13
-49.653332 -742.879883 41.234093 13
-50.411110 -743.413757 44.170879 13
-44.174191 -740.173767 8.126685 13
-44.286674 -739.910156 16.420389 13
-45.785183 -740.523926 6.363559 13
-51.440369 -744.228149 48.846516 13
-49.026974 -737.379211 38.042835 13
-48.319462 -738.036011 30.680490 13
-45.249310 -738.288086 1.542197 13
-44.467651 -739.869934 23.950338 13
-44.475761 -740.725525 13.512691 13
-44.351994 -738.709717 12.138158 13
-48.673115 -737.212646 39.313339 13
-44.277782 -740.793335 14.745868 13
-50.656376 -743.947388 49.277054 13
-52.537704 -743.590393 50.369930 13
-45.259121 -738.676758 22.331530 13
-49.322998 -742.205933 34.912430 13
-49.106762 -742.938354 44.537315 13
-47.667850 -736.402954 42.197578 13
-44.433918 -739.638428 15.551594 13
-50.834862 -743.430298 30.355850 13
-52.080570 -737.953369 39.579865 13
-56.179626 -738.540283 43.443974 13
-43.121628 -739.016296 1.498339 13
-50.204601 -741.369385 28.597298 13
-43.410667 -739.386841 3.685906 13
-48.205132 -738.614319 27.160366 13
-52.027920 -738.718994 36.084553 13
-43.540100 -739.912170 4.338959 13
-43.640228 -739.981323 4.803189 13
-48.731552 -741.960999 45.221924 13
-47.189552 -741.214905 28.322691 13
-47.466904 -737.108704 37.856670 13