-46.221840 -739.499634 9.336550 13
-53.149319 -744.146057 51.741386 13
-44.075203 -737.691711 31.923738 13
-53.869057 -745.502625 37.963394 13
-48.461487 -735.843750 43.652130 13
-47.924915 -740.987976 21.085209 13
-57.516094 -739.258118 44.578465 13
-45.490211 -740.134460 -0.319793 13
-50.355694 -743.550049 29.404566 13
-50.894115 -738.252258 36.208241 13
-53.356419 -735.361755 50.050777 13
-50.079517 -743.432312 44.540482 13
-44.379055 -738.720886 15.870817 13
-43.969639 -739.425354 25.812134 13
-59.729691 -739.003662 50.039371 13
-55.446003 -740.144592 39.306946 13
-45.797237 -736.547852 38.214539 13
-48.220669 -742.234375 39.242619 13
-43.270592 -738.828186 4.663157 13
-48.469933 -738.459351 28.809944 13
-47.702877 -741.783081 33.793709 13
-57.663609 -743.953430 42.185646 13
-52.916073 -742.406067 33.856548 13
-53.212349 -736.754150 45.231293 13
-47.361507 -743.014160 25.521006 13
-51.820435 -737.462402 40.745632 13
-52.321053 -741.877380 47.987026 13
-48.179962 -737.638672 32.974064 13
-56.564484 -737.122864 48.050114 13
-49.842697 -745.330872 33.396603 13
-48.068844 -738.875427 24.732931 13
-44.646439 -741.130981 12.672026 13
-44.596336 -739.351013 19.732738 13
-50.832680 -740.083679 31.477468 13
-47.782711 -739.548462 17.545717 13
-48.338882 -740.560364 42.743923 13
-43.686466 -737.207703 1.270083 13
-59.207687 -741.679260 46.906242 13
-54.905296 -738.132751 42.415760 13
-50.260658 -735.616516 46.782894 13
-46.895084 -743.640747 28.990978 13
-51.163818 -741.521118 40.937630 13
-48.457317 -736.892273 40.366821 13
-45.908089 -740.419189 3.067346 13
-49.368366 -743.678955 47.878014 13
-47.259319 -739.362061 14.167522 13
-44.826180 -737.801331 12.020543 13
-53.669258 -740.171265 36.417080 13
-49.883102 -741.558167 36.345016 13
-45.118382 -738.187439 28.676502 13
-45.168175 -737.492249 35.063309 13
-49.633972 -741.089233 27.132908 13
-45.588902 -741.124023 23.426834 13
-45.380367 -740.763611 6.401635 13
-47.142776 -740.783875 30.693712 13
-55.591618 -743.370728 39.731510 13
-56.841881 -740.871704 41.995472 13
-44.732239 -737.841614 7.215569 13
-52.080505 -744.898132 35.528366 13
-47.960831 -737.434937 36.268433 13
-46.723019 -740.241882 27.045124 13
-46.333817 -738.543579 22.135164 13
-49.203453 -739.543762 38.623634 13
-58.342197 -741.943481 44.175922 13
-43.398140 -740.162476 1.756768 13
-54.056751 -742.986755 36.657097 13
-52.001411 -739.765259 34.079361 13
-51.674110 -744.258179 49.348240 13
-51.189163 -741.062744 45.517986 13
-48.315907 -744.387268 31.278648 13
-45.443195 -741.036987 17.291100 13
-58.445316 -739.040466 47.295677 13
-51.137726 -736.848389 43.359394 13
-53.139194 -738.611328 38.616245 13
-51.489639 -743.666199 31.912903 13
-48.960575 -739.594421 34.692619 13
-46.708401 -737.381531 30.705063 13
-43.667492 -738.756165 9.791170 13
-55.833668 -737.396301 45.471264 13
-53.971725 -736.448730 47.742233 13
-49.302486 -742.979492 42.079002 13
-48.286720 -741.322571 23.652058 13
-46.050457 -737.885864 26.145929 13
-51.601547 -743.913940 46.645226 13
-45.777290 -741.659363 20.070082 13
-46.523121 -739.719666 11.837263 13
-46.972717 -738.836060 19.740858 13
-48.480679 -741.678040 44.990585 13
-51.563301 -742.002686 43.294334 13
-50.859550 -737.734253 38.572895 13
-47.748375 -740.608154 36.908562 13
-45.013775 -738.207642 3.037016 13
-44.313107 -740.772644 8.716326 13
-48.820068 -743.311829 27.365408 13
-45.236992 -740.676453 14.900853 13
-50.446518 -740.984558 29.347061 13
-50.423996 -741.512451 38.676327 13
-47.891762 -741.554993 28.569613 13
-55.449429 -736.196899 49.847527 13
-51.867329 -735.728577 48.383801 13
-45.118984 -738.665222 24.035759 13
-45.622360 -738.780884 17.818075 13
-49.309914 -738.471375 31.210609 13
-47.800789 -739.851990 32.689011 13
-48.361691 -740.310059 40.522686 13
-48.441364 -739.394043 22.614607 13
-44.057941 -738.984619 13.718915 13
-50.222843 -738.583435 33.209824 13
-48.751961 -741.861389 31.893099 13
-45.930260 -737.488342 33.048157 13
-44.661331 -740.036438 21.793465 13
-58.242474 -737.567749 49.419792 13
-54.333839 -738.644409 40.406757 13
-55.117538 -741.944153 38.181648 13
-48.661121 -737.325439 38.276886 13
-48.876823 -739.058167 26.793137 13
-46.014545 -739.366272 4.916088 13
-46.281689 -742.522888 27.290808 13
-43.617424 -739.573059 6.674098 13
-44.325928 -740.727905 4.563113 13
-45.198555 -740.921021 10.648912 13
-59.493706 -740.570740 48.660812 13
-45.845039 -741.559204 25.454258 13
-53.159782 -737.252991 43.098049 13
-50.046535 -740.659241 43.846786 13
-49.517685 -736.838623 42.169575 13
-51.934471 -741.662964 32.081177 13
-46.281525 -739.125732 7.341711 13
-49.217983 -740.386597 25.294476 13
-46.632778 -738.793396 16.110935 13
-47.169338 -741.017456 18.728991 13
-50.039593 -736.113525 44.870796 13
-43.733418 -738.374084 30.086868 13
-46.830833 -742.148254 22.252939 13
-46.565010 -736.381470 40.133911 13
-49.868713 -742.815186 40.174938 13
-56.625702 -739.100098 42.811768 13
-52.040375 -744.213745 33.697678 13
-44.049007 -739.556335 11.717480 13
-47.400085 -736.214905 41.864311 13
-56.620308 -742.619324 41.199291 13
-46.422844 -739.740784 25.127632 13
-48.178516 -742.071777 35.624763 13
-46.875023 -737.890137 27.941938 13
-55.952362 -739.469421 41.055607 13
-48.690350 -742.565247 37.425411 13
-47.130634 -737.418152 34.540440 13
-47.177860 -739.823853 28.881720 13
-58.532764 -740.308228 45.777885 13
-49.007210 -737.702698 34.671577 13
-53.204044 -743.182556 49.639004 13
-43.791954 -739.010864 27.621758 13
-51.745544 -742.808899 45.131691 13
-49.042389 -743.134705 46.111881 13
-51.980061 -736.341980 46.569077 13
-55.131012 -745.116394 39.322342 13
-42.994038 -738.975037 0.400441 13
-44.806316 -738.049011 5.363187 13
-54.545479 -743.743713 38.267048 13
-49.922035 -739.586853 28.215885 13
-45.097218 -740.744873 1.464628 13
-48.627087 -744.143250 29.500259 13
-52.493382 -738.848999 36.843384 13
-45.849758 -738.539551 13.320102 13
-48.923820 -742.115417 25.770149 13
-51.238102 -742.403137 30.503225 13
-53.670940 -741.690918 35.434509 13
-46.150196 -737.205444 36.561787 13
-54.667114 -737.299072 44.077751 13
-57.117085 -738.045349 46.537899 13
-50.144154 -744.409546 30.964815 13
-45.310078 -738.209229 10.280787 13
-47.459087 -740.523743 35.054150 13
-56.454269 -744.489075 40.796204 13
-46.619259 -742.447449 24.013538 13
-49.113174 -739.522522 36.737553 13
-50.181465 -737.232910 40.221779 13
-50.214394 -739.351746 30.010586 13
-43.256477 -738.784912 2.812473 13
-54.333549 -739.797913 37.991661 13
-47.261864 -740.342651 15.600263 13
-45.755123 -739.141968 1.777660 13
-53.098610 -743.527405 35.307442 13
-55.988194 -741.659546 39.910557 13
-48.436161 -742.012878 40.933342 13
-49.904675 -740.495483 42.056732 13
-57.504887 -742.337524 42.718880 13
-50.063168 -742.392151 28.167513 13
-48.495533 -741.673157 30.165009 13
-44.139988 -740.334900 16.318638 13
-57.618263 -740.555420 43.506512 13
-53.329025 -737.738159 41.496304 13
-47.990849 -740.689819 38.571129 13
-53.241920 -744.475464 36.680534 13
-45.957909 -740.618347 8.124138 13
-43.847900 -740.405334 0.167452 13
-48.913837 -742.630981 43.673485 13
-46.034126 -740.272339 13.464701 13
-46.756828 -738.485168 23.768379 13
-49.511993 -741.921875 34.620239 13
-44.517174 -740.164246 24.384846 13
-47.415340 -741.445312 26.062651 13
-49.510792 -737.650146 36.879101 13
-48.395630 -739.556152 20.190544 13
-50.604576 -745.210510 34.862000 13
-45.249317 -740.648315 18.886137 13
-54.547585 -736.675354 46.214836 13
-51.587585 -736.635315 44.942993 13
-56.103050 -738.180908 44.065891 13
-44.375263 -737.478027 33.543724 13
-43.585361 -738.807251 8.122824 13
-44.664818 -737.851013 8.837362 13
-45.156834 -737.819946 30.611620 13
-47.555511 -738.408752 26.173000 13
-50.660717 -743.227478 42.855782 13
-45.564938 -741.343567 21.741571 13
-52.193302 -743.492859 48.048454 13
-48.118141 -737.966492 30.278206 13
-45.655781 -738.674438 20.673248 13
-44.324871 -740.411438 3.027987 13
-45.550858 -738.583374 14.848910 13
-47.209938 -736.999939 38.862141 13
-52.065521 -742.005798 46.459976 13
-54.487408 -741.448486 36.792995 13
-50.861519 -738.635559 34.715187 13
-58.852871 -738.859375 48.758789 13
-47.547127 -738.925537 21.288469 13
-52.568527 -739.597290 35.509705 13
-59.246479 -742.061707 45.386543 13
-43.904503 -740.209839 10.299994 13
-50.798294 -744.112122 48.059849 13
-51.910473 -744.363708 50.835793 13
-52.904984 -740.934814 34.339603 13
-58.325172 -743.330017 43.475964 13
-47.454948 -741.246460 32.274323 13
-47.798706 -739.535400 31.130686 13
-48.951752 -739.931519 23.895441 13
-44.789494 -738.556458 26.647484 13
-55.299404 -736.425842 48.366161 13
-51.602619 -740.324585 32.700455 13
-46.688740 -741.004150 24.402376 13
-44.974598 -737.996216 1.307775 13
-47.329357 -743.501831 27.588818 13
-57.837284 -737.925720 48.044762 13
-50.995716 -737.094177 41.892864 13
-46.129238 -739.782898 23.691660 13
-53.021145 -738.042542 40.102924 13
-46.762390 -740.543457 16.981091 13
-54.106495 -736.265625 49.235241 13
-50.348465 -743.720947 45.935814 13
-45.049694 -740.502258 20.490992 13
-46.318115 -737.705261 29.301641 13
-48.800022 -744.808411 32.575890 13
-44.675365 -739.860352 17.752331 13
-55.788418 -737.011780 46.837414 13
-50.422970 -744.551331 32.367596 13
-49.514690 -742.601562 38.631805 13
-48.307312 -742.476868 24.467840 13
-59.025394 -740.327576 47.294136 13
-49.722298 -736.559570 43.519169 13
-47.781750 -737.634827 31.612820 13
-50.516968 -742.777588 41.408016 13
-57.904243 -739.034668 45.958328 13
-45.734459 -738.555298 19.225391 13
-44.540390 -739.164062 22.871988 13
-48.500900 -741.882874 42.333416 13
-47.932049 -739.834045 18.912138 13
-44.279827 -740.647766 7.251167 13
-44.420845 -740.345703 13.782545 13
-47.282700 -737.217590 37.443768 13
-47.030476 -741.099365 20.076454 13
-48.393635 -740.756470 22.433100 13
-52.044693 -737.986938 39.144947 13
-52.162167 -743.050354 32.911285 13
-43.705959 -738.529419 1.485997 13
-46.916718 -738.845581 18.387037 13
-56.864212 -738.269287 45.218903 13
-45.859348 -738.540833 11.583531 13
-51.499718 -738.189270 37.483517 13
-56.264465 -737.197021 49.358395 13
-47.446415 -744.036499 30.293978 13
-54.334545 -739.139709 39.177013 13
-48.981354 -742.045044 33.401741 13
-43.682327 -739.901306 5.382216 13
-45.637867 -737.916443 27.479939 13
-47.234161 -740.521667 33.762691 13
-46.812046 -738.310303 25.098944 13
-49.354961 -743.570740 28.535515 13
-46.041531 -739.845886 10.614618 13
-56.350739 -740.683960 40.777935 13
-45.954784 -737.684631 31.728966 13
-46.028824 -740.334534 22.453987 13
-50.320133 -738.921265 31.953793 13
-45.435020 -740.546082 9.409237 13
-45.866096 -740.703613 16.058834 13
-44.340370 -737.896362 4.148408 13
-44.267673 -739.755432 15.081246 13
-45.493134 -740.530396 11.897914 13
-52.272995 -737.270447 42.074570 13
-47.362366 -741.333374 27.336788 13
-53.307114 -736.482239 46.531475 13
-44.901215 -738.635193 25.292542 13
-49.945717 -742.048706 37.538723 13
-47.979706 -738.438416 27.487167 13
-43.528862 -739.893188 3.894298 13
-50.965717 -741.061279 30.516779 13
-44.132248 -738.949707 29.018845 13
-49.696686 -737.330200 39.032181 13
-50.633705 -742.293884 29.365387 13
-49.158386 -738.645996 29.907381 13
-48.364319 -741.494324 43.626801 13
-48.281605 -740.012756 35.893578 13
-45.879532 -739.507202 6.167619 13
-52.905537 -745.626648 37.072037 13
-58.166645 -740.675903 44.624878 13
-46.544403 -741.850952 21.047548 13
-48.866825 -742.932251 44.895061 13
-51.223083 -743.019348 44.021523 13
-45.905792 -740.477783 4.330895 13
-49.782242 -737.975647 35.675705 13
-47.181339 -741.020874 29.447803 13
-52.260307 -736.918091 43.919857 13
-52.691696 -736.260559 47.605778 13
-48.686935 -739.492798 21.400372 13
-47.954277 -741.579956 37.639671 13
-45.837418 -738.663757 8.426041 13
-52.916203 -735.910645 49.022064 13
-46.070801 -739.310547 3.683194 13
-49.193245 -738.158020 32.510780 13
-44.058056 -738.499146 6.255095 13
-50.855556 -736.196167 45.850883 13
-44.274776 -738.674255 10.848947 13
-46.196762 -742.709778 25.798893 13
-49.490498 -742.306946 27.043297 13
-51.200352 -741.945679 42.114159 13
-51.346920 -739.117798 33.245667 13
-44.888157 -738.083496 13.952014 13
-52.476124 -741.354065 33.266441 13
-50.939171 -744.772766 33.676220 13
-48.412468 -736.395752 42.537781 13
-50.614151 -741.882324 39.831944 13
-48.882641 -739.239807 25.587040 13
-44.841042 -741.115540 0.300210 13
-47.085720 -737.304199 32.561867 13
-45.170723 -738.783997 21.872725 13
-45.462505 -738.824097 16.489614 13
-46.429272 -740.563110 14.745566 13
-48.681587 -741.369080 24.812338 13
-47.776932 -741.723816 31.148514 13
-49.535030 -740.006042 26.442144 13
-43.980186 -739.654358 9.024293 13
-55.138252 -740.738159 38.140385 13
-48.101891 -743.860291 28.452871 13
-51.000580 -743.562378 30.740288 13
-48.409657 -740.948547 41.557163 13
-51.491558 -741.640259 44.504566 13
-46.712158 -739.342712 13.038871 13
-48.721844 -739.610046 33.408527 13
-45.942768 -739.452271 0.620672 13
-55.028904 -738.703979 41.374367 13
-47.998932 -743.293884 26.502142 13
-47.416775 -738.773254 22.658072 13
-50.257118 -744.056091 49.111755 13
-45.372948 -738.494751 4.326586 13
-53.341976 -739.299622 37.562660 13
-47.545860 -739.487854 16.397350 13
-51.766781 -738.730774 35.553871 13
-44.356487 -740.828369 11.465496 13
-47.543137 -737.889526 29.255384 13
-51.247509 -735.867065 47.377636 13
-46.343678 -737.317200 35.409519 13
-50.351036 -741.392273 44.789082 13
-57.363327 -736.802673 49.156193 13
-52.816849 -743.633789 50.698986 13
-50.010361 -741.126221 28.236198 13
-44.775600 -740.315796 22.957026 13
-44.385937 -738.734802 12.576421 13
-53.308033 -740.576599 35.379780 13
-48.537247 -740.015930 37.796677 13
-52.941570 -742.730591 48.581261 13
-49.070839 -739.645264 39.891933 13
-47.072517 -740.191589 31.744215 13
-48.918488 -735.765381 44.721230 13
-55.216942 -739.368103 40.134136 13
-45.059998 -736.921509 36.073120 13
-44.593410 -739.262695 20.929382 13
-45.260792 -740.437744 5.297066 13
-47.508129 -742.130127 23.348795 13
-46.615814 -740.635620 25.849577 13
-45.407135 -738.464111 6.321278 13
-51.151947 -737.569885 39.726284 13
-46.771980 -738.806763 17.253212 13
-49.884880 -735.306335 45.669880 13
-46.021122 -737.451233 34.228649 13
-48.192390 -741.122986 39.728592 13
-46.990452 -740.796326 28.317818 13
-46.118782 -741.083008 18.260387 13
-49.892624 -737.599915 37.952332 13
-53.459961 -737.046387 44.179585 13
-49.407642 -736.977173 41.044617 13
-53.983322 -744.445984 37.536049 13
-52.176006 -743.003052 47.011963 13
-46.642258 -738.884644 14.972632 13
-54.399265 -736.944458 45.138344 13
-52.585415 -744.300781 34.687572 13
-49.300827 -742.252197 35.673088 13
-50.200165 -743.902100 47.130611 13
-44.282021 -739.921631 12.753922 13
-44.355965 -740.686401 5.923702 13
-48.996281 -738.945129 27.936295 13
-54.473202 -742.752808 37.655533 13
-45.379524 -738.380615 22.983807 13
-55.232437 -742.996887 38.741951 13
-48.246223 -737.101685 39.291798 13
-49.262314 -738.003479 33.629894 13
-44.962578 -739.193054 18.627850 13
-56.964302 -743.666016 41.374626 13
-48.418278 -736.671570 41.467262 13
-51.732483 -742.601624 31.521816 13
-47.428463 -736.650269 40.843517 13
-48.033085 -737.507385 35.166004 13
-45.781437 -741.711121 24.327717 13
-46.907696 -743.100586 26.608295 13
-54.316612 -744.753296 38.627148 13
-43.863861 -739.880737 7.970824 13
-55.431793 -741.328064 39.030045 13
-49.698841 -744.217041 29.947021 13
-55.633659 -744.409241 40.038952 13
-59.322998 -739.846924 49.458298 13
-54.255917 -737.478149 43.083931 13
-55.778233 -738.774109 42.181549 13
-46.099598 -742.039490 23.134216 13
-47.281788 -739.820435 30.201456 13
-56.631340 -739.781494 41.969864 13
-47.924183 -738.931152 23.625433 13
-44.333691 -737.966858 2.209781 13
-48.308338 -742.248657 34.560040 13
-45.744225 -740.083191 7.168501 13
-47.757000 -741.696411 21.946016 13
-44.889896 -737.754700 32.628521 13
-47.662380 -741.130920 35.913860 13
-55.264355 -737.951599 43.410816 13
-49.230576 -742.729919 41.041748 13
-48.109535 -737.530945 34.096760 13
-51.312119 -741.246765 46.609467 13
-49.365788 -744.641785 31.652864 13
-50.322899 -741.093018 37.277401 13
-51.571781 -744.770752 34.543915 13
-47.767773 -740.355591 19.836735 13
-44.578453 -739.343262 16.732012 13
-57.220047 -739.536255 43.599068 13
-44.365772 -738.613281 14.724288 13
-48.186028 -741.977478 36.678516 13
-54.988838 -744.062744 39.167576 13
-59.134430 -739.695679 48.138069 13
-45.778149 -738.132019 24.854654 13
-48.034172 -739.937195 34.157017 13
-49.792374 -743.173706 43.475567 13
-48.373981 -737.360962 37.252209 13
-54.992329 -736.554626 47.358665 13
-45.022358 -740.695801 3.782279 13
-59.065838 -738.288452 49.624981 13
-48.793476 -742.563049 40.067707 13
-44.262604 -738.376770 31.152676 13
-46.780907 -738.050110 26.879217 13
-54.323395 -740.449524 37.187294 13
-43.451141 -739.818970 2.733367 13
-48.115963 -742.010620 32.830750 13
-56.143539 -743.485168 40.612034 13
-52.496799 -743.381531 34.188564 13
-44.731121 -738.412292 27.711185 13
-46.276344 -736.642883 39.154835 13
-59.502064 -741.147400 47.787399 13
-45.451565 -736.743958 37.246723 13
-49.935291 -738.181274 34.574558 13
-51.340675 -744.197876 32.789642 13
-58.762070 -742.719177 44.757141 13
-49.646358 -739.150879 29.128796 13
-44.113258 -740.733826 1.172745 13
-50.990910 -743.550293 45.013737 13
-44.702038 -738.163452 29.743227 13
-52.043293 -745.209656 36.516731 13
-58.877041 -741.296631 45.977982 13
-53.311672 -742.492920 34.794754 13
-50.232243 -739.988342 29.113619 13
-45.504745 -740.098267 2.155324 13
-51.381893 -740.948669 31.503103 13
-50.648056 -736.594788 44.213055 13
-46.895817 -737.468933 33.551853 13
-50.509956 -737.984558 37.238037 13
-51.194752 -739.425354 32.292229 13
-50.464382 -739.227478 31.006882 13
-49.369804 -742.359253 36.707268 13
-56.970470 -741.969971 41.939064 13
-42.932541 -738.009460 1.117704 13
-52.279957 -738.400879 38.082455 13
-44.529350 -740.838989 9.768431 13
-47.706322 -741.486511 34.838882 13
-57.388744 -741.344116 42.888062 13
-47.521873 -740.489319 17.834009 13
-49.285305 -741.232178 26.196087 13
-56.482262 -741.615845 41.118698 13
-44.013046 -738.220276 3.263021 13
-51.395424 -745.615173 35.323223 13
-49.238419 -743.045166 47.103683 13
-52.595154 -744.207642 49.910664 13
-44.290726 -740.771606 15.205823 13
-54.279999 -737.994690 41.574291 13
-46.662567 -742.969421 28.295378 13
-52.493855 -743.620361 49.080856 13
-43.319656 -738.880493 5.709102 13
-46.312222 -741.208374 19.230095 13
-46.078323 -739.607910 8.203020 13
-47.118469 -739.604858 27.715948 13
-51.808361 -741.842041 45.438999 13
-45.053650 -738.083801 12.970506 13
-58.492397 -739.621338 46.486046 13
-44.060585 -738.565979 7.289708 13
-48.556873 -740.165588 39.228027 13
-57.113964 -740.165039 42.744110 13
-47.433887 -736.758484 39.858315 13
-50.307156 -736.794434 42.751770 13
-53.703701 -736.318848 50.121502 13
-46.637028 -738.685608 21.031029 13
-48.882866 -737.635010 35.834091 13
-48.746758 -742.254272 45.746117 13
-44.529980 -737.761902 9.900771 13
-55.571110 -742.400269 39.434258 13
-53.654785 -738.512329 39.470108 13
-45.962349 -737.790710 28.396339 13
-49.121136 -744.447327 30.734522 13
-43.312675 -739.847229 0.838117 13
-53.719620 -742.824707 35.753376 13
-48.483776 -742.142029 38.273838 13
-49.835373 -741.421631 35.385159 13
-55.489204 -737.582764 44.586109 13
-49.598816 -743.466736 45.368114 13
-45.315838 -740.268982 0.638157 13
-52.323055 -736.549683 45.679886 13
-45.005646 -737.851807 31.572113 13
-52.034912 -737.065796 42.992813 13
-57.090172 -737.694580 47.446724 13
-50.481888 -740.275024 30.008411 13
-58.585445 -741.437378 45.073376 13
-44.196346 -739.416992 26.753540 13
-44.119202 -738.644836 8.919836 13
-49.248905 -737.164307 39.852077 13
-57.305679 -737.794250 49.301392 13
-51.871475 -743.043640 46.099998 13
-45.040047 -740.415405 16.654696 13
-45.027966 -740.674438 7.872969 13
-57.271786 -743.006042 42.081745 13
-46.315140 -737.049133 37.579632 13
-44.194695 -739.362976 24.878180 13
-55.902840 -740.090881 40.159290 13
-56.062523 -742.567749 40.346954 13
-53.909542 -741.044312 36.126190 13
-48.860703 -742.751831 26.466417 13
-44.443699 -739.439148 23.776997 13
-56.350727 -737.552002 46.267872 13
-50.801647 -737.259888 40.973007 13
-44.571407 -737.783875 11.012527 13
-46.228085 -742.361145 24.906406 13
-50.189415 -742.770081 39.289856 13
-46.711040 -739.270142 10.977555 13
-46.992905 -740.214661 13.842718 13
-52.962849 -744.487061 35.765331 13
-57.833385 -738.288269 47.162647 13
-49.737701 -740.049683 27.361231 13
-45.320465 -740.820984 13.772202 13
-58.083992 -739.776550 45.152744 13
-49.769028 -743.213928 27.789099 13
-48.271923 -742.767822 25.678802 13
-51.846519 -739.044006 34.656578 13
-52.142799 -740.498840 33.449875 13
-56.839874 -738.766602 44.108913 13
-46.469334 -738.816223 14.061884 13
-53.664501 -737.573853 42.361626 13
-47.699818 -738.162720 28.364183 13
-44.210224 -740.483826 2.086423 13
-51.029568 -744.382263 50.012379 13
-55.957409 -738.479858 43.066292 13
-46.558094 -739.754395 26.128956 13
-52.550934 -740.177795 34.756439 13
-49.086414 -739.574951 24.735361 13
-47.032520 -737.284180 36.248600 13
-44.062412 -738.391724 4.921388 13
-47.734005 -743.977295 29.336103 13
-49.062302 -739.536133 35.741745 13
-54.553452 -735.962524 49.987976 13
-53.565052 -743.670837 36.093365 13
-48.631325 -737.974365 31.760303 13
-47.338047 -739.447021 15.203427 13
-44.728035 -737.825806 6.257549 13
-43.629662 -738.989258 3.634268 13
-47.399502 -742.633484 24.465157 13
-45.091606 -737.423218 34.153584 13
-46.194920 -738.831360 12.397131 13
-47.691223 -741.780762 29.597252 13
-54.122337 -742.160095 36.274727 13
-51.576176 -743.978149 47.572224 13
-53.028168 -739.521484 36.443951 13
-45.419178 -738.340271 9.166873 13
-46.879299 -737.530273 31.633461 13
-45.525055 -741.218079 20.830067 13
-50.619102 -742.378357 40.602406 13
-50.706001 -744.090698 31.623621 13
-45.901138 -738.195801 23.934601 13
-52.395409 -742.153870 32.814926 13
-45.158695 -738.146606 8.103310 13
-46.212402 -740.188538 12.578156 13
-49.555241 -740.768982 42.841389 13
-50.759781 -742.955994 29.966154 13
-47.165367 -741.406860 25.189957 13
-45.600304 -737.878906 29.795057 13
-46.023392 -742.140625 26.514706 13
-48.767811 -741.289917 29.384724 13
-47.896454 -741.390015 22.846584 13
-44.842491 -740.208496 19.609283 13
-48.302692 -744.349487 30.359076 13
-51.760273 -741.830566 47.288792 13
-57.897633 -743.242249 42.677105 13
-51.643879 -744.108643 48.464966 13
-51.538567 -741.775513 31.188631 13
-48.185032 -740.142029 20.861736 13
-44.962536 -740.517334 15.755659 13
-58.861691 -739.255249 49.949520 13
-48.663906 -740.593262 23.335478 13
-57.836128 -741.397949 43.681293 13
-45.279121 -740.556580 21.382305 13
-53.725502 -738.066772 40.721836 13
-54.800236 -739.846375 38.750549 13
-58.540638 -738.469482 47.988010 13
-45.155537 -740.589417 18.007124 13
-54.315239 -743.610840 37.410477 13
-58.115265 -742.431458 43.455925 13
-53.252132 -736.286621 48.287022 13
-53.808411 -739.158569 38.411163 13
-45.661747 -741.467163 22.608059 13
-48.422646 -740.056763 36.914352 13
-48.868149 -742.661499 42.781704 13
-56.118710 -736.647461 48.653179 13
-47.772858 -739.286987 19.582670 13
-57.766846 -739.996521 44.176353 13
-47.578701 -739.058716 20.414209 13
-46.166809 -740.272156 9.815089 13
-52.670410 -737.733093 40.850185 13
-45.640427 -740.918884 12.663682 13
-47.767204 -737.149048 38.177372 13
-51.797188 -738.561157 36.425842 13
-45.359741 -740.918701 19.788355 13
-43.517288 -739.317261 1.876590 13
-49.681946 -744.967407 32.618301 13
-46.984035 -737.663818 29.897234 13
-48.309052 -741.212769 40.599812 13
-57.258724 -737.426147 48.505749 13
-45.858788 -739.551453 2.855907 13
-51.212093 -743.616821 45.889656 13
-46.910824 -741.041016 26.660110 13
-49.692215 -743.618896 46.490063 13
-45.913036 -738.445007 15.636471 13
-52.468395 -736.741333 44.784607 13
-58.284897 -738.132263 48.762611 13
-52.127419 -737.755981 39.982174 13
-44.052513 -739.339050 10.312507 13
-44.406647 -738.501404 11.716365 13
-46.328426 -740.671753 23.492132 13
-48.132469 -738.765625 25.681774 13
-55.777409 -736.733215 47.667713 13
-48.647278 -741.782593 31.027197 13
-50.029907 -745.071472 34.206841 13
-48.056511 -741.549927 38.755566 13
-48.719841 -740.750366 24.202187 13
-50.285816 -742.881775 28.832222 13
-52.780968 -744.499695 50.709328 13
-55.348000 -736.969910 46.075104 13
-47.203766 -737.366882 35.417469 13
-47.546616 -741.269226 33.130550 13
-49.354412 -743.152344 44.220043 13
-48.750614 -742.399475 41.702717 13
-48.271423 -739.498840 32.070232 13
-55.806374 -740.872314 39.647869 13
-47.269089 -738.564087 24.434034 13
-48.289604 -740.247620 21.712282 13
-52.448669 -743.242676 50.016640 13
-48.528511 -742.117249 44.226994 13
-52.458878 -742.734131 47.782322 13
-50.189007 -737.032410 41.619743 13
-44.300087 -738.339233 8.141438 13
-46.580318 -739.108582 9.997039 13
-50.139458 -743.078735 42.192802 13
-48.208900 -739.972534 35.043488 13
-44.948257 -740.655151 2.472672 13
-52.185760 -735.512512 49.182312 13
-54.465862 -736.309204 48.410358 13
-46.052513 -742.043457 21.932413 13
-44.558224 -740.911560 14.427110 13
-56.178200 -736.274597 49.433266 13
-53.353283 -745.000427 37.471004 13
-46.207623 -738.568665 23.133083 13
-45.304733 -738.207275 25.927202 13
-49.162949 -736.229675 44.040009 13
-53.217236 -741.713196 34.433304 13
-45.677845 -739.857239 1.307058 13
-45.284286 -738.833801 19.930243 13
-48.533165 -739.214294 24.109697 13
-54.988247 -736.322937 49.172581 13
-54.124825 -736.481812 46.912041 13
-50.755409 -738.697693 33.880840 13
-47.232571 -740.505310 32.922234 13
-46.387707 -740.151550 24.394199 13
-49.368378 -742.670349 39.474937 13
-54.728973 -741.479858 37.576214 13
-58.893776 -740.615784 46.483891 13
-45.837963 -740.575684 11.027936 13
-47.245304 -741.386841 21.333590 13
-46.164276 -738.714783 20.007147 13
-56.160343 -737.943298 44.905182 13
-48.938370 -736.381592 43.234970 13
-50.164005 -737.966309 36.473907 13
-50.937111 -742.727966 42.253109 13
-50.859108 -741.644348 29.928337 13
-48.317863 -741.900940 40.034687 13
-49.837429 -741.705139 27.648262 13
-44.798935 -740.003052 18.558672 13
-52.860790 -738.189453 39.309715 13
-50.514515 -738.290894 35.435474 13
-47.619251 -741.462097 30.355661 13
-44.360397 -739.522461 14.295577 13
-50.468098 -737.539856 39.267612 13
-49.980648 -743.548828 48.524586 13
-46.213638 -738.462158 16.743866 13
-49.140579 -737.443481 37.615261 13
-45.825451 -740.151917 8.787938 13
-45.071190 -738.457458 15.504782 13
-53.821747 -736.679626 45.783821 13
-44.229893 -740.343323 3.832768 13
-46.574009 -736.842712 38.369991 13
-51.625923 -738.033691 38.394321 13
-45.911583 -737.681885 30.924124 13
-47.330933 -741.125000 31.469078 13
-47.526924 -737.644470 30.824976 13
-48.034622 -740.727661 37.749077 13
-45.689587 -738.357117 1.547439 13
-46.094810 -738.709656 18.487366 13
-48.472443 -738.278687 29.607582 13
-52.373936 -744.156433 51.488766 13
-57.454460 -738.817139 45.265621 13
-45.610809 -738.753967 5.597080 13
-49.742683 -738.907227 30.495998 13
-48.137463 -738.650208 26.684793 13
-51.636066 -742.338318 44.050163 13
-44.396011 -739.649780 15.990199 13
-53.760429 -739.851257 37.159687 13
-51.488129 -736.777161 44.153683 13
-46.438114 -739.231995 21.731312 13
-44.397190 -740.776184 10.656346 13
-47.902191 -739.077026 21.998865 13
-46.463497 -740.421997 15.578652 13
-46.755348 -740.714722 17.868324 13
-47.578438 -740.142578 17.058184 13
-49.411339 -739.320374 27.354679 13
-45.794159 -738.411011 21.510696 13
-51.197674 -742.704163 43.221844 13
-50.812386 -736.392151 45.079876 13
-44.249146 -738.755432 28.244139 13
-46.805527 -738.229004 25.897177 13
-56.428963 -737.296753 47.276371 13
-43.622173 -739.574158 4.634120 13
-45.248501 -738.208252 11.111273 13
-47.003067 -740.006104 14.743674 13
-50.995243 -736.048462 46.631153 13
-43.879372 -740.315491 6.585002 13
-50.273315 -741.804810 28.669300 13
-54.478870 -742.255005 37.032345 13
-50.534676 -743.346619 43.741459 13
-45.150299 -740.680786 8.653616 13
-45.814644 -740.388733 5.859063 13
-44.191067 -737.863403 1.301883 13
-51.766296 -742.975830 32.228302 13
-48.138638 -743.614807 27.608185 13
-45.457958 -738.088684 26.721762 13
-45.064674 -739.072998 17.336292 13
-49.339417 -742.462158 37.863243 13
-49.189404 -739.497864 37.531380 13
-45.575905 -740.077881 3.688543 13
-44.478722 -740.505798 12.235071 13
-46.912025 -737.811340 28.711317 13
-51.682907 -737.246704 41.548351 13
-58.761406 -742.927979 43.988476 13
-48.731422 -738.193970 30.762381 13
-53.854763 -743.891479 36.827297 13
-45.582745 -738.352600 12.301618 13
-59.332390 -739.067810 49.347679 13
-44.100140 -739.851379 10.970413 13
-47.532890 -739.177063 18.743681 13
-45.213482 -737.561096 33.393074 13
-50.824551 -743.840942 46.584820 13
-44.549702 -739.245605 21.837093 13
-46.819435 -742.322937 23.019960 13
-49.641148 -738.530457 31.924158 13
-46.959690 -740.269287 29.507538 13
-47.777710 -741.034302 20.297966 13
-47.082203 -740.150696 16.392550 13
-50.728134 -738.983398 32.756119 13
-45.496410 -738.506287 7.100786 13
-48.782772 -737.564331 36.609570 13
-50.083698 -742.157593 38.289543 13
-46.027573 -740.776550 16.847937 13
-43.512146 -738.760742 6.778155 13
-55.155972 -737.161865 45.141876 13
-51.969597 -741.080750 32.598873 13
-50.393902 -744.794250 33.098957 13
-45.526760 -738.766663 3.586481 13
-56.430454 -740.067749 41.263390 13
-43.583488 -739.275208 7.495816 13
-46.526501 -740.573120 25.028196 13
-46.490662 -738.727905 19.161352 13
-44.649933 -739.836914 20.412743 13
-51.332150 -736.957092 42.578632 13
-45.845146 -740.461243 14.220781 13
-52.813709 -738.637817 37.565029 13
-51.706078 -739.866028 33.351952 13
-43.471184 -738.376465 0.715769 13
-48.570183 -742.040833 43.114635 13
-45.123344 -740.536133 4.544893 13
-47.780418 -740.556519 19.098036 13
-51.478420 -745.162476 35.985050 13
-50.010044 -740.390503 28.495977 13
-47.061596 -738.722961 21.952026 13
-50.988636 -744.278992 48.818985 13
-48.856857 -743.782104 27.977079 13
-44.067963 -740.391296 9.330274 13
-47.972691 -741.726379 31.980801 13
-48.892673 -739.671875 23.159487 13
-44.162823 -737.479675 32.803066 13
-46.258163 -737.568237 30.118105 13
-51.963470 -736.068604 47.658390 13
-57.373272 -738.407532 45.904228 13
-44.382328 -740.345276 5.216796 13
-47.532238 -738.573853 25.185780 13
-43.810020 -738.822876 12.081983 13
-47.536694 -741.139160 34.171669 13
-47.771336 -741.340515 36.683357 13
-49.359959 -744.107117 29.263000 13
-43.331436 -739.095032 1.064037 13
-45.859932 -739.500061 -0.132801 13
-51.892555 -743.728943 33.104439 13
-45.107727 -738.228210 2.030472 13
-51.541214 -736.472900 45.684002 13
-50.042953 -743.983215 47.881634 13
-45.612011 -737.191528 35.616428 13
-47.734409 -740.059753 33.412617 13
-47.023628 -740.081238 30.926950 13
-50.798000 -740.286133 30.734970 13
-58.461857 -738.728271 49.511093 13
-52.374195 -738.995667 35.933136 13
-43.752548 -738.538208 2.286854 13
-46.946430 -739.289429 12.287098 13
-45.424782 -740.663574 22.115730 13
-46.683102 -743.148132 27.446999 13
-49.025188 -741.220276 25.489540 13
-48.066242 -742.035278 23.848207 13
-48.946915 -742.535217 46.561729 13
-49.421398 -735.766907 45.304413 13
-48.539928 -742.186401 25.132696 13
-50.141163 -744.670898 31.671679 13
-51.296242 -740.363159 32.010502 13
-44.529610 -738.487610 13.314704 13
-44.371735 -738.457825 9.642360 13
-46.887024 -740.790771 27.576426 13
-48.403172 -741.321106 42.893871 13
-46.459515 -741.503113 20.381538 13
-47.347485 -743.666077 28.379820 13
-47.651485 -737.490417 33.494442 13
-45.090561 -740.648560 7.129719 13
-50.937935 -742.162964 41.435287 13
-50.238194 -741.472961 37.955647 13
-46.703411 -739.966614 28.292257 13
-53.165894 -740.010437 35.832985 13
-52.538914 -736.090637 48.339203 13
-48.956871 -737.218628 38.990734 13
-48.862003 -742.126099 35.086578 13
-59.025208 -741.985168 46.222187 13
-51.457859 -738.930481 34.025845 13
-49.097698 -738.896240 28.680183 13
-45.534702 -740.460510 10.161755 13
-45.628284 -741.280090 18.955151 13
-44.427261 -738.193970 30.439226 13
-45.525219 -738.411255 14.121800 13
-46.307831 -737.450867 32.400429 13
-48.768166 -742.243469 36.277489 13
-52.594273 -736.538147 46.916290 13
-49.645275 -741.189636 43.516178 13
-58.011150 -738.804688 46.673080 13
-51.847256 -744.399780 50.095741 13
-54.941353 -739.478455 39.435810 13
-44.558956 -738.975830 25.860174 13
-46.413162 -738.398804 24.437433 13
-54.976196 -738.931213 40.677063 13
-52.564873 -743.039124 33.530495 13
-48.866882 -742.544556 38.956348 13
-45.110630 -740.957214 11.377926 13
-46.878937 -742.770325 24.972311 13
-53.295227 -741.167358 34.934486 13
-49.536217 -743.004883 42.798183 13
-49.375835 -739.759216 25.766037 13
-46.072884 -739.706238 22.955967 13
-44.236897 -740.592896 8.004702 13
-47.754944 -737.523438 32.354759 13
-44.335060 -739.693359 13.467446 13
-47.702309 -736.174622 42.586571 13
-49.891949 -738.316101 33.854652 13
-44.582722 -739.088135 15.243216 13
-49.949211 -742.833984 40.904831 13
-52.954872 -737.376953 42.401440 13
-52.737129 -735.758301 49.739124 13
-43.944546 -739.696655 16.590111 13
-48.608589 -744.710693 31.876633 13
-53.488556 -735.958130 49.514301 13
-52.691647 -744.865356 36.414036 13
-50.943897 -737.860413 37.848656 13
-59.183968 -740.503113 47.981628 13
-50.740246 -745.323364 34.143456 13
-50.194973 -735.954346 45.567043 13
-47.876492 -740.966553 21.960732 13
-45.582699 -737.668823 32.371132 13
-47.257034 -739.070068 17.790207 13
-43.721012 -740.284668 4.487706 13
-54.592575 -745.414429 38.720402 13
-48.396103 -741.991577 33.879642 13
-45.746655 -739.719421 4.304609 13
-48.622570 -739.982544 38.521755 13
-56.172638 -739.243103 41.788437 13
-44.461956 -740.556458 13.067083 13
-50.290970 -743.587769 45.235428 13
-49.373913 -743.032043 26.982405 13
-44.724239 -739.054565 24.486580 13
-44.723537 -740.124573 21.058607 13
-56.402710 -737.858337 45.595737 13
-44.453007 -739.882263 25.527573 13
-56.555504 -738.771973 43.441559 13
-48.420761 -741.707764 41.637390 13
-48.607155 -737.703674 33.599117 13
-51.364151 -737.767578 39.073238 13
-56.700897 -737.064575 48.763481 13
-43.743904 -740.172058 7.322975 13
-46.783043 -737.240662 36.916992 13
-49.803886 -740.646484 27.751759 13
-51.879753 -742.170471 44.782005 13
-55.397282 -742.067688 38.829319 13
-43.933598 -738.500305 4.198315 13
-44.358036 -738.797729 27.158134 13
-48.587971 -740.035706 22.361923 13
-44.986191 -738.177856 14.700033 13
-52.818123 -741.472046 33.870281 13
-48.791710 -743.930176 28.813337 13
-49.982311 -736.316284 44.180988 13
-48.022041 -739.488098 18.219955 13
-51.417332 -735.347778 47.856323 13
-43.907608 -738.364380 29.360699 13
-52.261292 -742.319153 47.178627 13
-44.647728 -737.183350 34.678833 13
-48.580002 -741.381104 44.297421 13
-44.565407 -740.143738 23.613558 13
-58.738148 -739.680176 47.146358 13
-46.361706 -737.878662 27.436169 13
-45.788002 -739.887390 5.338409 13
-51.347530 -742.944885 30.938650 13
-53.303391 -736.467834 47.290451 13
-54.884575 -743.099670 38.133446 13
-49.363110 -737.398743 38.383892 13
-59.180836 -741.000793 47.117107 13
-46.147091 -738.150757 25.466509 13
-52.997578 -736.642334 45.915142 13
-44.642826 -740.577576 6.567773 13
-43.700573 -739.464172 5.936924 13
-52.013069 -742.410095 45.824036 13
-47.673306 -739.834106 31.796160 13
-53.063820 -743.192383 34.589745 13
-44.729435 -741.093384 13.496070 13
-47.337074 -738.153748 27.364563 13
-44.962715 -740.534912 -0.112990 13
-43.862305 -740.222229 8.635882 13
-47.471786 -741.624084 27.979704 13
-49.090801 -742.167053 34.094158 13
-46.311115 -739.085693 11.552676 13
-56.220882 -741.353699 40.528004 13
-47.349636 -739.265137 17.063259 13
-50.460068 -736.698242 43.428864 13
-46.260704 -738.501465 17.622700 13
-54.013344 -737.237122 43.706264 13
-53.770744 -736.939880 44.805649 13
-48.159378 -737.856018 31.053476 13
-50.371845 -742.103760 39.184952 13
-55.093025 -736.751526 46.691807 13
-49.242805 -741.941101 26.370749 13
-59.291203 -739.517578 48.815292 13
-47.541313 -740.227478 18.485792 13
-44.668781 -739.687927 22.396870 13
-47.672642 -741.635437 26.689388 13
-49.907303 -738.831482 31.278515 13
-49.861664 -738.516113 32.617409 13
-51.207062 -737.422302 40.437481 13
-50.843746 -735.349121 47.048069 13
-45.868313 -741.712097 21.231503 13
-58.416222 -740.776245 45.268402 13
-45.989594 -740.123047 11.607265 13
-58.721092 -739.131226 47.938007 13
-44.178040 -738.195129 5.640804 13
-48.493126 -739.555481 32.734131 13
-45.775539 -740.680054 15.340205 13
-46.518314 -740.698486 16.259642 13
-48.395557 -741.101135 42.234715 13
-48.868248 -736.630981 42.020088 13
-50.182995 -737.547607 38.580177 13
-44.926018 -738.919983 23.420118 13
-50.115601 -740.431702 43.183624 13
-52.464890 -740.423096 34.113934 13
-47.394085 -741.936340 22.595428 13
-44.727959 -740.650452 0.877398 13
-47.495663 -737.269043 36.769615 13
-48.758133 -741.879761 32.660194 13
-44.881771 -738.091492 4.641558 13
-47.217636 -740.830383 19.461323 13
-49.556412 -743.658081 47.205387 13
-51.374027 -741.548645 45.990227 13
-46.097794 -740.885437 17.601192 13
-50.872238 -743.960938 47.321003 13
-50.071945 -737.139771 40.945274 13
-54.574028 -739.055420 39.888794 13
-47.831532 -740.515198 36.184101 13
-48.323494 -738.487427 28.137854 13
-58.181335 -741.324829 44.395401 13
-43.149296 -739.728638 0.182416 13
-55.320919 -740.673828 38.825531 13
-44.573681 -737.885376 3.501527 13
-54.304741 -737.804565 42.423038 13
-47.843731 -742.963806 25.034546 13
-52.634705 -737.492126 41.542263 13
-55.781124 -736.841675 49.679668 13
-50.883434 -739.406738 31.543488 13
-45.660896 -738.518982 22.369200 13
-49.296452 -740.535217 25.957748 13
-43.854519 -738.802063 11.404273 13
-47.300785 -741.225769 28.754139 13
-58.225956 -739.624146 45.795670 13
-49.294167 -739.389709 26.346729 13
-43.715828 -739.071533 5.127380 13
-45.491791 -737.022034 36.590904 13
-46.914360 -736.697815 39.394810 13
-49.232376 -744.874634 33.123199 13
-50.407486 -743.867920 30.586193 13
-50.393753 -740.762634 44.546974 13
-48.240017 -740.415833 39.778275 13
-44.782516 -739.622681 19.126514 13
-51.080868 -738.291199 36.861198 13
-45.504574 -741.180786 17.998556 13
-54.666187 -740.375793 37.816959 13
-49.488430 -736.614685 42.902832 13
-45.172310 -740.649170 13.076681 13
-47.590153 -740.430115 34.325542 13
-44.236206 -739.345825 12.317723 13
-44.914818 -740.374878 17.378571 13
-48.156544 -735.970520 43.037895 13
-45.082050 -739.056030 19.321644 13
-52.177235 -738.499207 37.317104 13
-47.085747 -739.186584 15.809861 13
-43.930424 -739.349182 8.426439 13
-45.691265 -740.105469 6.497040 13
-48.610687 -738.989502 26.158146 13
-45.538994 -741.120361 24.139334 13
-49.505314 -737.924866 35.073841 13
-48.549431 -742.343994 45.082626 13
-43.734451 -740.289856 3.321471 13
-49.029022 -740.265564 24.577513 13
-52.255707 -739.525085 34.869312 13
-46.367603 -739.067139 8.565638 13
-43.915619 -740.105347 1.269765 13
-45.871269 -737.410583 34.937634 13
-55.658978 -738.943298 41.464359 13
-45.299812 -740.708679 3.063467 13
-46.830406 -742.950012 25.950287 13
-57.310646 -744.206726 41.671612 13
-54.433434 -738.391785 41.019398 13
-50.983360 -741.466125 40.209236 13
-47.249832 -740.600525 32.241955 13
-47.444229 -743.367859 26.923103 13
-58.731022 -742.074890 44.953300 13
-49.433216 -737.775269 36.213226 13
-44.411900 -738.148376 10.459692 13
-50.617977 -739.682617 30.514090 13
-43.963703 -739.333557 9.637054 13
-46.877022 -738.632080 23.024780 13
-47.268570 -742.556885 23.809404 13
-56.608147 -740.951294 41.366711 13
-50.019833 -741.603760 37.006744 13
-50.664009 -741.400085 39.292282 13
-57.772923 -737.707703 48.824749 13
-46.891304 -736.283081 40.735458 13
-50.773815 -743.374878 44.410419 13
-45.222725 -738.787354 21.204111 13
-45.618420 -737.817749 28.964243 13
-52.501926 -738.308594 38.720448 13
-46.130157 -739.627014 2.252190 13
-44.238304 -740.207275 11.673833 13
-48.623161 -738.794250 27.412558 13
-57.727261 -741.932434 43.270363 13
-49.961761 -741.038940 35.935085 13
-59.775326 -740.074219 49.045395 13
-49.868660 -735.657104 46.223602 13
-48.338516 -741.769714 24.404270 13
-46.045589 -742.080566 23.840387 13
-56.574818 -738.349365 44.592682 13
-53.896370 -744.836426 38.066566 13
-43.853535 -740.268494 5.922974 13
-52.974987 -737.058655 43.699776 13
-46.102692 -737.963745 26.798203 13
-51.088314 -738.603271 35.367275 13
-48.872730 -737.900391 33.025917 13
-48.394550 -739.244507 23.272497 13
-48.903019 -739.930481 40.495430 13
-47.767025 -736.536438 41.391418 13
-46.692657 -739.978027 13.249357 13
-46.958241 -740.446045 28.873623 13
-57.915028 -740.841064 44.018021 13
-44.903507 -738.992554 16.204723 13
-50.363865 -742.480957 39.923512 13
-42.977863 -738.619507 1.388379 13
-47.104435 -740.722473 30.023790 13
-57.141251 -740.821777 42.591732 13
-50.086094 -741.010742 36.670868 13
-44.572529 -738.421753 28.961367 13
-54.698303 -742.137207 37.682232 13
-47.912331 -741.758423 36.123234 13
-46.527504 -737.381104 34.787277 13
-46.382118 -742.753052 26.487431 13
-45.847271 -740.444519 4.981634 13
-45.662407 -738.696960 17.179951 13
-48.425980 -737.809448 32.365101 13
-51.252979 -742.312683 42.679272 13
-46.797630 -739.268982 13.691576 13
-47.309227 -741.085144 20.765779 13
-54.855202 -736.876404 45.658546 13
-51.463745 -744.475220 33.429600 13
-52.015999 -742.394104 32.070866 13
-52.803944 -742.131470 48.347897 13
-43.777008 -740.386292 2.666435 13
-48.744625 -739.639465 34.094208 13
-44.397804 -740.184753 14.418342 13
-46.543602 -741.475830 24.997475 13
-44.387753 -740.229248 15.715582 13
-49.037617 -744.324341 30.102240 13
-48.596573 -739.183289 24.941824 13
-45.979462 -742.087341 25.874390 13
-51.406227 -743.054077 44.637733 13
-47.256245 -743.611023 29.569208 13
-45.365669 -738.689392 18.510250 13
-53.853424 -736.354248 48.640335 13
-45.091091 -738.551758 24.669502 13
-45.481613 -740.783752 22.771429 13
-48.330997 -742.004272 37.338825 13
-50.561409 -741.615417 29.353577 13
-45.036835 -737.966492 9.558573 13
-46.836655 -741.813965 21.698032 13
-50.792633 -740.931030 45.040081 13
-47.404652 -743.144653 26.171898 13
-54.309784 -744.332642 38.108303 13
-45.168060 -740.970154 12.229502 13
-48.938114 -738.627136 29.311483 13
-44.349010 -739.217285 13.001638 13
-55.666531 -736.484375 49.078499 13
-44.559372 -738.635803 14.050305 13
-46.172424 -739.645813 9.973232 13
-57.100189 -741.404236 42.320274 13
-55.333652 -743.523804 39.149899 13
-47.987717 -741.213989 38.191456 13
-47.614708 -737.802673 29.912561 13
-52.720261 -742.001648 33.394382 13
-49.830757 -742.964661 41.639347 13
-52.813751 -744.099670 35.269215 13
-49.499126 -740.572144 26.745220 13
-55.516125 -737.865234 44.009995 13
-46.157410 -740.455200 10.466627 13
-47.066235 -737.053894 38.046501 13
-55.435780 -738.365662 42.706085 13
-53.208691 -738.833069 38.016708 13
-47.872971 -740.353333 35.540283 13
-54.148277 -740.713562 36.596539 13
-49.888077 -737.309937 39.648014 13
-58.082729 -738.188843 49.440594 13
-48.917057 -742.893433 45.543221 13
-48.023323 -736.575806 41.983910 13
-47.109257 -738.864441 19.111893 13
-45.644062 -738.823364 2.324459 13
-53.027252 -739.195740 37.017105 13
-48.769855 -736.916443 40.990616 13
-45.387657 -738.087952 28.054781 13
-51.277328 -742.195190 45.353844 13
-51.569580 -745.030151 35.106342 13
-50.687626 -740.928284 29.955667 13
-46.419392 -740.194885 14.206101 13
-46.777874 -739.901672 12.600918 13
-54.757484 -737.539307 43.465412 13
-45.949265 -739.567505 6.843062 13
-44.891655 -737.032959 35.408768 13
-55.162525 -741.302307 38.452209 13
-57.120762 -738.759399 44.679466 13
-47.319637 -738.663025 23.536789 13
-44.208103 -738.698730 10.208947 13
-55.216270 -744.509277 39.561615 13
-45.066795 -738.161133 6.760478 13
-55.185394 -738.481812 41.963902 13
-46.700153 -740.461060 26.459517 13
-48.759834 -739.744568 36.258247 13
-48.117840 -741.485901 29.236958 13
-44.956413 -739.135315 20.425537 13
-52.310913 -743.649658 33.645916 13
-45.820221 -738.562927 10.946994 13
-50.157547 -743.711121 30.031590 13
-51.162846 -743.684998 31.376532 13
-49.694771 -739.066406 29.765812 13
-52.887291 -744.573608 51.358150 13
-53.723221 -738.398743 40.092255 13
-48.179741 -740.819092 39.156902 13
-46.584743 -737.398926 32.959267 13
-44.303608 -738.126160 6.720553 13
-48.325306 -740.412598 41.146172 13
-46.159279 -738.674316 14.586761 13
-45.251610 -740.858154 16.198118 13
-56.384747 -742.099365 40.632164 13
-56.045147 -740.787964 40.226810 13
-43.662491 -740.385864 0.760841 13
-45.703480 -741.341064 24.833279 13
-45.789940 -740.097595 7.805430 13
-51.903069 -743.522766 47.268566 13
-49.433037 -737.992859 34.241756 13
-50.034813 -743.233704 28.374962 13
-54.341194 -739.439819 38.609177 13
-43.590889 -739.319519 3.102835 13
-45.065395 -739.073303 18.015551 13
-45.021137 -740.678467 5.840337 13
-46.261463 -737.470276 33.572392 13
-53.042423 -736.900879 44.622845 13
-44.518917 -737.934265 12.677561 13
-56.048542 -744.808044 40.311386 13
-46.392376 -738.860535 13.360018 13
-46.938374 -738.939514 16.656933 13
-44.484058 -737.836243 2.797954 13
-48.059944 -739.856750 19.582241 13
-50.807232 -744.345337 49.417919 13
-50.967552 -744.238464 32.300804 13
-47.320824 -739.343811 28.516869 13
-56.952812 -739.584534 42.977299 13
-56.729427 -737.633057 46.830780 13
-49.763565 -742.460327 27.625776 13
-50.836422 -741.525391 45.317490 13
-49.555855 -738.238098 33.134060 13
-48.842659 -742.643860 44.316200 13
-45.100380 -738.230286 27.234175 13
-44.375519 -740.738098 0.060620 13
-43.983749 -738.727112 13.141692 13
-59.870914 -739.461060 49.633347 13
-46.260170 -738.969116 7.944621 13
-47.851738 -741.535706 35.474373 13
-43.878403 -739.222839 10.942324 13
-50.489006 -735.830994 46.206291 13
-56.880753 -743.030884 41.593369 13
-50.307781 -744.142151 48.456722 13
-56.841698 -740.307617 41.704144 13
-53.812023 -738.891541 38.974052 13
-51.775684 -736.849121 43.563087 13
-47.932301 -738.990723 22.932402 13
-44.947460 -738.153320 3.997797 13
-52.053043 -744.668213 34.911041 13
-48.172966 -736.752319 40.899010 13
-56.863514 -744.269836 41.212624 13
-47.826584 -736.776611 40.321869 13
-55.149857 -736.734131 49.889442 13
-47.267860 -739.769958 15.882942 13
-48.383583 -737.566956 34.651657 13
-52.518356 -740.946655 33.752800 13
-53.400120 -742.987793 35.146675 13
-49.407982 -736.118774 44.611225 13
-50.407490 -742.936584 40.458477 13
-43.396549 -739.299194 4.117254 13
-44.709595 -739.974854 16.954033 13
-46.348846 -739.799683 11.155276 13
-49.052666 -737.025269 40.453144 13
-49.941170 -737.733643 37.343075 13
-44.022396 -737.809937 31.125671 13
-49.483353 -743.219543 44.813087 13
-46.636875 -737.434082 34.146454 13
-49.420502 -741.701233 26.950958 13
-55.504799 -739.247314 40.692371 13
-47.878429 -737.124695 38.790520 13
-53.911804 -735.737854 50.054111 13
-51.572594 -743.268188 45.506760 13
-55.781189 -743.788757 40.134983 13
-44.945450 -740.261658 22.293087 13
-54.699760 -744.255493 38.611126 13
-54.596928 -736.385193 47.807186 13
-51.404270 -739.727722 32.768764 13
-47.745506 -737.470215 34.618835 13
-49.731861 -742.533508 37.209126 13
-54.122936 -737.133179 44.340019 13
-48.680344 -742.544067 36.807434 13
-46.887196 -740.203979 27.736712 13
-47.592247 -738.387756 26.843681 13
-48.167416 -741.659729 39.437347 13
-50.445969 -736.980347 42.194721 13
-54.921200 -742.528442 38.347927 13
-52.141144 -742.663635 46.506763 13
-48.696457 -737.618774 35.254177 13
-56.907974 -737.999023 45.970837 13
-51.692066 -736.151184 47.085190 13
-45.807701 -741.296875 19.580536 13
-46.646744 -741.486023 19.684574 13
-54.895664 -743.593445 38.738773 13
-52.014702 -744.411560 34.274597 13
-45.061199 -738.868591 22.726044 13
-52.548668 -743.182251 48.458427 13
-51.686646 -743.575867 32.483185 13
-48.262257 -740.937012 23.017626 13
-46.290413 -742.091553 22.546352 13
-48.318165 -743.444214 27.037729 13
-54.794247 -744.663147 39.095467 13
-54.760338 -737.205078 44.689499 13
-50.116772 -739.453979 29.409698 13
-53.656094 -741.092346 35.532234 13
-46.418346 -737.594177 31.230782 13
-55.896404 -742.843262 39.827206 13
-51.402824 -736.307983 46.261696 13
-55.414642 -743.935669 39.680813 13
-47.915321 -744.160400 29.918674 13
-51.650009 -740.880920 32.113449 13
-45.083847 -737.653198 1.860788 13
-45.195992 -738.213562 5.810674 13
-57.683678 -737.321533 49.270870 13
-47.873337 -741.077698 37.250015 13
-48.258167 -737.511658 35.742577 13
-53.189819 -735.954224 50.087135 13
-52.201912 -739.098938 35.347210 13
-54.734692 -737.794983 42.920319 13
-52.846088 -743.134888 49.136192 13
-59.279839 -741.227173 46.432556 13
-46.109375 -740.727966 22.930141 13
-56.127777 -739.947205 40.751938 13
-52.869080 -740.079285 35.304569 13
-44.617161 -739.675903 23.175976 13
-45.287003 -738.390381 13.472290 13
-44.751335 -740.760803 9.135910 13
-53.380638 -745.610535 37.454365 13
-43.520809 -739.647156 1.374708 13
-45.404068 -738.260864 25.315210 13
-44.032131 -739.956299 9.773691 13
-43.621658 -738.987793 8.876213 13
-52.984436 -740.658936 34.870461 13
-48.925503 -742.750427 38.198025 13
-46.957897 -738.769226 20.533232 13
-57.597408 -738.406982 46.504589 13
-55.517662 -744.965271 39.846176 13
-47.871216 -740.449158 20.426847 13
-56.850967 -741.442322 41.666893 13
-54.559258 -741.026672 37.218544 13
-44.770187 -738.045959 31.007097 13
-46.471149 -738.714905 15.530456 13
-47.129009 -740.561951 31.269293 13
-47.621658 -736.948608 39.312477 13
-48.039581 -741.756592 34.377693 13
-46.098606 -737.278931 35.960880 13
-44.644310 -737.939514 7.842577 13
-47.857536 -737.266357 37.574963 13
-48.932529 -740.823303 24.868477 13
-56.099365 -744.091248 40.550068 13
-48.792816 -739.562378 22.064775 13
-44.667065 -741.122253 11.871584 13
-44.667137 -737.804016 32.055660 13
-44.576828 -739.353394 18.206047 13
-52.580757 -737.115295 43.237202 13
-43.874691 -738.697937 5.582301 13
-52.908760 -745.043030 36.929188 13
-48.169891 -741.633484 30.692814 13
-49.428223 -741.893494 35.223278 13
-50.209019 -740.936157 28.758400 13
-52.144627 -743.782959 48.626640 13
-48.060398 -738.174988 29.161516 13
-50.029766 -739.524292 28.791252 13
-43.349541 -739.282898 2.479282 13
-49.287418 -736.814148 41.592491 13
-45.631565 -739.846252 0.298954 13
-46.377995 -739.561279 24.288465 13
-51.507633 -743.145691 31.624514 13
-52.467037 -736.516602 46.266060 13
-52.747280 -743.642944 49.628098 13
-56.530365 -743.402954 41.058182 13
-45.119629 -740.762817 9.865174 13
-53.683170 -742.304077 35.415962 13
-49.212337 -743.038452 43.311661 13
-49.292427 -742.723145 40.453526 13
-45.501945 -740.106689 2.783314 13
-57.301025 -740.083130 43.305038 13
-52.850914 -743.865295 51.284767 13
-46.022697 -740.206299 23.233181 13
-48.684494 -739.753296 35.334576 13
-50.951271 -744.590881 33.112286 13
-53.849770 -739.627563 37.716869 13
-46.636787 -740.044373 25.622761 13
-46.960094 -741.127014 25.842663 13
-51.249214 -741.243774 30.995747 13
-51.386906 -741.816528 46.758881 13
-48.478050 -742.467102 40.562859 13
-53.396629 -736.299011 49.008392 13
-52.245815 -744.016052 49.455280 13
-45.661209 -737.541321 33.761707 13
-47.437252 -741.254089 30.874346 13
-48.126884 -741.957153 35.032513 13
-57.837307 -739.246643 45.414360 13
-49.756702 -743.658081 45.896744 13
-55.502064 -739.817078 39.835186 13
-48.661442 -737.122803 39.790829 13
-46.030285 -739.399658 5.561810 13
-50.410767 -745.012146 33.723995 13
-51.294590 -735.765381 48.303249 13
-53.856422 -736.617493 46.390095 13
-45.945824 -741.603271 20.630968 13
-48.326130 -740.478638 41.888836 13
-46.692024 -739.073486 22.260397 13
-55.861591 -737.215332 46.206783 13
-48.257282 -744.026062 29.067976 13
-51.970287 -745.486389 35.925751 13
-44.555210 -740.593628 1.611549 13
-49.407627 -739.193054 28.264439 13
-49.753574 -744.662781 32.117638 13
-53.447010 -741.916809 34.928787 13
-52.350185 -743.947632 34.176380 13
-55.529892 -742.954163 39.239162 13
-46.637604 -740.867798 18.422953 13
-51.068836 -740.572632 31.183706 13
-52.843277 -743.702332 34.732128 13
-48.733109 -742.398254 39.510750 13
-45.743279 -738.960938 6.294179 13
-56.201881 -738.673157 42.579205 13
-44.583088 -739.492249 17.301283 13
-48.735268 -735.842468 44.176125 13
-43.751602 -739.020386 6.318439 13
-51.117001 -736.649963 44.591221 13
-49.915363 -742.652954 38.021580 13
-58.819496 -740.104675 46.760735 13
-47.276203 -739.764099 29.624426 13
-46.920650 -737.737488 29.322458 13
-48.249634 -740.938904 43.447361 13
-47.543427 -737.474487 32.924942 13
-44.287914 -738.195862 31.705931 13
-51.442463 -744.688843 33.979588 13
-50.607410 -737.415771 39.882446 13
-50.600029 -742.898560 29.416069 13
-45.014065 -738.048157 29.273239 13
-51.523586 -742.384521 31.036177 13
-53.226429 -737.869995 40.935078 13
-55.944382 -742.241699 39.889622 13
-57.869339 -742.753174 42.985973 13
-56.308163 -742.942017 40.735073 13
-51.650578 -739.365845 33.666714 13
-53.590061 -740.601990 35.887196 13
-44.176250 -739.927551 12.175576 13
-46.063606 -739.671631 7.509825 13
-46.226788 -736.353882 38.674694 13
-51.323742 -738.500793 35.928238 13
-45.905231 -737.039917 37.069706 13
-43.440765 -737.987244 1.363197 13
-45.881031 -736.651489 37.599407 13
-47.486839 -737.462402 34.030373 13
-47.976185 -741.791199 23.335579 13
-50.117809 -741.298157 43.853031 13
-49.236942 -743.341858 27.959936 13
-44.323772 -740.363647 11.073247 13
-53.477802 -744.501038 37.203995 13
-48.098125 -739.267151 21.474939 13
-53.226612 -744.145630 36.165821 13
-53.820160 -737.784363 41.839912 13
-52.205868 -741.607605 32.604053 13
-49.810200 -743.650330 29.292988 13
-55.791122 -738.229614 43.558064 13
-53.922108 -741.734497 35.946312 13
-48.474941 -739.549011 20.744717 13
-48.672031 -738.268982 30.189219 13
-51.992416 -736.767578 44.458000 13
-48.943970 -742.800903 25.911867 13
-45.397991 -737.844238 31.130739 13
-44.237465 -740.412903 0.686955 13
-48.337627 -741.436523 41.142464 13
-46.970470 -739.326843 14.662039 13
-45.514977 -740.521179 7.513141 13
-44.061165 -738.237793 2.685807 13
-47.595600 -741.071106 35.234394 13
-49.619434 -737.122803 40.466351 13
-58.399216 -742.494385 43.984013 13
-57.215946 -739.218506 44.091064 13
-46.571884 -736.235107 39.446941 13
-47.119694 -736.651733 40.321072 13
-44.351433 -737.901794 4.848363 13
-45.894360 -741.884827 24.893480 13
-48.704693 -740.147034 22.917027 13
-45.980679 -740.700745 8.821985 13
-56.848358 -737.522278 49.089493 13
-48.991852 -736.533569 42.614784 13
-44.575748 -739.767517 24.802364 13
-44.916779 -737.857910 10.520852 13
-57.031620 -737.461304 47.981571 13
-46.010117 -742.277649 24.403919 13
-49.182083 -738.255249 31.739649 13
-50.223312 -743.813660 46.518700 13
-49.193859 -744.856812 32.159344 13
-49.899445 -740.123657 28.003757 13
-50.351036 -738.509216 34.222664 13
-55.564705 -741.830994 39.381008 13
-46.866806 -739.789978 14.195104 13
-51.680599 -737.732056 39.561417 13
-52.586552 -745.491516 36.613499 13
-48.937660 -739.722717 39.094505 13
-50.832226 -738.861328 33.318840 13
-45.849937 -740.648010 7.067359 13
-43.902798 -738.277588 30.716915 13
-54.914051 -740.249634 38.357124 13
-51.728287 -738.386597 36.978477 13
-48.053841 -736.947998 39.806927 13
-48.910107 -742.573547 42.210438 13
-45.693386 -741.584900 23.731037 13
-43.165890 -738.852661 1.922737 13
-46.421040 -741.092468 23.857929 13
-58.193733 -738.568115 47.543499 13
-44.686714 -738.414124 28.307798 13
-47.601116 -739.911926 18.022707 13
-45.389790 -740.868164 16.748138 13
-50.432434 -737.755737 38.076931 13
-48.808170 -737.683533 34.142986 13
-45.508610 -738.399963 12.881549 13
-46.417763 -742.768738 27.817776 13
-50.105728 -743.181335 42.874195 13
-45.862919 -740.442444 12.950985 13
-48.253269 -739.814209 33.651821 13
-45.949463 -740.784485 11.666255 13
-48.727283 -742.212646 35.675186 13
-53.711731 -737.347168 43.236588 13
-45.647327 -737.655701 30.319885 13
-44.335392 -739.619507 24.300909 13
-43.834354 -740.323486 5.042540 13
-46.096550 -739.619934 8.796537 13
-50.020039 -740.516357 42.649773 13
-44.414806 -739.444092 26.170460 13
-51.767700 -742.043335 31.643311 13
-44.713070 -740.037415 16.393980 13
-46.859032 -743.417725 28.029615 13
-48.048458 -738.927185 24.174173 13
-47.603569 -737.404846 35.799881 13
-59.232044 -738.779663 49.892151 13
-49.541077 -742.043762 36.267284 13
-58.084049 -740.116760 44.712112 13
-52.227131 -737.479553 41.159992 13
-51.401775 -738.727234 34.891094 13
-47.341690 -736.162109 41.300877 13
-48.136566 -741.853088 33.374443 13
-52.393818 -743.980591 50.937180 13
-52.989307 -743.479980 50.113483 13
-45.050381 -740.634766 14.234287 13
-43.528996 -739.816162 2.169176 13
-47.877525 -744.091125 30.665323 13
-46.215031 -740.259094 9.193393 13
-45.429688 -740.476990 8.212186 13
-57.063934 -742.522949 41.780586 13
-58.703106 -738.407898 49.112194 13
-56.513599 -739.358154 42.296894 13
-59.289280 -740.068848 48.532692 13
-44.619179 -739.611450 21.376072 13
-54.306850 -743.021301 37.151035 13
-44.513321 -737.271790 34.042202 13
-47.197872 -741.144226 27.887653 13
-43.816387 -738.630493 28.681423 13
-49.594997 -739.620117 26.848572 13
-46.925480 -740.012573 15.297063 13
-51.032249 -745.035889 34.522194 13
-48.296253 -740.771301 40.222286 13
-46.344288 -743.005371 27.031265 13
-54.478489 -736.516663 50.008278 13
-50.344498 -740.451477 29.489342 13
-44.786358 -740.657593 3.270592 13
-44.277451 -739.070068 16.347342 13
-51.065063 -739.823059 31.891935 13
-50.034725 -738.109924 35.189640 13
-45.055744 -738.157654 12.401571 13
-52.956501 -744.085327 50.324490 13
-58.874287 -741.661499 45.556320 13
-48.978680 -739.651245 38.015408 13
-56.565697 -736.735107 49.426975 13
-44.406040 -738.929382 26.552185 13
-54.105045 -738.757202 39.699780 13
-48.577030 -742.125000 43.690071 13
-47.765381 -741.586792 32.583611 13
-49.248974 -738.590698 30.449976 13
-46.706455 -738.750671 17.844378 13
-44.877773 -740.899597 15.351724 13
-51.040455 -745.551025 34.866470 13
-50.019855 -742.385376 38.797043 13
-51.397457 -737.301575 41.071308 13
-44.081932 -739.352295 27.317896 13
-49.997978 -743.342773 43.963558 13
-51.859955 -737.093872 42.464481 13
-51.265244 -741.814575 30.707850 13
-49.396126 -735.431458 44.862770 13
-44.528812 -738.309692 12.238946 13
-52.456142 -737.269714 42.633472 13
-45.312325 -738.675598 15.960526 13
-57.248276 -741.932739 42.426857 13
-48.249001 -740.304810 37.422241 13
-48.102921 -741.751770 38.166977 13
-48.781017 -742.421570 41.138882 13
-46.022881 -738.658752 16.264139 13
-56.933556 -740.380249 42.243965 13
-57.357170 -743.589417 41.911762 13
-56.482304 -743.956909 40.957867 13
-44.860493 -740.247925 19.058069 13
-48.797989 -739.773499 37.209988 13
-52.326046 -744.319092 50.391811 13
-43.967793 -738.173645 1.799503 13
-43.704811 -738.678162 3.146306 13
-46.390987 -738.635193 21.590778 13
-43.757210 -738.858398 10.504223 13
-45.181393 -738.082397 30.103582 13
-54.174343 -740.011353 37.500534 13
-44.056889 -738.745605 29.721945 13
-47.965996 -741.672974 37.084473 13
-44.787216 -740.630066 5.000411 13
-44.670532 -740.726013 8.313082 13
-46.490463 -742.354065 23.474627 13
-46.082588 -738.650391 15.124092 13
-49.239330 -739.840759 25.190704 13
-47.502975 -740.955017 34.709763 13
-53.801231 -737.948486 41.246037 13
-48.496975 -741.277283 24.204178 13
-52.520584 -738.039734 39.719421 13
-52.074078 -736.630676 45.184620 13
-47.380974 -741.312317 29.860733 13
-54.922287 -736.260559 49.712521 13
-45.490364 -737.333130 36.140594 13
-54.723244 -738.179077 41.908001 13
-48.635132 -740.037537 39.847031 13
-51.869003 -741.785034 45.999649 13
-44.459061 -740.441650 10.150145 13
-50.393307 -738.142090 36.004684 13
-47.522987 -739.345825 29.026464 13
-51.838634 -743.321472 46.701027 13
-46.505695 -738.087158 26.395920 13
-52.530994 -742.562134 33.147274 13
-46.087204 -739.297729 4.337606 13
-44.097889 -739.042053 14.927471 13
-48.109325 -740.019958 20.144764 13
-47.108337 -737.640625 30.423910 13
-45.277004 -738.519287 23.508131 13
-59.014462 -739.895508 47.627022 13
-49.588020 -744.924377 33.679924 13
-59.004486 -739.236816 48.395992 13
-57.335384 -738.006775 47.050983 13
-47.132618 -738.244751 26.501766 13
-50.337517 -742.343872 28.773911 13
-46.480549 -742.625671 25.318785 13
-48.248489 -741.705444 31.433054 13
-46.645741 -737.356934 35.851070 13
-46.476715 -738.569458 22.659515 13
-45.458694 -737.461182 34.546562 13
-56.807465 -742.156555 41.409565 13
-46.965973 -740.224121 30.405832 13
-44.584244 -739.087769 25.154074 13
-53.082687 -742.698364 34.339363 13
-52.543415 -737.835876 40.315376 13
-50.959312 -745.174316 35.259098 13
-50.869152 -736.890747 42.859001 13
-45.147408 -738.110291 8.730332 13
-49.694660 -744.523560 31.239330 13
-49.575653 -741.783630 35.750687 13
-47.152626 -740.603455 18.376789 13
-47.604130 -741.630310 29.072206 13
-49.225311 -743.336548 46.602470 13
-44.477993 -740.299133 15.017612 13
-45.139671 -740.474487 1.995283 13
-49.429302 -743.227051 47.570114 13
-45.581978 -740.126221 4.611351 13
-58.021305 -741.920654 43.711353 13
-46.366867 -737.761719 28.754217 13
-48.448189 -737.175842 38.765579 13
-50.894474 -741.896973 40.655643 13
-51.006058 -742.991699 30.504709 13
-45.556831 -741.141541 20.247053 13
-48.336227 -737.321899 37.849033 13
-45.872498 -740.570374 12.341402 13
-43.819656 -739.140015 7.015745 13
-50.969181 -743.094238 43.543537 13
-48.696915 -742.747620 46.007275 13
-52.522270 -744.519104 35.450352 13
-44.153057 -738.692078 30.254059 13
-48.272339 -737.414917 36.708668 13
-46.299988 -740.256897 23.877831 13
-47.798870 -743.703430 28.021791 13
-44.910305 -738.566833 25.971310 13
-47.322685 -737.584778 31.324276 13
-48.011024 -740.665710 21.517622 13
-48.188938 -740.180176 36.403156 13
-45.472061 -741.011292 18.515774 13
-44.728691 -737.635010 33.151058 13
-44.579311 -738.025513 1.739576 13
-49.692215 -744.282227 30.495195 13
-45.760498 -741.581238 23.116621 13
-55.740871 -739.625671 40.385292 13
-45.109512 -738.128723 11.634792 13
-44.067101 -738.780396 8.391039 13
-53.434406 -739.758057 36.691212 13
-52.437626 -735.825317 48.783054 13
-46.779606 -739.317444 11.536361 13
-55.828793 -736.618042 48.193066 13
-54.857735 -740.889526 37.660610 13
-47.851131 -743.039795 25.891241 13
-46.054691 -740.174316 2.605564 13
-47.302822 -737.521973 32.075096 13
-58.651741 -737.986877 49.475422 13
-59.371536 -739.377136 49.852146 13
-47.146194 -740.351501 17.308397 13
-53.795414 -743.158691 36.167473 13
-56.777382 -739.787231 42.506756 13
-44.804626 -739.173584 22.307112 13
-50.687683 -737.338745 40.416412 13
-51.514732 -737.106262 42.041477 13
-54.127636 -741.643921 36.437569 13
-46.873508 -741.469666 20.842134 13
-48.781986 -744.636292 31.244064 13
-51.899288 -740.674866 32.968418 13
-50.657333 -743.544067 29.963354 13
-47.626698 -743.866150 28.827808 13
-45.382187 -740.237610 1.544630 13
-44.035141 -738.744080 7.837727 13
-47.519306 -741.086182 33.640194 13
-47.436378 -739.892578 31.273510 13
-52.682636 -736.672913 45.297371 13
-48.318714 -742.977295 26.161297 13
-45.228264 -738.303406 4.990162 13
-57.414036 -740.823547 43.093510 13
-51.696182 -737.544739 40.239388 13
-45.365807 -740.286987 4.141727 13
-45.130524 -738.168152 7.350131 13
-50.399841 -739.775391 29.751463 13
-47.602501 -738.237488 27.848923 13
-53.231873 -737.585632 41.988209 13
-50.437622 -738.374207 34.858490 13
-44.227432 -739.026611 11.841224 13
-43.517937 -738.758728 7.416338 13
-48.349075 -740.341797 38.251335 13
-58.713295 -740.816589 45.807137 13
-58.504192 -741.724976 44.628792 13
-49.734241 -739.571045 27.677507 13
-45.867359 -738.290466 22.798122 13
-50.039635 -741.798950 28.188044 13
-46.043873 -738.568665 21.072538 13
-45.788692 -740.554382 3.569894 13
-55.731888 -740.331604 39.699238 13
-44.396080 -740.967651 13.876193 13
-57.550739 -742.848572 42.572510 13
-50.429001 -736.399170 44.657112 13
-43.472729 -739.758545 3.367589 13
-51.616142 -741.421265 31.581467 13
-46.294243 -737.741699 27.986607 13
-57.317013 -742.498413 42.248764 13
-46.711506 -736.757996 38.887230 13
-56.260757 -737.356873 46.750622 13
-53.497551 -743.301575 35.687706 13
-44.724354 -740.711609 11.077123 13
-45.620865 -738.298645 24.384630 13
-50.739658 -743.650818 45.492199 13
-45.227203 -740.566528 19.416645 13
-50.800953 -735.621704 47.541035 13
-43.830231 -738.147949 1.034519 13
-55.431656 -736.721741 47.122391 13
-44.035851 -738.906860 14.222125 13
-52.239243 -743.195496 47.616463 13
-48.846409 -741.778076 25.370316 13
-52.304249 -736.230286 47.247314 13
-58.323643 -740.222290 45.287117 13
-49.173130 -742.422668 37.269711 13
-44.621597 -737.918945 11.517908 13
-50.572216 -743.068115 41.896175 13
-48.876965 -737.450256 37.148533 13
-46.204159 -738.639709 20.522877 13
-48.936401 -741.613037 25.932789 13
-52.796242 -738.470154 38.224380 13
-46.713284 -740.898621 25.409229 13
-57.563133 -737.888916 47.587128 13
-44.780731 -738.510071 15.053311 13
-49.786419 -742.027588 36.758499 13
-43.746445 -738.962280 4.332673 13
-46.490673 -739.289917 10.498399 13
-43.366440 -738.680176 5.214520 13
-48.305241 -741.805664 32.396454 13
-49.140957 -742.828430 41.552509 13
-45.778454 -739.686890 1.879322 13
-53.959423 -740.280334 36.845142 13
-47.194157 -738.387634 25.588833 13
-55.926785 -743.216370 40.197636 13
-47.630684 -741.555054 31.625980 13
-44.820324 -737.792542 33.644680 13
-44.403358 -738.235168 9.100422 13
-49.307411 -737.798645 35.559956 13
-49.839581 -741.187195 27.694780 13
-58.620068 -740.061829 46.246456 13
-51.301552 -743.833618 47.069107 13
-52.011169 -742.381714 45.280685 13
-50.308857 -738.789368 32.522808 13
-58.131874 -739.258362 46.408348 13
-44.347229 -738.178528 7.498271 13
-45.806152 -739.903564 3.230955 13
-55.220852 -736.520386 47.855537 13
-48.146519 -742.156128 38.731472 13
-47.824368 -740.225281 34.746105 13
-48.014618 -738.665894 26.160473 13
-50.149357 -743.390930 28.873564 13
-44.885601 -739.163452 21.409309 13
-45.951183 -740.738831 9.716177 13
-56.894833 -739.155273 43.362438 13
-55.109070 -737.559448 44.109016 13
-43.801975 -739.668701 7.231258 13
-48.823032 -738.135071 31.262972 13
-46.038177 -738.635742 13.781388 13
-43.406109 -738.703674 4.012256 13
-57.758835 -739.716980 44.611988 13
-54.122089 -736.105225 49.725807 13
-44.239204 -737.843506 32.441051 13
-47.462238 -740.775513 19.922092 13
-47.688629 -741.784485 33.143574 13
-48.428402 -739.785339 34.468040 13
-51.003170 -742.417664 30.028427 13
-43.719208 -739.889038 6.300130 13
-47.467655 -739.720825 30.775766 13
-48.165203 -742.524597 25.048315 13
-44.811657 -738.045837 13.438441 13
-46.562389 -742.583069 24.515713 13
-47.467796 -740.151672 32.425003 13
-48.393608 -740.944153 41.026745 13
-50.847210 -739.147156 32.004822 13
-45.830956 -737.631714 29.415045 13
-54.604221 -736.579346 46.729382 13
-44.105019 -738.861267 9.470737 13
-46.925797 -743.191162 28.740973 13
-55.195408 -740.170959 38.837788 13
-54.362278 -736.770325 45.727314 13
-47.275391 -741.688660 22.119658 13
-48.600338 -743.112793 26.737898 13
-55.735558 -741.367737 39.536846 13
-51.646912 -741.615540 45.002926 13
-43.496082 -740.098877 0.371773 13
-58.867920 -742.423401 45.322834 13
-53.402462 -736.348450 47.799351 13
-50.946854 -736.756409 43.814926 13
-44.908737 -738.097046 2.541242 13
-48.220802 -739.529846 19.230362 13
-46.270061 -738.258728 24.981571 13
-47.085842 -738.760437 21.427429 13
-47.069260 -739.736572 13.662885 13
-52.668903 -736.939514 44.262127 13
-49.378555 -743.011047 27.494846 13
-51.942165 -736.407715 46.009384 13
-56.254921 -739.619263 41.449940 13
-58.635933 -742.299133 44.500263 13
-47.949883 -739.309692 20.079477 13
-52.686764 -739.380310 36.089718 13
-44.669250 -740.653198 4.137436 13
-52.224277 -744.746582 50.643715 13
-54.532589 -743.296448 37.825954 13
-45.683815 -741.801636 22.185375 13
-47.724026 -742.390198 24.151163 13
-51.411621 -742.597290 43.678207 13
-58.526852 -738.504700 48.491333 13
-54.133415 -742.478943 36.710644 13
-46.823067 -737.331970 32.123611 13
-54.524540 -736.349304 48.937305 13
-48.890820 -739.632812 22.600945 13
-46.625332 -739.795593 26.633989 13
-47.991348 -741.574585 29.955063 13
-43.246754 -738.862366 3.314879 13
-43.965260 -739.265686 26.316769 13
-48.755280 -738.728333 28.346849 13
-44.818562 -740.777832 10.292893 13
-53.285423 -738.384888 39.112370 13
-44.274990 -740.723816 15.809991 13
-54.550949 -741.756531 37.226662 13
-48.050907 -738.024963 29.756296 13
-48.510067 -742.322510 42.644733 13
-56.224140 -737.013489 47.695133 13
-51.305412 -739.963135 32.326275 13
-46.771973 -741.002747 19.198288 13
-48.785675 -742.063721 34.558701 13
-48.185135 -742.114380 37.824089 13
-46.078274 -740.135437 8.297451 13
-48.817032 -742.360779 37.875168 13
-45.207745 -737.756042 32.035782 13
-47.784237 -742.012573 22.906281 13
-48.059952 -739.523926 31.554678 13
-50.527679 -741.210571 38.276794 13
-51.207645 -741.711914 41.671051 13
-54.479206 -736.468689 47.323162 13
-45.506191 -738.678711 15.384216 13
-54.165855 -743.993469 37.754520 13
-52.192192 -742.571594 32.509682 13
-47.626034 -741.060974 21.491899 13
-46.112892 -741.129639 18.777193 13
-45.964737 -738.624207 12.789191 13
-49.246979 -745.236511 32.628067 13
-46.943398 -738.628967 22.476665 13
-43.453766 -739.326233 5.515706 13
-47.841778 -743.491333 27.212015 13
-50.344791 -739.055298 31.467573 13
-44.773506 -739.064087 23.927065 13
-46.961166 -739.088379 15.335913 13
-48.515282 -737.541016 36.177231 13
-48.620777 -742.671204 25.219742 13
-59.414375 -741.678162 46.218979 13
-51.319473 -741.658752 45.499168 13
-50.806122 -742.580078 41.774994 13
-51.616772 -743.476074 46.164993 13
-44.905483 -740.612305 0.389115 13
-47.353329 -740.951050 32.714596 13
-55.845379 -737.900879 44.447971 13
-51.018723 -738.119629 37.373520 13
-56.436199 -738.512634 43.881477 13
-58.573380 -739.231995 46.857948 13
-48.374657 -742.175781 41.440018 13
-55.754105 -737.576599 45.005730 13
-45.094776 -739.029663 16.844851 13
-44.731525 -737.877075 8.342635 13
-48.561577 -744.462830 30.829473 13
-52.808289 -743.001526 34.025837 13
-43.879810 -739.234558 7.942912 13
-48.383202 -742.348755 35.238720 13
-48.932034 -739.531799 24.261280 13
-53.910381 -736.863708 45.289001 13
-51.349606 -744.052856 48.011280 13
-45.003349 -740.473450 21.782404 13
-50.639362 -738.027466 36.753387 13
-50.725719 -744.820984 32.717209 13
-47.173672 -737.977783 28.332546 13
-44.614880 -739.286560 15.724785 13
-46.404022 -737.547852 31.911160 13
-51.580490 -735.825623 47.880493 13
-46.586720 -737.467407 29.669321 13
-47.540558 -739.273865 18.163792 13
-49.973965 -736.845947 42.392246 13
-51.842297 -744.079529 47.960987 13
-46.203876 -736.886719 38.037758 13
-46.168716 -738.954346 11.079985 13
-45.520229 -741.166199 22.230036 13
-52.682205 -735.474854 49.319897 13
-46.836491 -737.990295 27.447298 13
-55.029369 -741.377502 37.970493 13
-55.413357 -737.105225 45.576271 13
-44.164085 -738.069275 3.713371 13
-46.817284 -740.759888 27.057045 13
-53.255466 -738.253967 39.604282 13
-46.464680 -738.957153 12.849216 13
-44.468914 -738.298889 11.128118 13
-55.322727 -738.947632 41.054924 13
-48.556870 -741.101135 43.875401 13
-57.472160 -739.955872 43.753883 13
-43.755474 -740.365540 3.931870 13
-44.697151 -739.823608 19.914383 13
-48.170219 -737.750732 31.943617 13
-50.159298 -739.174988 30.546028 13
-43.914440 -740.415039 1.702567 13
-59.130283 -740.759399 47.550465 13
-47.265240 -741.099731 30.316448 13
-48.766663 -740.391052 23.804348 13
-50.122265 -741.159119 44.382511 13
-44.539326 -739.328552 20.240534 13
-49.874340 -742.707825 39.660168 13
-51.249916 -736.447632 45.278522 13
-47.166687 -739.723267 28.255068 13
-53.031193 -741.953247 34.042564 13
-47.690422 -740.912231 36.451519 13
-53.698540 -743.512024 36.549454 13
-45.820366 -738.340515 23.348667 13
-46.791534 -737.098450 37.460297 13
-47.702171 -740.192993 33.895721 13
-46.432213 -740.644226 24.155453 13
-45.308140 -740.283691 0.152275 13
-47.438339 -739.982971 17.500114 13
-58.980911 -738.729126 49.379642 13
-51.437408 -744.442871 49.726158 13
-58.016251 -742.956177 43.441158 13
-51.831814 -744.056824 48.911411 13
-48.585911 -743.809937 28.377970 13
-44.223824 -740.233643 7.496708 13
-44.527962 -737.829102 5.812535 13
-47.960350 -741.247986 22.377209 13
-44.342445 -739.359314 25.482084 13
-46.767006 -740.335693 16.057442 13
-48.324730 -739.345520 22.049807 13
-48.305840 -741.736511 40.491135 13
-51.764065 -738.184021 37.934437 13
-49.384331 -743.352478 45.818909 13
-43.983822 -738.671448 6.713907 13
-45.305164 -740.648621 11.045283 13
-54.649918 -738.422729 41.468414 13
-47.532726 -740.764099 35.644287 13
-48.824020 -743.065491 46.569420 13
-46.580456 -739.948975 13.755886 13
-43.457890 -738.667603 6.146517 13
-50.730804 -737.242432 41.497910 13
-48.268108 -742.112427 36.093826 13
-48.376347 -739.884155 21.336775 13
-54.211884 -745.192810 38.465687 13
-43.662041 -740.284180 2.194552 13
-56.387268 -741.155273 40.956432 13
-45.197876 -740.622986 12.590694 13
-57.591541 -743.349792 42.314392 13
-44.625332 -740.551941 7.610502 13
-52.559383 -742.596985 48.239487 13
-45.017044 -740.443237 18.500387 13
-53.630550 -739.233459 37.959690 13
-47.347542 -742.830872 25.062296 13
-51.646755 -742.597046 44.668915 13
-57.272999 -737.314331 48.983013 13
-44.392990 -739.351379 13.825418 13
-52.064205 -740.208130 33.869438 13
-49.149105 -742.424683 26.261225 13
-54.094437 -743.414795 36.937504 13
-45.387974 -737.675598 32.816849 13
-49.412987 -741.297119 26.661541 13
-48.559917 -740.920288 23.670979 13
-51.015377 -742.750732 42.774017 13
-46.894619 -741.170715 24.844097 13
-49.344181 -737.275940 39.370655 13
-47.853752 -742.563354 24.668955 13
-45.486744 -740.650696 15.751925 13
-55.644753 -740.892517 39.189857 13
-44.844875 -739.373596 17.701694 13
-46.279751 -738.444153 23.641201 13
-51.087406 -741.938721 30.250069 13
-46.774097 -740.034729 29.108900 13
-45.964970 -742.033264 25.381790 13
-50.265247 -735.360229 46.270844 13
-51.346954 -743.924744 32.322403 13
-44.192249 -740.244385 4.301305 13
-44.984276 -737.919189 10.044024 13
-45.460087 -741.010132 21.373186 13
-47.883499 -737.348511 37.043243 13
-53.436138 -737.189270 43.644794 13
-58.719109 -741.193787 45.486614 13
-45.753151 -738.080017 25.763369 13
-48.751747 -739.483154 23.769985 13
-50.200565 -736.571655 43.822975 13
-59.227501 -740.173523 48.998604 13
-47.785721 -739.444397 16.816504 13
-45.331284 -740.478333 20.885021 13
-48.763294 -740.111694 23.406994 13
-53.393890 -739.498352 37.100761 13
-46.683559 -740.807007 17.382917 13
-46.228943 -741.455383 19.959185 13
-48.455132 -736.300842 43.239773 13
-52.308994 -739.906860 34.423027 13
-49.983501 -736.629028 43.105381 13
-43.170322 -739.407166 0.537208 13
-59.549427 -740.772400 48.208763 13
-51.990208 -738.161499 38.699684 13
-44.211552 -740.640808 2.608652 13
-52.019882 -735.370850 48.675613 13
-45.176727 -740.440979 19.908720 13
-45.965740 -740.076904 11.070234 13
-53.730770 -736.331543 48.160114 13
-48.492481 -742.317688 42.128536 13
-58.414486 -741.078369 44.748169 13
-48.138523 -737.577332 33.591019 13
-49.417267 -742.705444 39.978703 13
-48.633667 -741.884216 24.775179 13
-47.341148 -740.511719 18.820967 13
-44.755016 -740.670227 14.789623 13
-58.216358 -738.209229 48.235451 13
-50.566498 -735.779785 47.097454 13
-50.290691 -738.538147 33.697269 13
-50.303848 -743.213379 43.317539 13
-44.464176 -739.228455 23.339373 13
-44.349884 -740.119263 13.242531 13
-53.509567 -737.410278 42.781540 13
-51.795826 -739.363953 34.273022 13
-46.610126 -740.183167 14.989028 13
-46.010555 -739.993408 6.143961 13
-46.369129 -741.928101 21.584955 13
-43.822411 -738.503479 3.613728 13
-47.381710 -740.736328 33.314896 13
-48.993938 -739.066223 27.284058 13
-45.555958 -740.496094 13.493920 13
-45.823730 -740.184204 9.470730 13
-45.173695 -738.297180 26.382332 13
-53.940269 -742.627014 36.298885 13
-45.157913 -738.343201 3.608500 13
-48.586838 -744.287292 29.961735 13
-48.272530 -739.750488 33.171860 13
-49.559830 -745.221802 33.024872 13
-47.467522 -739.045898 19.852846 13
-43.547806 -739.017883 1.494252 13
-54.673298 -739.465637 39.045048 13
-50.484001 -743.999268 47.610477 13
-49.209450 -743.054565 45.198456 13
-53.704319 -744.094238 37.297207 13
-44.371338 -739.828369 13.914907 13
-53.155140 -744.068848 35.669899 13
-49.385857 -743.188477 43.738758 13
-55.152138 -738.057007 42.952450 13
-55.270714 -742.537903 38.892281 13
-51.140732 -739.007446 33.666924 13
-45.477745 -740.446045 8.931212 13
-53.459511 -736.584656 46.085918 13
-57.806423 -737.772278 49.291401 13
-45.657818 -738.585144 19.761497 13
-51.856415 -742.831238 45.601257 13
-44.061245 -739.180908 28.092958 13
-50.963455 -737.612915 39.300922 13
-48.902985 -736.135254 43.649708 13
-46.696564 -739.835327 27.316061 13
-44.374626 -738.400085 29.410643 13
-58.811291 -739.452148 47.595867 13
-56.125954 -737.496155 45.834118 13
-49.688980 -735.730469 45.720627 13
-49.287781 -742.591431 26.721216 13
-44.028248 -739.798523 10.504360 13
-51.388348 -741.880432 42.552399 13
-45.779480 -740.598328 14.670868 13
-49.728184 -742.659546 39.060886 13
-55.108116 -739.821350 39.168713 13
-44.874779 -740.197815 18.061543 13
-46.793591 -740.877075 26.236513 13
-50.774033 -741.427246 39.752213 13
-44.361237 -740.349304 8.504919 13
-52.259598 -740.930664 33.209885 13
-58.280823 -743.398682 42.922913 13
-44.347878 -738.665161 27.747118 13
-49.739719 -737.005554 41.480213 13
-57.547714 -739.586121 44.193184 13
-49.870197 -743.477844 44.959808 13
-48.538815 -741.912842 33.070179 13
-54.256477 -741.159973 36.467644 13
-47.370762 -737.413940 34.935875 13
-53.054192 -735.353210 49.684540 13
-52.210674 -743.336731 33.282215 13
-57.736088 -741.030212 43.375637 13
-53.619240 -736.447510 46.906452 13
-46.202774 -739.974915 12.156431 13
-43.753124 -738.708191 4.757789 13
-48.721783 -742.449463 43.259083 13
-46.730957 -739.027832 14.388147 13
-44.574753 -737.844299 31.393339 13
-45.428997 -738.818115 18.963703 13
-52.473610 -738.993164 36.393143 13
-47.664738 -740.778503 20.686951 13
-50.399147 -736.154785 45.174335 13
-50.496174 -743.538574 44.818020 13
-47.761093 -740.169006 19.390638 13
-47.427170 -741.633972 28.464466 13
-45.579586 -740.465881 10.650603 13
-46.898846 -742.875488 25.471472 13
-44.389656 -738.183472 8.639226 13
-46.678429 -737.399536 30.229889 13
-45.499603 -737.731567 31.567211 13
-47.509125 -739.908081 16.657578 13
-46.533222 -738.744507 18.655733 13
-45.219982 -738.847778 20.738691 13
-45.475807 -740.986450 19.289118 13
-56.740936 -737.371521 47.602154 13
-49.950397 -737.879517 36.904423 13
-53.463562 -744.079895 36.563522 13
-46.662109 -738.684204 20.060745 13
-45.389999 -740.372192 6.034754 13
-57.464062 -737.643433 48.103283 13
-48.935581 -742.558594 40.716881 13
-51.073483 -743.965759 31.926521 13
-52.255497 -737.633301 40.621292 13
-51.803577 -738.957275 35.118610 13
-59.654724 -739.648621 49.212654 13
-47.050655 -743.327332 27.228390 13
-48.451218 -739.018127 25.361042 13
-45.577015 -738.669983 1.869619 13
-45.469616 -738.326172 10.731655 13
-45.180107 -740.448730 1.096993 13
-53.310783 -738.044006 40.471333 13
-43.978817 -739.198669 9.127481 13
-49.144577 -740.783813 25.586117 13
-44.200863 -738.217957 4.479374 13
-49.669956 -740.630920 27.308931 13
-48.027924 -743.116394 25.471422 13
-47.307976 -740.951904 31.918909 13
-45.439789 -741.059448 11.856445 13
-44.731346 -740.648621 5.462861 13
-51.255192 -743.706238 46.342194 13
-56.108006 -741.849182 40.341740 13
-50.149212 -744.764709 32.702236 13
-56.535950 -736.449158 49.047268 13
-52.905182 -736.120972 48.615841 13
-57.909378 -738.198486 47.671188 13
-46.886528 -737.551086 31.151789 13
-49.710201 -743.543579 28.845919 13
-48.362297 -741.783325 44.526020 13
-57.642494 -739.450623 44.991291 13
-46.810741 -737.361877 35.157024 13
-52.259113 -742.158508 47.618153 13
-46.412136 -740.135864 24.863010 13
-46.998737 -742.628357 24.235340 13
-59.156837 -741.292908 47.476887 13
-48.264656 -742.253479 39.726948 13
-51.880524 -743.648071 47.717125 13
-50.750301 -742.424377 41.099373 13
-48.860825 -737.991516 32.166618 13
-44.430981 -740.383728 9.644427 13
-57.910686 -743.768921 42.533916 13
-44.867271 -738.806030 15.741337 13
-48.107574 -738.247131 28.616949 13
-47.514744 -738.860901 22.070581 13
-47.176422 -738.567749 23.984911 13
-44.728798 -739.700256 20.862963 13
-45.029377 -738.410583 14.259179 13
-49.288822 -736.393127 43.539234 13
-53.569736 -745.135376 37.936497 13
-51.250141 -738.890320 34.441624 13
-44.290005 -738.341919 29.857080 13
-49.558174 -738.698730 30.864138 13
-47.647259 -737.771240 30.400690 13
-44.279594 -740.326355 6.824359 13
-49.843567 -740.794800 43.371555 13
-52.365192 -736.091003 47.897366 13
-43.869804 -739.128113 26.970940 13
-47.132278 -739.151306 16.283495 13
-54.878498 -736.397705 48.595974 13
-49.950916 -744.959106 33.119946 13
-49.871128 -735.831970 45.229034 13
-52.873314 -736.197266 48.039864 13
-51.133152 -735.312805 47.437469 13
-48.145180 -744.126343 29.502008 13
-50.216282 -740.572205 29.066177 13
-44.281738 -740.289734 6.350292 13
-50.817093 -743.765991 46.133907 13
-50.587032 -743.087036 42.357048 13
-47.675632 -738.569458 25.631134 13
-44.121239 -739.196655 11.422960 13
-56.056736 -740.416565 40.488071 13
-44.393574 -738.947144 13.371673 13
-45.991077 -740.088257 10.187781 13
-45.595818 -740.437012 11.404815 13
-54.489727 -736.275146 49.493496 13
-45.518562 -736.874817 36.150215 13
-55.393967 -736.484924 49.489403 13
-50.070511 -739.960449 28.649530 13
-48.120716 -741.288879 39.163555 13
-52.407993 -744.762573 35.836060 13
-45.035461 -740.806274 11.805011 13
-46.066879 -738.525024 18.058716 13
-56.112774 -736.649963 49.174583 13
-46.251354 -737.638916 30.592260 13
-46.858604 -738.426392 24.591347 13
-44.367558 -738.108093 6.139787 13
-45.439381 -740.395203 6.974123 13
-55.999752 -741.164734 39.955612 13
-45.195778 -740.666077 17.149876 13
-51.587425 -736.943359 42.977295 13
-45.452206 -740.963440 10.116116 13
-45.932659 -741.848328 22.691759 13
-47.070972 -742.365356 23.400293 13
-50.770401 -739.582397 30.977663 13
-46.525852 -736.614075 39.721207 13
-47.109661 -740.250244 16.865734 13
-49.588593 -736.334534 43.918602 13
-51.057335 -735.710205 47.909500 13
-57.519836 -738.815979 45.767784 13
-48.100159 -740.628235 20.868422 13
-57.948994 -740.436035 44.302849 13
-47.717377 -738.058716 28.861448 13
-46.584217 -739.631348 12.288207 13
-46.138313 -738.715332 19.467131 13
-48.635838 -742.444885 25.620134 13
-47.361359 -741.291626 26.635595 13
-44.162403 -740.571594 3.434909 13
-58.411667 -742.921387 43.672955 13
-48.787746 -742.415222 38.479675 13
-51.208931 -737.162048 41.482990 13
-46.263718 -742.225342 26.947678 13
-44.823383 -740.750488 13.854184 13
-50.736626 -743.890015 31.214615 13
-46.335770 -738.681946 17.121162 13
-47.776863 -739.330566 19.108583 13
-47.094147 -740.887390 28.989738 13
-50.301445 -737.790833 37.620022 13
-48.203854 -737.249084 38.284943 13
-58.066914 -741.590210 44.034348 13
-44.864433 -740.217896 20.183588 13
-51.967682 -735.841064 48.928993 13
-59.322273 -741.847351 45.807213 13
-43.385170 -740.077820 1.288674 13
-54.747448 -745.150269 39.060703 13
-51.455685 -742.074890 44.950607 13
-54.229271 -741.980957 36.741585 13
-44.588997 -738.303345 14.462397 13
-52.952751 -744.504333 36.251598 13
-51.197262 -737.931030 38.236328 13
-45.833611 -737.783936 27.939837 13
-45.085068 -738.153442 6.292707 13
-54.031139 -739.496948 38.217186 13
-47.810768 -741.811523 22.463537 13
-46.370766 -737.051636 37.127785 13
-47.723240 -738.753540 24.460608 13
-51.451782 -736.198425 46.714794 13
-50.698299 -742.051758 40.231190 13
-49.855221 -742.802185 27.955416 13
-48.479515 -741.397888 29.729124 13
-47.657772 -738.755188 23.942673 13
-45.538231 -738.527588 20.253500 13
-45.486687 -740.195068 5.601752 13
-58.177822 -738.539001 47.008018 13
-46.636284 -736.980896 37.894382 13
-48.248287 -741.330322 40.168694 13
-54.011467 -737.573669 42.688225 13
-45.709385 -739.796082 2.440348 13
-51.056801 -741.503784 30.390232 13
-44.411724 -739.003967 14.469589 13
-49.067883 -739.575012 35.153419 13
-46.594826 -737.229736 36.439690 13
-45.303032 -740.424316 3.557362 13
-48.562031 -739.681641 34.912109 13
-47.476357 -739.054932 19.340874 13
-46.220093 -740.592712 15.145402 13
-50.383068 -742.964294 40.986015 13
-47.445450 -739.855591 15.458356 13
-44.828472 -737.298157 33.719921 13
-57.208237 -738.465454 45.493935 13
-43.915413 -738.095520 31.463894 13
-49.227169 -744.130920 29.695398 13
-50.322197 -744.996033 34.542339 13
-46.343803 -739.240479 8.978298 13
-49.686806 -743.848999 48.143070 13
-43.376747 -738.864685 0.685820 13
-47.506550 -738.776550 23.112299 13
-48.631889 -742.406433 44.634441 13
-49.687801 -735.356934 45.274097 13
-45.576866 -738.073914 26.256233 13
-45.408974 -740.799866 20.493877 13
-47.916370 -739.732788 32.232513 13
-44.573334 -738.039124 9.485991 13
-51.667534 -744.121826 33.206928 13
-52.709717 -737.413147 41.980618 13
-45.413059 -738.315552 23.940409 13
-48.336998 -740.397766 22.174063 13
-43.607872 -738.824158 1.916935 13
-56.924709 -736.740723 49.015411 13
-57.463409 -741.792053 42.891918 13
-56.507603 -742.185059 41.062462 13
-45.941959 -740.627502 7.606847 13
-49.502728 -737.590393 37.400314 13
-53.233055 -742.204102 34.459660 13
-45.647083 -741.174744 22.955225 13
-54.826904 -742.598511 37.927219 13
-51.753666 -740.296509 33.140560 13
-53.933750 -742.221619 35.865543 13
-53.379238 -736.670837 45.651333 13
-49.741360 -743.017151 42.395294 13
-45.878288 -738.380310 21.952290 13
-44.607399 -739.892395 22.783205 13
-47.110882 -737.461853 33.148582 13
-47.767864 -739.834106 18.452339 13
-45.811024 -739.771423 4.902722 13
-44.080296 -740.464478 5.547997 13
-50.837563 -742.069824 29.776150 13
-55.559307 -738.279846 43.129242 13
-45.286217 -740.741150 17.600910 13
-46.080482 -736.738525 38.490597 13
-49.352821 -740.774170 26.372065 13
-43.599590 -739.534241 5.087036 13
-44.697174 -741.122375 11.316558 13
-50.953152 -736.964661 42.334644 13
-47.650578 -740.693604 19.517092 13
-45.741360 -741.756836 21.710783 13
-44.994560 -739.140503 19.749323 13
-55.983269 -736.989258 47.317856 13
-45.979271 -737.783386 27.210310 13
-44.561516 -738.381592 12.876861 13
-44.270760 -738.531677 30.711481 13
-54.097294 -738.344604 40.653896 13
-45.695015 -739.793457 0.873122 13
-54.880672 -739.082886 40.208176 13
-55.366814 -741.677307 38.601917 13
-59.016663 -740.632385 46.902557 13
-43.762577 -740.165833 9.071394 13
-47.547565 -741.300903 21.890261 13
-44.343796 -740.346680 8.985667 13
-56.575901 -740.496948 41.257900 13
-57.717415 -738.686890 46.173176 13
-44.953480 -736.948120 34.899113 13
-59.063217 -742.431396 44.900772 13
-43.802898 -738.838867 28.260168 13
-46.041916 -738.956848 2.175103 13
-49.188854 -742.306580 36.144516 13
-50.781219 -738.384033 35.795517 13
-51.197784 -744.208130 48.414047 13
-53.828896 -740.638367 36.277653 13
-56.383484 -736.936523 48.412361 13
-47.517574 -743.988403 29.795593 13
-49.204014 -742.890808 42.522949 13
-48.348991 -741.386780 23.233273 13
-48.711380 -737.387634 37.582348 13
-52.909706 -736.571899 46.376469 13
-53.173340 -739.934692 36.275406 13
-50.586018 -744.327637 32.011669 13
-49.801933 -743.854187 47.539707 13
-45.292480 -740.601685 15.336184 13
-56.770313 -737.832886 46.386898 13
-49.669376 -741.958313 27.238390 13
-48.483547 -739.801025 21.847696 13
-49.320869 -738.914124 29.331867 13
-59.124584 -740.649048 48.425388 13
-48.392170 -741.764282 43.979614 13
-53.461773 -738.871704 38.399456 13
-47.922718 -738.748962 25.280201 13
-46.675095 -740.213806 26.034147 13
-49.045494 -743.867798 28.392212 13
-57.735912 -740.369019 43.888191 13
-51.130054 -741.237122 46.177441 13
-58.730217 -738.891418 48.292171 13
-57.605701 -741.478027 43.308369 13
-52.916550 -745.165955 37.354980 13
-45.566490 -737.961609 28.443617 13
-54.814774 -738.652588 41.002785 13
-44.631115 -740.645630 2.156345 13
-44.900093 -740.379700 16.198065 13
-44.797417 -738.548523 27.100004 13
-56.854786 -737.239807 48.395481 13
-50.285381 -744.286560 31.491320 13
-54.557964 -739.833496 38.378101 13
-50.296665 -741.966003 38.624386 13
-44.642708 -740.658203 12.622524 13
-44.684021 -740.637512 2.820419 13
-47.187065 -738.476562 24.876152 13
-52.711166 -740.506714 34.467335 13
-47.137775 -740.201294 29.908205 13
-48.976944 -742.934326 43.986069 13
-43.884525 -739.834106 8.446486 13
-46.858410 -740.372864 28.227892 13
-44.440411 -738.184631 10.016865 13
-50.119865 -741.412476 37.519943 13
-51.037937 -744.896057 34.107838 13
-45.247398 -736.937439 35.672199 13
-51.418053 -738.367859 36.538235 13
-52.413063 -744.443726 50.937321 13
-44.387146 -737.908081 5.348337 13
-48.550945 -740.554016 22.848499 13
-46.898693 -741.072937 19.653633 13
-48.729450 -739.776367 36.743607 13
-47.390118 -741.525513 25.619610 13
-46.927441 -736.589294 39.917393 13
-48.401516 -741.294861 41.822163 13
-56.380798 -738.773987 43.032185 13
-52.546913 -739.849426 35.057117 13
-51.124920 -739.162964 32.650204 13
-43.761841 -739.017944 5.870773 13
-48.521351 -742.509521 36.025867 13
-50.598824 -735.302673 46.685696 13
-45.142250 -740.743652 0.746855 13
-49.651546 -742.881653 41.231205 13
-50.415867 -743.413269 44.174591 13
-44.183590 -740.180969 8.115582 13
-44.283062 -739.912476 16.431040 13
-45.781506 -740.513123 6.373044 13
-51.436775 -744.226440 48.838413 13
-49.038807 -737.371765 38.044991 13
-48.329296 -738.032593 30.672121 13
-45.257748 -738.291138 1.541341 13
-44.459896 -739.868286 23.941704 13
-44.479027 -740.723938 13.507853 13
-44.352196 -738.711914 12.132448 13
-48.666580 -737.205872 39.330105 13
-44.275024 -740.795166 14.741063 13
-50.648956 -743.927551 49.270699 13
-52.520763 -743.587341 50.373417 13
-45.243988 -738.674866 22.338718 13
-49.321552 -742.212341 34.912933 13
-49.118618 -742.948120 44.536194 13
-47.669014 -736.405151 42.197937 13
-44.431084 -739.641541 15.556558 13
-50.843975 -743.425415 30.365406 13
-52.084591 -737.946472 39.581596 13
-56.180504 -738.539001 43.445698 13
-43.107506 -739.011963 1.502693 13
-50.195786 -741.363892 28.602907 13
-43.425804 -739.395630 3.693836 13
-48.203278 -738.634949 27.161079 13
-52.032536 -738.723450 36.093533 13
-43.542625 -739.901917 4.346066 13
-43.638771 -739.981506 4.801089 13
-48.723061 -741.944092 45.220711 13
-47.193935 -741.216309 28.324461 13
-47.472534 -737.125854 37.861340 13