-47.657501 -741.693970 18.678770 17
-42.189732 -738.240417 -2.226733 17
-41.635880 -739.713684 9.123648 17
-47.583942 -746.021545 27.354261 17
-44.006454 -739.747559 24.855482 17
-45.328384 -737.066406 14.288770 17
-41.766201 -742.396667 15.936686 17
-45.005356 -738.870728 3.631619 17
-44.330494 -745.193848 22.224392 17
-48.445835 -742.286438 23.814505 17
-45.631184 -741.677063 11.912572 17
-43.232597 -739.233582 19.817648 17
-45.844044 -738.110840 9.211057 17
-44.734486 -744.597168 18.054188 17
-46.688148 -737.692383 18.170046 17
-46.694729 -739.418274 21.729235 17
-47.163357 -740.349365 15.120808 17
-43.584957 -736.804932 0.894729 17
-41.962635 -741.363342 12.410915 17
-42.281750 -737.864624 5.786508 17
-43.046646 -739.015625 16.249475 17
-44.873314 -740.396362 6.761714 17
-43.314556 -738.057495 11.635343 17
-47.204678 -745.471252 24.025177 17
-45.004505 -743.103699 14.928870 17
-47.245033 -744.129272 20.966515 17
-44.313507 -739.659729 -0.041180 17
-42.613979 -743.301941 19.901661 17
-46.982288 -743.114014 26.334198 17
-46.796391 -738.808350 12.299161 17
-44.232349 -741.138550 9.455756 17
-44.942913 -737.607178 6.602407 17
-42.438202 -738.715637 2.551835 17
-44.128704 -740.530762 22.081661 17
-48.476501 -741.471497 21.217619 17
-44.928314 -744.332031 24.869173 17
-43.792591 -739.836060 13.840274 17
-43.507248 -737.143433 8.640681 17
-44.631626 -737.601624 -2.097233 17
-43.434261 -736.809692 3.794783 17
-46.496780 -743.021057 16.916380 17
-47.900349 -739.653992 17.378185 17
-44.509392 -740.235107 18.038776 17
-42.490925 -740.068970 6.914902 17
-46.857883 -740.529907 23.938272 17
-46.822803 -738.117798 15.800300 17
-47.733898 -739.602356 19.686550 17
-43.092220 -739.677490 4.623336 17
-43.026382 -742.752319 13.855966 17
-45.846500 -739.939880 10.477873 17
-42.423302 -738.490234 -0.040780 17
-42.681984 -743.487854 17.689512 17
-45.330456 -744.931702 20.233421 17
-46.022583 -745.999817 25.793434 17
-48.612869 -744.077148 25.249651 17
-45.401756 -737.512146 11.296139 17
-46.593025 -743.646362 18.978445 17
-46.249344 -741.725403 13.883394 17
-44.695225 -738.389282 1.607926 17
-43.607887 -741.884949 11.299069 17
-43.368858 -739.386108 10.080692 17
-44.912277 -739.550842 15.467857 17
-47.789570 -743.974121 22.851349 17
-46.286335 -745.231934 22.275011 17
-43.487148 -739.662598 -1.795767 17
-41.716228 -741.296753 14.357372 17
-45.448971 -739.896118 8.583142 17
-41.615364 -739.992432 11.028659 17
-43.332893 -743.487854 15.777013 17
-44.906372 -739.695251 20.594221 17
-45.307022 -745.816406 23.784874 17
-47.383839 -741.374390 16.821445 17
-43.384201 -743.702820 21.655405 17
-42.974808 -738.838135 8.213764 17
-47.144802 -738.844604 14.087228 17
-47.449612 -741.690369 25.208649 17
-44.418266 -737.845215 -0.319216 17
-43.340176 -738.770508 18.012070 17
-44.995003 -739.161438 5.412341 17
-46.386627 -744.754089 27.015930 17
-44.437973 -737.106628 12.734578 17
-42.345924 -741.152527 9.889310 17
-42.868450 -738.408813 13.359605 17
-43.522480 -739.809143 12.098269 17
-44.715660 -742.458496 13.196207 17
-47.842163 -742.723572 20.094812 17
-44.047161 -737.065552 10.291430 17
-44.975193 -743.836304 16.509264 17
-46.589886 -738.361145 20.047293 17
-46.497486 -740.440430 12.744544 17
-43.723095 -744.592102 19.618458 17
-44.391102 -737.608704 4.962704 17
-47.790733 -740.531128 22.501764 17
-48.070213 -744.456848 26.840111 17
-46.598282 -742.120850 15.489447 17
-42.316380 -738.242676 4.151249 17
-43.201584 -737.258179 -1.326538 17
-42.976536 -740.776978 8.409244 17
-43.889828 -739.507507 2.495427 17
-42.808933 -737.086182 2.290136 17
-47.559380 -745.409912 25.650856 17
-44.056507 -743.969971 23.264965 17
-43.384300 -737.861511 6.966971 17
-45.285473 -738.975159 7.309080 17
-45.878136 -737.257019 16.710873 17
-48.080181 -742.901245 21.763626 17
-43.322784 -739.109375 1.085763 17
-45.046307 -737.195740 8.232256 17
-44.396263 -740.751770 23.600607 17
-45.875946 -737.682678 12.865565 17
-43.406799 -738.426697 14.874992 17
-44.189407 -737.777283 2.910449 17
-43.349041 -739.466980 21.367615 17
-47.853130 -740.108093 21.081903 17
-46.294144 -738.478271 10.652366 17
-48.327866 -740.970703 19.742498 17
-45.183739 -741.365723 10.525574 17
-42.071232 -739.812439 -1.920017 17
-42.843880 -738.153870 9.588684 17
-47.360580 -738.911011 18.482918 17
-44.360912 -740.702820 8.071336 17
-42.383976 -738.035156 1.311053 17
-43.668694 -740.148560 6.039357 17
-43.611141 -739.613159 23.013878 17
-43.389172 -736.994690 5.785120 17
-42.055897 -738.741211 6.882536 17
-43.547600 -739.941406 15.331880 17
-47.531712 -739.300842 16.028183 17
-44.166019 -740.183960 19.435118 17
-47.122314 -738.512756 17.130114 17
-43.460079 -740.022644 17.156620 17
-44.634258 -740.056396 4.422735 17
-48.145702 -742.840271 25.629841 17
-44.483788 -739.098206 12.931805 17
-45.806633 -743.735962 17.851793 17
-47.938221 -740.347473 18.531572 17
-43.195660 -742.326477 12.521171 17
-42.322647 -739.457581 5.706015 17
-44.417965 -738.899292 -1.172347 17
-44.108818 -744.924500 20.936440 17
-43.408474 -744.519653 18.204426 17
-47.077362 -742.757812 18.106701 17
-48.229855 -743.604492 24.058445 17
-43.081959 -739.542969 -0.515544 17
-45.683197 -744.697754 25.884169 17
-48.460068 -741.885132 22.554178 17
-46.287487 -737.906555 14.615542 17
-43.136868 -739.935486 18.705566 17
-42.401192 -741.398865 11.196867 17
-42.096508 -742.405457 17.294235 17
-45.566925 -744.520508 19.035988 17
-46.932259 -740.059631 13.870820 17
-45.494522 -737.075623 15.535174 17
-47.926041 -741.117737 23.655704 17
-46.403687 -744.325378 20.057947 17
-44.229641 -736.935913 11.512354 17
-43.822010 -738.318726 10.533610 17
-42.567768 -742.614014 15.005295 17
-46.046627 -740.568909 11.531571 17
-41.986328 -739.512695 7.922321 17
-44.469826 -739.536011 1.193096 17
-45.750851 -743.008789 15.895698 17
-45.482857 -740.687927 9.548752 17
-46.599819 -740.095032 22.740128 17
-45.210194 -737.468628 10.045818 17
-43.017872 -737.318604 -0.038276 17
-43.867935 -743.346375 14.622767 17
-43.175583 -737.654236 4.786346 17
-43.100208 -739.343079 3.407762 17
-43.532383 -740.309204 20.448660 17
-46.272301 -746.092102 24.481674 17
-43.024837 -737.843872 3.280314 17
-44.127518 -737.047119 7.436732 17
-46.297974 -744.947266 21.106329 17
-47.255589 -739.107178 20.722229 17
-44.497929 -740.005981 16.565643 17
-45.200401 -745.327698 21.348122 17
-44.506969 -742.075073 12.070007 17
-42.226479 -741.922363 13.484335 17
-44.094105 -737.345154 1.824939 17
-42.472900 -742.952026 18.708796 17
-42.658268 -738.691650 -1.204160 17
-47.263355 -745.034119 22.926876 17
-44.475403 -745.039490 23.444052 17
-45.722885 -739.248901 9.550726 17
-45.004341 -745.470520 25.093132 17
-43.116341 -739.115295 11.182381 17
-47.833443 -744.672363 24.598135 17
-43.189964 -744.239258 20.652882 17
-44.799095 -739.223755 14.035568 17
-44.767376 -738.653015 0.487110 17
-46.498177 -745.970276 26.841694 17
-46.260956 -739.379639 11.454962 17
-43.513577 -741.519287 10.218292 17
-45.357059 -742.381714 14.131967 17
-42.614586 -743.097290 16.556940 17
-45.253761 -745.638428 22.666389 17
-44.473427 -737.312256 9.190164 17
-47.583042 -740.314270 16.513472 17
-43.132046 -739.170898 7.037664 17
-41.309658 -740.544128 11.952703 17
-45.423717 -738.263672 8.186452 17
-44.327175 -737.597351 0.753891 17
-48.258003 -742.938232 22.852419 17
-46.338528 -745.770203 23.238668 17
-47.161686 -743.941589 27.143154 17
-46.797771 -741.308228 14.757473 17
-44.589046 -737.901123 3.917185 17
-43.028713 -738.831848 12.352329 17
-43.771366 -736.778992 2.701344 17
-47.197319 -743.579346 19.913172 17
-46.140572 -738.082520 11.842201 17
-47.170666 -744.678345 21.917093 17
-44.397530 -739.728943 3.426640 17
-43.446396 -740.490845 7.159943 17
-43.861240 -736.849121 -0.501817 17
-47.317356 -742.820435 19.160347 17
-43.667107 -737.059448 -2.272694 17
-44.655720 -740.176636 5.553854 17
-44.942448 -738.761597 2.566514 17
-43.477146 -739.488281 9.022892 17
-44.879742 -739.908020 21.623487 17
-46.658569 -738.338623 13.249604 17
-44.113266 -739.374329 18.507294 17
-41.628857 -740.881104 13.399156 17
-46.018787 -741.419128 12.898513 17
-47.304733 -745.010559 27.457268 17
-41.838306 -740.219116 10.036388 17
-42.935665 -744.002319 19.191387 17
-43.107048 -739.089844 14.105409 17
-47.268169 -738.803345 15.135996 17
-42.081650 -740.744751 8.937898 17
-47.757137 -740.828308 17.619537 17
-44.879524 -738.153381 5.724401 17
-46.787739 -738.218994 19.036985 17
-42.906620 -738.615479 6.184455 17
-47.254250 -741.078064 15.840603 17
-42.347340 -738.628235 5.106164 17
-44.093544 -739.277222 14.780953 17
-47.411266 -741.882874 17.700920 17
-46.775543 -739.464905 13.060608 17
-45.011139 -738.497681 4.601440 17
-48.163116 -741.786682 20.291880 17
-48.181591 -743.711548 26.122446 17
-43.758728 -744.365173 22.337233 17
-48.494560 -742.869324 24.691662 17
-42.844734 -738.188965 10.763576 17
-41.493958 -742.002075 15.027913 17
-44.036278 -739.043335 11.709369 17
-43.225101 -743.911804 16.953859 17
-44.629288 -744.907349 19.357359 17
-44.323433 -740.477966 21.024693 17
-47.626720 -743.770569 21.902678 17
-46.865719 -742.175659 16.537558 17
-45.773190 -742.470337 15.022410 17
-45.221420 -739.944824 7.567498 17
-42.334919 -739.050110 1.058826 17
-44.136604 -737.679626 -1.253256 17
-47.863167 -745.438843 26.609819 17
-46.928158 -742.438538 25.601416 17
-43.812576 -740.011230 23.931395 17
-43.611763 -739.054321 17.087664 17
-45.092686 -738.853149 6.352017 17
-48.147228 -744.681946 25.896448 17
-47.741016 -743.289856 20.897354 17
-43.959808 -739.373901 16.008657 17
-43.322384 -739.374084 13.127348 17
-44.432178 -743.637573 15.498500 17
-48.140076 -741.713806 24.520662 17
-44.025185 -743.082947 13.725089 17
-44.273930 -737.330383 5.959795 17
-42.741737 -739.074951 -2.075671 17
-47.436920 -741.076599 24.473705 17
-43.060974 -737.778320 -2.115711 17
-43.280655 -741.130554 9.370126 17
-44.557930 -739.973450 22.703609 17
-45.416103 -737.173462 12.184416 17
-45.117809 -740.812561 8.683373 17
-44.501728 -741.550903 11.235336 17
-43.288132 -737.925537 7.899111 17
-47.680962 -744.595398 23.670801 17
-43.979637 -739.483154 20.544968 17
-46.616745 -737.844727 16.668650 17
-43.152290 -737.448853 1.509330 17
-43.866875 -739.923157 5.092122 17
-46.615269 -740.911133 13.627645 17
-44.441162 -744.234741 24.058420 17
-45.145451 -737.124695 13.327898 17
-47.308132 -738.781921 19.611759 17
-43.620319 -740.523743 22.888908 17
-44.578968 -740.360107 24.418596 17
-43.126541 -739.112366 1.999182 17
-44.408596 -738.497498 -2.007734 17
-42.712845 -737.833069 -0.814134 17
-47.053368 -745.666870 24.906469 17
-47.996593 -742.324219 21.037676 17
-45.905247 -745.368713 26.484667 17
-47.429436 -739.914551 21.924845 17
-45.066334 -737.780945 7.498160 17
-43.851341 -739.665527 22.100969 17
-42.632133 -741.829102 11.958055 17
-45.988800 -737.793091 13.747915 17
-43.097740 -739.158997 15.322347 17
-45.696220 -743.431335 16.924688 17
-48.045662 -740.825256 21.664381 17
-42.455009 -739.123474 4.243692 17
-47.305389 -739.603821 14.630191 17
-48.075535 -740.911621 20.653412 17
-43.516140 -738.918640 19.002882 17
-45.267387 -741.971252 12.661345 17
-43.165054 -737.919128 5.677943 17
-43.223415 -738.034302 8.773408 17
-47.266293 -746.042175 26.334185 17
-45.079464 -744.161438 17.370701 17
-42.120007 -740.371704 8.112825 17
-45.516991 -739.004700 8.657552 17
-47.814575 -742.111145 19.425774 17
-46.520859 -739.725647 12.225527 17
-42.008984 -740.736755 10.706903 17
-43.455585 -739.173035 0.243638 17
-42.838997 -737.944824 0.545514 17
-42.614449 -738.594177 3.415656 17
-46.224060 -737.621460 17.424452 17
-43.876019 -737.400269 4.245947 17
-46.210064 -737.548096 15.548566 17
-47.392284 -740.402161 23.248381 17
-42.537666 -737.907349 2.213034 17
-44.772255 -745.326355 24.257433 17
-44.019905 -744.274170 17.660116 17
-42.107201 -742.153870 14.421234 17
-43.667370 -737.451233 9.451723 17
-43.754677 -739.653748 3.993639 17
-44.723579 -737.267456 10.776982 17
-47.827229 -739.559631 18.830025 17
-44.736572 -739.596558 19.748108 17
-44.351540 -741.281006 10.350995 17
-43.004673 -739.896179 5.484350 17
-43.459694 -738.229980 12.771526 17
-43.245266 -739.598999 17.884253 17
-42.872025 -737.014832 3.199735 17
-48.073185 -740.231812 20.157652 17
-45.046082 -739.675110 6.127696 17
-44.408371 -738.830994 -0.338943 17
-44.567894 -739.227173 1.969476 17
-43.071217 -739.599121 20.562910 17
-45.741726 -740.721619 10.744960 17
-45.330681 -737.505066 8.958879 17
-43.616978 -736.962341 4.960274 17
-43.573326 -744.481812 21.420235 17
-45.841736 -738.492859 9.948071 17
-46.501133 -743.352234 18.186022 17
-45.700024 -737.895691 10.556406 17
-43.942768 -736.900269 -1.409131 17
-42.500233 -742.776123 15.810596 17
-48.119381 -740.254578 19.332941 17
-43.664867 -739.265198 -1.100000 17
-46.341766 -742.043884 14.626206 17
-44.784504 -739.217834 18.078520 17
-42.505856 -742.467651 12.945292 17
-43.792511 -740.990967 8.583188 17
-45.666508 -742.063782 13.424660 17
-42.180218 -738.060913 -1.417044 17
-44.254486 -737.288757 8.356171 17
-42.505108 -739.297607 0.045875 17
-44.906773 -739.318298 4.583211 17
-43.805923 -737.224487 6.668404 17
-43.846027 -737.279663 0.194530 17
-46.035034 -741.014832 12.203303 17
-42.040741 -743.118347 17.999805 17
-47.026642 -738.437561 17.936430 17
-43.060623 -738.916443 9.402742 17
-43.438492 -736.802795 1.898495 17
-43.808300 -739.419617 1.707834 17
-48.084255 -741.018250 18.946207 17
-43.618893 -738.699768 13.443254 17
-43.485149 -739.982788 16.360758 17
-43.728893 -740.166870 21.475821 17
-45.957085 -739.145447 10.396110 17
-46.956688 -742.490356 17.277349 17
-45.996914 -743.999390 18.589163 17
-43.784054 -739.049805 12.504075 17
-42.755291 -743.722290 18.444073 17
-47.176952 -738.594238 16.335054 17
-47.578251 -738.991394 17.653730 17
-43.272129 -738.494263 15.702432 17
-42.906826 -738.489136 7.480780 17
-47.621380 -739.114563 16.797325 17
-43.203461 -740.069580 19.770653 17
-48.121197 -741.245728 22.887329 17
-48.022404 -745.352905 27.382765 17
-46.788349 -746.173157 25.712566 17
-41.855877 -741.015686 11.624876 17
-42.223110 -739.421448 6.505818 17
-43.132706 -743.070190 14.640577 17
-44.700485 -742.884521 14.242474 17
-43.068165 -737.537964 3.989243 17
-45.633888 -745.930176 24.905561 17
-48.239681 -742.126953 21.817738 17
-43.353462 -737.264832 7.498887 17
-46.511650 -742.689697 15.991800 17
-46.597042 -738.820984 21.014091 17
-45.434345 -741.246521 11.285818 17
-44.749077 -738.232117 3.186453 17
-42.857132 -737.145325 0.849589 17
-46.652679 -745.426270 27.402357 17
-47.658634 -740.429749 24.105722 17
-43.948364 -739.394592 19.574543 17
-43.445770 -739.761841 14.576225 17
-48.065735 -742.161743 25.235205 17
-42.851467 -739.119446 17.148842 17
-45.447071 -745.465515 25.743574 17
-43.677505 -737.484802 3.487901 17
-43.577557 -738.160095 9.789255 17
-42.761284 -740.379700 7.559835 17
-45.619560 -745.562988 21.978455 17
-47.610199 -743.557373 26.615341 17
-43.374874 -738.356567 14.094492 17
-42.364494 -738.980225 1.815766 17
-44.371372 -737.980347 2.194863 17
-44.120129 -739.230835 -1.826995 17
-41.625996 -740.629761 12.650432 17
-42.838375 -740.032227 6.229363 17
-46.609837 -738.284912 14.037636 17
-41.716274 -742.641418 16.683897 17
-44.085869 -745.134460 20.193754 17
-45.775101 -737.291626 14.845387 17
-43.054363 -738.708130 10.234256 17
-46.094738 -744.111572 19.388771 17
-44.829933 -740.626160 7.489824 17
-45.710663 -739.979980 9.730415 17
-44.595963 -739.412109 2.771465 17
-42.898350 -743.528259 20.547054 17
-43.896873 -740.049133 18.753990 17
-43.080708 -744.193420 19.915409 17
-45.409996 -744.315735 18.246874 17
-46.337036 -738.217590 12.584303 17
-46.522789 -738.634949 11.518349 17
-45.312702 -738.358887 6.871365 17
-42.406284 -739.310913 -0.892903 17
-47.955330 -739.743713 18.104685 17
-44.263386 -739.982056 15.123189 17
-44.872910 -740.953064 9.863057 17
-42.741318 -741.350525 10.476424 17
-42.852875 -738.803589 0.481614 17
-45.118515 -743.375610 15.664890 17
-46.924950 -740.722046 14.286648 17
-43.707069 -738.541931 11.235089 17
-48.384754 -742.986328 23.583776 17
-45.354828 -739.310791 8.014410 17
-47.492073 -739.954956 15.689734 17
-44.266468 -739.733276 21.185585 17
-47.670048 -739.692139 20.501795 17
-47.294365 -739.504272 21.328184 17
-42.349644 -739.469788 4.880825 17
-47.545971 -742.707764 26.094357 17
-44.169933 -739.155884 13.612782 17
-44.487953 -745.220581 21.471493 17
-44.270992 -740.244873 20.339123 17
-44.146847 -740.384338 6.960489 17
-42.198780 -738.792847 6.100467 17
-43.525856 -742.714661 13.320211 17
-42.868393 -738.848511 -0.527950 17
-44.006615 -744.806152 22.849812 17
-43.527931 -744.319458 18.924522 17
-44.299892 -739.610596 -1.183906 17
-46.979996 -739.525879 22.502880 17
-44.700481 -737.209717 12.004978 17
-43.237457 -743.921570 17.852110 17
-43.866413 -739.962830 17.772314 17
-48.280754 -741.340515 22.103548 17
-46.591141 -744.360657 20.755373 17
-47.041855 -741.768372 15.941072 17
-43.402790 -739.642639 10.784961 17
-45.170609 -744.846497 25.379381 17
-42.194649 -739.490051 7.210760 17
-43.864437 -742.333923 11.924990 17
-48.439541 -743.381165 25.207039 17
-48.250397 -741.808716 23.319691 17
-44.078632 -739.380737 0.578804 17
-42.876106 -743.185059 15.283148 17
-42.072948 -739.337463 8.603113 17
-43.242481 -739.278687 2.701438 17
-44.103420 -737.902466 1.370707 17
-46.855183 -738.301941 14.785806 17
-43.301205 -739.430359 8.005658 17
-44.423683 -740.698486 8.792260 17
-48.148693 -744.044556 24.675323 17
-42.531662 -741.813538 12.683009 17
-47.969944 -743.345947 22.348911 17
-47.801422 -741.122742 18.295212 17
-44.923016 -744.728699 18.717924 17
-42.359249 -743.613708 19.311213 17
-41.678345 -741.586609 13.172463 17
-45.246181 -740.455994 8.070157 17
-43.129425 -739.244873 18.498035 17
-44.693367 -738.272461 -1.398980 17
-47.092266 -738.937683 13.394304 17
-44.457390 -739.963623 15.813189 17
-44.202991 -742.460876 12.559297 17
-43.815350 -739.277954 -0.415813 17
-44.790730 -739.439331 14.705359 17
-46.208519 -743.266235 17.500248 17
-42.340599 -743.083069 17.221521 17
-41.697247 -739.565735 9.839946 17
-45.648170 -745.037476 20.893740 17
-42.120094 -738.086731 -0.512835 17
-42.446842 -738.072998 2.972204 17
-44.106522 -739.431580 16.694704 17
-41.686634 -741.833557 13.906690 17
-42.178520 -737.969360 4.968153 17
-47.507362 -742.343933 18.465586 17
-41.919590 -738.935669 7.548193 17
-42.721256 -738.316467 -1.793266 17
-45.707695 -744.600281 19.755264 17
-46.067448 -738.072083 11.154635 17
-47.752453 -743.904114 23.632895 17
-44.310955 -738.165100 0.282681 17
-46.334564 -746.141785 25.187149 17
-44.674965 -745.332397 22.844501 17
-43.467220 -740.393005 22.162941 17
-47.576336 -745.222168 24.913713 17
-44.265842 -740.716187 22.794542 17
-41.840744 -741.811646 15.589035 17
-46.311287 -737.812683 18.705877 17
-43.779167 -737.396667 2.425018 17
-46.867203 -745.306580 23.414482 17
-44.292156 -740.018982 17.221130 17
-47.420506 -744.459961 22.559870 17
-44.523979 -738.857117 1.082863 17
-45.930225 -745.759521 22.651194 17
-47.093483 -739.805969 23.138815 17
-47.003269 -743.143127 18.665907 17
-44.746689 -739.515320 3.964018 17
-43.692936 -744.626221 20.424526 17
-43.311279 -737.230835 -0.652826 17
-43.565216 -740.740356 8.011112 17
-43.855171 -739.208984 17.713083 17
-48.055626 -743.460571 23.220161 17
-42.038845 -740.207581 9.350996 17
-44.031536 -737.320190 10.924114 17
-42.735260 -740.843872 9.042760 17
-43.054195 -743.591858 16.401976 17
-46.043728 -745.925903 23.816263 17
-43.130604 -739.698486 15.790158 17
-46.092194 -739.959106 11.152527 17
-43.065311 -741.654053 10.975827 17
-43.091385 -739.185364 -1.453601 17
-47.909748 -744.441467 25.216133 17
-47.610157 -744.426147 27.339092 17
-43.195107 -739.486328 19.188087 17
-45.114426 -739.709717 6.784995 17
-46.761566 -737.983398 17.493299 17
-46.565887 -744.821350 21.709764 17
-43.802887 -739.546997 3.207505 17
-46.045082 -737.127930 16.030205 17
-47.932598 -741.460876 19.529690 17
-47.484180 -739.402832 15.293296 17
-44.528297 -738.217346 0.932171 17
-44.669785 -737.276306 7.153211 17
-43.872837 -737.404968 5.378766 17
-43.217583 -739.801147 21.920677 17
-46.100613 -744.715637 20.480312 17
-43.390644 -737.629211 6.341124 17
-43.206402 -739.240051 11.820521 17
-44.942497 -741.610962 11.717605 17
-42.003223 -739.985901 8.649340 17
-43.910702 -737.288452 1.186913 17
-43.436165 -738.019043 10.960649 17
-43.257671 -739.490234 16.741358 17
-44.104355 -737.000427 9.650793 17
-47.268456 -740.127441 22.598396 17
-43.087734 -737.639160 2.511724 17
-43.748730 -739.119324 15.415525 17
-42.281570 -738.283325 0.628437 17
-46.281879 -740.390564 12.107006 17
-48.296501 -742.540894 22.340893 17
-42.845921 -738.021851 -0.147053 17
-44.802830 -739.780029 5.048522 17
-47.862350 -739.630432 16.483961 17
-42.948399 -738.652771 8.832184 17
-44.597481 -737.333374 7.794138 17
-42.487061 -742.346924 13.928360 17
-47.035233 -739.420898 13.830877 17
-46.265224 -742.657776 15.406483 17
-44.887661 -738.019470 5.057751 17
-45.304760 -738.374512 7.569649 17
-42.047607 -742.426208 15.351977 17
-46.604584 -743.794128 19.615192 17
-46.975014 -743.963013 20.389626 17
-42.864357 -738.776794 14.846789 17
-44.357269 -738.283386 -0.777110 17
-43.032269 -738.623718 11.736718 17
-46.047947 -742.926208 16.468870 17
-44.888565 -745.428650 21.940653 17
-45.851574 -745.119080 21.584425 17
-46.621029 -745.295837 22.829123 17
-45.437706 -740.826538 10.184332 17
-47.197235 -741.933838 17.078779 17
-41.388401 -739.901733 10.436912 17
-46.581825 -741.248718 14.172759 17
-44.214710 -737.337036 -0.728174 17
-43.293869 -737.498596 0.526246 17
-43.626007 -743.412659 15.214589 17
-42.891792 -738.484497 6.843210 17
-42.655724 -738.390015 5.604630 17
-44.132755 -737.284485 -1.884207 17
-43.017372 -737.890137 -1.412390 17
-45.063515 -737.215820 9.459753 17
-43.621876 -738.487671 12.204967 17
-47.095757 -738.652771 20.296503 17
-47.561188 -742.309387 25.596121 17
-45.590488 -737.919189 9.811848 17
-45.952015 -744.660339 26.574705 17
-47.815842 -740.264648 17.273352 17
-44.082291 -739.903320 14.397371 17
-48.552746 -742.274170 23.044445 17
-44.505058 -740.252502 18.804615 17
-45.106457 -738.123657 6.308131 17
-43.356426 -739.997864 20.970737 17
-45.533272 -740.198120 9.145182 17
-47.791954 -744.823425 26.422211 17
-44.591740 -737.310730 10.097588 17
-46.968800 -741.437012 15.409577 17
-42.833248 -738.328430 12.697349 17
-43.283707 -738.048645 10.311613 17
-47.452988 -739.180542 20.094660 17
-45.073875 -737.199585 12.717371 17
-44.851772 -744.941772 24.785639 17
-47.591198 -740.789978 17.011833 17
-42.696072 -739.087036 2.996064 17
-42.850037 -738.889221 1.434417 17
-43.384911 -737.041260 4.392418 17
-45.546196 -743.502991 16.217329 17
-42.388668 -737.979797 3.588306 17
-43.752579 -737.514404 8.060341 17
-47.320526 -740.879944 16.445480 17
-44.927841 -740.723328 9.259522 17
-47.554222 -739.067932 19.098742 17
-48.530823 -744.196716 25.851858 17
-41.932583 -742.065796 16.430735 17
-47.610874 -745.004517 24.120565 17
-46.859123 -744.431885 21.329088 17
-43.227329 -739.412598 12.473236 17
-48.176624 -741.625122 23.906147 17
-41.686306 -740.450439 11.460160 17
-46.377800 -737.631104 16.131752 17
-47.125233 -743.388184 19.279669 17
-44.086304 -744.560669 23.419352 17
-45.946285 -742.236572 14.142994 17
-46.808544 -744.938171 22.361362 17
-45.641453 -738.698364 9.251056 17
-44.120644 -739.542175 23.673271 17
-42.972145 -739.417236 3.999489 17
-45.700447 -737.658875 11.837242 17
-46.807350 -743.010681 17.560869 17
-42.688404 -738.036316 4.594077 17
-46.043331 -745.968384 26.419809 17
-44.465103 -739.749023 2.278689 17
-45.570526 -737.337036 13.753784 17
-47.171848 -738.630310 15.723284 17
-46.717369 -738.871277 12.917402 17
-43.867233 -739.277161 21.101547 17
-43.432743 -739.677063 11.473198 17
-44.042721 -739.808167 4.505943 17
-43.187748 -742.026733 11.854906 17
-44.840275 -737.283936 11.378732 17
-42.308174 -739.968445 7.567390 17
-44.646660 -737.615601 5.512708 17
-42.483997 -738.381775 1.828786 17
-45.524536 -742.979492 15.234747 17
-45.888088 -737.548279 14.310350 17
-46.153889 -738.937134 11.026678 17
-47.386219 -740.493469 15.947547 17
-43.555923 -739.085083 20.306322 17
-47.002205 -738.154724 19.616072 17
-43.988068 -740.253113 24.494415 17
-47.455517 -743.259094 20.364107 17
-44.435638 -739.910217 22.127064 17
-47.929585 -740.308228 17.935673 17
-44.181164 -737.889526 -1.807121 17
-42.651794 -739.086792 7.392267 17
-47.378456 -743.040222 19.712875 17
-44.866734 -742.505310 13.775073 17
-47.053848 -740.159973 14.492978 17
-48.348289 -742.298096 24.581593 17
-44.394901 -737.335266 6.565679 17
-47.503716 -743.654053 21.304193 17
-43.169945 -743.815430 21.069031 17
-43.826374 -740.113831 19.924751 17
-46.540955 -737.914734 15.179962 17
-43.401169 -737.191162 2.917634 17
-48.403160 -743.481079 24.621540 17
-44.940197 -745.419434 23.536932 17
-46.510853 -745.318665 26.828032 17
-43.040440 -738.951782 13.544991 17
-42.578693 -738.952271 6.649097 17
-44.318760 -739.372375 15.525411 17
-47.359085 -745.547485 26.914486 17
-45.306412 -742.648804 14.684299 17
-43.920139 -740.421936 23.445005 17
-44.694904 -740.091980 7.265645 17
-48.624386 -742.759949 24.110565 17
-46.704948 -740.363159 23.375935 17
-42.076687 -741.526917 11.864017 17
-43.481983 -738.630005 16.265022 17
-46.740211 -740.319092 13.377847 17
-45.535961 -745.756592 23.171595 17
-44.594425 -737.971497 4.537168 17
-44.496609 -743.288269 14.617856 17
-44.028923 -744.939514 21.784903 17
-47.265778 -740.130066 23.751171 17
-43.633595 -739.990662 19.337742 17
-43.544319 -736.771729 0.137904 17
-43.042103 -738.829041 12.952455 17
-42.653446 -742.703430 14.418760 17
-47.183945 -738.362122 18.512596 17
-45.738510 -745.928589 24.315599 17
-46.398571 -740.916260 13.047175 17
-43.627430 -740.022034 22.593433 17
-45.558697 -739.567749 9.064954 17
-45.404190 -737.389954 10.726275 17
-44.749012 -738.503662 4.025535 17
-43.731163 -743.828674 22.566124 17
-43.355019 -739.441833 13.695483 17
-47.316307 -744.146606 21.562016 17
-47.763973 -744.229004 24.126448 17
-43.112083 -738.763611 16.778696 17
-47.383045 -745.090637 23.596415 17
-47.438343 -741.285461 17.384390 17
-46.122791 -737.698364 18.069168 17
-42.340355 -740.749634 9.463670 17
-44.392033 -740.249573 6.450425 17
-45.167912 -744.803101 19.682169 17
-47.940067 -743.190979 26.125278 17
-48.388355 -744.463928 26.359962 17
-43.583614 -739.845459 18.317741 17
-47.790054 -740.761292 23.052757 17
-46.504440 -739.188477 11.986842 17
-47.847916 -744.989136 25.383110 17
-47.787998 -744.923279 27.067858 17
-44.430046 -739.084961 0.225186 17
-45.583801 -737.987976 8.711006 17
-47.800102 -740.363892 21.922775 17
-45.900620 -741.127625 11.588401 17
-42.841400 -738.074524 4.009339 17
-42.606583 -739.124512 3.660186 17
-43.236015 -737.428467 5.371179 17
-44.055191 -737.510681 9.910418 17
-46.704121 -745.729248 23.768480 17
-44.710625 -742.213562 12.663219 17
-44.749580 -738.839844 3.119390 17
-42.959251 -742.553589 13.296786 17
-42.852291 -743.156738 16.044548 17
-44.808098 -737.368835 8.722220 17
-44.705399 -738.419250 -0.057728 17
-47.627815 -744.474060 23.105221 17
-45.299091 -737.702698 8.142584 17
-42.869717 -738.242859 11.329969 17
-45.159271 -745.695679 24.581219 17
-44.309162 -739.240601 -0.712611 17
-43.511292 -742.983093 14.049011 17
-42.867039 -737.812439 1.092979 17
-47.776028 -743.917175 27.108746 17
-43.203007 -739.599365 -1.072205 17
-42.741016 -743.408386 18.928635 17
-47.399303 -739.046326 14.632494 17
-47.126583 -738.680115 18.978891 17
-43.727806 -736.872070 3.254281 17
-46.259068 -737.949158 13.286387 17
-44.341660 -737.542114 0.189880 17
-45.538582 -743.830627 17.334755 17
-43.182335 -739.141357 8.675883 17
-42.029144 -740.732666 10.113918 17
-42.431026 -738.504028 -0.708527 17
-47.971310 -742.761230 20.675388 17
-43.280899 -744.013184 18.432848 17
-43.515430 -740.317200 6.620697 17
-48.160553 -741.809753 20.865585 17
-44.238945 -740.656799 7.520990 17
-44.248581 -737.741211 3.467624 17
-47.186974 -740.882751 15.297095 17
-42.689178 -739.565918 -1.813620 17
-42.781776 -737.964905 5.127139 17
-44.179401 -741.850098 11.596049 17
-42.900623 -743.459839 16.987888 17
-42.736557 -737.492188 1.890845 17
-45.968380 -737.795776 12.318525 17
-42.328060 -738.655334 4.543517 17
-46.845226 -745.742981 24.394251 17
-46.042374 -739.506470 10.822493 17
-45.630215 -741.585815 12.452751 17
-44.550694 -744.783447 24.130087 17
-44.919846 -738.543518 5.239859 17
-46.561398 -746.022888 26.244658 17
-46.355030 -739.911316 11.729784 17
-44.671993 -738.251953 2.642869 17
-42.207584 -742.811646 16.300745 17
-43.271656 -739.039978 17.525621 17
-43.469810 -737.319092 -1.802314 17
-41.733841 -741.299500 13.740857 17
-43.928791 -737.297241 8.994212 17
-48.232166 -741.229370 20.227028 17
-42.267704 -738.781189 -2.200186 17
-44.033772 -736.871582 0.569164 17
-42.807899 -738.917542 15.738587 17
-44.184608 -739.165894 14.162179 17
-45.006706 -738.687866 5.783424 17
-41.734966 -740.906311 12.176940 17
-43.840324 -739.126282 13.048249 17
-43.852188 -739.365540 1.156582 17
-43.088200 -738.099487 6.484138 17
-47.732380 -742.644897 19.548523 17
-44.898746 -738.705383 2.011400 17
-44.131985 -737.067139 4.797438 17
-46.284142 -741.329041 13.487264 17
-45.428196 -738.760803 7.969673 17
-47.108253 -745.747314 27.426573 17
-44.586208 -744.322449 17.532867 17
-44.710526 -737.641357 6.093791 17
-42.856129 -738.135620 8.380195 17
-42.893581 -741.195679 9.870392 17
-43.695461 -737.347473 -1.031225 17
-47.629826 -739.285278 18.149553 17
-43.303650 -737.987671 9.314381 17
-42.543243 -738.546936 1.088697 17
-44.055531 -739.909485 16.183207 17
-47.900349 -742.177795 19.990431 17
-46.602966 -741.737305 15.082593 17
-43.660107 -737.465149 5.908535 17
-41.697605 -741.133240 12.894144 17
-47.695877 -745.737244 26.168272 17
-44.452705 -739.705688 20.261749 17
-43.199673 -739.288391 14.653411 17
-42.471039 -739.061951 -1.553842 17
-47.871071 -745.155396 25.996664 17
-43.521275 -739.798340 12.849748 17
-44.122009 -740.510559 23.990200 17
-42.192215 -738.026672 0.118322 17
-44.128361 -739.454224 19.067652 17
-41.893230 -740.070251 10.552218 17
-42.454502 -740.534607 8.494107 17
-45.238804 -737.166565 14.843013 17
-41.761559 -741.497192 14.859641 17
-45.061069 -741.907959 12.148624 17
-43.498940 -744.180298 21.902157 17
-47.583355 -741.639648 18.142380 17
-43.897541 -739.927856 16.718937 17
-42.293381 -738.936218 5.575180 17
-45.177036 -745.322632 20.812231 17
-42.324028 -738.831665 0.452332 17
-47.896080 -741.285950 24.221539 17
-48.033363 -743.910034 26.633644 17
-44.738991 -739.318176 3.416483 17
-42.989628 -740.266541 6.900868 17
-47.096237 -741.368958 24.976856 17
-44.792713 -740.181824 6.074054 17
-48.208801 -741.005859 21.155594 17
-43.912960 -740.185547 20.844765 17
-44.112453 -739.821899 22.954594 17
-44.395302 -742.759033 13.490980 17
-47.909679 -740.662842 19.888815 17
-42.328094 -742.671326 17.978394 17
-48.190514 -742.583801 23.281748 17
-44.731808 -743.765747 15.928061 17
-47.022152 -740.793701 14.803180 17
-47.686073 -741.451721 24.802263 17
-43.225235 -739.563599 17.320808 17
-48.390083 -743.726562 25.614840 17
-45.038280 -738.907227 4.258183 17
-43.361351 -739.728760 20.149204 17
-44.677841 -741.354736 10.774385 17
-47.395512 -743.686768 20.682783 17
-43.844982 -744.296753 22.874426 17
-47.166271 -741.746704 16.482204 17
-45.185650 -742.173157 13.138561 17
-46.989799 -738.302856 15.329653 17
-45.700974 -740.376587 10.069823 17
-46.371319 -738.528137 12.007830 17
-44.570980 -737.710083 -0.958916 17
-43.611614 -741.343628 9.747442 17
-43.321220 -738.173218 13.490911 17
-43.342236 -736.995850 1.345291 17
-46.042263 -745.178040 27.017447 17
-43.125484 -739.412292 9.571564 17
-46.837715 -739.209290 21.259396 17
-44.808651 -740.241577 22.291306 17
-43.721771 -737.330872 -0.355762 17
-47.671135 -739.931274 16.877316 17
-44.218414 -737.133667 12.253546 17
-45.325253 -739.858459 8.073423 17
-42.211739 -743.403442 18.631987 17
-46.470779 -742.628296 16.528940 17
-45.206806 -739.492249 7.269797 17
-43.163593 -739.131592 -0.193425 17
-42.835545 -743.623230 19.532585 17
-45.260475 -745.029175 25.957031 17
-48.050674 -740.359802 20.676397 17
-43.081280 -739.100708 -0.923339 17
-42.295124 -741.195740 10.668327 17
-46.211826 -742.212280 15.109941 17
-48.092960 -740.984985 22.438467 17
-46.777863 -739.360229 12.496662 17
-42.519897 -743.196472 18.188540 17
-44.316750 -739.791443 4.048849 17
-46.300102 -737.467651 16.912521 17
-45.558067 -737.450928 13.239743 17
-46.070663 -741.869690 13.157580 17
-43.937527 -739.622009 21.588034 17
-47.409260 -744.206970 22.066982 17
-46.787163 -738.635803 13.670148 17
-43.615330 -740.002258 5.546317 17
-45.815578 -739.577209 10.037630 17
-47.014004 -741.965454 25.326599 17
-42.370808 -738.972656 -0.411181 17
-43.068783 -738.666626 10.750539 17
-46.897961 -738.160767 16.368542 17
-45.346573 -741.146606 9.757437 17
-43.354397 -739.841553 5.049226 17
-45.636436 -741.264771 10.819599 17
-47.594585 -740.678711 23.657925 17
-45.150177 -737.375488 11.786101 17
-48.316925 -741.959534 21.343357 17
-46.752377 -738.081421 18.493721 17
-46.590828 -739.876770 12.708103 17
-43.789101 -737.350708 7.200461 17
-47.671604 -742.252747 18.941782 17
-42.654865 -739.580627 5.282725 17
-44.616421 -737.762756 -1.564677 17
-45.137619 -740.292542 8.543287 17
-47.289276 -742.292603 17.976248 17
-43.731392 -742.558533 12.766929 17
-44.020420 -739.375671 17.252760 17
-43.698586 -739.126221 16.583912 17
-47.857841 -743.339233 21.615337 17
-44.068394 -740.025940 18.260252 17
-43.175194 -737.367249 3.489523 17
-41.955849 -739.037659 8.070192 17
-43.632748 -736.824341 -0.945670 17
-42.917660 -738.264832 12.092466 17
-44.323811 -739.593018 1.679407 17
-43.056255 -738.646851 14.367769 17
-42.802307 -737.913086 1.594585 17
-43.595352 -738.956970 15.900350 17
-44.919430 -739.713745 5.636290 17
-44.707863 -736.879517 13.119666 17
-43.560230 -737.890503 8.338588 17
-43.526226 -744.613098 20.896053 17
-46.651878 -742.134949 15.997135 17
-43.194649 -739.187195 10.654456 17
-43.332989 -737.146729 2.339498 17
-42.495762 -738.689819 3.990154 17
-43.632408 -739.158508 18.470194 17
-44.070831 -740.062134 5.750831 17
-48.039303 -742.283325 20.515463 17
-43.411697 -739.541748 15.035210 17
-47.373352 -739.885315 15.068080 17
-42.103039 -741.955872 12.474874 17
-43.514618 -739.389282 20.751125 17
-43.203869 -738.085693 7.376387 17
-46.045185 -738.190063 10.308807 17
-43.863232 -739.570679 -1.468643 17
-42.827881 -738.148804 10.138044 17
-45.606361 -745.841003 25.403168 17
-45.545696 -738.495483 8.689009 17
-46.475178 -738.142456 19.419256 17
-42.693913 -737.585876 -0.368291 17
-47.774612 -743.828491 22.368477 17
-43.266903 -740.973083 8.781111 17
-45.219437 -743.916443 16.959721 17
-42.709953 -738.748840 2.125341 17
-43.436134 -738.739807 15.276979 17
-46.858131 -739.826416 13.396507 17
-43.847046 -739.779663 24.372156 17
-48.336414 -742.825745 25.152857 17
-43.101704 -739.448242 1.624191 17
-47.256580 -745.362244 24.511854 17
-43.521709 -739.326416 2.212127 17
-42.138412 -741.673706 13.017337 17
-48.482868 -741.674011 21.792166 17
-44.278145 -736.920166 -2.208992 17
-43.637058 -744.781006 19.109137 17
-47.627361 -739.948242 16.161884 17
-46.888382 -742.747498 25.989416 17
-43.719051 -737.238586 0.715066 17
-45.418064 -744.030334 17.814009 17
-45.534527 -737.420837 12.618103 17
-43.991913 -739.824768 15.535525 17
-44.748318 -739.803467 21.049267 17
-43.136341 -739.352478 -1.960396 17
-46.177475 -737.580627 15.043572 17
-42.928059 -739.227539 17.830139 17
-44.349380 -737.600952 4.333656 17
-43.225578 -739.484497 16.228079 17
-44.379276 -737.404968 11.280762 17
-44.569851 -738.917908 1.580970 17
-44.767624 -740.370850 7.902247 17
-45.119011 -737.091675 13.836153 17
-43.848255 -739.419983 20.055908 17
-45.008335 -739.227173 5.909354 17
-42.854691 -743.721985 20.005779 17
-43.522259 -737.639404 8.831107 17
-45.001106 -737.859131 7.015550 17
-42.307125 -739.796570 6.203089 17
-43.606430 -739.511536 22.488335 17
-42.698639 -740.496704 8.034122 17
-48.094170 -742.740967 21.288910 17
-43.590290 -737.685669 7.624052 17
-46.943199 -739.698303 22.035378 17
-48.036777 -739.998108 18.902599 17
-43.653725 -736.861755 -1.790500 17
-41.800613 -741.771606 14.408137 17
-45.340420 -737.641418 9.520323 17
-44.024998 -743.261292 14.159631 17
-43.101635 -739.069885 7.763897 17
-42.792206 -737.516296 3.001556 17
-46.113720 -743.663879 18.256344 17
-44.490055 -739.296448 15.087232 17
-43.781311 -741.188477 9.247971 17
-41.930454 -740.825439 11.188513 17
-48.272217 -741.323975 20.785841 17
-42.176384 -742.770996 16.814629 17
-43.583549 -739.104309 19.455105 17
-44.740425 -743.338501 15.249894 17
-42.679214 -739.230469 2.168133 17
-48.250629 -740.733521 20.233196 17
-47.329559 -742.756714 18.649818 17
-42.778934 -738.842041 0.011125 17
-43.064312 -743.625366 17.399370 17
-46.993439 -738.702209 14.523902 17
-45.305172 -742.355347 13.631603 17
-43.702908 -740.096130 23.080681 17
-44.686073 -739.110168 13.576855 17
-47.617142 -741.233582 17.852722 17
-43.699059 -739.773560 23.467983 17
-47.512909 -745.438782 27.496735 17
-43.301083 -740.611572 7.599875 17
-45.914967 -740.282532 10.868043 17
-45.850559 -744.115417 18.126848 17
-43.832787 -737.403748 2.920444 17
-48.366280 -743.163330 24.261124 17
-43.739708 -743.813782 22.101032 17
-48.197639 -742.068848 24.154919 17
-44.016094 -741.424927 9.975397 17
-47.511086 -743.121338 26.338963 17
-44.917622 -738.997498 4.958304 17
-46.878628 -738.109863 16.989567 17
-43.083515 -737.583618 -0.989882 17
-45.392666 -740.720642 9.059042 17
-47.912220 -740.544006 18.971519 17
-42.664375 -739.778198 5.838743 17
-47.954784 -740.395386 21.443565 17
-44.018124 -736.877625 0.001062 17
-42.753532 -738.181396 -1.147298 17
-43.912388 -739.361633 0.133620 17
-43.917400 -739.797546 14.850776 17
-41.986656 -742.257874 14.909525 17
-47.659874 -740.007202 21.523821 17
-44.973114 -741.536133 11.160081 17
-47.162766 -739.702942 14.194621 17
-43.318069 -738.094299 12.285465 17
-45.142635 -739.254761 6.707030 17
-45.709049 -745.111328 26.125290 17
-46.742683 -743.528809 18.531185 17
-48.115818 -740.760254 19.356409 17
-47.170616 -740.723999 24.246378 17
-47.614452 -739.243103 17.257002 17
-43.053600 -738.538452 9.786832 17
-43.126850 -739.958008 19.189253 17
-42.906826 -738.057495 2.848294 17
-47.285194 -745.650391 25.325888 17
-46.468624 -741.594543 14.490897 17
-42.827114 -738.664124 13.860559 17
-44.511303 -739.578064 19.328157 17
-42.575657 -738.271301 6.060277 17
-47.300388 -738.604980 17.558218 17
-44.053509 -743.575195 15.124267 17
-45.807339 -740.951416 11.162076 17
-44.713604 -744.192688 17.080151 17
-44.753769 -740.535400 8.348629 17
-43.264042 -737.371216 1.061350 17
-45.860336 -739.018372 9.915474 17
-43.558598 -739.708435 4.415521 17
-42.584885 -743.216492 19.417103 17
-47.481358 -739.488342 20.900723 17
-43.227615 -744.217957 17.486418 17
-45.422882 -737.949097 7.771140 17
-47.998882 -739.999634 19.716528 17
-42.553432 -737.725281 0.184554 17
-47.437393 -739.002136 15.537685 17
-43.627125 -738.641541 12.862040 17
-41.694733 -740.410278 10.825828 17
-44.138500 -744.065247 23.714548 17
-44.123432 -740.998718 8.967517 17
-47.893555 -743.532593 22.777554 17
-42.728676 -738.268066 2.432700 17
-47.201668 -741.385132 16.197849 17
-47.515930 -739.213440 19.548147 17
-47.848961 -741.630798 19.081297 17
-44.146130 -737.860962 -0.759221 17
-46.195198 -741.013977 12.654750 17
-42.531021 -742.261169 13.371289 17
-43.931942 -744.704102 20.029156 17
-44.191540 -739.582581 2.900193 17
-43.654854 -739.201050 0.644696 17
-43.665226 -738.530640 11.753792 17
-47.567223 -745.870911 26.665585 17
-46.875992 -740.504822 13.818506 17
-45.709229 -742.427246 14.564275 17
-43.786362 -737.349854 4.708794 17
-46.607491 -738.539734 20.634481 17
-44.697639 -738.482910 -0.531179 17
-43.802341 -737.057312 1.571336 17
-45.060268 -744.828735 19.177284 17
-42.910213 -738.948425 0.972378 17
-43.329773 -738.698669 17.203024 17
-44.144596 -738.026489 0.690986 17
-44.341404 -736.991882 11.027251 17
-44.354912 -738.722717 -1.601795 17
-45.702824 -737.791931 11.072592 17
-44.163834 -737.114197 6.952089 17
-42.398430 -743.062012 17.717087 17
-45.666401 -745.624878 26.117252 17
-44.350834 -739.840088 21.626686 17
-43.101196 -739.053772 9.890074 17
-41.829109 -739.294189 9.039726 17
-42.746330 -741.002136 9.469049 17
-44.853348 -745.498840 22.449970 17
-43.679855 -737.203491 2.010069 17
-42.156300 -742.030640 13.965637 17
-41.969810 -739.649048 9.496996 17
-43.282974 -737.411865 -2.245723 17
-44.270943 -739.135742 12.523190 17
-44.086231 -739.513000 2.056189 17
-43.394642 -739.170715 -0.588908 17
-41.433926 -739.946472 9.936029 17
-43.566303 -739.697021 13.389557 17
-46.754902 -742.488403 16.870338 17
-43.621269 -739.722839 15.774878 17
-44.240036 -737.044800 8.764142 17
-43.852085 -744.911560 22.425797 17
-46.569618 -739.740173 22.423752 17
-45.797562 -742.642944 15.478890 17
-42.278854 -738.457092 -1.829107 17
-42.817413 -738.977112 2.563845 17
-48.215279 -744.335693 25.564762 17
-46.339787 -738.437866 11.141486 17
-44.238121 -741.478577 10.849442 17
-42.118923 -739.930725 8.193616 17
-45.124870 -740.094116 7.035271 17
-43.108845 -737.204590 1.935274 17
-42.052364 -742.290527 16.861094 17
-44.165226 -737.612244 3.900470 17
-47.360832 -738.738037 18.005499 17
-42.321144 -738.231201 5.315173 17
-44.657558 -739.092224 2.388611 17
-48.260635 -743.273071 25.636059 17
-44.257629 -739.570862 19.854521 17
-44.595406 -738.404358 2.185497 17
-45.891655 -737.341736 15.295803 17
-45.075478 -744.361328 17.893248 17
-45.295689 -744.486267 18.664598 17
-42.221634 -739.165649 6.890103 17
-46.906895 -745.643616 26.937939 17
-44.068413 -737.580200 -0.169548 17
-47.361031 -738.731934 16.784286 17
-42.735970 -739.362854 0.434969 17
-46.094540 -742.656555 15.837562 17
-42.676434 -739.329468 0.902779 17
-42.728497 -737.308533 1.435305 17
-43.492863 -739.536682 3.644128 17
-47.865784 -739.821533 19.293909 17
-42.564671 -737.997742 -2.133424 17
-47.521610 -738.999329 16.367281 17
-43.003513 -738.273376 9.144149 17
-47.899387 -741.782837 25.065767 17
-42.357201 -739.007324 4.823427 17
-44.338867 -741.077209 9.888372 17
-44.997604 -737.394592 10.444707 17
-42.754841 -742.079895 12.410633 17
-46.473930 -737.730591 17.768049 17
-46.227798 -737.892517 14.133363 17
-42.974400 -738.334290 7.903025 17
-43.110973 -739.827271 18.237207 17
-44.440514 -739.221558 0.857590 17
-44.667927 -738.536743 -1.027461 17
-47.897877 -740.667236 18.216480 17
-46.734028 -745.032288 27.092680 17
-44.062794 -737.803894 1.914895 17
-45.462341 -739.448120 8.538376 17
-42.096901 -740.455994 9.750718 17
-42.682636 -739.365234 4.546911 17
-43.840446 -737.578186 8.527683 17
-43.438702 -736.729858 2.395210 17
-44.352352 -739.910645 4.817356 17
-45.177525 -738.789795 6.887874 17
-48.385258 -743.786377 24.981209 17
-43.923225 -737.186279 6.208882 17
-43.086998 -737.750488 0.226825 17
-42.268764 -738.075500 -0.972189 17
-43.353230 -739.530518 14.132749 17
-42.959591 -737.117004 2.768711 17
-44.230709 -744.787048 23.783834 17
-42.982876 -737.531555 -1.747188 17
-44.968155 -737.348633 7.522512 17
-47.012512 -738.543457 19.866735 17
-42.756947 -743.231079 14.818561 17
-43.676876 -741.728760 10.579576 17
-45.384716 -743.629395 16.612986 17
-45.640823 -739.126282 9.075750 17
-45.026875 -745.215576 20.379822 17
-43.443443 -737.286377 3.839810 17
-43.123390 -737.623474 -0.507932 17
-43.094196 -738.625793 11.199435 17
-43.068676 -737.651001 6.004072 17
-47.787144 -739.851196 20.102896 17
-44.288406 -737.502380 1.224429 17
-42.624897 -738.498779 -2.177476 17
-47.746796 -739.458191 17.742496 17
-42.003017 -741.284241 11.000856 17
-44.033302 -737.792053 2.420126 17
-46.218647 -743.978943 18.975933 17
-44.671642 -736.957886 12.364900 17
-47.979736 -740.635986 21.068554 17
-45.904675 -743.571716 17.334688 17
-44.297623 -738.156311 -1.214192 17
-42.417294 -741.702942 11.592776 17
-47.163395 -746.048828 25.897186 17
-47.795258 -741.280212 18.718241 17
-43.935020 -742.808044 13.066336 17
-48.093159 -739.940552 17.746521 17
-44.177380 -737.461853 10.464968 17
-47.682186 -740.885376 24.042395 17
-46.268841 -745.622314 26.628065 17
-46.479301 -744.801208 20.663301 17
-46.131363 -743.267700 16.963560 17
-43.387146 -744.449158 20.167032 17
-43.297771 -737.087585 0.706038 17
-48.123989 -741.364990 23.331612 17
-48.253300 -741.276672 21.659651 17
-48.194847 -742.440552 22.760328 17
-42.689804 -738.244690 0.266827 17
-46.138851 -745.326904 21.846310 17
-42.225697 -740.322021 8.837740 17
-48.014587 -741.743958 19.888300 17
-44.358204 -738.515808 0.575216 17
-42.274181 -738.199219 4.592663 17
-42.626064 -738.604187 2.939886 17
-45.364498 -744.507568 25.579058 17
-42.315605 -739.325134 -1.877937 17
-42.682484 -737.870667 -1.721586 17
-44.453861 -739.424744 -1.628163 17
-47.548538 -740.203491 22.248417 17
-45.250278 -742.816101 14.171545 17
-42.192192 -738.041870 1.788444 17
-43.468311 -740.078064 17.898539 17
-43.026917 -738.605103 15.220370 17
-45.885445 -737.733826 13.341325 17
-43.580914 -737.106750 9.158255 17
-44.348747 -738.086731 1.686904 17
-45.718418 -741.766418 12.929057 17
-41.823730 -740.551697 11.858309 17
-48.099281 -742.940613 22.263325 17
-43.307854 -739.675171 19.608339 17
-46.300858 -743.622620 18.645180 17
-46.767159 -738.075928 17.966087 17
-44.862831 -745.085327 19.795168 17
-43.853626 -744.812317 21.360949 17
-43.682709 -739.004089 14.995672 17
-44.023407 -737.636169 0.467634 17
-44.493843 -738.032898 -2.098583 17
-45.079685 -743.588257 16.126637 17
-41.657207 -742.185059 15.454066 17
-45.729893 -741.241638 11.989473 17
-44.190022 -739.834534 22.527826 17
-43.502785 -739.868713 18.912411 17
-43.109688 -738.279419 5.913820 17
-48.184917 -743.439087 23.643015 17
-42.626186 -738.121826 0.895164 17
-43.461926 -739.244019 1.491459 17
-46.540714 -737.823059 15.652429 17
-46.029282 -744.545105 20.062567 17
-42.232994 -739.254089 6.068445 17
-45.934132 -737.852539 11.511419 17
-43.463455 -737.453796 6.779665 17
-44.305531 -740.066956 17.686884 17
-45.938969 -745.507385 22.283329 17
-43.525974 -739.791687 17.532509 17
-41.374943 -740.917847 12.441080 17
-44.983971 -740.050964 6.521465 17
-44.708923 -738.197876 3.620294 17
-44.996891 -745.589294 24.009535 17
-46.037247 -742.077148 13.651692 17
-46.508526 -739.771606 21.972479 17
-46.809219 -743.982727 19.966501 17
-47.424042 -738.856995 17.195051 17
-43.961643 -739.622314 3.591460 17
-44.345226 -742.658752 13.065903 17
-43.958511 -737.129089 5.733117 17
-43.226250 -744.285095 21.073202 17
-47.256992 -740.521179 15.540152 17
-47.075130 -742.624817 17.680696 17
-46.636166 -738.457825 12.791359 17
-47.432495 -744.033020 22.597673 17
-47.229755 -744.857239 22.424767 17
-44.353550 -737.421936 -1.537926 17
-48.188957 -744.081299 24.248156 17
-46.020588 -741.420532 12.347454 17
-46.507870 -738.171936 13.608699 17
-46.316776 -745.580261 22.697990 17
-45.993256 -738.748230 10.282730 17
-42.632034 -742.787964 15.386462 17
-42.393982 -739.162903 5.223817 17
-42.237251 -739.982971 6.574135 17
-47.620407 -739.210083 18.676033 17
-43.876335 -739.941406 17.241411 17
-43.815506 -742.401978 12.369700 17
-46.886974 -743.163696 18.241467 17
-43.441948 -737.232727 7.962116 17
-42.375313 -742.399841 14.675261 17
-43.119453 -739.274780 15.771773 17
-43.710735 -738.873291 12.089123 17
-47.859180 -739.851013 18.508669 17
-43.451374 -737.188477 0.048351 17
-43.161652 -738.115295 9.904063 17
-48.234070 -741.673950 22.915886 17
-44.125256 -737.180969 -1.157222 17
-43.500332 -739.285706 -1.560757 17
-43.971889 -740.869751 8.009660 17
-45.689888 -738.307922 9.563893 17
-43.977898 -736.856201 1.009828 17
-45.689156 -743.247009 16.536325 17
-45.935158 -737.528748 16.122477 17
-43.416985 -739.854004 20.570385 17
-43.227757 -738.460876 13.097668 17
-42.739910 -738.205261 -0.519145 17
-43.094070 -737.877625 4.430933 17
-44.784721 -737.206604 6.470975 17
-44.503906 -740.797607 9.203959 17
-43.493828 -736.986084 -0.333014 17
-43.970047 -740.423279 22.694347 17
-42.829086 -738.076355 3.587743 17
-48.288288 -742.425781 24.995901 17
-42.261951 -741.673462 12.192997 17
-47.818985 -744.823669 24.990166 17
-45.655434 -742.219238 13.833996 17
-42.355576 -738.671753 1.533396 17
-44.313038 -739.300903 -0.295696 17
-43.182793 -737.420532 4.394222 17
-42.280884 -738.450623 -1.168283 17
-47.530785 -740.360596 22.854126 17
-45.743996 -745.854797 23.527901 17
-42.922810 -739.709045 4.999737 17
-42.791332 -739.488098 -0.961263 17
-45.684700 -741.528564 11.504527 17
-47.918339 -740.838074 18.604099 17
-42.487328 -741.884338 13.164071 17
-41.906841 -741.642639 13.545074 17
-45.094177 -737.388794 11.008137 17
-44.291496 -737.374939 -2.265290 17
-43.476852 -739.609924 9.723179 17
-45.955139 -738.258179 10.766311 17
-44.767921 -741.157288 10.420468 17
-47.083160 -738.368530 16.734808 17
-47.836147 -742.576782 25.814184 17
-47.683739 -739.439575 19.239721 17
-45.181351 -737.563293 8.564416 17
-45.593891 -737.703186 10.178343 17
-43.568821 -739.981384 22.125345 17
-47.004227 -738.740051 21.036402 17
-45.144459 -740.364685 7.604527 17
-42.598446 -738.705811 5.865544 17
-42.976429 -738.806152 7.177284 17
-48.546520 -742.024048 22.170366 17
-43.541275 -737.005371 -1.422013 17
-42.236965 -738.983582 7.295822 17
-45.480896 -737.913269 9.148692 17
-46.189659 -741.844482 14.274721 17
-47.862911 -741.000244 22.087715 17
-42.934971 -737.860352 1.979389 17
-42.544353 -738.254272 4.904492 17
-47.504723 -744.854492 23.264807 17
-47.106220 -738.503113 19.353657 17
-48.280228 -742.513794 24.121159 17
-47.393845 -743.880127 26.780968 17
-44.649345 -745.143311 23.821644 17
-44.974812 -745.590271 22.996817 17
-43.216587 -737.882812 5.254476 17
-45.222916 -741.007263 9.301643 17
-45.244354 -738.407043 6.005140 17
-44.458332 -742.944580 13.860876 17
-44.162609 -739.202393 -1.324118 17
-45.951271 -745.818420 23.061752 17
-47.015060 -741.056458 24.548344 17
-45.446075 -740.261719 9.554230 17
-43.299927 -738.270813 11.252955 17
-44.755409 -737.347839 9.701913 17
-41.738327 -739.592041 8.743440 17
-43.516872 -739.415466 21.743526 17
-47.223141 -742.255432 17.507973 17
-46.661037 -738.178040 14.429787 17
-42.592327 -742.709045 13.767613 17
-46.152584 -742.426453 14.616709 17
-47.106258 -738.331238 16.031668 17
-45.850513 -744.239990 18.961674 17
-43.448872 -739.857788 21.578310 17
-43.181797 -739.146301 18.914936 17
-46.215267 -737.522095 16.502510 17
-43.315117 -739.577515 15.445249 17
-47.700233 -745.083801 24.521666 17
-43.515430 -744.343689 19.371403 17
-41.831905 -740.454895 10.424350 17
-46.397251 -742.373474 15.754667 17
-44.314381 -737.389160 5.524091 17
-45.344738 -745.818237 24.205212 17
-44.991722 -737.248047 12.289966 17
-43.976780 -744.906982 19.637207 17
-44.433537 -739.228516 14.541216 17
-47.725822 -739.440918 15.684280 17
-45.702526 -744.368225 19.402210 17
-43.343468 -742.515503 12.894501 17
-46.202797 -737.942444 12.859768 17
-46.192822 -743.440186 17.907902 17
-43.886482 -737.182434 7.852607 17
-48.159077 -742.017578 23.727953 17
-48.155258 -741.407043 22.499834 17
-48.229828 -744.187439 25.091852 17
-43.262398 -739.070923 0.645588 17
-42.538807 -738.779846 -1.855758 17
-42.366070 -738.322937 2.218760 17
-47.589825 -739.773010 21.169674 17
-41.836323 -741.858459 15.170649 17
-43.196178 -738.841309 15.909333 17
-44.409672 -737.995117 3.182218 17
-41.844715 -740.001099 9.658628 17
-47.837872 -744.145508 23.306341 17
-45.921436 -737.090698 15.619728 17
-43.262665 -740.095337 5.959800 17
-44.992065 -737.539856 7.869795 17
-43.709187 -739.714050 14.271031 17
-45.731747 -744.784302 20.282938 17
-46.653599 -742.778137 17.269497 17
-44.432636 -739.501709 0.409015 17
-43.084709 -741.409485 10.257658 17
-47.816509 -739.489441 17.003187 17
-45.409470 -738.571289 7.204204 17
-43.309898 -743.250488 15.009524 17
-41.303745 -740.320007 10.914277 17
-47.556297 -739.171082 14.990136 17
-43.041016 -739.073730 0.209247 17
-44.788391 -738.132019 4.187699 17
-44.066216 -739.133301 12.114499 17
-45.437622 -741.215942 10.225265 17
-45.437855 -744.777039 19.334723 17
-44.101837 -737.154236 -0.284678 17
-48.246059 -740.359863 18.819399 17
-43.004841 -742.865906 14.286694 17
-45.156582 -743.143860 15.325179 17
-46.625404 -737.807983 17.113451 17
-46.977154 -739.397461 13.417745 17
-43.443748 -739.390015 3.028330 17
-44.335693 -738.253601 -1.615402 17
-45.365402 -740.996216 10.669847 17
-42.578960 -738.569702 0.659400 17
-45.641312 -739.648376 9.463855 17
-45.685543 -740.413696 10.482628 17
-43.404282 -744.100098 21.459805 17
-42.349190 -738.296448 3.333631 17
-44.847733 -738.635498 0.949925 17
-44.938438 -742.782715 14.575364 17
-42.299416 -739.690063 6.855080 17
-43.333546 -739.581543 4.048827 17
-47.105511 -739.560364 21.681591 17
-43.633732 -738.219177 10.173128 17
-41.601986 -740.518860 12.235281 17
-42.849316 -742.294434 12.744934 17
-42.600197 -737.843811 3.266221 17
-42.971832 -743.727600 18.093353 17
-45.502468 -743.364746 15.841850 17
-44.148193 -739.589111 0.940880 17
-43.576481 -744.552429 18.588327 17
-44.362179 -738.702332 -0.813849 17
-47.093517 -740.153137 23.396189 17
-42.159256 -739.005798 6.465979 17
-46.208843 -744.944946 21.522833 17
-46.996635 -743.733337 19.504257 17
-46.008686 -741.653564 13.485708 17
-43.409985 -737.345093 4.895478 17
-46.943592 -738.839966 20.609657 17
-45.994099 -746.014221 24.771578 17
-43.269547 -738.242493 10.671116 17
-43.126774 -740.220154 6.420194 17
-42.992603 -743.963196 20.303370 17
-43.752144 -739.245361 18.959452 17
-41.464470 -741.304565 13.420264 17
-47.708820 -740.387390 16.898146 17
-46.715424 -741.017334 14.462966 17
-43.415123 -736.800171 2.978986 17
-42.826698 -743.838867 18.836155 17
-42.917675 -743.408875 15.742510 17
-43.171383 -739.163574 12.781142 17
-44.779247 -739.679688 4.428999 17
-44.293175 -739.727478 20.658287 17
-44.145058 -740.319885 21.354445 17
-48.279968 -744.074524 26.281754 17
-42.357105 -738.900513 -0.814704 17
-48.161186 -740.141418 18.261299 17
-48.471340 -742.155273 23.406338 17
-41.966057 -741.933411 16.048613 17
-42.719036 -739.436279 -1.435133 17
-42.639957 -737.866638 2.607090 17
-45.217285 -745.338196 25.441872 17
-46.640499 -740.031555 23.138340 17
-45.067806 -744.545105 18.284557 17
-42.426052 -738.072693 -0.253939 17
-43.207195 -739.200195 9.084013 17
-42.026539 -739.337646 7.565057 17
-44.781593 -739.425598 20.113987 17
-47.413963 -738.825195 15.984448 17
-44.240845 -745.096375 20.571947 17
-46.827827 -741.775452 15.580479 17
-45.606674 -737.593933 12.256077 17
-44.448238 -740.772034 23.156290 17
-46.380886 -746.176147 25.590508 17
-42.038280 -742.470642 16.434439 17
-42.366779 -738.333313 2.661504 17
-46.549473 -743.116394 17.847565 17
-45.105091 -738.465759 6.511458 17
-43.229290 -739.543213 18.787329 17
-43.861187 -737.185486 8.317808 17
-47.769108 -743.004272 20.382080 17
-44.725399 -738.591370 3.524651 17
-43.855175 -738.934570 11.361412 17
-42.539303 -738.359619 3.742961 17
-44.133419 -740.798157 8.386398 17
-45.236622 -741.584656 12.022695 17
-47.276978 -742.576233 25.757862 17
-44.507668 -738.678284 0.174354 17
-42.870853 -737.174255 3.672422 17
-47.834431 -744.236389 24.531019 17
-45.953037 -746.019653 25.212469 17
-44.165455 -737.461060 4.659355 17
-48.183865 -742.018494 24.809137 17
-47.015366 -738.304077 17.557474 17
-43.332390 -738.354004 11.940358 17
-46.931820 -738.446838 14.196054 17
-47.791786 -744.627258 24.140688 17
-43.473145 -743.138550 14.437670 17
-46.592262 -737.976929 16.170996 17
-42.868366 -739.093506 16.757448 17
-48.070694 -744.067322 23.869026 17
-41.940929 -739.580688 8.309345 17
-47.920506 -745.799438 27.407684 17
-48.249340 -742.525574 21.821972 17
-43.483913 -739.824707 16.768845 17
-45.599262 -745.678162 22.419487 17
-47.936916 -743.166748 21.261570 17
-46.962215 -743.477295 18.917648 17
-46.503380 -738.572266 12.415164 17
-43.380108 -740.850098 8.417681 17
-44.324444 -742.089905 12.415035 17
-41.819176 -739.844177 10.166222 17
-44.401779 -738.295105 1.303039 17
-44.093166 -737.253601 0.824151 17
-44.994987 -740.762024 8.045753 17
-43.995682 -739.341431 15.178250 17
-47.260094 -740.498596 23.932734 17
-41.414360 -741.646179 14.148034 17
-42.664696 -739.247131 -0.414334 17
-46.588673 -744.679321 21.094925 17
-44.229816 -740.121399 19.048515 17
-42.050365 -741.276123 11.385721 17
-45.331989 -739.301147 7.583856 17
-46.581135 -740.578674 13.114216 17
-42.753773 -740.082397 6.620680 17
-44.365772 -737.923889 2.583464 17
-47.175674 -739.226440 14.148204 17
-42.856754 -738.947632 -1.695015 17
-43.178566 -738.511841 13.643500 17
-44.295769 -737.221985 11.881798 17
-45.934326 -739.554932 10.441431 17
-42.650036 -738.289246 1.430641 17
-44.195217 -739.152771 13.199299 17
-44.306015 -737.105225 7.912166 17
-43.766243 -739.159668 18.089790 17
-46.236397 -738.223389 11.503633 17
-42.969040 -738.895996 6.783768 17
-47.024525 -745.320129 27.343922 17
-43.671097 -738.318604 10.905895 17
-42.693302 -737.906677 5.511083 17
-42.456749 -740.240967 7.853324 17
-47.862164 -740.064758 20.487713 17
-48.254829 -743.118530 23.209042 17
-42.420872 -742.766479 18.341726 17
-42.231285 -742.775391 17.421469 17
-44.381886 -742.276733 12.872953 17
-48.198727 -742.332581 21.390720 17
-47.364243 -741.702637 17.352154 17
-43.845833 -740.316833 22.245075 17
-46.431953 -744.512451 20.412611 17
-43.867901 -737.333252 3.812328 17
-44.672134 -737.336731 8.351766 17
-44.095581 -736.937439 -0.796272 17
-44.815292 -745.311890 21.264053 17
-46.693645 -740.174927 12.963277 17
-43.267174 -739.165527 18.054668 17
-43.192413 -738.437683 12.432634 17
-44.929741 -739.403503 5.108671 17
-46.262138 -738.988342 11.391395 17
-42.269398 -738.496399 5.626993 17
-45.932140 -744.967285 21.223196 17
-45.897320 -740.560791 11.154218 17
-43.391506 -738.909668 16.517521 17
-43.577007 -738.791870 17.554190 17
-48.160275 -740.355896 19.722942 17
-42.589840 -741.391113 10.855196 17
-48.067066 -742.481506 25.479126 17
-43.172703 -739.788757 16.511600 17
-45.788609 -738.755005 9.635412 17
-47.348896 -745.727112 25.753113 17
-48.143284 -741.359131 19.839077 17
-44.800449 -745.264404 23.210943 17
-44.362518 -740.172485 24.679672 17
-44.003593 -737.666199 1.012372 17
-43.424313 -737.558533 7.208996 17
-42.549622 -742.234314 14.295208 17
-45.443058 -739.009949 8.268073 17
-45.256500 -741.581238 11.494961 17
-45.290882 -738.138367 7.266657 17
-43.125061 -738.182434 6.972432 17
-42.719715 -741.622070 11.205191 17
-43.744091 -739.328430 -1.864970 17
-46.450100 -740.139526 12.346020 17
-45.994400 -744.340332 19.732264 17
-42.621246 -737.676147 5.843890 17
-43.826302 -737.343262 -1.391145 17
-44.049217 -737.418518 5.040225 17
-44.700264 -739.035645 2.794451 17
-44.138828 -737.029297 10.685238 17
-46.503521 -743.913879 19.247211 17
-46.947605 -739.880310 22.649012 17
-44.334579 -745.136353 22.833357 17
-45.540493 -745.356567 21.625668 17
-43.867878 -737.376099 -2.155171 17
-44.242409 -741.803589 11.056380 17
-43.361355 -739.409302 8.431919 17
-46.162750 -740.745789 11.955243 17
-42.682228 -740.214111 7.212338 17
-42.266903 -737.995422 0.898249 17
-44.559059 -741.703796 11.599428 17
-42.150791 -742.557617 15.693332 17
-44.835091 -739.137085 3.983697 17
-45.936195 -744.811218 26.192011 17
-46.912670 -745.045227 22.718735 17
-46.785248 -745.888428 26.594164 17
-44.398548 -738.204407 -0.163788 17
-47.713459 -742.006226 25.324167 17
-43.419292 -738.827759 18.475410 17
-45.540134 -737.085693 15.137522 17
-45.257355 -745.509277 22.081835 17
-47.047901 -741.117188 15.031770 17
-42.260986 -739.712402 5.424642 17
-42.898933 -737.390381 0.549284 17
-46.440346 -738.056274 18.974545 17
-47.859959 -743.463440 21.998810 17
-45.554523 -744.996338 25.675760 17
-46.263161 -745.329712 27.281057 17
-47.473320 -739.333374 20.491217 17
-46.998856 -745.284729 23.048729 17
-44.014767 -744.918030 23.223005 17
-47.184444 -739.871826 22.285522 17
-42.555119 -739.084839 -1.159720 17
-46.682678 -745.604858 23.239069 17
-45.941216 -738.146362 9.805856 17
-46.152485 -744.951294 26.716749 17
-44.799770 -737.245544 13.159373 17
-47.599483 -743.060791 20.045324 17
-46.740467 -740.931641 14.018367 17
-44.002979 -739.396606 -0.971780 17
-46.721500 -742.420105 16.263985 17
-47.053326 -740.144104 22.960501 17
-47.726555 -745.095947 27.410751 17
-44.865566 -737.257141 9.093423 17
-42.782936 -737.491821 2.330533 17
-46.292374 -738.085571 12.226892 17
-45.064545 -741.239502 10.929298 17
-43.963123 -737.630432 3.242791 17
-47.641563 -739.497803 20.097889 17
-47.195038 -743.640930 20.345385 17
-45.737907 -737.217773 14.432028 17
-42.323769 -740.939453 10.245140 17
-43.758957 -737.179443 9.714232 17
-43.275009 -739.373169 20.258974 17
-45.692924 -744.228760 18.580626 17
-42.028889 -741.100037 10.414390 17
-43.918797 -744.603943 19.295208 17
-43.508003 -737.128418 3.430200 17
-45.366459 -745.064880 20.589678 17
-45.371838 -745.719238 25.108837 17
-43.667377 -741.208435 8.860905 17
-42.252068 -740.487061 9.184781 17
-46.983566 -740.356934 14.162820 17
-44.656040 -739.320679 15.688108 17
-44.415791 -740.123474 18.388027 17
-41.977451 -739.997192 9.035117 17
-43.488171 -742.845337 13.687479 17
-47.504532 -741.991089 18.253349 17
-43.316738 -740.217163 21.277725 17
-42.600002 -737.797974 -1.357698 17
-42.932060 -744.027832 19.595772 17
-44.139595 -737.519348 2.138387 17
-48.283489 -741.748962 22.124218 17
-42.942085 -738.535400 9.398077 17
-43.411514 -737.810120 5.949160 17
-44.571915 -739.590149 3.099796 17
-44.485985 -739.889160 15.424623 17
-43.584099 -739.255310 -0.109596 17
-44.362392 -738.527222 -1.267438 17
-48.173519 -744.806274 26.243687 17
-47.933128 -743.497131 26.334023 17
-44.632862 -738.299133 0.423162 17
-44.749355 -744.053528 16.719570 17
-46.975586 -739.040955 13.735173 17
-44.347275 -743.093201 14.263127 17
-42.261169 -739.878296 7.186463 17
-46.251076 -740.277283 11.705957 17
-45.146187 -744.484558 25.261093 17
-42.592010 -738.776123 6.306553 17
-43.128353 -737.778442 3.627580 17
-45.576641 -738.266602 8.966189 17
-46.706520 -744.243774 20.415070 17
-46.886791 -738.669067 13.192381 17
-46.417931 -741.370239 13.848948 17
-43.465961 -737.181885 1.684156 17
-47.203072 -738.894409 19.990282 17
-43.601307 -736.759827 0.513855 17
-46.051716 -737.364807 17.188421 17
-43.999153 -743.943787 22.868788 17
-45.076897 -740.511719 8.990953 17
-47.609318 -739.351074 16.450085 17
-43.487545 -736.688660 1.530829 17
-46.315109 -746.002563 24.074999 17
-46.368118 -739.518005 11.789597 17
-44.665123 -738.249146 -1.804523 17
-46.816444 -744.762451 21.993694 17
-47.324234 -740.160400 15.422577 17
-47.649055 -745.309021 26.983240 17
-42.938675 -737.301819 -0.633579 17
-48.074921 -741.142334 19.372818 17
-41.479446 -741.815735 14.588460 17
-44.384174 -737.834900 0.465877 17
-43.042133 -737.722351 0.758836 17
-43.495106 -739.582031 22.096308 17
-45.100178 -737.156799 9.896679 17
-43.390770 -739.938232 22.933710 17
-42.382996 -739.208740 0.393199 17
-47.965118 -744.628967 25.555220 17
-43.228764 -740.108215 20.340679 17
-45.007160 -738.191162 5.365366 17
-44.373611 -744.430420 17.823032 17
-44.804108 -738.534241 2.909858 17
-45.430386 -740.411743 8.853244 17
-43.358406 -741.603271 10.755063 17
-46.365185 -737.825867 18.335123 17
-43.044044 -739.234741 3.044408 17
-48.530434 -743.208923 24.834507 17
-47.069485 -740.413513 14.764098 17
-46.909725 -744.114502 20.785318 17
-43.308086 -737.371399 -0.288969 17
-45.113064 -741.004639 10.290509 17
-43.088135 -738.890564 11.486231 17
-43.043968 -740.683105 8.050272 17
-41.721081 -741.046387 12.529554 17
-44.393475 -737.311340 7.457233 17
-44.553501 -744.718933 24.798901 17
-46.015064 -737.560730 14.652685 17
-45.168427 -745.668884 23.296146 17
-44.469250 -737.890442 0.044310 17
-43.111660 -738.347717 8.625108 17
-42.218838 -740.256165 8.462243 17
-43.013386 -739.596985 -1.608271 17
-43.527153 -737.202881 5.235443 17
-44.979156 -737.900330 6.030326 17
-43.134537 -739.069092 1.593878 17
-46.361248 -740.737915 12.476140 17
-44.921478 -740.033936 21.996508 17
-48.013226 -740.650452 22.035973 17
-44.452919 -738.915955 0.558323 17
-46.456509 -745.031067 22.013893 17
-45.995247 -744.849915 20.807882 17
-42.239624 -739.032532 7.693260 17
-43.666393 -739.817688 4.786319 17
-46.634277 -745.320618 22.456804 17
-44.222538 -737.633545 1.599366 17
-46.590782 -738.030334 14.819915 17
-43.134056 -739.697632 21.179079 17
-42.158710 -738.064209 -1.904481 17
-46.874043 -744.572937 21.672182 17
-43.913010 -740.138855 20.295483 17
-44.127739 -737.089417 9.222296 17
-42.443542 -738.904907 3.291784 17
-43.603218 -744.536438 21.946953 17
-43.485779 -740.136658 18.526999 17
-43.488811 -740.193298 20.031351 17
-44.823601 -739.468201 15.106462 17
-42.728451 -738.737427 1.746047 17
-42.532635 -739.021545 0.742677 17
-47.940327 -741.043701 23.281126 17
-46.399826 -743.009644 16.538528 17
-47.168255 -743.140686 19.014992 17
-43.285885 -743.355408 15.429328 17
-44.443409 -739.789551 2.737485 17
-43.339062 -739.514771 10.412783 17
-48.296448 -742.622559 23.745115 17
-45.182751 -745.427673 21.718216 17
-43.379608 -739.437988 11.203369 17
-41.907982 -741.427673 14.073512 17
-43.464523 -738.406433 14.512663 17
-48.322720 -742.043457 22.855927 17
-44.472813 -743.451782 15.006881 17
-47.058586 -738.574036 14.940907 17
-45.177616 -740.781006 9.766669 17
-43.351524 -744.177673 18.086252 17
-47.733829 -739.484558 18.451738 17
-43.009647 -738.392334 10.447047 17
-43.734005 -740.402771 6.930092 17
-47.173141 -741.444702 15.831714 17
-44.506950 -737.266479 10.456525 17
-48.479435 -743.347168 23.955158 17
-43.230373 -738.070618 8.375521 17
-43.603378 -737.340698 6.325956 17
-45.521980 -745.233948 21.165094 17
-42.569630 -742.987427 16.209522 17
-47.868027 -743.784058 23.180750 17
-42.831329 -738.910522 15.338520 17
-46.370502 -744.170471 19.716633 17
-47.296120 -744.203796 27.350832 17
-42.595207 -739.065002 7.032717 17
-46.942924 -745.379578 23.774010 17
-42.711224 -739.225220 1.463530 17
-43.168961 -739.218811 19.470739 17
-47.207760 -739.005188 20.346529 17
-44.496853 -739.947754 16.203085 17
-45.252064 -737.294128 13.018422 17
-47.591370 -745.260803 25.282551 17
-46.061451 -738.793823 10.683496 17
-43.473904 -738.678833 16.828369 17
-43.859352 -742.867615 13.416572 17
-42.750099 -738.817688 -0.870940 17
-44.898510 -737.270691 6.850552 17
-43.529072 -739.026489 19.821405 17
-47.763008 -739.835083 20.842211 17
-44.782524 -743.570496 15.625749 17
-47.838654 -744.282410 27.069160 17
-44.348976 -745.232422 20.895828 17
-42.023361 -741.633545 12.657240 17
-43.888077 -744.749084 22.099907 17
-44.725491 -741.785217 11.985565 17
-48.346901 -743.790955 24.429869 17
-44.373642 -738.915466 -1.918244 17
-43.309052 -737.450745 5.730351 17
-45.059425 -745.076416 25.127298 17
-43.131420 -739.224854 12.179407 17
-47.214916 -739.239746 21.058855 17
-47.075611 -741.615112 25.243116 17
-47.933510 -740.808533 22.718363 17
-43.076508 -739.152161 2.381217 17
-45.574234 -743.108154 15.588750 17
-44.809460 -738.313354 4.826728 17
-46.769772 -743.530762 19.277197 17
-44.476139 -739.295959 1.449928 17
-45.288586 -742.788574 15.014597 17
-44.546242 -739.917358 3.692391 17
-43.152412 -739.226196 7.388061 17
-42.817135 -743.042419 15.709348 17
-47.197708 -743.355225 19.628036 17
-41.961468 -741.217163 12.090407 17
-44.006363 -736.897034 -1.898077 17
-45.672974 -745.909668 23.888472 17
-43.363453 -739.847595 22.390265 17
-44.682053 -740.099670 5.191591 17
-41.465614 -740.662781 11.645383 17
-42.121246 -740.902893 9.726113 17
-44.872398 -738.715942 1.631939 17
-44.017086 -744.816223 20.546940 17
-42.945080 -738.481995 8.296666 17
-46.187672 -742.768433 16.159706 17
-47.883244 -744.408020 24.850748 17
-43.498714 -737.373779 4.178984 17
-44.241283 -744.395447 23.803354 17
-45.835052 -743.954163 17.561844 17
-43.476791 -737.690491 5.473349 17
-42.546875 -738.587524 -1.543931 17
-44.759399 -740.294556 6.430846 17
-45.891674 -737.247314 16.344255 17
-48.100700 -743.178528 21.998100 17
-44.690746 -741.967957 12.375372 17
-43.270119 -741.326782 9.903953 17
-42.375481 -740.926331 9.029225 17
-45.792542 -739.933289 10.073606 17
-43.911957 -739.362915 15.646379 17
-44.654831 -741.204041 10.091370 17
-47.698204 -742.456299 19.242235 17
-42.769978 -742.852600 14.823425 17
-44.138512 -739.443726 1.369525 17
-46.599518 -745.702454 27.093327 17
-45.428421 -738.595642 8.359493 17
-44.939049 -737.512390 7.186508 17
-43.574780 -742.197571 12.103750 17
-46.976738 -741.942200 16.243965 17
-45.331955 -737.941223 8.464409 17
-44.037197 -737.179993 11.247932 17
-42.580040 -738.652771 -0.421525 17
-47.357338 -738.800842 19.240810 17
-43.138329 -739.287781 17.052406 17
-42.479046 -740.611389 8.851512 17
-42.516529 -743.709412 19.867323 17
-43.666267 -737.116577 2.653551 17
-46.977531 -746.195007 26.186562 17
-47.180164 -742.927490 26.090971 17
-44.637196 -740.902771 9.605261 17
-42.589706 -738.626770 0.297863 17
-43.875954 -737.299744 -0.687133 17
-44.493652 -737.211731 11.574294 17
-43.111294 -739.092163 13.194733 17
-45.421074 -741.407715 11.740353 17
-45.351749 -739.611816 7.806389 17
-48.055180 -740.976501 20.045546 17
-42.932453 -738.702942 7.754502 17
-44.803738 -740.616516 8.697666 17
-47.819153 -744.719727 26.769337 17
-47.057743 -742.184998 16.853495 17
-47.440315 -741.359009 25.063959 17
-44.177280 -740.201660 19.795641 17
-43.123970 -739.779541 16.944380 17
-46.203323 -741.522949 13.202116 17
-42.079659 -739.703186 7.618910 17
-47.770561 -745.111206 26.710276 17
-43.080475 -738.966919 14.564469 17
-47.666447 -744.304810 22.772638 17
-46.543816 -739.334229 21.408527 17
-44.441307 -739.160950 13.920884 17
-44.454540 -737.316528 8.654314 17
-45.583706 -745.707031 22.797859 17
-42.645573 -743.524414 18.119070 17
-42.588177 -743.353943 18.620398 17
-43.555561 -739.940674 19.784042 17
-47.829205 -740.431763 17.613791 17
-46.702423 -737.854126 18.786114 17
-48.085171 -743.247009 22.877666 17
-43.527431 -737.326904 8.302552 17
-47.350815 -742.101318 25.351358 17
-43.064461 -742.150146 12.213349 17
-47.978256 -742.998657 20.937357 17
-47.173462 -740.067871 14.817016 17
-44.915081 -737.960876 6.544971 17
-43.052872 -738.874512 11.993680 17
-44.326199 -737.939270 1.037956 17
-43.136242 -739.832520 17.518066 17
-43.731758 -739.374268 21.422445 17
-44.387497 -737.621521 -0.632306 17
-45.096394 -737.194458 8.606334 17
-43.430359 -739.513855 11.787008 17
-46.420300 -745.813110 23.582102 17
-43.196754 -737.096252 5.513912 17
-44.694607 -745.051514 24.498304 17
-46.653080 -739.028625 12.589346 17
-44.441113 -740.598755 24.137196 17
-41.637135 -740.788635 12.993383 17
-43.990456 -737.299194 9.482649 17
-46.412769 -740.728516 13.391020 17
-44.803867 -745.383301 24.806969 17
-42.697056 -743.675842 19.170097 17
-47.432419 -739.522522 14.952280 17
-42.581581 -743.185059 16.973700 17
-47.772018 -745.384399 26.247385 17
-45.358696 -738.956055 7.679408 17
-47.410717 -740.990417 16.792133 17
-43.075237 -737.675171 -0.129417 17
-43.876354 -739.671753 23.976990 17
-47.159973 -745.123352 23.322748 17
-44.061672 -737.541138 2.648911 17
-43.256001 -736.946533 4.060729 17
-43.295338 -737.507202 -1.532196 17
-45.652748 -743.782166 16.940750 17
-45.464279 -744.800110 19.932247 17
-46.744968 -738.089233 15.456437 17
-45.087219 -737.074280 12.000981 17
-47.508339 -742.567322 18.968901 17
-42.635921 -743.157715 17.396906 17
-42.086926 -742.567322 16.053749 17
-47.292133 -743.108582 19.392284 17
-43.380299 -737.126282 -1.059254 17
-47.431355 -744.663635 22.852247 17
-45.077126 -739.485291 6.473101 17
-44.070183 -737.241516 0.479259 17
-43.577385 -739.870850 14.913443 17
-44.880531 -742.245972 12.972573 17
-47.842449 -740.914551 17.952881 17
-44.606491 -737.777161 5.182755 17
-41.712048 -739.408813 9.455530 17
-42.679039 -738.249451 3.302341 17
-44.554195 -740.561462 7.280007 17
-47.283646 -742.605103 18.331461 17
-45.565853 -740.810852 9.865206 17
-43.175819 -739.134705 10.313107 17
-45.345222 -737.511169 10.367702 17
-47.814957 -740.041870 17.545776 17
-43.754166 -743.570007 15.490822 17
-44.131626 -739.730591 21.894053 17
-47.380238 -745.520203 24.895432 17
-46.566467 -743.154114 17.377043 17
-44.161480 -737.834778 0.199194 17
-46.466721 -742.389160 15.281401 17
-43.399315 -739.236816 1.839373 17
-48.176338 -744.225769 26.601255 17
-41.906994 -742.007385 14.679272 17
-41.574657 -740.209351 10.521014 17
-42.099499 -739.507080 8.964652 17
-48.363960 -741.065796 20.498495 17
-45.828598 -743.102112 16.240135 17
-45.517956 -739.897705 8.966924 17
-46.953022 -738.229736 18.217760 17
-47.025394 -742.855042 18.473591 17
-43.900131 -737.407776 10.187535 17
-45.640980 -737.841980 9.477312 17
-44.859390 -739.417419 14.366611 17
-45.645916 -737.331726 14.120689 17
-44.835407 -738.647095 4.337025 17
-48.339878 -742.197632 22.437418 17
-46.681072 -738.244019 19.722469 17
-44.220276 -737.598511 -2.014448 17
-46.059765 -739.164124 10.765194 17
-47.439949 -741.537109 17.694553 17
-42.551250 -739.853943 6.423559 17
-42.992756 -738.645386 12.658666 17
-42.530766 -743.090942 19.020323 17
-45.975803 -741.781128 12.718494 17
-44.504688 -745.272949 21.950808 17
-47.258030 -740.833557 16.086279 17
-43.199760 -738.212830 9.561567 17
-47.727707 -739.945618 16.527744 17
-42.976040 -738.869385 8.567513 17
-44.551033 -738.625061 1.354679 17
-46.445381 -738.182129 12.912106 17
-43.103016 -739.100525 14.908934 17
-42.382217 -743.485962 18.930559 17
-47.747417 -741.726074 19.418047 17
-41.630947 -739.890137 10.698753 17
-43.766174 -739.263855 -0.755160 17
-43.152367 -737.489563 2.975908 17
-47.332226 -745.143250 23.927858 17
-44.739666 -744.897949 19.030815 17
-42.554081 -742.125610 12.895844 17
-41.821571 -739.200317 8.347489 17
-45.481510 -741.904663 13.149874 17
-43.622093 -739.468018 2.757446 17
-44.309036 -737.299194 9.837241 17
-44.569607 -740.595703 7.707553 17
-43.789036 -740.145325 23.611908 17
-42.843124 -738.280273 11.676081 17
-46.168350 -739.566589 11.149235 17
-47.388485 -743.471558 26.374306 17
-47.623528 -739.612610 16.161646 17
-42.296066 -741.834412 11.891056 17
-42.474361 -738.009155 -0.648053 17
-42.327381 -737.925354 4.019173 17
-43.667522 -738.687317 12.532344 17
-41.853817 -741.131409 13.435658 17
-45.687256 -745.164673 26.655811 17
-47.951405 -740.692078 20.417549 17
-47.577965 -743.868103 21.577404 17
-43.505459 -739.705811 16.155787 17
-47.447548 -739.725037 21.557671 17
-47.875816 -744.918091 25.736269 17
-44.185673 -740.605286 23.315050 17
-42.374779 -742.572083 15.279257 17
-42.749409 -738.133301 -1.484630 17
-42.863007 -738.097839 5.782720 17
-43.769302 -739.169983 20.641569 17
-46.242702 -746.001831 26.052303 17
-42.861050 -738.065613 -1.977643 17
-45.306198 -740.179260 8.279119 17
-43.061428 -740.467102 7.402046 17
-45.079296 -740.685364 8.366342 17
-44.349220 -737.479431 -1.076606 17
-41.871983 -742.113770 15.778601 17
-42.941853 -739.519592 4.348655 17
-43.737362 -740.212891 21.923052 17
-47.187336 -744.489075 21.563141 17
-42.436172 -738.034851 0.363112 17
-47.397179 -743.319031 20.016684 17
-42.840271 -737.306213 3.361799 17
-47.660126 -744.236511 23.662006 17
-43.221527 -739.493286 18.266054 17
-46.753826 -737.941895 19.368591 17
-45.105007 -741.193176 10.006157 17
-43.031361 -739.481750 19.645844 17
-47.378994 -740.579346 16.282413 17
-48.142853 -740.702698 21.358639 17
-45.957874 -741.942688 13.969495 17
-45.727863 -740.720398 10.342259 17
-43.864201 -739.747498 22.643530 17
-42.767643 -738.968323 16.073477 17
-42.883301 -738.956543 -1.322224 17
-44.524914 -737.665405 4.659020 17
-42.808502 -739.058472 3.316420 17
-43.462650 -739.786377 12.437741 17
-44.200554 -736.958069 -1.645385 17
-43.435795 -739.659912 20.996670 17
-44.555618 -740.095276 16.896591 17
-43.085766 -738.767334 15.517257 17
-45.002087 -737.152954 14.237999 17
-46.371727 -738.960266 11.726064 17
-44.194809 -739.433655 16.262337 17
-43.644604 -736.948181 2.232790 17
-45.466850 -737.038513 13.972095 17
-42.922127 -738.402527 6.441631 17
-43.927090 -737.476013 1.528735 17
-45.398022 -737.496948 11.972778 17
-45.566132 -738.789490 8.934925 17
-44.293377 -736.897217 12.019854 17
-47.516365 -743.547180 20.950264 17
-46.834743 -742.877380 17.875952 17
-48.356674 -742.899719 23.917246 17
-46.788486 -738.462402 20.321012 17
-48.624790 -743.203552 24.513742 17
-46.718460 -738.220825 15.142349 17
-42.444622 -738.885315 0.094896 17
-43.287628 -741.924011 11.548655 17
-44.476807 -737.371216 6.235620 17
-47.548523 -740.650940 16.715250 17
-42.365166 -742.163086 12.462743 17
-43.925259 -740.277161 24.160179 17
-43.110813 -739.148865 8.181899 17
-44.838707 -737.893921 5.388669 17
-45.008976 -740.207214 8.082002 17
-42.940491 -740.861389 8.724173 17
-48.078224 -743.782349 23.684963 17
-43.315746 -736.960083 2.625969 17
-45.676796 -737.661926 11.465210 17
-42.729805 -742.480591 13.548460 17
-45.275173 -740.389282 9.243153 17
-46.393944 -741.533630 14.154428 17
-46.391602 -737.497437 18.010494 17
-43.968094 -744.311707 23.172619 17
-48.295471 -741.619507 20.609085 17
-45.147800 -738.487183 5.478258 17
-46.481678 -738.828552 12.124080 17
-42.959156 -738.638245 5.849161 17
-44.966091 -738.814514 5.488607 17
-42.167419 -738.671387 6.491681 17
-42.822136 -737.673462 3.796639 17
-46.078667 -737.620972 17.738857 17
-44.511395 -738.546082 0.916811 17
-42.844807 -737.411011 2.652203 17
-47.395092 -738.911438 18.851852 17
-45.982868 -739.897461 10.854074 17
-43.276558 -739.231506 -1.161863 17
-43.682808 -737.266602 7.553210 17
-43.966354 -739.818481 15.191875 17
-45.076714 -744.910034 19.995289 17
-42.306396 -738.340576 -0.434262 17
-45.848911 -737.988342 10.083432 17
-46.114708 -738.559082 10.935353 17
-47.335384 -743.814758 21.062628 17
-43.021870 -738.736511 13.281521 17
-46.523903 -741.759949 14.760783 17
-45.230446 -741.714050 12.358969 17
-47.291042 -744.549072 22.216700 17
-47.756142 -743.275696 26.508829 17
-47.257828 -738.647156 18.674049 17
-42.501549 -742.020447 13.649785 17
-43.101925 -739.363098 17.580204 17
-43.702362 -736.736572 1.193361 17
-48.626228 -742.585510 23.821526 17
-46.919781 -739.377380 22.144640 17
-46.835213 -745.641541 24.071306 17
-47.792068 -742.373657 19.745127 17
-47.643353 -744.749939 27.381170 17
-44.668266 -738.775574 2.313395 17
-43.580524 -737.238586 1.294524 17
-48.069759 -743.071350 22.562868 17
-43.159908 -738.542053 14.681718 17
-44.493397 -738.063599 -0.551440 17
-42.522148 -739.119446 2.551151 17
-43.894165 -741.959961 11.141570 17
-42.665802 -738.298218 -0.160874 17
-42.547466 -738.440430 4.265471 17
-45.316303 -742.961609 14.553719 17
-43.825642 -740.664185 7.800524 17
-46.897255 -738.290649 18.720810 17
-42.101261 -743.274292 18.286707 17
-44.635746 -737.242798 11.117610 17
-45.069447 -740.926880 9.025483 17
-41.471157 -740.232178 11.212015 17
-47.322552 -740.488464 23.597174 17
-48.309540 -740.525269 19.210011 17
-44.263565 -737.893677 -1.496101 17
-43.667038 -739.419250 20.429575 17
-46.523884 -742.091553 15.026935 17
-43.323288 -737.913879 9.677815 17
-44.882648 -738.656921 4.874026 17
-44.370926 -741.390198 10.047139 17
-43.538158 -739.094482 17.859322 17
-44.224632 -740.441650 24.367861 17
-44.932491 -744.663879 24.931414 17
-46.953487 -738.396179 15.663989 17
-43.551075 -739.346863 19.680702 17
-44.900536 -740.143127 7.707162 17
-44.160080 -737.238220 1.500274 17
-44.140675 -737.316711 0.034912 17
-43.194466 -739.012268 17.213675 17
-45.708900 -741.335388 11.149629 17
-44.996887 -742.607727 14.232224 17
-45.084976 -737.463196 9.249676 17
-47.103237 -744.210083 21.300165 17
-42.323551 -741.276001 10.226546 17
-46.911465 -740.333252 23.632034 17
-47.318451 -741.756104 16.821335 17
-46.288086 -737.991638 13.795375 17
-44.804123 -739.351074 4.252111 17
-41.835087 -740.263672 11.218796 17
-43.876793 -744.541931 22.639833 17
-43.890137 -740.410583 23.008078 17
-45.783501 -741.772217 13.264683 17
-45.279469 -738.240234 7.878870 17
-43.020466 -743.819519 20.649216 17
-44.585693 -741.658691 10.931870 17
-42.926334 -739.971680 5.899838 17
-46.729321 -739.869080 13.076027 17
-47.971413 -741.329773 19.017857 17
-47.486610 -739.034729 17.974270 17
-42.348366 -737.909058 5.284594 17
-44.846428 -741.696350 11.411336 17
-43.640076 -743.338989 14.885530 17
-47.906895 -741.414917 24.531652 17
-44.540798 -737.957947 -1.318960 17
-43.785248 -738.665405 10.949355 17
-41.839714 -739.935181 9.341585 17
-43.050228 -737.119507 1.272401 17
-43.178963 -739.461243 3.708210 17
-43.303471 -739.513062 12.820830 17
-44.894474 -739.918884 5.888344 17
-48.013199 -741.960510 20.620539 17
-47.169937 -738.978943 14.390378 17
-47.750698 -740.675293 21.692770 17
-43.515656 -740.243103 19.518288 17
-47.342464 -741.203796 16.498947 17
-44.678497 -739.568726 3.628381 17
-47.506840 -743.371521 20.685192 17
-43.895275 -739.573059 21.229160 17
-46.064083 -745.822205 23.503687 17
-47.316277 -741.284668 24.736061 17
-44.373554 -737.278198 9.503988 17
-48.113659 -742.385010 22.101742 17
-42.554062 -739.845520 5.540625 17
-46.400902 -745.092834 27.047470 17
-44.600021 -737.508484 5.824163 17
-47.032925 -738.937195 13.055506 17
-44.412453 -737.319702 6.924510 17
-47.746288 -740.631836 17.254622 17
-43.478146 -737.322083 4.518789 17
-47.147518 -743.909668 20.678051 17
-42.259693 -742.957642 15.922815 17
-45.512276 -741.006165 10.984866 17
-45.453995 -744.457764 25.915535 17
-45.321358 -740.569580 8.581811 17
-43.706425 -739.139709 16.256548 17
-42.122211 -740.960449 10.913147 17
-42.774178 -738.707153 14.177307 17
-45.993011 -738.482361 10.491407 17
-42.905575 -737.896301 -0.481965 17
-47.869789 -742.821228 26.031685 17
-46.466824 -744.778564 21.377220 17
-41.345139 -741.024048 12.747367 17
-44.057583 -737.557434 -0.908978 17
-43.652428 -740.054504 20.735476 17
-44.211456 -737.101868 6.352032 17
-45.706104 -744.555908 26.185333 17
-43.446114 -738.350525 11.536217 17
-46.431705 -740.025085 12.034435 17
-43.478542 -737.933289 8.974940 17
-43.485378 -737.137756 0.982926 17
-43.145947 -744.064087 18.936310 17
-44.285530 -739.398499 15.935508 17
-46.179249 -745.333679 26.731503 17
-42.397655 -739.515808 6.023239 17
-44.291771 -739.597839 2.520702 17
-43.221004 -743.921326 17.307510 17
-46.134121 -737.486450 15.866948 17
-44.121555 -740.587463 23.653820 17
-47.751324 -739.941162 17.196281 17
-44.154606 -739.580688 -0.738615 17
-45.080902 -738.159973 6.784683 17
-43.268467 -737.842407 6.597382 17
-44.522392 -738.025085 2.863246 17
-46.911224 -739.218994 21.590368 17
-43.678017 -737.290283 3.180936 17
-47.504429 -740.696045 24.270266 17
-42.706409 -739.209839 4.040813 17
-47.636906 -740.640869 23.341921 17
-43.666973 -739.110229 17.406425 17
-44.154247 -739.919495 16.519489 17
-45.241131 -739.098145 6.998161 17
-44.931892 -741.978760 12.688718 17
-43.467552 -739.187012 18.768890 17
-45.673466 -741.006226 10.575217 17
-43.897392 -739.528381 20.892405 17
-42.306622 -738.319580 1.089785 17
-48.584984 -743.727295 25.233294 17
-43.130173 -737.993713 6.084059 17
-47.159645 -738.615967 18.238220 17
-46.053608 -742.146790 14.471126 17
-43.034077 -738.436279 7.169901 17
-44.154427 -739.591431 20.225502 17
-43.230488 -739.255371 13.471095 17
-46.245224 -741.191956 13.184817 17
-42.348804 -738.959961 3.864326 17
-45.765808 -745.798035 25.721281 17
-48.354866 -743.921448 25.929350 17
-47.136192 -739.842529 14.474794 17
-42.770615 -738.130554 1.964688 17
-43.910831 -740.103394 19.616817 17
-45.268826 -740.144714 7.826554 17
-44.547287 -737.926514 3.587250 17
-44.419365 -738.404846 -0.422302 17
-43.379311 -739.152039 19.181429 17
-46.284519 -746.107971 24.871279 17
-46.118183 -740.270813 11.275242 17
-42.587788 -738.237427 -0.849495 17
-48.403801 -740.976624 20.064772 17
-46.007366 -742.585083 15.210217 17
-44.766335 -737.200317 12.600695 17
-44.011929 -740.063660 24.813942 17
-45.519329 -745.800293 24.627247 17
-45.872978 -737.540955 13.949945 17
-43.353840 -737.653076 5.076162 17
-47.583572 -745.578430 26.494858 17
-43.085030 -738.706543 16.351099 17
-44.790874 -738.813110 3.923870 17
-47.859985 -744.603394 27.160997 17
-48.324753 -741.656860 21.447266 17
-42.583042 -737.778076 1.382740 17
-44.895779 -744.374634 17.623714 17
-44.011032 -739.516174 22.946398 17
-47.003567 -739.736938 13.867993 17
-45.468613 -737.622070 9.824250 17
-44.176632 -737.307556 7.210217 17
-41.979645 -738.834167 7.180479 17
-46.805283 -739.180298 12.912538 17
-43.270760 -739.991272 5.632695 17
-44.612942 -738.703735 1.827531 17
-44.531227 -738.172607 1.934000 17
-43.642368 -740.962036 8.271592 17
-45.911747 -741.521973 12.058101 17
-48.002903 -741.060669 21.456072 17
-45.072857 -737.079956 11.248607 17
-42.814987 -743.325134 16.658440 17
-42.997860 -738.061890 5.425421 17
-48.229275 -740.589844 19.934557 17
-44.238556 -745.188354 21.762255 17
-45.574783 -740.491821 9.787911 17
-44.396404 -739.848328 4.377575 17
-41.883278 -741.396545 12.890380 17
-43.259602 -740.106323 20.684973 17
-42.457973 -740.370117 8.207822 17
-44.643230 -739.377197 15.356729 17
-43.405724 -739.755615 18.633244 17
-45.656002 -737.590088 10.661806 17
-43.866261 -739.287964 16.848223 17
-42.371464 -739.406189 4.487432 17
-43.431755 -737.962585 10.034575 17
-47.458508 -739.768982 15.432540 17
-42.362576 -739.265747 -0.549925 17
-44.530476 -739.380981 2.306751 17
-45.545067 -737.029541 14.821106 17
-42.992805 -737.452515 1.184668 17
-46.256649 -744.606689 20.790773 17
-47.207535 -738.606201 15.390085 17
-45.412525 -737.500671 11.647726 17
-47.621193 -745.475952 25.979067 17
-44.297318 -739.358948 0.112575 17
-47.581440 -740.993408 17.400167 17
-41.698776 -740.583069 11.151395 17
-48.022598 -741.336121 23.931843 17
-47.942509 -742.413147 20.230694 17
-48.033836 -742.660583 20.979994 17
-46.650101 -738.646973 11.886696 17
-43.421871 -739.939819 15.898637 17
-44.921055 -738.990234 4.560092 17
-47.507786 -742.881470 19.482466 17
-42.329998 -738.261963 1.567227 17
-43.002602 -742.415161 12.990853 17
-43.466480 -739.534546 9.336849 17
-43.788223 -740.382141 6.487236 17
-43.697079 -738.950378 12.805456 17
-44.081532 -737.632385 -0.562902 17
-46.471237 -745.560669 22.959213 17
-47.622917 -741.140930 24.900364 17
-44.767025 -743.129333 14.680527 17
-48.564850 -743.536133 24.886307 17
-43.105999 -738.395264 10.076803 17
-47.029282 -745.487793 24.299839 17
-45.361332 -737.759949 8.760077 17
-44.059021 -739.138367 12.801944 17
-43.930191 -740.055359 19.240021 17
-43.982189 -741.314209 9.669973 17
-43.148453 -738.964417 17.820604 17
-47.456985 -743.860107 27.094833 17
-42.332687 -738.434937 5.947020 17
-42.653793 -739.414124 4.914123 17
-43.257652 -743.625916 21.316107 17
-45.550701 -742.669189 14.883409 17
-44.107903 -744.977417 23.519436 17
-44.875801 -737.832947 5.725562 17
-44.354061 -742.092468 11.726889 17
-42.491741 -740.246460 7.484095 17
-43.755592 -743.230774 14.345060 17
-46.514828 -739.353088 12.253837 17
-46.371567 -742.706848 15.709925 17
-44.195389 -736.980469 10.007982 17
-42.901501 -737.992554 2.460104 17
-42.305763 -741.507690 10.900994 17
-43.986103 -737.057922 -2.196760 17
-45.958420 -745.068481 26.391396 17
-43.291882 -736.906738 3.483769 17
-43.231945 -738.562622 16.045006 17
-43.020164 -743.864319 18.541725 17
-42.924274 -737.899780 -1.108870 17
-45.016277 -745.760193 23.714314 17
-47.496719 -740.160156 15.927981 17
-46.756962 -738.678467 12.587675 17
-42.510914 -739.091919 4.564736 17
-44.245056 -740.312500 20.655838 17
-43.616135 -739.249329 0.975938 17
-42.770573 -742.696777 14.110226 17
-45.838696 -745.881958 26.171991 17
-43.124844 -738.237000 10.958847 17
-44.291344 -739.039856 -1.568364 17
-42.916039 -738.952209 2.201604 17
-48.526543 -744.331909 25.477936 17
-42.072563 -740.593079 8.650324 17
-44.159992 -744.990173 22.421947 17
-43.601665 -739.592834 13.914557 17
-42.518333 -738.120789 5.704497 17
-44.934895 -744.938538 19.460814 17
-41.493870 -741.500610 13.873183 17
-46.236832 -738.692078 11.313004 17
-43.937981 -737.220886 2.202302 17
-43.309879 -744.312866 19.722757 17
-43.257668 -739.434814 -0.762663 17
-47.987198 -744.388000 24.297384 17
-45.646519 -739.963440 9.408346 17
-43.599857 -738.809326 15.532107 17
-45.224396 -743.879761 17.335800 17
-43.143661 -738.205261 7.672649 17
-43.081196 -743.640869 16.795378 17
-45.744877 -737.708618 12.529560 17
-45.869545 -737.967224 10.857930 17
-42.998081 -737.461304 2.116992 17
-45.581223 -739.300659 8.793961 17
-43.849426 -736.837463 0.332255 17
-47.277111 -739.330627 14.490456 17
-46.864784 -738.117981 16.666283 17
-43.093842 -737.880127 4.019836 17
-43.321404 -744.476807 20.484312 17
-48.279137 -744.388672 25.930059 17
-44.811367 -737.257446 11.689106 17
-43.033283 -737.960999 4.730216 17
-47.594238 -742.019958 18.687170 17
-48.119999 -743.418152 26.000805 17
-43.336750 -737.819641 7.511471 17
-42.626492 -738.212830 5.273518 17
-44.582031 -745.330322 22.344316 17
-48.114792 -741.539673 23.591238 17
-42.672867 -737.834045 2.932591 17
-42.962559 -743.064270 15.014934 17
-48.264374 -740.650024 19.604198 17
-46.853989 -738.992798 20.879023 17
-48.304382 -743.040466 25.434464 17
-44.739300 -739.887329 4.676882 17
-44.719879 -740.336121 7.520420 17
-45.776905 -739.523621 9.721180 17
-48.436192 -742.608032 24.507898 17
-48.492844 -742.190491 24.115606 17
-48.231606 -740.797913 20.895012 17
-44.008503 -739.355286 -0.183191 17
-43.722054 -737.351379 5.020008 17
-44.460186 -738.114746 0.631724 17
-48.217522 -741.754761 24.195253 17
-45.805161 -737.016357 15.312401 17
-48.108261 -743.076111 25.832613 17
-42.998737 -739.045227 10.903643 17
-42.776970 -737.599487 1.566088 17
-42.807827 -737.170776 1.853869 17
-46.145260 -739.252808 11.075732 17
-42.982986 -739.376648 18.969742 17
-46.440430 -738.412598 11.715703 17
-45.012177 -737.170593 10.735348 17
-47.612995 -744.907410 23.732218 17