-47.650650 -741.702576 18.686914 17
-42.184422 -738.244629 -2.222083 17
-41.644531 -739.703186 9.134170 17
-47.576450 -746.023804 27.368561 17
-43.997169 -739.751953 24.854267 17
-45.331154 -737.072388 14.284103 17
-41.776608 -742.409119 15.941509 17
-44.998245 -738.865601 3.632399 17
-44.320103 -745.196533 22.221558 17
-48.462303 -742.275269 23.813679 17
-45.630337 -741.677368 11.904988 17
-43.230206 -739.240967 19.830465 17
-45.840118 -738.110718 9.209012 17
-44.732887 -744.596863 18.059063 17
-46.689621 -737.684753 18.172367 17
-46.688457 -739.398560 21.729998 17
-47.175144 -740.346619 15.128052 17
-43.585133 -736.795471 0.899665 17
-41.964531 -741.364746 12.410745 17
-42.276733 -737.867188 5.784809 17
-43.055477 -739.015442 16.260321 17
-44.878017 -740.393066 6.752094 17
-43.313290 -738.054565 11.634397 17
-47.202858 -745.469116 24.019739 17
-45.019604 -743.101440 14.921853 17
-47.243145 -744.124695 20.966782 17
-44.330276 -739.649963 -0.047247 17
-42.614494 -743.303894 19.890005 17
-46.992443 -743.114380 26.344252 17
-46.806774 -738.809875 12.294090 17
-44.232658 -741.139404 9.446428 17
-44.929871 -737.615173 6.605388 17
-42.444817 -738.716919 2.558252 17
-44.136951 -740.540527 22.082413 17
-48.474186 -741.476929 21.212940 17
-44.925816 -744.322510 24.870230 17
-43.784279 -739.837891 13.841343 17
-43.504852 -737.144775 8.635917 17
-44.638168 -737.605713 -2.105588 17
-43.440426 -736.808472 3.781012 17
-46.502861 -743.022278 16.915085 17
-47.905067 -739.642395 17.359993 17
-44.506374 -740.217346 18.030912 17
-42.494648 -740.074768 6.908388 17
-46.856415 -740.524841 23.941219 17
-46.821854 -738.109314 15.803048 17
-47.738743 -739.602905 19.685316 17
-43.096207 -739.679199 4.626820 17
-43.023674 -742.764038 13.847386 17
-45.850327 -739.941895 10.469713 17
-42.415005 -738.493164 -0.031442 17
-42.677887 -743.491821 17.685537 17
-45.333679 -744.935181 20.240816 17
-46.024570 -745.990662 25.788168 17
-48.607548 -744.078674 25.257339 17
-45.405907 -737.509155 11.302623 17
-46.591579 -743.632996 18.979612 17
-46.253223 -741.729370 13.878909 17
-44.699799 -738.371643 1.611782 17
-43.624603 -741.890747 11.311041 17
-43.368484 -739.384460 10.071044 17
-44.912544 -739.548767 15.463448 17
-47.782318 -743.987305 22.862499 17
-46.280422 -745.229736 22.267544 17
-43.492195 -739.662048 -1.797911 17
-41.715206 -741.295349 14.357431 17
-45.461468 -739.905579 8.580011 17
-41.606251 -739.998962 11.037072 17
-43.341797 -743.473267 15.776958 17
-44.898285 -739.705627 20.582609 17
-45.321613 -745.810059 23.786415 17
-47.373646 -741.376343 16.817099 17
-43.379936 -743.698853 21.666157 17
-42.978378 -738.835510 8.214790 17
-47.144684 -738.840576 14.095791 17
-47.443913 -741.692444 25.214148 17
-44.427204 -737.840942 -0.320696 17
-43.349747 -738.774963 18.011917 17
-44.989517 -739.149536 5.422770 17
-46.383480 -744.746582 27.023064 17
-44.446812 -737.094666 12.737459 17
-42.354095 -741.152039 9.891746 17
-42.857018 -738.400757 13.355463 17
-43.519318 -739.805176 12.106272 17
-44.715157 -742.454529 13.188443 17
-47.834099 -742.721680 20.080503 17
-44.059456 -737.071594 10.294406 17
-44.976772 -743.831421 16.514982 17
-46.589703 -738.360596 20.061579 17
-46.492317 -740.425110 12.743380 17
-43.724068 -744.586914 19.625406 17
-44.391430 -737.623291 4.958424 17
-47.807297 -740.522949 22.512201 17
-48.073364 -744.460999 26.848188 17
-46.588249 -742.113647 15.494532 17
-42.311825 -738.237915 4.152802 17
-43.206841 -737.249146 -1.326741 17
-42.973621 -740.776917 8.402689 17
-43.890362 -739.506409 2.492668 17
-42.797905 -737.089111 2.306279 17
-47.554138 -745.410583 25.654404 17
-44.043545 -743.970398 23.255838 17
-43.388382 -737.866882 6.964055 17
-45.280914 -738.975403 7.315676 17
-45.871403 -737.255920 16.697353 17
-48.096272 -742.903503 21.759827 17
-43.329376 -739.103333 1.090477 17
-45.050140 -737.188599 8.246252 17
-44.392307 -740.750916 23.598488 17
-45.866749 -737.676636 12.862589 17
-43.409782 -738.423157 14.864995 17
-44.179153 -737.779480 2.907409 17
-43.345226 -739.469360 21.369196 17
-47.844311 -740.104187 21.074783 17
-46.299454 -738.474792 10.654642 17
-48.329437 -740.963196 19.739128 17
-45.188084 -741.357178 10.529046 17
-42.067131 -739.805969 -1.916820 17
-42.825176 -738.148682 9.579145 17
-47.371273 -738.921326 18.486547 17
-44.371307 -740.702759 8.072763 17
-42.383190 -738.028625 1.313628 17
-43.667366 -740.148743 6.041090 17
-43.610912 -739.615662 23.022812 17
-43.391232 -736.991882 5.786499 17
-42.048542 -738.736938 6.872082 17
-43.551186 -739.940308 15.331046 17
-47.540966 -739.305359 16.027246 17
-44.178158 -740.184631 19.439810 17
-47.127815 -738.515320 17.127447 17
-43.459675 -740.012207 17.157022 17
-44.621689 -740.046936 4.431710 17
-48.149479 -742.838623 25.634237 17
-44.486286 -739.088562 12.928181 17
-45.804249 -743.735352 17.847544 17
-47.932106 -740.350708 18.541817 17
-43.194408 -742.330139 12.520455 17
-42.312012 -739.455994 5.705436 17
-44.405029 -738.897156 -1.175038 17
-44.103611 -744.911987 20.930573 17
-43.407490 -744.518066 18.207081 17
-47.078308 -742.756104 18.099852 17
-48.239483 -743.596985 24.046185 17
-43.086567 -739.547974 -0.517357 17
-45.691151 -744.702637 25.885704 17
-48.444580 -741.882141 22.553802 17
-46.288876 -737.899353 14.615464 17
-43.126667 -739.929993 18.696470 17
-42.404842 -741.390442 11.193873 17
-42.108742 -742.400269 17.306496 17
-45.559692 -744.512390 19.040369 17
-46.912617 -740.049316 13.877877 17
-45.494816 -737.074158 15.517160 17
-47.920399 -741.114075 23.644070 17
-46.395077 -744.315491 20.065725 17
-44.228565 -736.948425 11.524452 17
-43.827232 -738.326782 10.544151 17
-42.560406 -742.610291 14.996010 17
-46.043228 -740.571777 11.520404 17
-41.990635 -739.533264 7.927341 17
-44.470543 -739.535583 1.200631 17
-45.764088 -743.020264 15.894171 17
-45.477135 -740.679626 9.541296 17
-46.584137 -740.090271 22.750406 17
-45.207474 -737.478149 10.045525 17
-43.015022 -737.325012 -0.039389 17
-43.855328 -743.350647 14.633803 17
-43.169605 -737.653687 4.785044 17
-43.099178 -739.352966 3.392272 17
-43.533470 -740.304688 20.455051 17
-46.271065 -746.093994 24.484531 17
-43.024990 -737.845642 3.274015 17
-44.134060 -737.046753 7.445044 17
-46.299751 -744.939697 21.107527 17
-47.249916 -739.107361 20.717041 17
-44.497509 -739.999878 16.565031 17
-45.212193 -745.338684 21.356020 17
-44.514313 -742.074646 12.078314 17
-42.219936 -741.919800 13.481717 17
-44.086060 -737.329407 1.813207 17
-42.464245 -742.957520 18.716509 17
-42.654419 -738.679871 -1.205939 17
-47.261459 -745.026428 22.932478 17
-44.484692 -745.026733 23.445625 17
-45.704586 -739.242615 9.552073 17
-45.006191 -745.477783 25.090067 17
-43.119598 -739.108826 11.175971 17
-47.824287 -744.671387 24.596489 17
-43.194653 -744.237244 20.648140 17
-44.793133 -739.221497 14.041100 17
-44.764854 -738.651428 0.486621 17
-46.501225 -745.968079 26.843929 17
-46.262665 -739.375977 11.454009 17
-43.508286 -741.526428 10.221401 17
-45.356384 -742.382202 14.125970 17
-42.606060 -743.097229 16.559422 17
-45.257355 -745.640198 22.660873 17
-44.473431 -737.307495 9.192863 17
-47.582302 -740.305908 16.506672 17
-43.133106 -739.163940 7.028947 17
-41.309021 -740.542297 11.954281 17
-45.428127 -738.248047 8.202390 17
-44.331371 -737.590637 0.757166 17
-48.253750 -742.923157 22.858593 17
-46.338982 -745.774048 23.236746 17
-47.156528 -743.934998 27.137823 17
-46.797958 -741.316528 14.774832 17
-44.592472 -737.901184 3.921763 17
-43.031208 -738.827271 12.347996 17
-43.769478 -736.772766 2.694931 17
-47.185646 -743.583252 19.929274 17
-46.141346 -738.085388 11.844545 17
-47.172344 -744.663696 21.915516 17
-44.401031 -739.736938 3.425374 17
-43.447495 -740.481567 7.144376 17
-43.857616 -736.843811 -0.497117 17
-47.320286 -742.828430 19.167601 17
-43.667355 -737.058105 -2.277278 17
-44.654411 -740.169006 5.560999 17
-44.930012 -738.762878 2.572949 17
-43.475864 -739.491150 9.016874 17
-44.880325 -739.904785 21.639799 17
-46.676338 -738.347107 13.243520 17
-44.103512 -739.361572 18.511715 17
-41.619396 -740.869812 13.396454 17
-46.027813 -741.424927 12.898545 17
-47.303879 -745.001770 27.460859 17
-41.840324 -740.214417 10.034634 17
-42.933525 -744.009766 19.179691 17
-43.105721 -739.096008 14.115383 17
-47.264763 -738.799377 15.146543 17
-42.094482 -740.739624 8.930496 17
-47.750690 -740.822998 17.623827 17
-44.874004 -738.156433 5.724800 17
-46.802956 -738.226257 19.043880 17
-42.913937 -738.619446 6.185366 17
-47.252369 -741.079102 15.834517 17
-42.347157 -738.628784 5.095591 17
-44.097221 -739.281372 14.781044 17
-47.406216 -741.886963 17.697065 17
-46.776009 -739.475525 13.053009 17
-45.004566 -738.506165 4.593262 17
-48.149933 -741.792297 20.289761 17
-48.173389 -743.713745 26.125521 17
-43.761967 -744.369934 22.338772 17
-48.481346 -742.864563 24.690191 17
-42.841568 -738.197021 10.769680 17
-41.479897 -742.000061 15.026532 17
-44.040218 -739.046387 11.701834 17
-43.223347 -743.908203 16.959854 17
-44.632481 -744.897095 19.365393 17
-44.320965 -740.476013 21.025982 17
-47.629810 -743.768372 21.893139 17
-46.861450 -742.178284 16.523958 17
-45.767136 -742.470520 15.018275 17
-45.224449 -739.958008 7.562228 17
-42.333935 -739.044067 1.053521 17
-44.140419 -737.699463 -1.258075 17
-47.853973 -745.445679 26.606361 17
-46.937126 -742.436890 25.598249 17
-43.799610 -740.008362 23.922586 17
-43.609451 -739.059753 17.090803 17
-45.091290 -738.869751 6.363026 17
-48.141991 -744.673157 25.883307 17
-47.737446 -743.287964 20.892767 17
-43.960850 -739.382568 16.010941 17
-43.312069 -739.374634 13.126307 17
-44.444576 -743.632446 15.507834 17
-48.136467 -741.714294 24.520226 17
-44.026051 -743.074280 13.720072 17
-44.272598 -737.338013 5.969522 17
-42.743946 -739.069824 -2.074050 17
-47.427872 -741.079895 24.474720 17
-43.056122 -737.773071 -2.110369 17
-43.273697 -741.138733 9.363601 17
-44.552658 -739.965942 22.708582 17
-45.409805 -737.173401 12.188155 17
-45.112812 -740.816101 8.683084 17
-44.501637 -741.563538 11.235798 17
-43.281151 -737.923462 7.898562 17
-47.681408 -744.588440 23.664194 17
-43.986317 -739.492432 20.546061 17
-46.616802 -737.847839 16.681120 17
-43.140892 -737.438599 1.509253 17
-43.868198 -739.916687 5.088643 17
-46.612965 -740.909363 13.636650 17
-44.446724 -744.237183 24.061361 17
-45.145325 -737.124756 13.334395 17
-47.311676 -738.782715 19.609629 17
-43.602139 -740.533447 22.882196 17
-44.579422 -740.355103 24.425459 17
-43.118259 -739.114441 1.993481 17
-44.415504 -738.480713 -2.009729 17
-42.717049 -737.840454 -0.810348 17
-47.064342 -745.679871 24.902918 17
-48.007862 -742.322937 21.027372 17
-45.907101 -745.370850 26.491762 17
-47.427883 -739.921692 21.924080 17
-45.057777 -737.791382 7.504912 17
-43.858891 -739.658264 22.103251 17
-42.616306 -741.835449 11.963638 17
-45.991100 -737.784607 13.756078 17
-43.098278 -739.157410 15.317011 17
-45.688229 -743.420776 16.915350 17
-48.039818 -740.818115 21.667259 17
-42.457542 -739.118530 4.240536 17
-47.302704 -739.620056 14.629476 17
-48.064575 -740.913330 20.653086 17
-43.524426 -738.900879 18.996988 17
-45.264263 -741.972778 12.665783 17
-43.169292 -737.921509 5.668497 17
-43.234707 -738.041138 8.773399 17
-47.251869 -746.041992 26.343117 17
-45.073521 -744.164185 17.373926 17
-42.119869 -740.379211 8.098209 17
-45.518753 -739.010254 8.647209 17
-47.824177 -742.107361 19.432030 17
-46.523804 -739.726318 12.229865 17
-42.010120 -740.743530 10.705609 17
-43.456894 -739.172913 0.231170 17
-42.831051 -737.951782 0.539597 17
-42.609913 -738.599670 3.427301 17
-46.221279 -737.604553 17.414293 17
-43.867325 -737.395386 4.239754 17
-46.217636 -737.548767 15.546919 17
-47.384365 -740.409180 23.249985 17
-42.536736 -737.909607 2.211943 17
-44.767132 -745.315674 24.279297 17
-44.023411 -744.273254 17.660030 17
-42.109901 -742.153320 14.418928 17
-43.667057 -737.443298 9.452097 17
-43.760860 -739.655334 3.993175 17
-44.726715 -737.270630 10.782857 17
-47.822811 -739.555176 18.827751 17
-44.726639 -739.600342 19.760963 17
-44.357025 -741.282654 10.353786 17
-43.013191 -739.896667 5.472828 17
-43.453556 -738.213745 12.768321 17
-43.248230 -739.597900 17.866814 17
-42.885189 -737.009460 3.189823 17
-48.056057 -740.235413 20.157003 17
-45.057854 -739.675537 6.127262 17
-44.401577 -738.833313 -0.346559 17
-44.565319 -739.221252 1.965830 17
-43.078548 -739.594910 20.568932 17
-45.735653 -740.727600 10.738721 17
-45.322342 -737.509583 8.957589 17
-43.613037 -736.971252 4.955586 17
-43.564392 -744.478271 21.423662 17
-45.837837 -738.492859 9.958086 17
-46.495144 -743.342957 18.181555 17
-45.714767 -737.889648 10.555532 17
-43.941387 -736.893738 -1.414510 17
-42.515503 -742.762085 15.820604 17
-48.123829 -740.270996 19.335791 17
-43.656261 -739.264771 -1.096932 17
-46.342815 -742.050964 14.630248 17
-44.787014 -739.208679 18.080170 17
-42.511971 -742.471619 12.945313 17
-43.798367 -740.991028 8.583490 17
-45.672539 -742.067627 13.432967 17
-42.174801 -738.056396 -1.422133 17
-44.257114 -737.275269 8.353083 17
-42.515072 -739.302307 0.042455 17
-44.909290 -739.312134 4.586259 17
-43.803612 -737.226990 6.665469 17
-43.843815 -737.281250 0.196491 17
-46.032036 -741.012146 12.207214 17
-42.041382 -743.115723 18.000738 17
-47.021385 -738.442017 17.937498 17
-43.047253 -738.919678 9.409160 17
-43.452557 -736.815308 1.898746 17
-43.815815 -739.418091 1.707138 17
-48.087132 -741.017761 18.955263 17
-43.616547 -738.703369 13.449244 17
-43.478615 -739.972168 16.363174 17
-43.733322 -740.157349 21.494423 17
-45.949612 -739.152893 10.387683 17
-46.970078 -742.488037 17.282982 17
-45.995731 -743.985840 18.589277 17
-43.782349 -739.053467 12.501449 17
-42.753719 -743.725159 18.433887 17
-47.175549 -738.606873 16.345407 17
-47.575253 -738.979736 17.661922 17
-43.269543 -738.483459 15.705859 17
-42.906456 -738.486023 7.488622 17
-47.621101 -739.110779 16.800554 17
-43.207096 -740.066284 19.773897 17
-48.128357 -741.245850 22.896976 17
-48.020988 -745.362671 27.389130 17
-46.785591 -746.170898 25.705870 17
-41.856247 -741.020264 11.624426 17
-42.225269 -739.414795 6.505923 17
-43.137596 -743.065735 14.630608 17
-44.707741 -742.881470 14.244045 17
-43.073666 -737.544189 3.991618 17
-45.623405 -745.910706 24.899836 17
-48.243679 -742.129333 21.834723 17
-43.355522 -737.253357 7.492953 17
-46.516075 -742.711304 16.001398 17
-46.596416 -738.819946 21.013075 17
-45.430592 -741.236328 11.287627 17
-44.758282 -738.239990 3.183197 17
-42.862419 -737.141663 0.850639 17
-46.645096 -745.430298 27.403597 17
-47.649063 -740.429443 24.103142 17
-43.942131 -739.396790 19.576317 17
-43.446728 -739.773376 14.574887 17
-48.066193 -742.158203 25.245838 17
-42.841408 -739.120728 17.158451 17
-45.454651 -745.463196 25.749718 17
-43.680573 -737.471863 3.503479 17
-43.579250 -738.169800 9.781116 17
-42.775169 -740.376831 7.553559 17
-45.612583 -745.564758 21.985262 17
-47.603374 -743.567627 26.622568 17
-43.374622 -738.371826 14.102725 17
-42.361317 -738.987488 1.827119 17
-44.362762 -737.990540 2.189378 17
-44.122971 -739.232117 -1.833050 17
-41.618618 -740.629395 12.647724 17
-42.839157 -740.027588 6.218001 17
-46.605434 -738.272583 14.046043 17
-41.723808 -742.635315 16.686306 17
-44.081059 -745.141724 20.206051 17
-45.777317 -737.295044 14.855444 17
-43.064846 -738.716736 10.235008 17
-46.093018 -744.113403 19.397816 17
-44.828777 -740.627563 7.481227 17
-45.703533 -739.978699 9.717589 17
-44.600376 -739.412109 2.769744 17
-42.904625 -743.519287 20.552628 17
-43.918530 -740.047668 18.747618 17
-43.072441 -744.206421 19.900023 17
-45.402405 -744.301208 18.239679 17
-46.336365 -738.218323 12.584125 17
-46.528347 -738.636597 11.520185 17
-45.316437 -738.364685 6.872854 17
-42.402866 -739.317017 -0.888738 17
-47.956322 -739.733887 18.111595 17
-44.274006 -739.975952 15.118155 17
-44.868305 -740.964111 9.867853 17
-42.749950 -741.351624 10.475020 17
-42.859825 -738.812744 0.479892 17
-45.118881 -743.381287 15.661034 17
-46.916294 -740.710754 14.282084 17
-43.700474 -738.543152 11.250587 17
-48.379436 -742.985352 23.586937 17
-45.363850 -739.309937 7.994728 17
-47.476604 -739.951416 15.697128 17
-44.268967 -739.735901 21.186346 17
-47.676399 -739.681030 20.502295 17
-47.303875 -739.504944 21.332766 17
-42.342609 -739.468445 4.868053 17
-47.546249 -742.709656 26.086184 17
-44.174641 -739.149292 13.619075 17
-44.486275 -745.226074 21.473316 17
-44.277199 -740.235779 20.336506 17
-44.144489 -740.384521 6.965265 17
-42.193584 -738.794373 6.103136 17
-43.541222 -742.718079 13.321177 17
-42.865452 -738.846924 -0.531416 17
-44.010761 -744.812500 22.853941 17
-43.528030 -744.337219 18.917458 17
-44.292702 -739.604980 -1.191571 17
-46.970459 -739.528320 22.502132 17
-44.695248 -737.198303 12.000774 17
-43.239670 -743.914917 17.851904 17
-43.878216 -739.954895 17.757484 17
-48.274364 -741.343994 22.102453 17
-46.588879 -744.352600 20.753805 17
-47.044949 -741.774170 15.933035 17
-43.407856 -739.630066 10.784447 17
-45.164520 -744.835876 25.393749 17
-42.205944 -739.494263 7.212670 17
-43.862534 -742.328674 11.922623 17
-48.445038 -743.390991 25.216253 17
-48.261108 -741.800781 23.321550 17
-44.085522 -739.384277 0.577986 17
-42.869209 -743.196350 15.289093 17
-42.065742 -739.338074 8.606851 17
-43.240917 -739.277161 2.705593 17
-44.109505 -737.890808 1.364216 17
-46.849857 -738.303467 14.789867 17
-43.300705 -739.434326 8.008343 17
-44.416870 -740.684692 8.789158 17
-48.157818 -744.048218 24.688654 17
-42.526737 -741.811523 12.686110 17
-47.979313 -743.343140 22.351221 17
-47.803989 -741.116821 18.296963 17
-44.922688 -744.732239 18.720079 17
-42.356041 -743.605530 19.308638 17
-41.686382 -741.596985 13.178085 17
-45.249744 -740.452393 8.071710 17
-43.128712 -739.241821 18.501280 17
-44.682617 -738.271118 -1.407311 17
-47.093800 -738.943787 13.398843 17
-44.459557 -739.968323 15.804923 17
-44.198921 -742.468262 12.561013 17
-43.820496 -739.278809 -0.419439 17
-44.789806 -739.441895 14.709341 17
-46.211811 -743.274048 17.496893 17
-42.347775 -743.087097 17.211428 17
-41.682274 -739.559937 9.842906 17
-45.651505 -745.043884 20.884724 17
-42.118515 -738.080322 -0.504012 17
-42.442066 -738.079407 2.977557 17
-44.104160 -739.433289 16.693867 17
-41.689640 -741.826904 13.915005 17
-42.169472 -737.968140 4.968734 17
-47.503269 -742.340088 18.465971 17
-41.918087 -738.944519 7.551290 17
-42.719837 -738.302429 -1.785075 17
-45.716549 -744.605286 19.766615 17
-46.057384 -738.064392 11.151671 17
-47.761143 -743.903015 23.622278 17
-44.311855 -738.162476 0.282606 17
-46.325554 -746.147644 25.187799 17
-44.677013 -745.341553 22.841883 17
-43.464497 -740.393860 22.160460 17
-47.579327 -745.220032 24.914963 17
-44.257435 -740.713135 22.804541 17
-41.852654 -741.816650 15.587987 17
-46.311970 -737.822876 18.727625 17
-43.769550 -737.401245 2.426363 17
-46.866299 -745.297485 23.401875 17
-44.304272 -740.013184 17.226473 17
-47.419212 -744.463501 22.565203 17
-44.533272 -738.860718 1.088993 17
-45.928539 -745.758118 22.645555 17
-47.091682 -739.806274 23.142736 17
-47.019569 -743.154175 18.662336 17
-44.733894 -739.511475 3.966962 17
-43.707848 -744.632324 20.423521 17
-43.320240 -737.232971 -0.658079 17
-43.563370 -740.737061 8.004033 17
-43.855904 -739.208313 17.701027 17
-48.058868 -743.464355 23.211243 17
-42.038792 -740.207703 9.353931 17
-44.030872 -737.322510 10.909880 17
-42.732529 -740.853699 9.037577 17
-43.044464 -743.596985 16.407459 17
-46.051010 -745.929321 23.805628 17
-43.129700 -739.698120 15.796523 17
-46.095192 -739.952087 11.166988 17
-43.057121 -741.665466 10.974461 17
-43.100994 -739.195129 -1.457024 17
-47.916431 -744.437805 25.222540 17
-47.600075 -744.413391 27.338074 17
-43.209644 -739.489868 19.191599 17
-45.117359 -739.715027 6.790384 17
-46.773846 -737.982056 17.485537 17
-46.561592 -744.836304 21.710606 17
-43.795586 -739.544312 3.200876 17
-46.040852 -737.131836 16.021177 17
-47.940495 -741.452637 19.528463 17
-47.471294 -739.411560 15.306336 17
-44.523628 -738.215210 0.940545 17
-44.670021 -737.277527 7.150664 17
-43.876511 -737.412781 5.380328 17
-43.220051 -739.784668 21.921175 17
-46.091591 -744.709351 20.481295 17
-43.377964 -737.629395 6.335236 17
-43.216530 -739.225647 11.819312 17
-44.943714 -741.597900 11.715011 17
-42.018852 -739.990723 8.645609 17
-43.895134 -737.285156 1.190838 17
-43.434715 -738.016235 10.963246 17
-43.269207 -739.506348 16.751844 17
-44.106243 -736.992126 9.642989 17
-47.266727 -740.118958 22.599525 17
-43.083790 -737.645386 2.500266 17
-43.743298 -739.122375 15.406220 17
-42.280174 -738.291504 0.623551 17
-46.280857 -740.400696 12.101497 17
-48.313171 -742.532410 22.334114 17
-42.850487 -738.028748 -0.141906 17
-44.810398 -739.785706 5.037765 17
-47.851597 -739.625061 16.485561 17
-42.949562 -738.641907 8.821530 17
-44.608685 -737.351257 7.803676 17
-42.490864 -742.355225 13.933704 17
-47.037243 -739.409363 13.823431 17
-46.259945 -742.659363 15.409963 17
-44.884426 -738.023743 5.047869 17
-45.309860 -738.384033 7.576419 17
-42.051083 -742.416199 15.352777 17
-46.596481 -743.802307 19.631067 17
-46.973221 -743.970764 20.397594 17
-42.851353 -738.774109 14.843257 17
-44.351433 -738.285889 -0.772053 17
-43.034435 -738.628906 11.754266 17
-46.049686 -742.916687 16.463465 17
-44.888405 -745.438904 21.929838 17
-45.853550 -745.123108 21.590004 17
-46.622879 -745.301453 22.821619 17
-45.433681 -740.822327 10.191702 17
-47.203213 -741.929077 17.069561 17
-41.371380 -739.908142 10.444183 17
-46.573788 -741.252441 14.176189 17
-44.208141 -737.335693 -0.738081 17
-43.298172 -737.493286 0.528557 17
-43.623035 -743.416748 15.203734 17
-42.887875 -738.476685 6.845658 17
-42.655800 -738.390137 5.602375 17
-44.135120 -737.274963 -1.887769 17
-43.013889 -737.884583 -1.414381 17
-45.059006 -737.212891 9.470014 17
-43.615234 -738.486938 12.206424 17
-47.104118 -738.655579 20.299038 17
-47.561779 -742.295532 25.592995 17
-45.602245 -737.921570 9.813142 17
-45.952717 -744.663025 26.570972 17
-47.819214 -740.253235 17.269106 17
-44.085274 -739.900696 14.398001 17
-48.546860 -742.279968 23.029118 17
-44.511494 -740.254395 18.793720 17
-45.120033 -738.128296 6.300808 17
-43.346329 -739.997559 20.960814 17
-45.524937 -740.198364 9.150405 17
-47.783905 -744.815979 26.424658 17
-44.584755 -737.302124 10.086588 17
-46.975525 -741.441345 15.398232 17
-42.830002 -738.331604 12.695623 17
-43.285709 -738.051208 10.315838 17
-47.455322 -739.165039 20.088989 17
-45.063099 -737.203918 12.719618 17
-44.845432 -744.949097 24.783504 17
-47.589489 -740.782532 17.007498 17
-42.688366 -739.091370 2.998628 17
-42.844330 -738.886108 1.446000 17
-43.385330 -737.040894 4.391298 17
-45.561089 -743.500549 16.227541 17
-42.396824 -737.984253 3.595721 17
-43.758289 -737.514832 8.064798 17
-47.326283 -740.873352 16.448660 17
-44.919945 -740.725647 9.266805 17
-47.568359 -739.064148 19.104986 17
-48.528133 -744.189514 25.853495 17
-41.940849 -742.073975 16.433445 17
-47.599884 -745.010498 24.133089 17
-46.853767 -744.434143 21.337326 17
-43.236179 -739.420776 12.475424 17
-48.162815 -741.621521 23.908710 17
-41.695488 -740.443604 11.453163 17
-46.379856 -737.638000 16.127211 17
-47.119225 -743.397095 19.280487 17
-44.079922 -744.557312 23.421558 17
-45.949944 -742.240295 14.152145 17
-46.820778 -744.933838 22.368374 17
-45.640816 -738.704102 9.258125 17
-44.117729 -739.547424 23.677822 17
-42.973221 -739.406006 3.991757 17
-45.695896 -737.650208 11.842030 17
-46.817204 -743.019165 17.565083 17
-42.696892 -738.031372 4.575631 17
-46.048035 -745.963806 26.416010 17
-44.451096 -739.747437 2.278530 17
-45.566929 -737.343262 13.763960 17
-47.171104 -738.625610 15.733681 17
-46.715080 -738.876526 12.910201 17
-43.866657 -739.273193 21.107985 17
-43.437157 -739.687561 11.470126 17
-44.044407 -739.810303 4.508883 17
-43.190434 -742.021912 11.851308 17
-44.850811 -737.270508 11.379614 17
-42.309753 -739.974609 7.567726 17
-44.657867 -737.619873 5.498658 17
-42.475391 -738.382935 1.832751 17
-45.531624 -742.972900 15.242010 17
-45.875301 -737.547974 14.301757 17
-46.153099 -738.931641 11.022839 17
-47.376137 -740.499573 15.946653 17
-43.548851 -739.081970 20.314007 17
-47.002079 -738.160522 19.613850 17
-43.982552 -740.248169 24.494778 17
-47.460896 -743.261719 20.360807 17
-44.446930 -739.904602 22.124611 17
-47.923264 -740.309387 17.938540 17
-44.185646 -737.883972 -1.817325 17
-42.651447 -739.085571 7.394935 17
-47.374554 -743.048462 19.717531 17
-44.878593 -742.503723 13.789932 17
-47.055206 -740.162048 14.487807 17
-48.353035 -742.299011 24.572693 17
-44.389698 -737.341553 6.561852 17
-47.519920 -743.654968 21.312225 17
-43.177715 -743.818665 21.068232 17
-43.826191 -740.125244 19.931923 17
-46.544739 -737.907898 15.180565 17
-43.389725 -737.210083 2.914125 17
-48.401405 -743.487671 24.618736 17
-44.942104 -745.418823 23.534435 17
-46.521244 -745.314514 26.836098 17
-43.036304 -738.952698 13.540920 17
-42.580734 -738.953796 6.653941 17
-44.300808 -739.365601 15.522865 17
-47.355759 -745.544434 26.925245 17
-45.314045 -742.654663 14.682115 17
-43.920742 -740.434875 23.446388 17
-44.700420 -740.090210 7.273437 17
-48.619461 -742.757568 24.116859 17
-46.702908 -740.370789 23.383062 17
-42.070919 -741.522949 11.851984 17
-43.496426 -738.621277 16.263523 17
-46.742573 -740.322754 13.377930 17
-45.547390 -745.766724 23.172960 17
-44.598942 -737.973389 4.540594 17
-44.489872 -743.287842 14.628824 17
-44.026676 -744.932007 21.770102 17
-47.275532 -740.126404 23.760092 17
-43.626705 -739.996582 19.339836 17
-43.538765 -736.764893 0.137663 17
-43.051071 -738.824097 12.969065 17
-42.663689 -742.695068 14.417350 17
-47.182835 -738.364380 18.515615 17
-45.724541 -745.929688 24.318718 17
-46.395412 -740.906250 13.064404 17
-43.625160 -740.037292 22.592819 17
-45.555492 -739.564026 9.070922 17
-45.412613 -737.383850 10.714486 17
-44.750076 -738.508545 4.016562 17
-43.728909 -743.832397 22.575298 17
-43.358959 -739.432495 13.703074 17
-47.320004 -744.139526 21.564354 17
-47.756008 -744.229919 24.109440 17
-43.121490 -738.757324 16.769121 17
-47.391235 -745.085449 23.593807 17
-47.438919 -741.293945 17.392963 17
-46.121490 -737.687927 18.057863 17
-42.329281 -740.739563 9.469181 17
-44.391716 -740.249817 6.459318 17
-45.173569 -744.800781 19.690666 17
-47.937443 -743.183716 26.124531 17
-48.392204 -744.471558 26.364775 17
-43.575207 -739.852417 18.319000 17
-47.779888 -740.760681 23.049719 17
-46.509567 -739.192810 11.981902 17
-47.852013 -744.978027 25.383944 17
-47.793633 -744.930908 27.070761 17
-44.422092 -739.085388 0.227734 17
-45.595673 -737.999695 8.713249 17
-47.800037 -740.366089 21.915596 17
-45.907284 -741.125977 11.591887 17
-42.845306 -738.068542 4.004917 17
-42.612984 -739.112854 3.660331 17
-43.234390 -737.431030 5.368192 17
-44.054699 -737.519226 9.894995 17
-46.705250 -745.723511 23.769270 17
-44.712444 -742.213562 12.661587 17
-44.751080 -738.838745 3.126659 17
-42.963165 -742.536377 13.300064 17
-42.852856 -743.161133 16.044878 17
-44.803772 -737.349426 8.727797 17
-44.695824 -738.416931 -0.056838 17
-47.630550 -744.468079 23.102982 17
-45.305847 -737.698181 8.149926 17
-42.861698 -738.238586 11.341047 17
-45.169483 -745.691040 24.588066 17
-44.311749 -739.249817 -0.720071 17
-43.510529 -742.986389 14.046839 17
-42.865585 -737.810425 1.101412 17
-47.773304 -743.927246 27.106564 17
-43.199711 -739.602173 -1.080420 17
-42.727581 -743.404907 18.933739 17
-47.396797 -739.038635 14.622349 17
-47.130409 -738.679749 18.979626 17
-43.737343 -736.878052 3.256403 17
-46.254929 -737.963562 13.285529 17
-44.349083 -737.535034 0.193097 17
-45.538662 -743.825256 17.329540 17
-43.169376 -739.144104 8.680265 17
-42.025455 -740.743652 10.123860 17
-42.428360 -738.507935 -0.715463 17
-47.974960 -742.771240 20.675571 17
-43.282085 -744.015015 18.435516 17
-43.506828 -740.310730 6.629926 17
-48.161785 -741.816589 20.857132 17
-44.238903 -740.658752 7.524866 17
-44.255733 -737.737366 3.475761 17
-47.194569 -740.879517 15.303347 17
-42.708782 -739.567749 -1.826709 17
-42.780800 -737.958557 5.133564 17
-44.191673 -741.862305 11.594094 17
-42.891193 -743.463257 16.978989 17
-42.738590 -737.484680 1.897371 17
-45.970245 -737.810547 12.316995 17
-42.322380 -738.652832 4.535955 17
-46.847828 -745.744385 24.382931 17
-46.035782 -739.508667 10.833433 17
-45.641872 -741.587585 12.463275 17
-44.542522 -744.780640 24.127024 17
-44.899719 -738.546997 5.238836 17
-46.565361 -746.027100 26.234518 17
-46.347969 -739.910461 11.725073 17
-44.674599 -738.257690 2.640305 17
-42.212029 -742.820374 16.302965 17
-43.268948 -739.035278 17.532326 17
-43.479572 -737.320007 -1.801198 17
-41.734970 -741.300537 13.730047 17
-43.930424 -737.300354 8.985271 17
-48.230244 -741.235046 20.211697 17
-42.278858 -738.786316 -2.192137 17
-44.025429 -736.868958 0.578856 17
-42.817169 -738.927856 15.734075 17
-44.176327 -739.175781 14.156032 17
-44.998600 -738.678162 5.797610 17
-41.735699 -740.902039 12.173859 17
-43.820549 -739.127319 13.040973 17
-43.863884 -739.368225 1.143459 17
-43.086857 -738.090820 6.480831 17
-47.741169 -742.644531 19.554487 17
-44.898994 -738.696594 2.011024 17
-44.135326 -737.063049 4.805021 17
-46.285805 -741.316833 13.493241 17
-45.426662 -738.760681 7.974021 17
-47.114349 -745.747681 27.423006 17
-44.579140 -744.309692 17.523304 17
-44.721306 -737.653320 6.100408 17
-42.851936 -738.137756 8.373147 17
-42.898060 -741.198303 9.871320 17
-43.699127 -737.347961 -1.029566 17
-47.616806 -739.288879 18.160398 17
-43.323002 -737.985229 9.312783 17
-42.543091 -738.538879 1.094950 17
-44.058430 -739.902466 16.170790 17
-47.898617 -742.158691 19.978607 17
-46.597820 -741.731445 15.100080 17
-43.664169 -737.463074 5.911654 17
-41.697220 -741.123718 12.898033 17
-47.692997 -745.729553 26.176720 17
-44.456661 -739.703125 20.264032 17
-43.194466 -739.286499 14.653587 17
-42.476517 -739.059570 -1.563033 17
-47.876446 -745.147095 25.992418 17
-43.519451 -739.793701 12.849040 17
-44.112598 -740.504150 23.998299 17
-42.199398 -738.024475 0.126899 17
-44.132488 -739.445984 19.059347 17
-41.888649 -740.075195 10.555559 17
-42.472481 -740.529724 8.495522 17
-45.252350 -737.173523 14.845855 17
-41.762878 -741.491150 14.859692 17
-45.055897 -741.916077 12.150015 17
-43.496098 -744.191284 21.893652 17
-47.586163 -741.637756 18.137405 17
-43.891777 -739.926331 16.710629 17
-42.282814 -738.932373 5.580877 17
-45.169678 -745.332153 20.807787 17
-42.323219 -738.833679 0.466264 17
-47.896587 -741.276794 24.225630 17
-48.022911 -743.900940 26.624249 17
-44.743244 -739.319214 3.420391 17
-42.994434 -740.270935 6.904963 17
-47.092613 -741.368042 24.969452 17
-44.781631 -740.173706 6.072163 17
-48.203629 -740.996033 21.172640 17
-43.912712 -740.173584 20.840570 17
-44.102409 -739.829041 22.971943 17
-44.392014 -742.753540 13.495320 17
-47.916149 -740.650024 19.878424 17
-42.332500 -742.671570 17.976423 17
-48.195126 -742.600037 23.289845 17
-44.726849 -743.768799 15.938459 17
-47.020050 -740.807617 14.803704 17
-47.680111 -741.447083 24.808380 17
-43.225124 -739.562073 17.317669 17
-48.393768 -743.719849 25.616367 17
-45.046757 -738.906006 4.264381 17
-43.360161 -739.733582 20.154400 17
-44.668373 -741.352539 10.783660 17
-47.380451 -743.684998 20.682348 17
-43.852024 -744.292847 22.841703 17
-47.166790 -741.726929 16.500401 17
-45.187569 -742.171021 13.141503 17
-46.990150 -738.305725 15.329547 17
-45.712475 -740.373596 10.078593 17
-46.379089 -738.524353 12.011856 17
-44.564545 -737.709717 -0.961453 17
-43.610260 -741.352173 9.742860 17
-43.316109 -738.184998 13.489032 17
-43.349625 -736.978333 1.353246 17
-46.040123 -745.166382 27.016653 17
-43.128208 -739.411011 9.571854 17
-46.843655 -739.203613 21.268391 17
-44.805981 -740.243225 22.282852 17
-43.719913 -737.335144 -0.349283 17
-47.688229 -739.923706 16.885120 17
-44.223278 -737.117981 12.243830 17
-45.318958 -739.860168 8.069709 17
-42.223225 -743.393677 18.639236 17
-46.471779 -742.631042 16.529486 17
-45.205002 -739.480652 7.260601 17
-43.160847 -739.138245 -0.184425 17
-42.831120 -743.616089 19.528725 17
-45.251328 -745.034485 25.966850 17
-48.056602 -740.341614 20.660145 17
-43.073441 -739.094421 -0.927203 17
-42.286152 -741.193970 10.660432 17
-46.205505 -742.202209 15.097624 17
-48.090725 -740.974243 22.446383 17
-46.784901 -739.361328 12.502545 17
-42.520863 -743.187500 18.191486 17
-44.313084 -739.797607 4.045434 17
-46.300945 -737.470886 16.911745 17
-45.551872 -737.443176 13.233156 17
-46.076519 -741.871216 13.151240 17
-43.917362 -739.623108 21.580950 17
-47.414459 -744.217468 22.072334 17
-46.796749 -738.628967 13.669755 17
-43.618755 -739.997314 5.545437 17
-45.806503 -739.572937 10.035231 17
-47.024464 -741.961670 25.324453 17
-42.373787 -738.968506 -0.407552 17
-43.072166 -738.666870 10.753583 17
-46.887409 -738.160095 16.369013 17
-45.346481 -741.138428 9.757688 17
-43.346664 -739.852539 5.056882 17
-45.630775 -741.270508 10.804722 17
-47.590431 -740.678528 23.667830 17
-45.141514 -737.376587 11.787158 17
-48.308006 -741.954407 21.344097 17
-46.757412 -738.078613 18.497215 17
-46.600967 -739.869690 12.718678 17
-43.782814 -737.348267 7.199795 17
-47.668255 -742.251343 18.937700 17
-42.638439 -739.583130 5.304785 17
-44.620174 -737.770325 -1.577194 17
-45.131039 -740.308350 8.543635 17
-47.276894 -742.318481 17.968794 17
-43.734341 -742.557617 12.766847 17
-44.013725 -739.374084 17.238901 17
-43.702763 -739.132996 16.590893 17
-47.853615 -743.339050 21.610489 17
-44.076752 -740.034058 18.258585 17
-43.178429 -737.369385 3.489364 17
-41.949867 -739.042175 8.066354 17
-43.618534 -736.818420 -0.941009 17
-42.918232 -738.261780 12.081044 17
-44.327930 -739.606018 1.671183 17
-43.044220 -738.641296 14.374680 17
-42.800667 -737.899475 1.591435 17
-43.590488 -738.953247 15.891363 17
-44.918407 -739.706787 5.641723 17
-44.703403 -736.877014 13.110239 17
-43.549778 -737.898071 8.342488 17
-43.529678 -744.606506 20.905891 17
-46.642021 -742.135071 15.997021 17
-43.187801 -739.185852 10.664991 17
-43.333839 -737.161804 2.333432 17
-42.487579 -738.687256 3.971572 17
-43.632549 -739.162231 18.465359 17
-44.085461 -740.072876 5.751420 17
-48.035015 -742.281006 20.512424 17
-43.417397 -739.553467 15.032816 17
-47.378662 -739.880737 15.072271 17
-42.103481 -741.958130 12.468598 17
-43.513535 -739.379944 20.751900 17
-43.199459 -738.086853 7.383715 17
-46.039822 -738.201111 10.313071 17
-43.852184 -739.565430 -1.460146 17
-42.824078 -738.141418 10.148518 17
-45.614601 -745.851685 25.399397 17
-45.559410 -738.496765 8.679620 17
-46.461338 -738.136108 19.417023 17
-42.689148 -737.586609 -0.371725 17
-47.779621 -743.827148 22.374411 17
-43.262348 -740.951355 8.778260 17
-45.216698 -743.919556 16.958340 17
-42.704659 -738.739990 2.124871 17
-43.428551 -738.738586 15.269641 17
-46.858829 -739.830444 13.404661 17
-43.852402 -739.780457 24.372231 17
-48.342976 -742.825989 25.159319 17
-43.096859 -739.439453 1.629431 17
-47.258961 -745.362366 24.511799 17
-43.514709 -739.320557 2.216811 17
-42.138802 -741.676941 13.006195 17
-48.477886 -741.681274 21.791044 17
-44.266811 -736.925842 -2.200026 17
-43.636227 -744.778870 19.098385 17
-47.629398 -739.949341 16.164228 17
-46.890087 -742.749207 26.002832 17
-43.710190 -737.234375 0.716233 17
-45.410084 -744.043945 17.808512 17
-45.525364 -737.419678 12.622259 17
-43.989964 -739.829102 15.542355 17
-44.743610 -739.796692 21.054363 17
-43.123493 -739.351318 -1.961325 17
-46.173813 -737.572632 15.046238 17
-42.918243 -739.235657 17.822870 17
-44.351879 -737.606018 4.337991 17
-43.227066 -739.484375 16.223358 17
-44.381577 -737.408997 11.292125 17
-44.580639 -738.919556 1.566761 17
-44.771694 -740.375000 7.910266 17
-45.115788 -737.083801 13.828857 17
-43.845589 -739.418823 20.050375 17
-45.007534 -739.240356 5.915731 17
-42.839466 -743.719910 20.020424 17
-43.519581 -737.644043 8.838907 17
-44.991566 -737.868103 7.020923 17
-42.302910 -739.789490 6.202893 17
-43.594952 -739.517151 22.484409 17
-42.699093 -740.492981 8.028240 17
-48.085918 -742.742554 21.296721 17
-43.604191 -737.692383 7.622203 17
-46.925335 -739.696350 22.026381 17
-48.027977 -739.991272 18.900980 17
-43.650143 -736.864624 -1.802542 17
-41.807182 -741.779724 14.411633 17
-45.334835 -737.641724 9.511575 17
-44.025715 -743.263977 14.174560 17
-43.108051 -739.066956 7.754204 17
-42.788879 -737.506775 2.996562 17
-46.115398 -743.657532 18.253643 17
-44.489601 -739.305725 15.081079 17
-43.777431 -741.185669 9.247279 17
-41.931431 -740.810547 11.193384 17
-48.268963 -741.340088 20.786329 17
-42.182484 -742.767822 16.799726 17
-43.572659 -739.088135 19.454580 17
-44.740921 -743.339233 15.241882 17
-42.678177 -739.219666 2.164737 17
-48.252789 -740.737061 20.238340 17
-47.332127 -742.755920 18.657948 17
-42.768742 -738.839417 -0.003218 17
-43.064358 -743.620178 17.408234 17
-46.984177 -738.694641 14.525594 17
-45.315491 -742.369141 13.638574 17
-43.705776 -740.101746 23.070782 17
-44.679646 -739.113831 13.591322 17
-47.607361 -741.231628 17.853313 17
-43.685993 -739.783325 23.459652 17
-47.526218 -745.435669 27.500074 17
-43.314251 -740.604797 7.598754 17
-45.908134 -740.282776 10.863076 17
-45.843048 -744.122070 18.142754 17
-43.832607 -737.410767 2.912528 17
-48.372395 -743.161255 24.260881 17
-43.748074 -743.806763 22.092861 17
-48.192768 -742.068298 24.148314 17
-44.020714 -741.424011 9.978202 17
-47.507870 -743.126282 26.325811 17
-44.916622 -738.989685 4.954807 17
-46.871140 -738.117859 16.998339 17
-43.091518 -737.592896 -0.991737 17
-45.395634 -740.723145 9.058134 17
-47.921860 -740.541138 18.977686 17
-42.667366 -739.774292 5.843286 17
-47.949978 -740.389282 21.451878 17
-44.017666 -736.888550 -0.003908 17
-42.759449 -738.193909 -1.141288 17
-43.910011 -739.345093 0.134527 17
-43.909492 -739.796692 14.853428 17
-41.995987 -742.263062 14.907712 17
-47.674206 -740.006104 21.526203 17
-44.969379 -741.532410 11.154542 17
-47.143162 -739.700012 14.193571 17
-43.318661 -738.092773 12.275304 17
-45.146667 -739.240967 6.720553 17
-45.697433 -745.119019 26.134979 17
-46.751934 -743.528809 18.525019 17
-48.121483 -740.753845 19.357567 17
-47.181709 -740.733459 24.240669 17
-47.609653 -739.255188 17.256279 17
-43.050270 -738.533691 9.794200 17
-43.122437 -739.945557 19.190506 17
-42.911919 -738.052063 2.852218 17
-47.288765 -745.652222 25.322346 17
-46.455662 -741.589355 14.485660 17
-42.836491 -738.676941 13.853878 17
-44.509190 -739.584229 19.316763 17
-42.578659 -738.264526 6.061304 17
-47.305065 -738.610229 17.561962 17
-44.059601 -743.565674 15.119693 17
-45.824383 -740.948914 11.159825 17
-44.724178 -744.195190 17.064602 17
-44.759975 -740.533752 8.351078 17
-43.271629 -737.362610 1.066796 17
-45.859180 -739.003113 9.917566 17
-43.544518 -739.714111 4.409866 17
-42.583408 -743.212158 19.431961 17
-47.490417 -739.486816 20.895123 17
-43.235508 -744.210205 17.481514 17
-45.413891 -737.942505 7.767161 17
-47.991051 -739.997742 19.731703 17
-42.550205 -737.723877 0.176375 17
-47.443073 -738.991821 15.534955 17
-43.632683 -738.654602 12.872184 17
-41.708176 -740.406738 10.829412 17
-44.139030 -744.062744 23.715252 17
-44.119781 -741.013306 8.972644 17
-47.906605 -743.532776 22.773169 17
-42.738178 -738.278687 2.429340 17
-47.209892 -741.385742 16.193975 17
-47.518856 -739.223083 19.547567 17
-47.832439 -741.633057 19.090601 17
-44.154655 -737.865723 -0.762664 17
-46.190956 -741.018921 12.646923 17
-42.528046 -742.255066 13.380430 17
-43.936378 -744.706543 20.017286 17
-44.191990 -739.583801 2.899009 17
-43.650063 -739.189087 0.658493 17
-43.666935 -738.528748 11.735534 17
-47.558487 -745.877991 26.660467 17
-46.874073 -740.517090 13.818307 17
-45.714970 -742.431152 14.552511 17
-43.785442 -737.351746 4.702247 17
-46.625748 -738.539307 20.635910 17
-44.696999 -738.486938 -0.539685 17
-43.805798 -737.057251 1.573911 17
-45.049416 -744.824890 19.185310 17
-42.915604 -738.947632 0.962352 17
-43.339104 -738.699768 17.196165 17
-44.159607 -738.030518 0.697375 17
-44.340611 -737.001648 11.020220 17
-44.347115 -738.732422 -1.608718 17
-45.694733 -737.800476 11.064116 17
-44.153076 -737.113098 6.950457 17
-42.412815 -743.079041 17.717598 17
-45.664665 -745.629272 26.122963 17
-44.352837 -739.838806 21.614933 17
-43.114414 -739.065125 9.892789 17
-41.839882 -739.290955 9.036305 17
-42.739635 -741.010803 9.472095 17
-44.855518 -745.494873 22.453188 17
-43.668968 -737.208191 2.022744 17
-42.162018 -742.016846 13.967881 17
-41.967838 -739.646057 9.487682 17
-43.270782 -737.401611 -2.259117 17
-44.274830 -739.140991 12.519747 17
-44.084442 -739.514893 2.066465 17
-43.403427 -739.179871 -0.591054 17
-41.435104 -739.938293 9.935207 17
-43.566559 -739.701294 13.392382 17
-46.764214 -742.488770 16.866407 17
-43.612812 -739.714355 15.769518 17
-44.241108 -737.048706 8.757489 17
-43.842182 -744.900635 22.433657 17
-46.569691 -739.732361 22.433947 17
-45.806179 -742.642334 15.479712 17
-42.274601 -738.457153 -1.830136 17
-42.826927 -738.972900 2.559982 17
-48.216652 -744.326538 25.567150 17
-46.339203 -738.426880 11.140482 17
-44.246033 -741.487488 10.845208 17
-42.116234 -739.927551 8.190394 17
-45.125599 -740.102539 7.042246 17
-43.109207 -737.213928 1.938362 17
-42.052353 -742.297241 16.863281 17
-44.159702 -737.617981 3.896060 17
-47.372662 -738.726562 17.999659 17
-42.330002 -738.242432 5.322607 17
-44.650883 -739.079590 2.385126 17
-48.262020 -743.275391 25.635633 17
-44.257397 -739.572205 19.847582 17
-44.591942 -738.411438 2.199569 17
-45.883503 -737.341431 15.307117 17
-45.088894 -744.356201 17.897089 17
-45.300503 -744.481445 18.658459 17
-42.223396 -739.160095 6.878565 17
-46.912983 -745.649597 26.936930 17
-44.064438 -737.584656 -0.165228 17
-47.358196 -738.740356 16.786842 17
-42.732941 -739.368164 0.437333 17
-46.076191 -742.660889 15.844521 17
-42.674599 -739.331238 0.910422 17
-42.724323 -737.300476 1.423454 17
-43.484123 -739.530457 3.638337 17
-47.855148 -739.822083 19.295544 17
-42.566624 -738.002991 -2.128835 17
-47.514668 -739.001892 16.360785 17
-42.989235 -738.279846 9.143843 17
-47.897064 -741.779480 25.077244 17
-42.344036 -739.004395 4.821042 17
-44.345436 -741.067261 9.881119 17
-45.003864 -737.394348 10.444530 17
-42.764225 -742.071045 12.404943 17
-46.475925 -737.740356 17.779978 17
-46.224640 -737.878052 14.130446 17
-42.969475 -738.335388 7.905630 17
-43.115788 -739.834412 18.245903 17
-44.434559 -739.229736 0.857570 17
-44.678959 -738.534912 -1.031563 17
-47.913605 -740.661194 18.215443 17
-46.748440 -745.023682 27.091616 17
-44.063496 -737.794495 1.917100 17
-45.460049 -739.445251 8.546330 17
-42.091419 -740.446777 9.745778 17
-42.684834 -739.366211 4.534217 17
-43.844898 -737.565430 8.514265 17
-43.441135 -736.732239 2.403533 17
-44.348324 -739.917053 4.815423 17
-45.175121 -738.788818 6.878768 17
-48.392441 -743.788330 24.977348 17
-43.922832 -737.189514 6.205233 17
-43.089119 -737.749329 0.227058 17
-42.270226 -738.074524 -0.964213 17
-43.353935 -739.531860 14.149423 17
-42.958244 -737.108154 2.767910 17
-44.221905 -744.785828 23.778572 17
-42.985607 -737.522400 -1.733904 17
-44.976177 -737.342163 7.510845 17
-47.015568 -738.536255 19.856245 17
-42.749886 -743.231689 14.822811 17
-43.686840 -741.725037 10.575665 17
-45.386703 -743.632080 16.599298 17
-45.639103 -739.123779 9.084764 17
-45.016006 -745.219055 20.382767 17
-43.439606 -737.291077 3.837433 17
-43.127384 -737.627014 -0.502613 17
-43.088211 -738.636841 11.192472 17
-43.075935 -737.646790 6.017526 17
-47.798477 -739.857239 20.097916 17
-44.293983 -737.513000 1.220165 17
-42.628670 -738.497375 -2.175923 17
-47.747696 -739.463379 17.739035 17
-42.010715 -741.277588 10.994685 17
-44.033485 -737.796814 2.402923 17
-46.213284 -743.974915 18.991869 17
-44.677071 -736.956787 12.367407 17
-47.976398 -740.631348 21.060993 17
-45.899471 -743.575073 17.333904 17
-44.293350 -738.143616 -1.207884 17
-42.409897 -741.690369 11.595058 17
-47.166031 -746.044495 25.900797 17
-47.802345 -741.273743 18.735708 17
-43.939911 -742.801697 13.075821 17
-48.090668 -739.949402 17.734699 17
-44.177242 -737.459473 10.462214 17
-47.687347 -740.896179 24.037445 17
-46.279976 -745.627014 26.627632 17
-46.478382 -744.801453 20.672607 17
-46.149857 -743.273193 16.970325 17
-43.382683 -744.458801 20.162109 17
-43.291847 -737.086365 0.708768 17
-48.120735 -741.375916 23.332573 17
-48.246361 -741.282104 21.677048 17
-48.190128 -742.440857 22.760784 17
-42.692638 -738.240906 0.254871 17
-46.136829 -745.322815 21.848499 17
-42.235077 -740.314880 8.830029 17
-48.014763 -741.743347 19.880064 17
-44.364658 -738.514221 0.579279 17
-42.276897 -738.198608 4.592147 17
-42.623772 -738.601501 2.932175 17
-45.371658 -744.510620 25.573671 17
-42.323647 -739.315491 -1.890215 17
-42.685036 -737.876221 -1.723055 17
-44.446117 -739.417114 -1.624735 17
-47.553829 -740.209656 22.260414 17
-45.248318 -742.804199 14.170471 17
-42.197475 -738.035400 1.787297 17
-43.467350 -740.075317 17.899521 17
-43.028584 -738.599487 15.210409 17
-45.887161 -737.731750 13.336617 17
-43.579380 -737.101746 9.153167 17
-44.350037 -738.087280 1.685175 17
-45.716957 -741.757874 12.934741 17
-41.819401 -740.545044 11.861706 17
-48.091393 -742.928040 22.268415 17
-43.306389 -739.679749 19.607670 17
-46.300137 -743.601746 18.649137 17
-46.758202 -738.064148 17.963179 17
-44.865425 -745.071960 19.805067 17
-43.844608 -744.799255 21.351280 17
-43.688747 -739.006165 15.000591 17
-44.013927 -737.635742 0.459916 17
-44.489597 -738.034546 -2.095245 17
-45.076962 -743.585876 16.128128 17
-41.658997 -742.180054 15.451569 17
-45.731644 -741.232666 11.982368 17
-44.183056 -739.835876 22.532516 17
-43.501408 -739.872009 18.920015 17
-43.115959 -738.281921 5.913843 17
-48.170341 -743.441711 23.633768 17
-42.632477 -738.121094 0.896254 17
-43.481319 -739.246704 1.490426 17
-46.533791 -737.816101 15.660126 17
-46.030552 -744.548462 20.058596 17
-42.237518 -739.243408 6.078187 17
-45.930180 -737.860962 11.511802 17
-43.452679 -737.461731 6.782051 17
-44.310246 -740.073303 17.677612 17
-45.945419 -745.514587 22.283295 17
-43.522293 -739.797974 17.527386 17
-41.375004 -740.914917 12.436889 17
-44.990932 -740.043640 6.532214 17
-44.717430 -738.184509 3.621785 17
-44.996487 -745.582825 24.016867 17
-46.038174 -742.092285 13.656286 17
-46.500935 -739.768311 21.969654 17
-46.813992 -743.981201 19.962526 17
-47.422173 -738.850159 17.191545 17
-43.963413 -739.628906 3.590947 17
-44.343864 -742.649597 13.074086 17
-43.958698 -737.128906 5.740812 17
-43.230812 -744.283691 21.084034 17
-47.251965 -740.522705 15.532022 17
-47.068459 -742.627747 17.682760 17
-46.635948 -738.454407 12.789653 17
-47.427101 -744.037842 22.596245 17
-47.226692 -744.852844 22.441591 17
-44.362068 -737.420410 -1.536398 17
-48.184155 -744.084229 24.257828 17
-46.009563 -741.421021 12.348000 17
-46.512371 -738.173889 13.617086 17
-46.315689 -745.576416 22.691286 17
-45.996922 -738.738770 10.278276 17
-42.629040 -742.788452 15.385635 17
-42.404472 -739.166504 5.226105 17
-42.227512 -739.979736 6.573261 17
-47.631813 -739.205078 18.680975 17
-43.878742 -739.947021 17.245981 17
-43.806774 -742.407471 12.365019 17
-46.886272 -743.163574 18.241846 17
-43.442650 -737.233459 7.959022 17
-42.365227 -742.396606 14.663435 17
-43.127579 -739.275391 15.778955 17
-43.720455 -738.871094 12.086762 17
-47.865368 -739.851868 18.512730 17
-43.452255 -737.203064 0.050965 17
-43.168968 -738.117188 9.888819 17
-48.220505 -741.675659 22.909121 17
-44.135075 -737.194580 -1.154841 17
-43.509338 -739.273865 -1.560858 17
-43.979046 -740.872559 8.018478 17
-45.696945 -738.309998 9.569657 17
-43.984257 -736.856812 1.021596 17
-45.688278 -743.249512 16.525024 17
-45.937649 -737.532410 16.132172 17
-43.424801 -739.855530 20.565722 17
-43.230022 -738.455688 13.100490 17
-42.753006 -738.201111 -0.515657 17
-43.093521 -737.880859 4.432882 17
-44.789581 -737.202087 6.473483 17
-44.508835 -740.798523 9.213172 17
-43.485771 -736.983154 -0.337587 17
-43.969997 -740.418457 22.686373 17
-42.841568 -738.081421 3.572978 17
-48.288525 -742.426575 24.992689 17
-42.269760 -741.676514 12.202774 17
-47.823009 -744.824280 24.992016 17
-45.659763 -742.226562 13.835481 17
-42.358540 -738.671021 1.517844 17
-44.311832 -739.300110 -0.299989 17
-43.192940 -737.427246 4.402020 17
-42.286228 -738.454895 -1.169748 17
-47.510719 -740.362488 22.842609 17
-45.735435 -745.850098 23.547836 17
-42.926014 -739.702637 5.007009 17
-42.792667 -739.481628 -0.965931 17
-45.690224 -741.541626 11.508585 17
-47.926498 -740.835510 18.613071 17
-42.487129 -741.887756 13.160461 17
-41.917496 -741.648254 13.534728 17
-45.098660 -737.381226 11.008362 17
-44.285370 -737.362854 -2.267598 17
-43.463104 -739.612427 9.725503 17
-45.952557 -738.258423 10.779641 17
-44.779194 -741.150757 10.419278 17
-47.086998 -738.367004 16.736971 17
-47.838818 -742.589050 25.816179 17
-47.676579 -739.456787 19.236225 17
-45.181496 -737.559998 8.561352 17
-45.595901 -737.693298 10.164483 17
-43.565731 -739.978577 22.121176 17
-47.005676 -738.737732 21.032940 17
-45.140263 -740.362549 7.593592 17
-42.601513 -738.708740 5.870511 17
-42.981815 -738.807678 7.181816 17
-48.550194 -742.031128 22.163584 17
-43.535717 -737.000122 -1.428025 17
-42.238029 -738.993469 7.299718 17
-45.476994 -737.916199 9.147253 17
-46.186188 -741.841431 14.282317 17
-47.875324 -740.997498 22.088379 17
-42.938152 -737.857910 1.981744 17
-42.536671 -738.266968 4.920883 17
-47.510311 -744.867126 23.270775 17
-47.105732 -738.516052 19.361702 17
-48.275208 -742.508667 24.119341 17
-47.393867 -743.876709 26.772312 17
-44.646889 -745.140564 23.814610 17
-44.971375 -745.586060 22.986164 17
-43.216530 -737.878479 5.260581 17
-45.226601 -741.013000 9.307420 17
-45.234108 -738.406250 6.007597 17
-44.461502 -742.941284 13.860273 17
-44.169437 -739.203491 -1.315099 17
-45.949085 -745.816467 23.062117 17
-47.020267 -741.059265 24.546051 17
-45.452911 -740.261536 9.564697 17
-43.287678 -738.263916 11.259660 17
-44.754211 -737.351685 9.718917 17
-41.735146 -739.583252 8.742504 17
-43.504379 -739.412537 21.746429 17
-47.225014 -742.259705 17.503284 17
-46.651192 -738.175659 14.433492 17
-42.590145 -742.710205 13.743672 17
-46.158779 -742.423523 14.616099 17
-47.095871 -738.330688 16.026100 17
-45.857937 -744.242920 18.968378 17
-43.437553 -739.862061 21.577852 17
-43.183411 -739.142700 18.915064 17
-46.222355 -737.524292 16.504879 17
-43.307854 -739.553223 15.438196 17
-47.698189 -745.076477 24.521570 17
-43.509361 -744.332764 19.371374 17
-41.821064 -740.461121 10.419240 17
-46.408363 -742.382751 15.752084 17
-44.319717 -737.392395 5.536931 17
-45.348789 -745.825256 24.212761 17
-44.995296 -737.252869 12.282687 17
-43.972466 -744.907654 19.636698 17
-44.434208 -739.227295 14.535947 17
-47.718147 -739.437866 15.692364 17
-45.696644 -744.367493 19.397236 17
-43.354614 -742.522888 12.897131 17
-46.193771 -737.934814 12.866563 17
-46.201031 -743.444824 17.898872 17
-43.883289 -737.189514 7.848522 17
-48.156002 -742.007263 23.729271 17
-48.165897 -741.397949 22.496325 17
-48.231438 -744.194092 25.084721 17
-43.256191 -739.063843 0.639254 17
-42.528454 -738.762695 -1.860402 17
-42.370079 -738.314636 2.221736 17
-47.586456 -739.768494 21.174942 17
-41.844322 -741.863342 15.171506 17
-43.190193 -738.834229 15.906936 17
-44.407284 -737.996948 3.183513 17
-41.847244 -740.000488 9.656297 17
-47.846420 -744.135742 23.308218 17
-45.931999 -737.091614 15.626636 17
-43.274944 -740.095276 5.960115 17
-44.999744 -737.547485 7.872408 17
-43.717598 -739.706909 14.274766 17
-45.737553 -744.787964 20.294518 17
-46.657070 -742.770142 17.277531 17
-44.438648 -739.517822 0.405365 17
-43.094788 -741.399353 10.261700 17
-47.816246 -739.498779 17.005379 17
-45.411098 -738.569702 7.220361 17
-43.304058 -743.254822 15.002496 17
-41.302124 -740.321167 10.910711 17
-47.566589 -739.169739 14.979350 17
-43.025723 -739.062744 0.193108 17
-44.787388 -738.136108 4.181360 17
-44.072372 -739.127747 12.113147 17
-45.442516 -741.228333 10.226660 17
-45.445972 -744.777161 19.324997 17
-44.109913 -737.159180 -0.285628 17
-48.245941 -740.357788 18.830786 17
-43.002869 -742.872314 14.277694 17
-45.168404 -743.143494 15.323017 17
-46.632828 -737.812927 17.110250 17
-46.973545 -739.385742 13.416906 17
-43.457581 -739.394165 3.035269 17
-44.332340 -738.249146 -1.603781 17
-45.361771 -741.000244 10.670858 17
-42.581398 -738.566223 0.663116 17
-45.650993 -739.645630 9.463986 17
-45.695034 -740.408569 10.488429 17
-43.400028 -744.118652 21.471710 17
-42.342426 -738.304077 3.333244 17
-44.843410 -738.645630 0.953984 17
-44.937435 -742.782288 14.592519 17
-42.306255 -739.687439 6.859639 17
-43.344246 -739.582092 4.041793 17
-47.114826 -739.567932 21.685884 17
-43.640881 -738.235535 10.165196 17
-41.604877 -740.506775 12.240449 17
-42.857269 -742.289124 12.748099 17
-42.603592 -737.832764 3.255177 17
-42.968658 -743.716248 18.090527 17
-45.494347 -743.368835 15.837197 17
-44.152245 -739.581726 0.920637 17
-43.571552 -744.559998 18.590305 17
-44.351025 -738.706482 -0.822627 17
-47.102459 -740.152832 23.395844 17
-42.159935 -739.005310 6.472960 17
-46.206623 -744.952332 21.526875 17
-46.992443 -743.739441 19.514544 17
-45.994011 -741.649048 13.496039 17
-43.408817 -737.335938 4.896159 17
-46.949425 -738.844910 20.613190 17
-45.997253 -746.023499 24.771372 17
-43.266621 -738.247620 10.679160 17
-43.127037 -740.210327 6.429055 17
-42.989483 -743.965515 20.318438 17
-43.749035 -739.237305 18.956009 17
-41.469982 -741.300537 13.423426 17
-47.699806 -740.394653 16.898434 17
-46.715424 -741.018677 14.472159 17
-43.407124 -736.795349 2.985995 17
-42.827099 -743.841248 18.835125 17
-42.912205 -743.417297 15.739897 17
-43.174824 -739.153687 12.793994 17
-44.786247 -739.677368 4.429551 17
-44.300179 -739.724243 20.666063 17
-44.138618 -740.320374 21.352554 17
-48.273540 -744.067566 26.287861 17
-42.371422 -738.901001 -0.809063 17
-48.155998 -740.147766 18.260824 17
-48.484417 -742.153381 23.411028 17
-41.971966 -741.929321 16.057137 17
-42.727215 -739.440735 -1.433774 17
-42.635445 -737.873474 2.609175 17
-45.225105 -745.336731 25.442261 17
-46.628757 -740.039978 23.141542 17
-45.061405 -744.536072 18.279833 17
-42.430943 -738.081055 -0.248803 17
-43.211567 -739.211670 9.100967 17
-42.017673 -739.336182 7.571029 17
-44.785366 -739.420471 20.124451 17
-47.409882 -738.829041 15.986458 17
-44.251049 -745.106812 20.569391 17
-46.821438 -741.774597 15.580965 17
-45.587700 -737.581421 12.261574 17
-44.440399 -740.778320 23.149155 17
-46.381691 -746.173706 25.583982 17
-42.044712 -742.479370 16.439894 17
-42.364403 -738.325562 2.657666 17
-46.550747 -743.111450 17.844896 17
-45.096611 -738.467041 6.523129 17
-43.221405 -739.556458 18.787895 17
-43.858845 -737.179504 8.324018 17
-47.776863 -743.009216 20.393568 17
-44.717239 -738.586670 3.526877 17
-43.858410 -738.930176 11.363584 17
-42.530846 -738.368225 3.745420 17
-44.126247 -740.796692 8.383981 17
-45.244827 -741.581909 12.030957 17
-47.279160 -742.571716 25.763208 17
-44.502838 -738.685303 0.181609 17
-42.878609 -737.175720 3.679363 17
-47.829117 -744.246521 24.534433 17
-45.954102 -746.016357 25.215374 17
-44.172104 -737.468994 4.661885 17
-48.178001 -742.013123 24.815269 17
-47.011547 -738.302490 17.562216 17
-43.334713 -738.357910 11.953468 17
-46.922829 -738.441956 14.192812 17
-47.789684 -744.625061 24.148996 17
-43.475971 -743.129822 14.437884 17
-46.585850 -737.981323 16.157858 17
-42.863976 -739.089905 16.759045 17
-48.066818 -744.064697 23.861082 17
-41.942406 -739.580872 8.307057 17
-47.919079 -745.799744 27.411978 17
-48.247818 -742.526489 21.817509 17
-43.491623 -739.827454 16.766415 17
-45.610802 -745.675049 22.409983 17
-47.940342 -743.166016 21.259676 17
-46.960064 -743.473450 18.922729 17
-46.502289 -738.583984 12.425089 17
-43.379208 -740.855042 8.414428 17
-44.322311 -742.092163 12.421153 17
-41.824768 -739.827759 10.172338 17
-44.402161 -738.287537 1.310842 17
-44.097404 -737.250549 0.832869 17
-45.002373 -740.758484 8.033411 17
-43.994026 -739.332153 15.192798 17
-47.265091 -740.508728 23.943932 17
-41.427059 -741.651367 14.147553 17
-42.656399 -739.239563 -0.409183 17
-46.601254 -744.686462 21.091320 17
-44.236816 -740.121887 19.058027 17
-42.052242 -741.282898 11.383782 17
-45.332912 -739.304077 7.592614 17
-46.571785 -740.564819 13.113627 17
-42.754337 -740.095337 6.623209 17
-44.372395 -737.919861 2.585018 17
-47.172543 -739.244263 14.157746 17
-42.852631 -738.949768 -1.705499 17
-43.173279 -738.501038 13.630720 17
-44.305843 -737.222900 11.882537 17
-45.926910 -739.543823 10.448983 17
-42.656364 -738.294189 1.433307 17
-44.191223 -739.143066 13.207763 17
-44.300827 -737.108337 7.923820 17
-43.760708 -739.176270 18.084721 17
-46.252197 -738.232971 11.499347 17
-42.958248 -738.895020 6.787088 17
-47.035305 -745.307800 27.338911 17
-43.673260 -738.320984 10.903990 17
-42.691437 -737.898376 5.517095 17
-42.461929 -740.245789 7.863349 17
-47.872112 -740.066528 20.485239 17
-48.247238 -743.108582 23.198668 17
-42.418812 -742.772461 18.343552 17
-42.235485 -742.777405 17.419239 17
-44.394688 -742.274170 12.879461 17
-48.191898 -742.333130 21.382664 17
-47.366184 -741.693726 17.345644 17
-43.840820 -740.309570 22.223103 17
-46.425766 -744.509766 20.408865 17
-43.876194 -737.337341 3.808345 17
-44.664783 -737.344543 8.360965 17
-44.086956 -736.935913 -0.794317 17
-44.816380 -745.294678 21.268747 17
-46.690533 -740.173218 12.955363 17
-43.275734 -739.159363 18.059412 17
-43.205513 -738.430603 12.429123 17
-44.927689 -739.411316 5.114882 17
-46.269249 -738.995300 11.375380 17
-42.268867 -738.499390 5.628684 17
-45.931335 -744.968018 21.225859 17
-45.901802 -740.567139 11.149882 17
-43.378960 -738.901550 16.518593 17
-43.567032 -738.800049 17.553680 17
-48.156322 -740.358459 19.721674 17
-42.588081 -741.380737 10.852304 17
-48.069450 -742.487366 25.480833 17
-43.170395 -739.798767 16.507624 17
-45.787430 -738.752625 9.633682 17
-47.337715 -745.737610 25.745373 17
-48.141136 -741.357178 19.836729 17
-44.796307 -745.263550 23.208931 17
-44.360279 -740.178162 24.688360 17
-44.013546 -737.673035 1.011422 17
-43.428608 -737.545288 7.200619 17
-42.551868 -742.233154 14.297969 17
-45.440388 -739.020325 8.270242 17
-45.262299 -741.584778 11.495859 17
-45.300137 -738.144043 7.272204 17
-43.125118 -738.189026 6.972126 17
-42.724339 -741.626221 11.206428 17
-43.740093 -739.323425 -1.870375 17
-46.464298 -740.134216 12.350938 17
-45.996338 -744.338135 19.731686 17
-42.621567 -737.684387 5.847795 17
-43.825756 -737.333496 -1.391348 17
-44.054974 -737.433533 5.040669 17
-44.713108 -739.041748 2.788938 17
-44.138313 -737.038086 10.686858 17
-46.499584 -743.916260 19.246166 17
-46.940765 -739.883118 22.657932 17
-44.343693 -745.140686 22.828558 17
-45.538563 -745.352478 21.627350 17
-43.870358 -737.373352 -2.152915 17
-44.248837 -741.808228 11.048728 17
-43.369038 -739.397888 8.435760 17
-46.173309 -740.742310 11.955905 17
-42.680008 -740.215881 7.214998 17
-42.261753 -738.001282 0.899298 17
-44.561470 -741.701965 11.591398 17
-42.160683 -742.554199 15.709229 17
-44.834015 -739.135864 3.980878 17
-45.949047 -744.814819 26.194046 17
-46.913555 -745.046936 22.724039 17
-46.787514 -745.884338 26.592705 17
-44.377899 -738.206238 -0.162551 17
-47.708286 -742.014893 25.328035 17
-43.432766 -738.832520 18.476297 17
-45.536804 -737.088989 15.139529 17
-45.245960 -745.511780 22.085823 17
-47.050873 -741.122009 15.022795 17
-42.251678 -739.706482 5.425000 17
-42.896149 -737.387512 0.536036 17
-46.443871 -738.050659 18.983866 17
-47.856388 -743.461975 21.992733 17
-45.560261 -745.007690 25.675255 17
-46.260334 -745.324402 27.296766 17
-47.489609 -739.335144 20.492014 17
-46.992096 -745.291260 23.050066 17
-44.008606 -744.926636 23.232750 17
-47.181042 -739.867859 22.279734 17
-42.557926 -739.095459 -1.159100 17
-46.678253 -745.602234 23.232485 17
-45.944996 -738.141235 9.800242 17
-46.162991 -744.950623 26.725569 17
-44.806335 -737.242737 13.160402 17
-47.600380 -743.044922 20.038786 17
-46.737244 -740.924744 14.017280 17
-44.001854 -739.391541 -0.962945 17
-46.724636 -742.427551 16.272297 17
-47.064716 -740.136780 22.956524 17
-47.734287 -745.105957 27.411469 17
-44.864899 -737.255737 9.094624 17
-42.775539 -737.497009 2.335562 17
-46.290417 -738.092773 12.229478 17
-45.057537 -741.239258 10.927723 17
-43.959282 -737.631775 3.244761 17
-47.651909 -739.495422 20.102970 17
-47.194515 -743.653381 20.335878 17
-45.733059 -737.226013 14.446474 17
-42.324780 -740.930481 10.254811 17
-43.756359 -737.182251 9.715112 17
-43.272289 -739.370178 20.254288 17
-45.690437 -744.234558 18.587650 17
-42.015465 -741.100647 10.416499 17
-43.924980 -744.593079 19.295111 17
-43.505981 -737.129761 3.423572 17
-45.366467 -745.067017 20.590294 17
-45.375374 -745.718384 25.115257 17
-43.669945 -741.204590 8.856365 17
-42.251381 -740.501648 9.181073 17
-46.990982 -740.361694 14.153276 17
-44.656059 -739.325317 15.691666 17
-44.415249 -740.118286 18.396854 17
-41.981304 -740.005371 9.027073 17
-43.487770 -742.849121 13.674778 17
-47.510620 -741.986877 18.253355 17
-43.318523 -740.223083 21.275146 17
-42.593258 -737.806580 -1.362270 17
-42.935280 -744.020935 19.592943 17
-44.146259 -737.512451 2.149077 17
-48.289661 -741.760925 22.136690 17
-42.940624 -738.539307 9.398545 17
-43.406738 -737.810913 5.943398 17
-44.563488 -739.602356 3.099924 17
-44.483517 -739.893677 15.404678 17
-43.578529 -739.265686 -0.117140 17
-44.363445 -738.520020 -1.266509 17
-48.171696 -744.794617 26.248093 17
-47.939293 -743.505310 26.341528 17
-44.632576 -738.299011 0.422357 17
-44.746845 -744.053650 16.721903 17
-46.972904 -739.038635 13.730857 17
-44.352085 -743.097168 14.264627 17
-42.261089 -739.871155 7.181187 17
-46.240841 -740.279297 11.695953 17
-45.157722 -744.479614 25.253412 17
-42.590046 -738.786499 6.307817 17
-43.133106 -737.781860 3.632923 17
-45.573128 -738.255798 8.973657 17
-46.701172 -744.235535 20.409792 17
-46.883709 -738.669128 13.193787 17
-46.427040 -741.369629 13.844595 17
-43.465397 -737.189697 1.670028 17
-47.208427 -738.891357 19.995642 17
-43.598900 -736.762817 0.514052 17
-46.057289 -737.374084 17.180588 17
-43.990822 -743.950867 22.859411 17
-45.080853 -740.506714 8.993695 17
-47.608658 -739.351379 16.437155 17
-43.484543 -736.695435 1.521719 17
-46.302708 -745.992737 24.073372 17
-46.366856 -739.515686 11.808075 17
-44.659344 -738.244446 -1.802393 17
-46.812733 -744.785278 21.987087 17
-47.328526 -740.162415 15.414503 17
-47.640720 -745.311340 26.983381 17
-42.938560 -737.314026 -0.641876 17
-48.078274 -741.154541 19.365725 17
-41.473156 -741.804504 14.588310 17
-44.386459 -737.829834 0.458666 17
-43.041260 -737.721191 0.755936 17
-43.487637 -739.580078 22.100683 17
-45.095783 -737.144165 9.892507 17
-43.396137 -739.935181 22.934158 17
-42.381523 -739.213196 0.392440 17
-47.954575 -744.633728 25.552750 17
-43.235817 -740.106384 20.349033 17
-45.006004 -738.194641 5.367359 17
-44.361801 -744.438599 17.821140 17
-44.795250 -738.528503 2.910393 17
-45.430141 -740.409424 8.856893 17
-43.352333 -741.602905 10.747302 17
-46.357571 -737.836243 18.335384 17
-43.029346 -739.238708 3.041311 17
-48.528931 -743.204102 24.835361 17
-47.067829 -740.416748 14.770569 17
-46.918465 -744.119934 20.785915 17
-43.311687 -737.378662 -0.281860 17
-45.116192 -740.987122 10.294161 17
-43.084599 -738.889343 11.492777 17
-43.044235 -740.676147 8.053013 17
-41.718449 -741.037048 12.528013 17
-44.381535 -737.305542 7.460349 17
-44.555958 -744.719910 24.800974 17
-46.015594 -737.563965 14.651220 17
-45.168575 -745.668884 23.300568 17
-44.473026 -737.888794 0.050622 17
-43.108521 -738.355164 8.620059 17
-42.205269 -740.265076 8.450575 17
-43.008820 -739.585388 -1.612208 17
-43.529190 -737.202515 5.230650 17
-44.977276 -737.903870 6.020030 17
-43.124474 -739.070618 1.604407 17
-46.356659 -740.729431 12.471512 17
-44.914700 -740.024231 22.002802 17
-48.009312 -740.655640 22.042208 17
-44.444210 -738.908325 0.549826 17
-46.458229 -745.036621 22.008560 17
-45.990658 -744.868958 20.809793 17
-42.247303 -739.037537 7.697810 17
-43.670364 -739.820374 4.786386 17
-46.626205 -745.311646 22.455835 17
-44.224689 -737.629272 1.616151 17
-46.597507 -738.024719 14.824839 17
-43.129921 -739.696167 21.177044 17
-42.177082 -738.059692 -1.902669 17
-46.880470 -744.578735 21.679232 17
-43.916855 -740.148376 20.282532 17
-44.126228 -737.087524 9.224057 17
-42.436111 -738.907654 3.288278 17
-43.608860 -744.545105 21.933403 17
-43.488857 -740.142517 18.533955 17
-43.478073 -740.193298 20.033051 17
-44.830620 -739.471191 15.097659 17
-42.732914 -738.738098 1.755400 17
-42.527420 -739.006836 0.736139 17
-47.947826 -741.036682 23.284012 17
-46.395950 -743.004272 16.537960 17
-47.162674 -743.142212 19.001497 17
-43.293999 -743.361877 15.431377 17
-44.450851 -739.790955 2.742762 17
-43.333336 -739.519287 10.419147 17
-48.300072 -742.616089 23.741140 17
-45.182602 -745.422485 21.715155 17
-43.374016 -739.440063 11.211351 17
-41.910587 -741.418152 14.065973 17
-43.458210 -738.412659 14.507743 17
-48.320808 -742.056458 22.858522 17
-44.477871 -743.448364 15.007428 17
-47.054550 -738.581970 14.946930 17
-45.178059 -740.772339 9.761161 17
-43.350937 -744.172241 18.084904 17
-47.731117 -739.479370 18.447178 17
-43.020988 -738.386780 10.444963 17
-43.736778 -740.399231 6.941411 17
-47.174843 -741.439575 15.821211 17
-44.497162 -737.260010 10.443467 17
-48.472588 -743.339905 23.964230 17
-43.226944 -738.070801 8.386085 17
-43.608059 -737.345215 6.325317 17
-45.513123 -745.239624 21.165524 17
-42.583271 -742.981323 16.202528 17
-47.867405 -743.779297 23.183807 17
-42.829594 -738.901917 15.334877 17
-46.371101 -744.175659 19.727615 17
-47.307560 -744.197327 27.346739 17
-42.595242 -739.060120 7.035643 17
-46.946270 -745.384827 23.772974 17
-42.701954 -739.235352 1.464225 17
-43.174603 -739.223694 19.465567 17
-47.192131 -739.009766 20.342163 17
-44.499226 -739.944092 16.207006 17
-45.245556 -737.296448 13.006271 17
-47.586109 -745.255615 25.275755 17
-46.069782 -738.800537 10.691863 17
-43.468777 -738.684937 16.821079 17
-43.852459 -742.861145 13.417970 17
-42.749321 -738.816956 -0.870109 17
-44.900009 -737.257263 6.852110 17
-43.519085 -739.023499 19.830914 17
-47.755024 -739.842407 20.839012 17
-44.791290 -743.580444 15.619970 17
-47.839447 -744.293579 27.073696 17
-44.343193 -745.240112 20.896463 17
-42.033669 -741.632935 12.657649 17
-43.898472 -744.749695 22.098980 17
-44.737823 -741.794250 11.977001 17
-48.341919 -743.791809 24.429399 17
-44.378716 -738.913391 -1.919442 17
-43.300835 -737.466309 5.735110 17
-45.046013 -745.071899 25.134798 17
-43.119446 -739.237976 12.173869 17
-47.218754 -739.224182 21.061474 17
-47.076542 -741.605530 25.235538 17
-47.942356 -740.804626 22.713081 17
-43.080151 -739.163574 2.386561 17
-45.565926 -743.104248 15.585619 17
-44.805679 -738.311890 4.831297 17
-46.767651 -743.524597 19.278639 17
-44.452396 -739.281372 1.459394 17
-45.280407 -742.794617 15.012901 17
-44.538662 -739.917236 3.695911 17
-43.148449 -739.216980 7.387945 17
-42.806774 -743.031128 15.714423 17
-47.191162 -743.350586 19.624933 17
-41.960190 -741.207947 12.091905 17
-44.011219 -736.888794 -1.908275 17
-45.682281 -745.913574 23.881107 17
-43.360920 -739.856934 22.394175 17
-44.682060 -740.101196 5.175218 17
-41.465321 -740.654175 11.635636 17
-42.124634 -740.897400 9.728110 17
-44.873280 -738.713806 1.623256 17
-44.005203 -744.817871 20.543442 17
-42.943684 -738.481018 8.302728 17
-46.193291 -742.763855 16.161303 17
-47.881931 -744.405945 24.853096 17
-43.486153 -737.380676 4.178617 17
-44.241428 -744.400757 23.795031 17
-45.817810 -743.960571 17.553617 17
-43.483585 -737.687012 5.475062 17
-42.557491 -738.589294 -1.536897 17
-44.742382 -740.303467 6.417709 17
-45.907230 -737.235168 16.352480 17
-48.087662 -743.179138 21.991255 17
-44.698826 -741.974365 12.361201 17
-43.266857 -741.319763 9.891084 17
-42.380680 -740.924255 9.029202 17
-45.799183 -739.942017 10.072070 17
-43.922504 -739.366821 15.650796 17
-44.646599 -741.189575 10.076368 17
-47.711491 -742.455383 19.255499 17
-42.763687 -742.857544 14.826830 17
-44.144943 -739.436462 1.362921 17
-46.585873 -745.700195 27.091471 17
-45.425735 -738.592163 8.355937 17
-44.940601 -737.523987 7.180046 17
-43.571846 -742.205872 12.098609 17
-46.971943 -741.942871 16.249231 17
-45.329071 -737.930115 8.460530 17
-44.050491 -737.177124 11.251836 17
-42.579437 -738.664185 -0.416129 17
-47.365879 -738.802917 19.245762 17
-43.137310 -739.299927 17.049463 17
-42.492088 -740.606384 8.852499 17
-42.521175 -743.710266 19.866501 17
-43.670208 -737.118530 2.644051 17
-46.966454 -746.203247 26.183773 17
-47.182564 -742.932495 26.101038 17
-44.640217 -740.908020 9.597158 17
-42.587910 -738.629944 0.300730 17
-43.858826 -737.296021 -0.684835 17
-44.494576 -737.205627 11.563419 17
-43.108871 -739.098572 13.193062 17
-45.425686 -741.395447 11.742742 17
-45.347797 -739.609436 7.810468 17
-48.049644 -740.976685 20.045378 17
-42.931465 -738.713745 7.759689 17
-44.801575 -740.601562 8.691923 17
-47.821587 -744.713135 26.777426 17
-47.056873 -742.182739 16.847727 17
-47.456848 -741.348755 25.058645 17
-44.170979 -740.203552 19.804903 17
-43.122639 -739.766785 16.942289 17
-46.203903 -741.520996 13.189512 17
-42.074963 -739.702271 7.619687 17
-47.771255 -745.097961 26.711599 17
-43.078171 -738.971130 14.575975 17
-47.652809 -744.315369 22.774193 17
-46.542400 -739.340942 21.414150 17
-44.454094 -739.164551 13.922381 17
-44.460716 -737.308289 8.656714 17
-45.582989 -745.696960 22.797987 17
-42.643494 -743.531433 18.110750 17
-42.578705 -743.355042 18.611233 17
-43.554489 -739.944092 19.779675 17
-47.832787 -740.437439 17.608011 17
-46.704197 -737.872253 18.765493 17
-48.088089 -743.246399 22.878843 17
-43.521908 -737.320557 8.290923 17
-47.349285 -742.100159 25.340092 17
-43.069550 -742.149719 12.218237 17
-47.967262 -743.008972 20.956532 17
-47.173210 -740.067261 14.804055 17
-44.916706 -737.950195 6.545033 17
-43.046009 -738.885498 11.988170 17
-44.323910 -737.943604 1.035202 17
-43.148422 -739.837036 17.531298 17
-43.725941 -739.370361 21.422470 17
-44.385567 -737.632507 -0.634055 17
-45.093533 -737.186707 8.614695 17
-43.432354 -739.515564 11.787829 17
-46.420673 -745.811584 23.587896 17
-43.188751 -737.101196 5.508598 17
-44.684170 -745.044128 24.493225 17
-46.645859 -739.020630 12.601585 17
-44.432877 -740.603943 24.139025 17
-41.625885 -740.809082 12.978271 17
-43.986492 -737.301514 9.472966 17
-46.421062 -740.722046 13.393335 17
-44.800941 -745.385925 24.809319 17
-42.690937 -743.672974 19.175144 17
-47.431873 -739.537598 14.956285 17
-42.573044 -743.191284 16.968410 17
-47.770504 -745.374390 26.239870 17
-45.347034 -738.954956 7.671563 17
-47.408215 -740.999451 16.784046 17
-43.069950 -737.669617 -0.119580 17
-43.884342 -739.674316 23.963465 17
-47.162659 -745.136597 23.320461 17
-44.049179 -737.539001 2.661660 17
-43.249542 -736.946655 4.071993 17
-43.298550 -737.498718 -1.540955 17
-45.654053 -743.786621 16.939697 17
-45.466290 -744.797729 19.938643 17
-46.734955 -738.089661 15.454031 17
-45.086246 -737.061157 12.000107 17
-47.507595 -742.559570 18.963837 17
-42.644543 -743.155762 17.393812 17
-42.092419 -742.575439 16.053856 17
-47.295303 -743.099976 19.384995 17
-43.374622 -737.115173 -1.048240 17
-47.439407 -744.675476 22.860622 17
-45.088428 -739.491882 6.469759 17
-44.071724 -737.254822 0.482694 17
-43.574337 -739.873108 14.910940 17
-44.876453 -742.243774 12.966338 17
-47.842068 -740.911682 17.939568 17
-44.606373 -737.763000 5.187427 17
-41.714943 -739.414429 9.456285 17
-42.683052 -738.247009 3.303352 17
-44.557819 -740.557983 7.280229 17
-47.286652 -742.602844 18.330246 17
-45.575027 -740.810852 9.859844 17
-43.164536 -739.140991 10.306779 17
-45.352547 -737.510986 10.367311 17
-47.807804 -740.041504 17.552423 17
-43.749477 -743.579651 15.485411 17
-44.121094 -739.754639 21.874617 17
-47.394520 -745.513611 24.892422 17
-46.559658 -743.152283 17.384594 17
-44.159363 -737.834167 0.199273 17
-46.477005 -742.391296 15.274500 17
-43.404598 -739.244812 1.848247 17
-48.167034 -744.223877 26.599586 17
-41.908333 -742.000061 14.676463 17
-41.576057 -740.204529 10.528947 17
-42.102959 -739.506042 8.957256 17
-48.368004 -741.061646 20.506634 17
-45.843040 -743.106384 16.227070 17
-45.528542 -739.893921 8.965671 17
-46.946194 -738.237915 18.217855 17
-47.029495 -742.844849 18.481308 17
-43.908649 -737.408936 10.197954 17
-45.634480 -737.835205 9.470808 17
-44.871754 -739.413086 14.361057 17
-45.641186 -737.345520 14.134134 17
-44.829899 -738.646057 4.329456 17
-48.340199 -742.203369 22.420248 17
-46.682350 -738.244629 19.716415 17
-44.213531 -737.594604 -2.012788 17
-46.066704 -739.166321 10.769925 17
-47.435032 -741.543335 17.689709 17
-42.546112 -739.858093 6.433264 17
-42.993343 -738.641907 12.657624 17
-42.538921 -743.088074 19.027559 17
-45.981972 -741.773926 12.705749 17
-44.508591 -745.274048 21.957499 17
-47.266624 -740.831299 16.085081 17
-43.190319 -738.224121 9.554853 17
-47.728580 -739.948608 16.524303 17
-42.969009 -738.870850 8.554299 17
-44.556076 -738.625793 1.336102 17
-46.450760 -738.185791 12.919602 17
-43.103077 -739.089417 14.920912 17
-42.377735 -743.482239 18.926918 17
-47.737030 -741.720459 19.410051 17
-41.632904 -739.889709 10.688531 17
-43.760895 -739.264648 -0.757119 17
-43.147926 -737.491516 2.971613 17
-47.326752 -745.138489 23.939281 17
-44.747044 -744.908264 19.028894 17
-42.559689 -742.135193 12.914608 17
-41.822109 -739.207336 8.331654 17
-45.488235 -741.896484 13.147525 17
-43.623947 -739.468323 2.757843 17
-44.314182 -737.292786 9.837316 17
-44.569298 -740.592224 7.706477 17
-43.780052 -740.147949 23.610126 17
-42.849102 -738.267212 11.693203 17
-46.179104 -739.558411 11.145833 17
-47.389240 -743.475464 26.374811 17
-47.615940 -739.600952 16.159668 17
-42.292446 -741.836365 11.891891 17
-42.479675 -738.016235 -0.646551 17
-42.333267 -737.917114 4.019423 17
-43.660912 -738.680725 12.531628 17
-41.852417 -741.133789 13.435412 17
-45.688343 -745.147949 26.650328 17
-47.947830 -740.686584 20.417439 17
-47.574986 -743.861877 21.564449 17
-43.503284 -739.710327 16.148140 17
-47.449047 -739.733093 21.554293 17
-47.880386 -744.905151 25.732738 17
-44.181892 -740.606079 23.308210 17
-42.375248 -742.563660 15.281374 17
-42.753574 -738.136963 -1.485166 17
-42.863560 -738.098816 5.775742 17
-43.762020 -739.181702 20.642265 17
-46.242817 -745.994263 26.049574 17
-42.871487 -738.055481 -1.978090 17
-45.315834 -740.177917 8.270750 17
-43.062519 -740.460999 7.399952 17
-45.083313 -740.694580 8.369110 17
-44.345448 -737.479614 -1.079055 17
-41.861355 -742.112976 15.771227 17
-42.937416 -739.515747 4.357345 17
-43.739525 -740.215881 21.929226 17
-47.202129 -744.487122 21.567043 17
-42.435966 -738.039062 0.372804 17
-47.391075 -743.328064 20.027271 17
-42.843109 -737.302246 3.355357 17
-47.654064 -744.234924 23.666042 17
-43.221237 -739.505981 18.270241 17
-46.752647 -737.947754 19.364758 17
-45.102291 -741.183228 9.999474 17
-43.024467 -739.487305 19.649286 17
-47.384521 -740.572632 16.267611 17
-48.139179 -740.696838 21.355661 17
-45.963531 -741.941345 13.967360 17
-45.725723 -740.719543 10.330947 17
-43.874699 -739.757874 22.652401 17
-42.762741 -738.969543 16.069670 17
-42.886806 -738.954651 -1.323570 17
-44.521275 -737.654358 4.650349 17
-42.817406 -739.051880 3.321011 17
-43.462090 -739.782471 12.447573 17
-44.217884 -736.975647 -1.646137 17
-43.424370 -739.665283 21.003906 17
-44.548225 -740.089355 16.891073 17
-43.093437 -738.764282 15.516314 17
-44.993793 -737.141174 14.238036 17
-46.382484 -738.969421 11.711207 17
-44.198521 -739.429565 16.256767 17
-43.646027 -736.949463 2.229235 17
-45.468414 -737.038025 13.973339 17
-42.913506 -738.401062 6.452085 17
-43.928215 -737.477539 1.533634 17
-45.419392 -737.489807 11.967983 17
-45.571423 -738.783630 8.931452 17
-44.292278 -736.895935 12.022538 17
-47.519104 -743.555542 20.960001 17
-46.831516 -742.871643 17.884344 17
-48.364613 -742.902283 23.917025 17
-46.781708 -738.456299 20.311167 17
-48.623234 -743.203674 24.511297 17
-46.719254 -738.222595 15.125517 17
-42.438339 -738.895752 0.094398 17
-43.289284 -741.930237 11.542152 17
-44.471577 -737.370728 6.236988 17
-47.543751 -740.648010 16.698664 17
-42.365837 -742.164246 12.464392 17
-43.936085 -740.275574 24.167667 17
-43.104546 -739.141174 8.173255 17
-44.847488 -737.894592 5.387694 17
-45.002300 -740.197266 8.077434 17
-42.939262 -740.861633 8.731981 17
-48.080273 -743.788391 23.681637 17
-43.320095 -736.975891 2.625956 17
-45.669762 -737.662170 11.463942 17
-42.732700 -742.480530 13.550360 17
-45.267944 -740.400024 9.259152 17
-46.391186 -741.531982 14.153515 17
-46.390633 -737.502380 18.017422 17
-43.966858 -744.319397 23.166935 17
-48.287319 -741.616821 20.610985 17
-45.147099 -738.480408 5.477293 17
-46.482864 -738.825562 12.129640 17
-42.954842 -738.629028 5.844386 17
-44.974445 -738.821106 5.476611 17
-42.155556 -738.678955 6.495892 17
-42.823204 -737.666016 3.803649 17
-46.072720 -737.607727 17.753862 17
-44.520710 -738.547241 0.928251 17
-42.836586 -737.421204 2.661940 17
-47.401642 -738.907654 18.849258 17
-46.001968 -739.897644 10.850039 17
-43.277580 -739.232178 -1.169882 17
-43.671291 -737.276978 7.541980 17
-43.976700 -739.822998 15.206991 17
-45.075638 -744.904968 19.989492 17
-42.313072 -738.347778 -0.445587 17
-45.846287 -737.985657 10.088622 17
-46.107246 -738.554932 10.929268 17
-47.332657 -743.810791 21.070433 17
-43.024529 -738.722778 13.286168 17
-46.528980 -741.770142 14.756356 17
-45.216534 -741.709290 12.357110 17
-47.291176 -744.549683 22.207018 17
-47.752106 -743.277954 26.501162 17
-47.277668 -738.653748 18.669252 17
-42.496204 -742.030151 13.639646 17
-43.101707 -739.357971 17.575363 17
-43.694176 -736.735168 1.204878 17
-48.616070 -742.582336 23.831745 17
-46.919533 -739.387329 22.133533 17
-46.824085 -745.646545 24.072147 17
-47.792049 -742.380737 19.747063 17
-47.655464 -744.749023 27.379814 17
-44.663620 -738.754639 2.301492 17
-43.587013 -737.238220 1.287092 17
-48.055340 -743.066833 22.569567 17
-43.165176 -738.546692 14.678249 17
-44.498653 -738.059570 -0.559787 17
-42.523338 -739.114990 2.550375 17
-43.896423 -741.951660 11.148017 17
-42.668777 -738.301575 -0.149541 17
-42.554962 -738.444275 4.254899 17
-45.307648 -742.962158 14.536716 17
-43.818951 -740.652588 7.797953 17
-46.904346 -738.285400 18.716644 17
-42.113487 -743.264526 18.290661 17
-44.642590 -737.235962 11.114043 17
-45.078381 -740.922241 9.023461 17
-41.468338 -740.236572 11.210010 17
-47.319653 -740.481384 23.604330 17
-48.307430 -740.520142 19.222187 17
-44.257153 -737.900696 -1.498739 17
-43.675396 -739.425903 20.439867 17
-46.518559 -742.079224 15.022970 17
-43.324783 -737.916504 9.682567 17
-44.893116 -738.654907 4.865649 17
-44.373234 -741.387634 10.045470 17
-43.524570 -739.082703 17.851078 17
-44.236179 -740.439758 24.359617 17
-44.936893 -744.662842 24.940916 17
-46.943398 -738.394470 15.651114 17
-43.549343 -739.343018 19.678993 17
-44.895252 -740.145996 7.692762 17
-44.162895 -737.232178 1.510103 17
-44.141304 -737.323181 0.034295 17
-43.199001 -739.012207 17.215645 17
-45.703796 -741.334290 11.158360 17
-44.993587 -742.607849 14.233097 17
-45.084084 -737.460876 9.238138 17
-47.102585 -744.215759 21.292370 17
-42.326897 -741.269470 10.236665 17
-46.914135 -740.330566 23.628990 17
-47.315639 -741.740479 16.821980 17
-46.279568 -738.000549 13.783110 17
-44.822762 -739.356384 4.246471 17
-41.822323 -740.254211 11.223222 17
-43.871109 -744.539062 22.643448 17
-43.898689 -740.415771 23.017054 17
-45.768982 -741.764587 13.262330 17
-45.280365 -738.223206 7.881632 17
-43.025105 -743.814575 20.648617 17
-44.581882 -741.664490 10.924852 17
-42.924831 -739.967346 5.904469 17
-46.724560 -739.877441 13.089099 17
-47.973961 -741.329529 19.006601 17
-47.487289 -739.035400 17.972998 17
-42.345097 -737.896179 5.276649 17
-44.843548 -741.704407 11.415295 17
-43.644073 -743.340210 14.881285 17
-47.912647 -741.414673 24.531635 17
-44.548779 -737.956909 -1.301965 17
-43.791405 -738.655884 10.945082 17
-41.845894 -739.930359 9.337506 17
-43.048641 -737.124695 1.282160 17
-43.174774 -739.464783 3.713923 17
-43.299427 -739.514954 12.832424 17
-44.899670 -739.918152 5.885922 17
-47.999866 -741.961731 20.611403 17
-47.185352 -738.973633 14.380131 17
-47.750751 -740.676636 21.694319 17
-43.506451 -740.240479 19.514513 17
-47.339893 -741.191895 16.497864 17
-44.688282 -739.581543 3.626279 17
-47.499996 -743.365234 20.696053 17
-43.906185 -739.577942 21.223232 17
-46.068558 -745.827026 23.506319 17
-47.317284 -741.291199 24.738333 17
-44.382092 -737.275024 9.510607 17
-48.130634 -742.386047 22.110044 17
-42.553440 -739.849854 5.545824 17
-46.392544 -745.087097 27.043684 17
-44.583172 -737.507019 5.821752 17
-47.029541 -738.942017 13.058455 17
-44.420422 -737.307678 6.911095 17
-47.748661 -740.630066 17.258101 17
-43.487373 -737.331665 4.528831 17
-47.142673 -743.907959 20.673393 17
-42.259914 -742.949463 15.918560 17
-45.512062 -741.012451 10.992110 17
-45.467426 -744.459351 25.924757 17
-45.315800 -740.569031 8.591722 17
-43.722626 -739.141663 16.260719 17
-42.119148 -740.971802 10.919797 17
-42.780663 -738.722595 14.175691 17
-45.979454 -738.494873 10.487486 17
-42.911915 -737.902588 -0.486199 17
-47.870167 -742.824585 26.042889 17
-46.463104 -744.773438 21.365652 17
-41.339451 -741.023315 12.735880 17
-44.059528 -737.564575 -0.906155 17
-43.641800 -740.043640 20.746428 17
-44.211407 -737.108521 6.350610 17
-45.699780 -744.551819 26.188936 17
-43.434860 -738.345337 11.532850 17
-46.431427 -740.033447 12.036306 17
-43.475666 -737.938477 8.975739 17
-43.477440 -737.125610 0.973639 17
-43.145523 -744.066467 18.944742 17
-44.279438 -739.407043 15.930993 17
-46.187260 -745.334717 26.721670 17
-42.399921 -739.520752 6.029362 17
-44.282322 -739.592468 2.523987 17
-43.226620 -743.922485 17.308355 17
-46.143173 -737.496582 15.870291 17
-44.120888 -740.597534 23.675953 17
-47.762405 -739.942078 17.193438 17
-44.152592 -739.574280 -0.752196 17
-45.085911 -738.166077 6.773580 17
-43.270443 -737.841675 6.602060 17
-44.526512 -738.021240 2.866187 17
-46.911800 -739.236023 21.577597 17
-43.689068 -737.289185 3.199718 17
-47.514862 -740.695251 24.266119 17
-42.708763 -739.215576 4.038474 17
-47.635857 -740.654663 23.340452 17
-43.673267 -739.113892 17.405519 17
-44.153744 -739.931641 16.512611 17
-45.237301 -739.085999 6.983175 17
-44.937611 -741.990601 12.688655 17
-43.469299 -739.192383 18.759083 17
-45.668594 -741.012207 10.578951 17
-43.899261 -739.525696 20.892620 17
-42.303459 -738.325684 1.072669 17
-48.584618 -743.731506 25.236000 17
-43.133282 -737.998413 6.085919 17
-47.171158 -738.618286 18.231689 17
-46.057110 -742.141541 14.474147 17
-43.035240 -738.427490 7.172210 17
-44.166969 -739.589539 20.219448 17
-43.222473 -739.250244 13.474013 17
-46.242840 -741.181274 13.182543 17
-42.348133 -738.957581 3.869742 17
-45.771217 -745.805298 25.722599 17
-48.346962 -743.913635 25.929092 17
-47.146835 -739.854553 14.476709 17
-42.767754 -738.139099 1.962341 17
-43.915733 -740.095398 19.607929 17
-45.273121 -740.146362 7.824677 17
-44.539833 -737.926086 3.594008 17
-44.405598 -738.394531 -0.429656 17
-43.376675 -739.151733 19.179317 17
-46.293201 -746.105957 24.867113 17
-46.119747 -740.264526 11.262486 17
-42.593124 -738.225647 -0.845546 17
-48.407219 -740.968140 20.056274 17
-46.012150 -742.590027 15.223430 17
-44.763493 -737.200623 12.598927 17
-44.025433 -740.061646 24.802237 17
-45.501293 -745.804382 24.617176 17
-45.874538 -737.556152 13.958967 17
-43.355038 -737.642639 5.080259 17
-47.586582 -745.573730 26.489193 17
-43.090561 -738.723511 16.361612 17
-44.784073 -738.820068 3.925222 17
-47.855923 -744.609436 27.150810 17
-48.331669 -741.655518 21.444075 17
-42.582462 -737.776306 1.388406 17
-44.892822 -744.374207 17.634470 17
-44.007000 -739.512817 22.946890 17
-47.007942 -739.719849 13.869464 17
-45.473183 -737.622009 9.826003 17
-44.180706 -737.315430 7.211529 17
-41.992863 -738.833496 7.173286 17
-46.809223 -739.185425 12.911620 17
-43.269417 -739.996643 5.647563 17
-44.611603 -738.713501 1.815288 17
-44.532536 -738.169739 1.933683 17
-43.648628 -740.964539 8.268419 17
-45.906250 -741.511658 12.059196 17
-48.006638 -741.059692 21.460579 17
-45.069973 -737.078979 11.247942 17
-42.810337 -743.331299 16.660301 17
-43.008221 -738.066345 5.433509 17
-48.230991 -740.578918 19.935135 17
-44.236015 -745.195312 21.754284 17
-45.570507 -740.498718 9.785797 17
-44.400265 -739.837585 4.378716 17
-41.885677 -741.403442 12.880138 17
-43.263062 -740.116150 20.683079 17
-42.453728 -740.379456 8.208115 17
-44.638660 -739.383057 15.359020 17
-43.402863 -739.757568 18.625776 17
-45.662567 -737.588013 10.669384 17
-43.868542 -739.288513 16.837494 17
-42.378780 -739.401550 4.482654 17
-43.437454 -737.965210 10.034800 17
-47.448574 -739.759644 15.416595 17
-42.363594 -739.277344 -0.539167 17
-44.532623 -739.372864 2.300433 17
-45.549862 -737.040771 14.818599 17
-42.993015 -737.469238 1.183259 17
-46.265331 -744.612305 20.789677 17
-47.194706 -738.598328 15.389250 17
-45.419231 -737.503357 11.641357 17
-47.623016 -745.470459 25.983257 17
-44.295715 -739.364136 0.122645 17
-47.592999 -740.998047 17.403816 17
-41.706291 -740.581360 11.159816 17
-48.020107 -741.336975 23.927256 17
-47.935001 -742.409668 20.220640 17
-48.031845 -742.664978 20.980085 17
-46.661575 -738.648071 11.892283 17
-43.433495 -739.938599 15.899731 17
-44.918224 -738.993958 4.558512 17
-47.506744 -742.877319 19.472631 17
-42.328632 -738.263000 1.572616 17
-42.999180 -742.411621 12.999868 17
-43.460331 -739.526306 9.334774 17
-43.799858 -740.376160 6.483360 17
-43.705582 -738.962708 12.806663 17
-44.082836 -737.632874 -0.556839 17
-46.485813 -745.569397 22.969156 17
-47.626205 -741.142700 24.893127 17
-44.770802 -743.134766 14.677930 17
-48.575085 -743.528442 24.889851 17
-43.124619 -738.387390 10.076072 17
-47.029644 -745.492188 24.293993 17
-45.370510 -737.762695 8.757791 17
-44.060242 -739.152100 12.803601 17
-43.924843 -740.069763 19.258141 17
-43.972374 -741.319336 9.668457 17
-43.147552 -738.971191 17.814678 17
-47.466019 -743.859863 27.092838 17
-42.323784 -738.435913 5.940369 17
-42.649681 -739.408813 4.921784 17
-43.260960 -743.632446 21.313360 17
-45.559052 -742.669312 14.890432 17
-44.117111 -744.987732 23.524588 17
-44.870533 -737.829529 5.723207 17
-44.343361 -742.092407 11.729218 17
-42.495674 -740.239502 7.476438 17
-43.759140 -743.238831 14.349076 17
-46.524635 -739.359741 12.244377 17
-46.377174 -742.695679 15.712067 17
-44.191132 -736.992493 10.019042 17
-42.896496 -737.996216 2.454492 17
-42.294971 -741.500122 10.903089 17
-43.979908 -737.070251 -2.187108 17
-45.956253 -745.066956 26.389359 17
-43.297531 -736.899963 3.488400 17
-43.239441 -738.555664 16.035656 17
-43.012939 -743.873169 18.540474 17
-42.916321 -737.900635 -1.109951 17
-45.015247 -745.760986 23.704632 17
-47.485565 -740.150391 15.936557 17
-46.765903 -738.661499 12.590398 17
-42.509026 -739.094849 4.559648 17
-44.240948 -740.312744 20.650887 17
-43.609749 -739.232117 0.964070 17
-42.778301 -742.692566 14.122593 17
-45.860271 -745.887756 26.161196 17
-43.134323 -738.233643 10.964119 17
-44.289692 -739.021729 -1.571887 17
-42.924637 -738.949463 2.199015 17
-48.514999 -744.321838 25.478704 17
-42.069744 -740.596558 8.652531 17
-44.157104 -745.000427 22.424946 17
-43.599716 -739.591125 13.925238 17
-42.508972 -738.114197 5.699736 17
-44.933422 -744.928589 19.449528 17
-41.499187 -741.508301 13.874774 17
-46.228447 -738.693420 11.314778 17
-43.926289 -737.224915 2.199748 17
-43.314888 -744.298767 19.730499 17
-43.263424 -739.446167 -0.767740 17
-47.978241 -744.385681 24.281969 17
-45.635632 -739.970032 9.418978 17
-43.607315 -738.815125 15.535674 17
-45.211220 -743.875854 17.334415 17
-43.154327 -738.213989 7.666303 17
-43.076950 -743.639099 16.795250 17
-45.744167 -737.701294 12.527742 17
-45.870495 -737.963135 10.849096 17
-43.002132 -737.458984 2.106755 17
-45.581341 -739.301697 8.791297 17
-43.848660 -736.820312 0.324576 17
-47.285473 -739.322754 14.486554 17
-46.861702 -738.096558 16.670147 17
-43.093582 -737.870361 4.012906 17
-43.309544 -744.471191 20.481815 17
-48.275093 -744.391968 25.928650 17
-44.823421 -737.253235 11.693385 17
-43.037891 -737.954895 4.733527 17
-47.592354 -742.016785 18.684956 17
-48.117046 -743.417480 25.999603 17
-43.349522 -737.813904 7.511428 17
-42.633301 -738.218994 5.285545 17
-44.581715 -745.328125 22.332745 17
-48.113857 -741.542053 23.596935 17
-42.666714 -737.839417 2.921692 17
-42.971931 -743.081177 15.007250 17
-48.269371 -740.659790 19.622095 17
-46.862007 -738.987610 20.884371 17
-48.310188 -743.045044 25.433502 17
-44.734386 -739.867310 4.673468 17
-44.716892 -740.337769 7.518765 17
-45.777145 -739.526794 9.724811 17
-48.429443 -742.615540 24.521757 17
-48.492699 -742.204041 24.117302 17
-48.233055 -740.802307 20.896544 17
-44.008965 -739.355164 -0.182171 17
-43.726913 -737.345581 5.011711 17
-44.461834 -738.121704 0.632773 17
-48.216000 -741.735168 24.188061 17
-45.795979 -737.025391 15.304734 17
-48.100761 -743.067810 25.838396 17
-42.991978 -739.049133 10.904526 17
-42.773918 -737.597839 1.574894 17
-42.806957 -737.171021 1.864017 17
-46.148842 -739.254089 11.071263 17
-42.973236 -739.378784 18.972425 17
-46.433441 -738.416565 11.721066 17
-45.021393 -737.177490 10.725521 17
-47.610985 -744.914917 23.742399 17