-47.647022 -741.701843 18.672375 17
-42.191109 -738.234070 -2.225696 17
-41.640823 -739.716675 9.119924 17
-47.585976 -746.010010 27.358768 17
-43.998077 -739.746094 24.850569 17
-45.330704 -737.064636 14.279146 17
-41.764126 -742.408813 15.930806 17
-45.005096 -738.867554 3.632914 17
-44.321564 -745.187622 22.229687 17
-48.450733 -742.295959 23.813780 17
-45.630074 -741.676575 11.906506 17
-43.231701 -739.242188 19.836729 17
-45.837875 -738.109436 9.208803 17
-44.726807 -744.598938 18.049522 17
-46.690063 -737.686523 18.153706 17
-46.690159 -739.404968 21.731712 17
-47.181782 -740.352844 15.122933 17
-43.580765 -736.801453 0.897021 17
-41.968307 -741.363281 12.411705 17
-42.277077 -737.867493 5.786604 17
-43.048672 -739.014343 16.250410 17
-44.871655 -740.390259 6.755031 17
-43.322224 -738.053772 11.632191 17
-47.193836 -745.466431 24.028484 17
-45.022068 -743.116882 14.932175 17
-47.246735 -744.127930 20.966660 17
-44.324368 -739.646667 -0.040603 17
-42.623844 -743.297180 19.891026 17
-46.986565 -743.106384 26.331524 17
-46.796524 -738.798828 12.291796 17
-44.222630 -741.139954 9.452917 17
-44.933193 -737.604675 6.594217 17
-42.439804 -738.718262 2.547831 17
-44.124664 -740.539368 22.089664 17
-48.476231 -741.476624 21.207649 17
-44.927891 -744.327148 24.876398 17
-43.796001 -739.832642 13.838869 17
-43.513969 -737.135010 8.643180 17
-44.640274 -737.595032 -2.101847 17
-43.426907 -736.803711 3.799667 17
-46.501873 -743.032288 16.917126 17
-47.906967 -739.647217 17.376387 17
-44.509670 -740.215332 18.039660 17
-42.486217 -740.077698 6.901185 17
-46.850300 -740.532471 23.932196 17
-46.831223 -738.113831 15.806080 17
-47.746044 -739.599426 19.681067 17
-43.096474 -739.677551 4.617283 17
-43.031826 -742.751404 13.850340 17
-45.858387 -739.943481 10.474199 17
-42.428658 -738.491516 -0.042376 17
-42.686909 -743.492188 17.685831 17
-45.324627 -744.929077 20.232117 17
-46.017120 -745.996277 25.782431 17
-48.617382 -744.065979 25.245399 17
-45.407150 -737.503418 11.302311 17
-46.587566 -743.635742 18.978264 17
-46.256210 -741.737244 13.871161 17
-44.692326 -738.375916 1.602677 17
-43.627480 -741.878235 11.312057 17
-43.369255 -739.393005 10.065736 17
-44.915344 -739.543091 15.457158 17
-47.787926 -743.985229 22.862799 17
-46.283890 -745.233459 22.266609 17
-43.486614 -739.657715 -1.793181 17
-41.706829 -741.299622 14.361371 17
-45.463501 -739.893372 8.593063 17
-41.608997 -739.983154 11.036724 17
-43.330933 -743.482605 15.787220 17
-44.902645 -739.698792 20.584047 17
-45.319214 -745.811401 23.785339 17
-47.375565 -741.370483 16.807949 17
-43.384064 -743.698853 21.658264 17
-42.976753 -738.842834 8.209009 17
-47.142620 -738.832336 14.097061 17
-47.443596 -741.697998 25.203463 17
-44.420822 -737.841919 -0.313990 17
-43.344097 -738.779785 18.017365 17
-44.979191 -739.147461 5.411691 17
-46.377277 -744.745056 27.018444 17
-44.439629 -737.101440 12.729918 17
-42.352875 -741.156982 9.888873 17
-42.872120 -738.407898 13.360008 17
-43.524113 -739.802734 12.099132 17
-44.717621 -742.454163 13.201576 17
-47.842152 -742.724915 20.090368 17
-44.054768 -737.068237 10.296786 17
-44.985012 -743.830444 16.509632 17
-46.593372 -738.354431 20.054285 17
-46.499115 -740.435181 12.734575 17
-43.730530 -744.584656 19.616898 17
-44.386253 -737.621765 4.959156 17
-47.803310 -740.526367 22.504810 17
-48.084454 -744.455933 26.849457 17
-46.594692 -742.103699 15.494038 17
-42.306030 -738.232544 4.148003 17
-43.208527 -737.241211 -1.334819 17
-42.980415 -740.777588 8.407261 17
-43.892273 -739.510559 2.491733 17
-42.802086 -737.086853 2.302040 17
-47.542294 -745.409912 25.647409 17
-44.047493 -743.960876 23.258440 17
-43.397072 -737.858582 6.959334 17
-45.290501 -738.971741 7.305300 17
-45.870045 -737.266541 16.713171 17
-48.097881 -742.899902 21.755640 17
-43.322136 -739.109375 1.093459 17
-45.046124 -737.192322 8.231890 17
-44.395435 -740.760071 23.602354 17
-45.873936 -737.689331 12.868917 17
-43.406738 -738.422791 14.881441 17
-44.183292 -737.773743 2.905227 17
-43.345009 -739.468018 21.373568 17
-47.850548 -740.105103 21.082754 17
-46.301231 -738.477905 10.657873 17
-48.333546 -740.966919 19.740643 17
-45.187820 -741.354187 10.521643 17
-42.066624 -739.816101 -1.923145 17
-42.839779 -738.153748 9.582551 17
-47.372211 -738.919067 18.483265 17
-44.365410 -740.706665 8.079576 17
-42.383976 -738.018250 1.307125 17
-43.668255 -740.145203 6.056556 17
-43.605995 -739.611389 23.017576 17
-43.388378 -736.994568 5.791311 17
-42.056431 -738.742676 6.869252 17
-43.552372 -739.946167 15.326356 17
-47.544956 -739.295044 16.035566 17
-44.167721 -740.194458 19.438416 17
-47.122337 -738.506714 17.126215 17
-43.448349 -740.024231 17.161064 17
-44.627506 -740.053955 4.429225 17
-48.157513 -742.835205 25.626764 17
-44.485596 -739.096069 12.934348 17
-45.806026 -743.738098 17.850477 17
-47.934547 -740.350708 18.542595 17
-43.191498 -742.333679 12.521326 17
-42.316441 -739.457581 5.700895 17
-44.420738 -738.889282 -1.164364 17
-44.104607 -744.904785 20.928598 17
-43.405804 -744.519714 18.212370 17
-47.072212 -742.759766 18.104050 17
-48.228432 -743.609741 24.049322 17
-43.078232 -739.540710 -0.514066 17
-45.679680 -744.712097 25.893961 17
-48.449383 -741.882385 22.552816 17
-46.295677 -737.903320 14.623310 17
-43.122349 -739.937317 18.694542 17
-42.404469 -741.398193 11.199705 17
-42.097767 -742.401062 17.295385 17
-45.559364 -744.517273 19.046383 17
-46.929482 -740.055237 13.867066 17
-45.495689 -737.080933 15.524019 17
-47.923473 -741.113159 23.640682 17
-46.402554 -744.302063 20.058834 17
-44.223408 -736.940369 11.517867 17
-43.818214 -738.323853 10.537685 17
-42.560513 -742.614380 14.992628 17
-46.043285 -740.574646 11.518088 17
-41.992939 -739.527283 7.917357 17
-44.478580 -739.535095 1.186378 17
-45.764580 -743.013611 15.901615 17
-45.476376 -740.684448 9.540121 17
-46.585896 -740.084290 22.741898 17
-45.207844 -737.471863 10.048925 17
-43.016975 -737.326172 -0.048298 17
-43.864319 -743.346497 14.630259 17
-43.177719 -737.654175 4.791449 17
-43.101685 -739.353455 3.397442 17
-43.521469 -740.304993 20.449278 17
-46.267956 -746.089844 24.486805 17
-43.024673 -737.848083 3.278896 17
-44.127762 -737.044006 7.432573 17
-46.307533 -744.946106 21.115595 17
-47.260399 -739.113525 20.718212 17
-44.490150 -740.005249 16.580891 17
-45.202698 -745.338318 21.348043 17
-44.506500 -742.070923 12.072463 17
-42.221508 -741.919312 13.488521 17
-44.086597 -737.336121 1.813839 17
-42.474079 -742.941650 18.718565 17
-42.651646 -738.683105 -1.203272 17
-47.270901 -745.023193 22.934675 17
-44.478107 -745.041138 23.441095 17
-45.707188 -739.239319 9.542581 17
-45.007046 -745.467957 25.088743 17
-43.123440 -739.106995 11.182232 17
-47.833237 -744.666321 24.598520 17
-43.190006 -744.249329 20.639090 17
-44.789062 -739.221680 14.042337 17
-44.771969 -738.648254 0.498267 17
-46.502281 -745.966553 26.833693 17
-46.263256 -739.383179 11.467340 17
-43.504219 -741.520081 10.231259 17
-45.346210 -742.376892 14.122952 17
-42.612419 -743.106018 16.552486 17
-45.250248 -745.634094 22.660952 17
-44.464203 -737.309265 9.194562 17
-47.582775 -740.301025 16.522192 17
-43.130596 -739.161621 7.035316 17
-41.317772 -740.541260 11.944232 17
-45.422020 -738.262451 8.191072 17
-44.338833 -737.596313 0.768298 17
-48.251141 -742.925171 22.844875 17
-46.336662 -745.766479 23.238831 17
-47.151104 -743.934509 27.143389 17
-46.787083 -741.312439 14.772696 17
-44.591698 -737.895874 3.920357 17
-43.026997 -738.823730 12.345889 17
-43.777924 -736.786560 2.698344 17
-47.196384 -743.581299 19.922653 17
-46.145046 -738.091980 11.838656 17
-47.166512 -744.681274 21.923439 17
-44.387825 -739.731140 3.412966 17
-43.452358 -740.495361 7.143239 17
-43.867661 -736.853333 -0.486720 17
-47.314384 -742.816772 19.163538 17
-43.678211 -737.048584 -2.267547 17
-44.663651 -740.156128 5.555223 17
-44.942055 -738.762451 2.571567 17
-43.479702 -739.483643 9.025545 17
-44.888321 -739.905518 21.628069 17
-46.673515 -738.350037 13.250681 17
-44.117760 -739.364807 18.512396 17
-41.626492 -740.875854 13.399014 17
-46.024948 -741.421021 12.898174 17
-47.312382 -745.000427 27.458296 17
-41.837799 -740.212830 10.027606 17
-42.942997 -744.010681 19.187790 17
-43.107605 -739.100525 14.118301 17
-47.258606 -738.799805 15.147287 17
-42.089550 -740.733154 8.939588 17
-47.750172 -740.827637 17.621935 17
-44.877224 -738.151611 5.720750 17
-46.792534 -738.219910 19.046543 17
-42.915722 -738.616272 6.181307 17
-47.263699 -741.062439 15.836027 17
-42.351036 -738.637939 5.104462 17
-44.093422 -739.286316 14.772776 17
-47.400452 -741.894470 17.687450 17
-46.769520 -739.479187 13.048972 17
-45.015862 -738.509644 4.588762 17
-48.161442 -741.802002 20.292261 17
-48.175793 -743.719116 26.123550 17
-43.761669 -744.368408 22.328730 17
-48.498058 -742.871277 24.686445 17
-42.843044 -738.199158 10.772614 17
-41.491562 -741.995239 15.040308 17
-44.023922 -739.042725 11.705998 17
-43.237282 -743.904968 16.968868 17
-44.631233 -744.898804 19.354525 17
-44.329281 -740.472412 21.024124 17
-47.624462 -743.771423 21.900091 17
-46.877254 -742.189148 16.535242 17
-45.772633 -742.480774 15.018820 17
-45.216743 -739.945374 7.568582 17
-42.340061 -739.042786 1.040877 17
-44.134819 -737.683044 -1.258820 17
-47.858723 -745.441467 26.606487 17
-46.931492 -742.445740 25.612978 17
-43.814152 -740.014648 23.920025 17
-43.615421 -739.067444 17.098209 17
-45.094315 -738.870850 6.356137 17
-48.146786 -744.679565 25.873344 17
-47.731789 -743.279175 20.892828 17
-43.962193 -739.384949 16.012831 17
-43.316422 -739.375000 13.125451 17
-44.437859 -743.633423 15.506742 17
-48.141968 -741.710083 24.499826 17
-44.022175 -743.084229 13.718611 17
-44.274132 -737.329834 5.965179 17
-42.739891 -739.078491 -2.080228 17
-47.429371 -741.078857 24.475290 17
-43.049732 -737.772400 -2.117835 17
-43.286953 -741.137085 9.374690 17
-44.549564 -739.973999 22.719395 17
-45.416000 -737.184021 12.196521 17
-45.121529 -740.820129 8.682610 17
-44.500416 -741.559265 11.232441 17
-43.274513 -737.931213 7.904191 17
-47.678558 -744.580750 23.657209 17
-43.981236 -739.494751 20.545872 17
-46.629547 -737.860657 16.668922 17
-43.141968 -737.448303 1.510877 17
-43.864773 -739.906372 5.095110 17
-46.613525 -740.901306 13.631671 17
-44.436054 -744.229004 24.050270 17
-45.150272 -737.129211 13.345379 17
-47.300610 -738.780701 19.611757 17
-43.607838 -740.536316 22.890600 17
-44.569172 -740.358459 24.416012 17
-43.117832 -739.099426 1.986501 17
-44.412708 -738.487854 -2.016799 17
-42.708607 -737.840942 -0.813258 17
-47.061264 -745.674622 24.904219 17
-48.001324 -742.324463 21.021105 17
-45.906544 -745.368896 26.488697 17
-47.443550 -739.915710 21.935701 17
-45.068340 -737.795410 7.495896 17
-43.857468 -739.668274 22.099537 17
-42.630058 -741.833679 11.967669 17
-45.991245 -737.792786 13.764012 17
-43.096714 -739.162720 15.318578 17
-45.687546 -743.424438 16.925045 17
-48.055923 -740.813599 21.671125 17
-42.455746 -739.131592 4.243246 17
-47.314613 -739.607056 14.637720 17
-48.066441 -740.909241 20.646164 17
-43.515049 -738.906616 19.002026 17
-45.266567 -741.954102 12.652604 17
-43.153961 -737.918701 5.672432 17
-43.229549 -738.035278 8.772254 17
-47.268444 -746.035095 26.343399 17
-45.079239 -744.160645 17.364298 17
-42.128189 -740.374573 8.101787 17
-45.516964 -739.003052 8.652202 17
-47.812836 -742.116455 19.437262 17
-46.529907 -739.726318 12.227821 17
-42.009205 -740.735229 10.708502 17
-43.458286 -739.172485 0.229186 17
-42.834045 -737.945557 0.543452 17
-42.612778 -738.598083 3.428947 17
-46.231506 -737.608948 17.407743 17
-43.869911 -737.389709 4.247225 17
-46.222759 -737.544189 15.537182 17
-47.378262 -740.401794 23.243332 17
-42.535992 -737.910278 2.205879 17
-44.759441 -745.326660 24.271421 17
-44.027950 -744.282410 17.660452 17
-42.117023 -742.151245 14.426921 17
-43.673702 -737.450012 9.459943 17
-43.756851 -739.652405 3.993867 17
-44.718620 -737.273621 10.772513 17
-47.835098 -739.554260 18.826643 17
-44.732769 -739.605530 19.760101 17
-44.355942 -741.277771 10.353069 17
-43.012245 -739.903748 5.477598 17
-43.447365 -738.221680 12.763762 17
-43.253429 -739.600830 17.874903 17
-42.869263 -736.999695 3.202710 17
-48.070759 -740.218445 20.168577 17
-45.057755 -739.667236 6.134211 17
-44.414810 -738.837830 -0.339371 17
-44.565075 -739.227051 1.961642 17
-43.065819 -739.605225 20.571049 17
-45.727421 -740.727478 10.735804 17
-45.318752 -737.504639 8.956260 17
-43.616531 -736.966614 4.961201 17
-43.571716 -744.478088 21.418028 17
-45.852531 -738.503967 9.945995 17
-46.492847 -743.348083 18.177052 17
-45.705421 -737.891846 10.545783 17
-43.938740 -736.891541 -1.412049 17
-42.510292 -742.774170 15.815837 17
-48.123234 -740.267517 19.334688 17
-43.670532 -739.257141 -1.103341 17
-46.345642 -742.054260 14.634254 17
-44.787716 -739.221436 18.081877 17
-42.511040 -742.470032 12.941019 17
-43.810741 -740.988525 8.586334 17
-45.668377 -742.064941 13.431416 17
-42.180630 -738.064026 -1.424320 17
-44.243702 -737.284546 8.355507 17
-42.510715 -739.294006 0.043286 17
-44.915154 -739.310791 4.588558 17
-43.816410 -737.226440 6.670741 17
-43.847244 -737.272156 0.203199 17
-46.040760 -741.021301 12.193739 17
-42.044891 -743.111511 18.003698 17
-47.021305 -738.441528 17.941887 17
-43.051140 -738.924316 9.408316 17
-43.437408 -736.811157 1.899780 17
-43.809948 -739.421387 1.708393 17
-48.073662 -741.020142 18.955856 17
-43.618820 -738.703735 13.456052 17
-43.485126 -739.976807 16.359457 17
-43.734005 -740.157227 21.485542 17
-45.951431 -739.153992 10.392420 17
-46.953053 -742.485901 17.284552 17
-46.006542 -744.002075 18.594677 17
-43.777031 -739.047424 12.486852 17
-42.759327 -743.725281 18.435404 17
-47.181820 -738.605835 16.339235 17
-47.582581 -738.974243 17.650513 17
-43.277367 -738.486450 15.704028 17
-42.899654 -738.482056 7.485759 17
-47.619682 -739.114136 16.799471 17
-43.209526 -740.061890 19.772474 17
-48.126904 -741.249146 22.890432 17
-48.018497 -745.345398 27.389387 17
-46.789017 -746.164124 25.703409 17
-41.862209 -741.020508 11.620264 17
-42.219021 -739.411865 6.507538 17
-43.124523 -743.070984 14.631768 17
-44.715069 -742.897034 14.238215 17
-43.078472 -737.538147 3.989239 17
-45.618549 -745.920105 24.909266 17
-48.240246 -742.116699 21.834621 17
-43.347729 -737.261841 7.490996 17
-46.510487 -742.694397 16.006628 17
-46.602879 -738.815796 21.018631 17
-45.422615 -741.237610 11.287279 17
-44.744034 -738.244324 3.193129 17
-42.860851 -737.158569 0.842732 17
-46.653156 -745.418091 27.398067 17
-47.658554 -740.426514 24.103710 17
-43.944050 -739.397461 19.571325 17
-43.449871 -739.769409 14.575982 17
-48.069157 -742.170227 25.244070 17
-42.850624 -739.126465 17.149675 17
-45.455589 -745.478699 25.731968 17
-43.685455 -737.481262 3.500185 17
-43.580109 -738.156494 9.776271 17
-42.763504 -740.375305 7.561485 17
-45.615433 -745.567383 21.990755 17
-47.614048 -743.563721 26.620735 17
-43.374355 -738.354797 14.094362 17
-42.362740 -738.978577 1.812878 17
-44.360092 -737.994019 2.191546 17
-44.127914 -739.224548 -1.824537 17
-41.619812 -740.627380 12.641119 17
-42.833786 -740.024902 6.215432 17
-46.603634 -738.274231 14.031806 17
-41.726395 -742.641846 16.689110 17
-44.090187 -745.133057 20.206675 17
-45.776222 -737.293396 14.849268 17
-43.051701 -738.720703 10.231803 17
-46.096951 -744.120605 19.393661 17
-44.833664 -740.621948 7.482600 17
-45.697010 -739.987183 9.733105 17
-44.608204 -739.412659 2.768265 17
-42.895405 -743.514160 20.539824 17
-43.910107 -740.053894 18.746548 17
-43.077618 -744.188049 19.907854 17
-45.411163 -744.298523 18.242329 17
-46.354229 -738.217285 12.584391 17
-46.530441 -738.634949 11.516109 17
-45.324440 -738.369629 6.862567 17
-42.401955 -739.329163 -0.894781 17
-47.958725 -739.724121 18.114344 17
-44.255394 -739.983215 15.123148 17
-44.870827 -740.958313 9.866132 17
-42.752701 -741.349243 10.474388 17
-42.865658 -738.798523 0.478190 17
-45.116383 -743.383057 15.661966 17
-46.912670 -740.718628 14.276623 17
-43.705143 -738.554382 11.251945 17
-48.383522 -742.995483 23.584049 17
-45.365597 -739.316467 8.001534 17
-47.484310 -739.944336 15.684318 17
-44.271461 -739.740723 21.181271 17
-47.678131 -739.690735 20.496248 17
-47.296196 -739.516785 21.332546 17
-42.350639 -739.466309 4.878162 17
-47.546024 -742.694031 26.095314 17
-44.173672 -739.160095 13.615658 17
-44.494743 -745.224915 21.476282 17
-44.276928 -740.233704 20.337460 17
-44.140099 -740.378601 6.969532 17
-42.192078 -738.803650 6.108665 17
-43.534103 -742.711304 13.324184 17
-42.861111 -738.848938 -0.519811 17
-44.005699 -744.812927 22.853882 17
-43.522911 -744.339294 18.919748 17
-44.287781 -739.626770 -1.176815 17
-46.975086 -739.522339 22.503183 17
-44.694500 -737.201172 11.984028 17
-43.241028 -743.918030 17.844042 17
-43.868580 -739.953186 17.767609 17
-48.279415 -741.341614 22.100676 17
-46.591808 -744.361816 20.762966 17
-47.041298 -741.773499 15.931975 17
-43.400486 -739.633057 10.776815 17
-45.160625 -744.840088 25.381296 17
-42.189011 -739.493713 7.213204 17
-43.857315 -742.335449 11.922256 17
-48.444881 -743.388611 25.206947 17
-48.255711 -741.799072 23.315731 17
-44.081673 -739.401123 0.589662 17
-42.858421 -743.186401 15.288909 17
-42.065617 -739.337524 8.599254 17
-43.243256 -739.279053 2.701835 17
-44.108315 -737.897522 1.362728 17
-46.852123 -738.311096 14.789570 17
-43.305275 -739.433228 8.001410 17
-44.426205 -740.692200 8.788107 17
-48.155209 -744.039307 24.678148 17
-42.530689 -741.807129 12.684350 17
-47.966011 -743.346191 22.346367 17
-47.795731 -741.110657 18.288010 17
-44.921478 -744.723816 18.726082 17
-42.358875 -743.611145 19.307875 17
-41.681198 -741.589111 13.176729 17
-45.254372 -740.456848 8.063145 17
-43.132359 -739.237244 18.497627 17
-44.684280 -738.278259 -1.391958 17
-47.102127 -738.949890 13.389604 17
-44.461288 -739.963867 15.809068 17
-44.204433 -742.472900 12.568702 17
-43.822697 -739.279724 -0.416043 17
-44.800407 -739.437561 14.708023 17
-46.218292 -743.275146 17.505362 17
-42.335926 -743.100342 17.219387 17
-41.680706 -739.566284 9.847701 17
-45.656090 -745.043762 20.892031 17
-42.117016 -738.086548 -0.514373 17
-42.457142 -738.079468 2.963581 17
-44.119057 -739.436035 16.686611 17
-41.682121 -741.834717 13.915339 17
-42.169373 -737.966675 4.961230 17
-47.500813 -742.349304 18.465017 17
-41.921455 -738.949768 7.558578 17
-42.721573 -738.315613 -1.787493 17
-45.708046 -744.596558 19.772398 17
-46.066441 -738.056763 11.163386 17
-47.766006 -743.904358 23.630795 17
-44.304623 -738.153931 0.281719 17
-46.332535 -746.153320 25.187340 17
-44.678665 -745.331665 22.848301 17
-43.462780 -740.382874 22.155912 17
-47.583656 -745.224243 24.912666 17
-44.257893 -740.712158 22.806925 17
-41.847027 -741.831909 15.595544 17
-46.320728 -737.807251 18.709717 17
-43.779785 -737.395020 2.426893 17
-46.882664 -745.295349 23.408285 17
-44.303806 -740.015808 17.215004 17
-47.415775 -744.472290 22.563332 17
-44.517143 -738.849792 1.085931 17
-45.923393 -745.758118 22.652292 17
-47.093540 -739.802734 23.129480 17
-47.003899 -743.146606 18.660597 17
-44.742435 -739.523926 3.955642 17
-43.699459 -744.618042 20.438629 17
-43.306648 -737.231750 -0.654258 17
-43.566288 -740.745605 8.003412 17
-43.863270 -739.199097 17.699610 17
-48.065674 -743.459900 23.223646 17
-42.038025 -740.204468 9.356640 17
-44.023869 -737.319885 10.922491 17
-42.733978 -740.845337 9.029534 17
-43.063213 -743.583740 16.396580 17
-46.041775 -745.926025 23.812397 17
-43.127510 -739.703857 15.790487 17
-46.092915 -739.956299 11.159394 17
-43.057667 -741.662048 10.983396 17
-43.110550 -739.174500 -1.458169 17
-47.924835 -744.438354 25.201847 17
-47.601944 -744.421204 27.340727 17
-43.227074 -739.488831 19.190510 17
-45.113621 -739.715637 6.784781 17
-46.754356 -737.983093 17.492842 17
-46.562435 -744.821899 21.702950 17
-43.800026 -739.548828 3.202837 17
-46.039066 -737.140137 16.021187 17
-47.941082 -741.453308 19.526396 17
-47.477768 -739.409973 15.298753 17
-44.516048 -738.216980 0.943324 17
-44.664776 -737.277771 7.150338 17
-43.869946 -737.416870 5.388163 17
-43.221893 -739.807434 21.926289 17
-46.081676 -744.718506 20.482491 17
-43.380131 -737.635132 6.355341 17
-43.209030 -739.236145 11.812047 17
-44.945679 -741.613525 11.719443 17
-42.007961 -739.978088 8.651028 17
-43.907120 -737.301025 1.185890 17
-43.429604 -738.012939 10.962503 17
-43.259113 -739.507080 16.760447 17
-44.103897 -736.998413 9.646160 17
-47.266048 -740.122253 22.607475 17
-43.088211 -737.643311 2.507875 17
-43.745098 -739.130310 15.411010 17
-42.289955 -738.279053 0.630942 17
-46.280067 -740.394287 12.107414 17
-48.295250 -742.528564 22.339401 17
-42.853073 -738.030579 -0.146392 17
-44.803402 -739.780518 5.054770 17
-47.861649 -739.630859 16.487577 17
-42.944672 -738.653015 8.830361 17
-44.592636 -737.351135 7.790613 17
-42.485443 -742.349792 13.935009 17
-47.040588 -739.408936 13.819778 17
-46.261425 -742.658875 15.408775 17
-44.872616 -738.019104 5.058242 17
-45.302265 -738.391052 7.568012 17
-42.049213 -742.421204 15.364511 17
-46.604103 -743.794495 19.620333 17
-46.972855 -743.966309 20.393270 17
-42.861004 -738.767395 14.844863 17
-44.354061 -738.287720 -0.764391 17
-43.027405 -738.625427 11.750360 17
-46.046497 -742.923157 16.467632 17
-44.882969 -745.439941 21.922527 17
-45.847946 -745.122314 21.579756 17
-46.618740 -745.296814 22.824816 17
-45.422260 -740.809387 10.187045 17
-47.193993 -741.937073 17.067009 17
-41.384499 -739.909424 10.440178 17
-46.581261 -741.247131 14.159751 17
-44.216625 -737.340576 -0.723502 17
-43.295994 -737.487000 0.531265 17
-43.621506 -743.415100 15.219061 17
-42.884903 -738.480774 6.838625 17
-42.653465 -738.390381 5.604800 17
-44.131908 -737.279968 -1.886595 17
-43.015476 -737.877625 -1.416217 17
-45.067722 -737.215454 9.469695 17
-43.615761 -738.475403 12.202677 17
-47.097229 -738.647705 20.286564 17
-47.565647 -742.307800 25.593458 17
-45.610981 -737.920227 9.805994 17
-45.941967 -744.658569 26.562956 17
-47.833324 -740.266174 17.267685 17
-44.084755 -739.908264 14.394811 17
-48.559021 -742.285217 23.033428 17
-44.506039 -740.252258 18.795340 17
-45.115665 -738.130127 6.291494 17
-43.338760 -739.995728 20.971769 17
-45.530544 -740.193237 9.141671 17
-47.788239 -744.822327 26.429266 17
-44.595364 -737.301208 10.089297 17
-46.966854 -741.445068 15.401919 17
-42.829651 -738.327209 12.696555 17
-43.286232 -738.033691 10.318975 17
-47.444530 -739.172302 20.090515 17
-45.054958 -737.204773 12.714815 17
-44.856064 -744.947327 24.787832 17
-47.589405 -740.782593 17.018826 17
-42.696793 -739.091614 2.995582 17
-42.852299 -738.888428 1.435806 17
-43.379307 -737.043213 4.386482 17
-45.552910 -743.507812 16.213289 17
-42.390087 -737.981995 3.597066 17
-43.747738 -737.516663 8.069158 17
-47.329674 -740.877686 16.445221 17
-44.926586 -740.726624 9.268896 17
-47.561996 -739.063599 19.094540 17
-48.525841 -744.181641 25.861801 17
-41.939159 -742.064636 16.439316 17
-47.606163 -745.005188 24.120775 17
-46.851368 -744.419434 21.340611 17
-43.232506 -739.418701 12.472531 17
-48.159943 -741.617493 23.903181 17
-41.701336 -740.447327 11.459908 17
-46.387966 -737.638062 16.126465 17
-47.124172 -743.396851 19.272076 17
-44.080574 -744.561157 23.418221 17
-45.946800 -742.234131 14.142976 17
-46.818371 -744.941895 22.364664 17
-45.641590 -738.705383 9.247343 17
-44.116177 -739.550781 23.673548 17
-42.967331 -739.411377 4.001146 17
-45.693901 -737.647705 11.843105 17
-46.812248 -743.018311 17.570293 17
-42.701187 -738.035706 4.586496 17
-46.042355 -745.963684 26.405245 17
-44.458660 -739.741821 2.286287 17
-45.573658 -737.335754 13.753241 17
-47.177643 -738.628540 15.731493 17
-46.718460 -738.868225 12.916599 17
-43.855427 -739.269348 21.104397 17
-43.433510 -739.689026 11.468837 17
-44.036678 -739.809631 4.506481 17
-43.196533 -742.038025 11.851850 17
-44.847950 -737.278748 11.374548 17
-42.311859 -739.982910 7.575971 17
-44.653942 -737.619690 5.517591 17
-42.478764 -738.367737 1.829033 17
-45.527134 -742.986084 15.234235 17
-45.884510 -737.560059 14.310620 17
-46.151474 -738.935852 11.023776 17
-47.377434 -740.486023 15.945482 17
-43.563389 -739.084595 20.314152 17
-47.000271 -738.149536 19.607948 17
-43.990482 -740.246338 24.494574 17
-47.452881 -743.257263 20.364536 17
-44.433693 -739.902405 22.119022 17
-47.929531 -740.318420 17.940409 17
-44.185818 -737.890259 -1.821102 17
-42.653111 -739.091064 7.389851 17
-47.388401 -743.041077 19.721004 17
-44.875977 -742.515442 13.786966 17
-47.057732 -740.168762 14.481833 17
-48.340618 -742.292419 24.574728 17
-44.388386 -737.343750 6.563811 17
-47.509411 -743.652527 21.303734 17
-43.168659 -743.813416 21.077971 17
-43.830700 -740.114014 19.933556 17
-46.530140 -737.904175 15.185882 17
-43.398994 -737.198914 2.908406 17
-48.412006 -743.485168 24.618620 17
-44.939770 -745.418396 23.539560 17
-46.509575 -745.312439 26.832253 17
-43.045578 -738.948120 13.539266 17
-42.582916 -738.944458 6.657413 17
-44.312050 -739.362915 15.534675 17
-47.353790 -745.546631 26.922256 17
-45.314854 -742.647339 14.676305 17
-43.921654 -740.426453 23.451952 17
-44.695034 -740.088379 7.273420 17
-48.626778 -742.758606 24.111881 17
-46.704800 -740.373474 23.389479 17
-42.062935 -741.526855 11.854181 17
-43.491196 -738.623657 16.264589 17
-46.736397 -740.323364 13.389184 17
-45.545696 -745.757568 23.170416 17
-44.599243 -737.981812 4.527165 17
-44.500427 -743.282104 14.617085 17
-44.034698 -744.950134 21.789665 17
-47.277611 -740.126953 23.751738 17
-43.620266 -739.989319 19.350473 17
-43.545422 -736.764893 0.135848 17
-43.042606 -738.816406 12.968896 17
-42.656662 -742.708069 14.419497 17
-47.187572 -738.353516 18.515858 17
-45.742352 -745.921021 24.299467 17
-46.395374 -740.909180 13.060983 17
-43.630001 -740.034302 22.593203 17
-45.556728 -739.566467 9.072148 17
-45.406910 -737.389954 10.733984 17
-44.752003 -738.514587 4.013872 17
-43.732712 -743.829285 22.580814 17
-43.362957 -739.440491 13.704165 17
-47.318302 -744.140869 21.574820 17
-47.757504 -744.233093 24.126543 17
-43.106110 -738.753113 16.768251 17
-47.379730 -745.078247 23.598133 17
-47.448570 -741.288757 17.396257 17
-46.123619 -737.696716 18.072472 17
-42.342216 -740.748596 9.471848 17
-44.387356 -740.252991 6.453305 17
-45.181076 -744.788452 19.677717 17
-47.932888 -743.190491 26.128263 17
-48.393383 -744.461060 26.364624 17
-43.570816 -739.842102 18.306929 17
-47.786888 -740.762024 23.049080 17
-46.494518 -739.177795 11.976443 17
-47.844646 -744.989624 25.375875 17
-47.788227 -744.930542 27.058504 17
-44.421455 -739.082092 0.223398 17
-45.587334 -737.989197 8.712959 17
-47.800571 -740.366516 21.932587 17
-45.904339 -741.115479 11.593513 17
-42.842487 -738.077332 4.006617 17
-42.606705 -739.120422 3.665591 17
-43.232323 -737.427673 5.373261 17
-44.059982 -737.517883 9.894771 17
-46.704063 -745.719299 23.776613 17
-44.703114 -742.213379 12.654266 17
-44.739937 -738.833984 3.128366 17
-42.960045 -742.548401 13.297842 17
-42.860966 -743.160706 16.044741 17
-44.817917 -737.376831 8.717010 17
-44.697571 -738.412781 -0.051631 17
-47.629108 -744.476624 23.102625 17
-45.302238 -737.699951 8.160868 17
-42.869759 -738.235657 11.347118 17
-45.169514 -745.688538 24.589680 17
-44.312263 -739.239380 -0.712151 17
-43.511841 -742.980530 14.049943 17
-42.870029 -737.808228 1.095991 17
-47.783657 -743.929688 27.103144 17
-43.202419 -739.599487 -1.085784 17
-42.733158 -743.397217 18.931417 17
-47.404221 -739.057190 14.633773 17
-47.132889 -738.679871 18.970196 17
-43.731880 -736.870911 3.258533 17
-46.254250 -737.945068 13.288796 17
-44.338921 -737.543457 0.200710 17
-45.529552 -743.834656 17.336561 17
-43.185268 -739.134583 8.683481 17
-42.040749 -740.738159 10.122871 17
-42.433300 -738.495728 -0.711135 17
-47.969223 -742.767883 20.673542 17
-43.289772 -744.011108 18.429132 17
-43.511620 -740.303467 6.627682 17
-48.159332 -741.802063 20.861279 17
-44.242031 -740.668030 7.524236 17
-44.257828 -737.742126 3.460528 17
-47.191555 -740.881592 15.302135 17
-42.700798 -739.563171 -1.809040 17
-42.781464 -737.956360 5.138152 17
-44.183315 -741.858948 11.595293 17
-42.890427 -743.456970 16.979555 17
-42.739548 -737.482056 1.892489 17
-45.959747 -737.810303 12.333359 17
-42.322636 -738.646545 4.536115 17
-46.851158 -745.746460 24.384779 17
-46.040527 -739.517090 10.818836 17
-45.640095 -741.593506 12.458942 17
-44.543194 -744.772034 24.117380 17
-44.915234 -738.550598 5.246865 17
-46.571323 -746.034180 26.239347 17
-46.348934 -739.909241 11.725706 17
-44.668041 -738.245056 2.638475 17
-42.211262 -742.811707 16.287863 17
-43.275917 -739.047180 17.532164 17
-43.477070 -737.326782 -1.804350 17
-41.740238 -741.304932 13.737053 17
-43.932030 -737.306274 8.987643 17
-48.229126 -741.226624 20.223122 17
-42.276455 -738.782288 -2.194551 17
-44.025169 -736.869873 0.594335 17
-42.799538 -738.924072 15.728237 17
-44.192844 -739.182983 14.168433 17
-44.998989 -738.683044 5.796225 17
-41.727451 -740.905701 12.162780 17
-43.833508 -739.132507 13.036772 17
-43.863796 -739.369446 1.156373 17
-43.082153 -738.086670 6.474605 17
-47.731289 -742.646851 19.555513 17
-44.903770 -738.711609 2.005889 17
-44.142838 -737.065857 4.810279 17
-46.278843 -741.322876 13.498634 17
-45.415768 -738.755249 7.965282 17
-47.115551 -745.737671 27.420860 17
-44.574837 -744.319214 17.528700 17
-44.708347 -737.649048 6.100678 17
-42.855865 -738.139954 8.374117 17
-42.903294 -741.213989 9.875892 17
-43.689072 -737.341797 -1.023340 17
-47.629337 -739.273926 18.157995 17
-43.310482 -737.986816 9.316962 17
-42.554485 -738.547424 1.085773 17
-44.062206 -739.907349 16.175505 17
-47.902973 -742.164185 19.977268 17
-46.606777 -741.732666 15.089561 17
-43.664845 -737.459290 5.908385 17
-41.701744 -741.132751 12.893909 17
-47.697002 -745.729065 26.173447 17
-44.458382 -739.701172 20.272671 17
-43.202141 -739.296326 14.656058 17
-42.474613 -739.056580 -1.551730 17
-47.871902 -745.154724 25.991093 17
-43.511646 -739.799011 12.854121 17
-44.120232 -740.510498 23.998732 17
-42.198380 -738.025696 0.117598 17
-44.131706 -739.450134 19.059198 17
-41.898338 -740.066101 10.548202 17
-42.472397 -740.536499 8.491609 17
-45.242676 -737.167053 14.849419 17
-41.766964 -741.505249 14.853073 17
-45.062866 -741.908997 12.155184 17
-43.499283 -744.189087 21.908512 17
-47.588955 -741.639160 18.137497 17
-43.881557 -739.936646 16.710762 17
-42.289734 -738.924866 5.577257 17
-45.176464 -745.326050 20.810406 17
-42.322613 -738.848633 0.465008 17
-47.901047 -741.282288 24.227581 17
-48.036030 -743.903748 26.618961 17
-44.742851 -739.328796 3.423752 17
-42.990170 -740.273132 6.904996 17
-47.097931 -741.366516 24.974747 17
-44.796810 -740.186279 6.072106 17
-48.204746 -740.997620 21.158386 17
-43.916195 -740.178040 20.844988 17
-44.107784 -739.813477 22.960306 17
-44.378284 -742.755249 13.483143 17
-47.920300 -740.659973 19.872440 17
-42.338470 -742.665527 17.956350 17
-48.180866 -742.590210 23.267513 17
-44.730843 -743.761963 15.929901 17
-47.030678 -740.793091 14.809436 17
-47.682396 -741.448120 24.812128 17
-43.240723 -739.569397 17.318474 17
-48.394489 -743.715515 25.607908 17
-45.032967 -738.920288 4.247631 17
-43.368793 -739.733276 20.151520 17
-44.665512 -741.345520 10.774548 17
-47.387157 -743.683655 20.665907 17
-43.843597 -744.298157 22.860243 17
-47.164143 -741.741211 16.494537 17
-45.190079 -742.168823 13.138077 17
-46.978779 -738.305115 15.333264 17
-45.700752 -740.381042 10.072176 17
-46.373886 -738.523010 11.999905 17
-44.569622 -737.707458 -0.958103 17
-43.600685 -741.349365 9.744212 17
-43.321796 -738.163391 13.482965 17
-43.360622 -736.987915 1.345781 17
-46.033642 -745.165955 27.019745 17
-43.130238 -739.421143 9.582337 17
-46.840191 -739.198547 21.263906 17
-44.818810 -740.235596 22.292488 17
-43.721027 -737.332825 -0.351378 17
-47.678524 -739.925964 16.879005 17
-44.221394 -737.131775 12.258049 17
-45.317570 -739.865723 8.074400 17
-42.211563 -743.393860 18.625633 17
-46.470329 -742.624573 16.534338 17
-45.204914 -739.487793 7.261533 17
-43.158798 -739.133362 -0.201338 17
-42.834118 -743.617615 19.538382 17
-45.268414 -745.040222 25.956232 17
-48.067589 -740.350708 20.664480 17
-43.078430 -739.108154 -0.930994 17
-42.293617 -741.184326 10.656729 17
-46.211803 -742.211731 15.103820 17
-48.081577 -740.990295 22.438322 17
-46.775402 -739.353760 12.499305 17
-42.520805 -743.199219 18.191338 17
-44.309292 -739.790833 4.043059 17
-46.295444 -737.466919 16.904976 17
-45.544922 -737.443298 13.238049 17
-46.082497 -741.876709 13.155470 17
-43.925098 -739.617493 21.585098 17
-47.414970 -744.206177 22.072065 17
-46.785622 -738.623596 13.675722 17
-43.629120 -740.007812 5.549027 17
-45.812569 -739.569702 10.028897 17
-47.004204 -741.963623 25.326561 17
-42.375721 -738.962036 -0.405472 17
-43.075043 -738.661804 10.750656 17
-46.897972 -738.154175 16.359615 17
-45.345825 -741.129028 9.751253 17
-43.355503 -739.846191 5.051607 17
-45.624470 -741.263611 10.822104 17
-47.596066 -740.680847 23.653791 17
-45.142071 -737.387451 11.793227 17
-48.316750 -741.967102 21.342409 17
-46.746506 -738.088806 18.493755 17
-46.601379 -739.880798 12.713470 17
-43.785496 -737.336548 7.198352 17
-47.678387 -742.258118 18.937506 17
-42.637226 -739.583679 5.303843 17
-44.611752 -737.765686 -1.571723 17
-45.135193 -740.296021 8.537333 17
-47.290947 -742.314514 17.976931 17
-43.735722 -742.551575 12.769835 17
-44.011715 -739.373657 17.240089 17
-43.708714 -739.125122 16.584267 17
-47.856998 -743.322510 21.613276 17
-44.074432 -740.035706 18.254946 17
-43.176960 -737.369507 3.489500 17
-41.954887 -739.034424 8.075414 17
-43.622345 -736.826721 -0.941065 17
-42.916252 -738.258240 12.080753 17
-44.317589 -739.604858 1.669720 17
-43.055904 -738.649597 14.366954 17
-42.795036 -737.903320 1.600761 17
-43.596634 -738.965210 15.895586 17
-44.919407 -739.705566 5.635354 17
-44.699463 -736.879211 13.106730 17
-43.549576 -737.888611 8.335557 17
-43.529823 -744.609314 20.903866 17
-46.640175 -742.136414 15.992816 17
-43.193932 -739.196716 10.664228 17
-43.331314 -737.165222 2.344046 17
-42.490894 -738.686035 3.980988 17
-43.630146 -739.158630 18.467037 17
-44.079784 -740.069031 5.752219 17
-48.038200 -742.279663 20.510662 17
-43.410755 -739.539062 15.044492 17
-47.362869 -739.880554 15.073864 17
-42.091770 -741.961792 12.465722 17
-43.512566 -739.385193 20.751974 17
-43.196198 -738.085449 7.377429 17
-46.037247 -738.198486 10.309936 17
-43.861557 -739.569458 -1.454824 17
-42.818874 -738.153198 10.144793 17
-45.616577 -745.848633 25.414011 17
-45.558704 -738.491882 8.679240 17
-46.472336 -738.148315 19.422987 17
-42.686363 -737.583435 -0.375963 17
-47.773258 -743.828125 22.381088 17
-43.259254 -740.955017 8.782197 17
-45.219307 -743.912720 16.952221 17
-42.697823 -738.731018 2.123562 17
-43.437874 -738.735718 15.274144 17
-46.860905 -739.821045 13.405587 17
-43.842606 -739.787170 24.369345 17
-48.339355 -742.823547 25.172338 17
-43.103340 -739.440918 1.619476 17
-47.257065 -745.361511 24.516504 17
-43.511681 -739.331238 2.219507 17
-42.144459 -741.665955 13.003887 17
-48.470909 -741.679138 21.792528 17
-44.271275 -736.919983 -2.210177 17
-43.644730 -744.785889 19.103447 17
-47.631229 -739.947632 16.165310 17
-46.888386 -742.747986 25.995457 17
-43.709675 -737.246582 0.705756 17
-45.418064 -744.042603 17.804441 17
-45.530464 -737.418213 12.620140 17
-43.990730 -739.831299 15.528163 17
-44.733917 -739.799316 21.047943 17
-43.124321 -739.351135 -1.963688 17
-46.171032 -737.581116 15.048503 17
-42.923393 -739.231689 17.828970 17
-44.337029 -737.605469 4.328556 17
-43.232040 -739.482849 16.228170 17
-44.382427 -737.404358 11.290999 17
-44.584839 -738.919861 1.566745 17
-44.777317 -740.375671 7.900445 17
-45.122814 -737.077576 13.826502 17
-43.854172 -739.404175 20.052092 17
-45.007256 -739.230896 5.906967 17
-42.842949 -743.721558 20.015179 17
-43.516727 -737.657898 8.829724 17
-44.993286 -737.873413 7.012550 17
-42.303043 -739.797852 6.190548 17
-43.600605 -739.511902 22.487572 17
-42.703991 -740.499634 8.035539 17
-48.069859 -742.738098 21.286062 17
-43.596073 -737.680847 7.625530 17
-46.937786 -739.702942 22.055496 17
-48.031788 -739.996521 18.901703 17
-43.657322 -736.867798 -1.808718 17
-41.802071 -741.770325 14.409091 17
-45.323116 -737.639282 9.519368 17
-44.029037 -743.264282 14.165948 17
-43.105274 -739.067688 7.751872 17
-42.796928 -737.512451 2.996655 17
-46.110779 -743.661560 18.255802 17
-44.486248 -739.306580 15.074779 17
-43.792397 -741.198853 9.248857 17
-41.932331 -740.805176 11.181234 17
-48.266716 -741.332153 20.791851 17
-42.169487 -742.774414 16.801197 17
-43.569710 -739.100708 19.458857 17
-44.735146 -743.351807 15.245549 17
-42.679001 -739.218628 2.172086 17
-48.264515 -740.743042 20.237570 17
-47.327599 -742.751770 18.662479 17
-42.768471 -738.838013 0.006710 17
-43.049931 -743.620178 17.412958 17
-46.985123 -738.696289 14.527153 17
-45.305664 -742.368713 13.639651 17
-43.706219 -740.094971 23.075796 17
-44.684456 -739.103821 13.584564 17
-47.617249 -741.234497 17.845425 17
-43.687351 -739.766357 23.464302 17
-47.520969 -745.443176 27.490028 17
-43.313152 -740.613953 7.595144 17
-45.903954 -740.288818 10.865922 17
-45.833538 -744.129211 18.136227 17
-43.835415 -737.406555 2.913724 17
-48.380352 -743.161316 24.258991 17
-43.743496 -743.813293 22.095648 17
-48.197880 -742.061401 24.159281 17
-44.022106 -741.419617 9.971232 17
-47.525906 -743.135376 26.339117 17
-44.906094 -738.993103 4.953824 17
-46.879623 -738.107605 16.994299 17
-43.094112 -737.587097 -0.999481 17
-45.395378 -740.720032 9.062445 17
-47.917545 -740.540649 18.981371 17
-42.664078 -739.778198 5.841283 17
-47.956978 -740.389648 21.444460 17
-44.030018 -736.877808 -0.003304 17
-42.761677 -738.181946 -1.138764 17
-43.904747 -739.355103 0.136063 17
-43.914204 -739.796021 14.845293 17
-41.990486 -742.265137 14.917317 17
-47.662636 -740.003906 21.524426 17
-44.978302 -741.526672 11.148026 17
-47.141712 -739.693420 14.188993 17
-43.319904 -738.087646 12.278863 17
-45.153152 -739.244629 6.706242 17
-45.707115 -745.115906 26.138365 17
-46.744907 -743.538086 18.525957 17
-48.115883 -740.755493 19.350992 17
-47.173988 -740.742249 24.247932 17
-47.607479 -739.243286 17.261627 17
-43.053261 -738.531921 9.789021 17
-43.121067 -739.957031 19.188852 17
-42.920414 -738.053223 2.852450 17
-47.288589 -745.648682 25.310717 17
-46.456501 -741.589783 14.486476 17
-42.834610 -738.661255 13.849004 17
-44.504696 -739.592407 19.318691 17
-42.576107 -738.275635 6.059860 17
-47.296471 -738.601074 17.554743 17
-44.059246 -743.573669 15.126533 17
-45.810543 -740.943787 11.159877 17
-44.696205 -744.194763 17.085526 17
-44.757767 -740.535522 8.352705 17
-43.275608 -737.358032 1.060331 17
-45.858013 -739.001648 9.915284 17
-43.551403 -739.704834 4.414106 17
-42.581463 -743.210144 19.419327 17
-47.491856 -739.485413 20.893555 17
-43.230156 -744.225525 17.482153 17
-45.408672 -737.953369 7.768396 17
-47.992661 -740.004211 19.719561 17
-42.552986 -737.728516 0.178092 17
-47.433105 -739.012268 15.531393 17
-43.634960 -738.647888 12.867337 17
-41.707981 -740.400085 10.831721 17
-44.133614 -744.058655 23.711670 17
-44.120846 -741.008484 8.966442 17
-47.895878 -743.534729 22.772995 17
-42.734032 -738.276428 2.437262 17
-47.210903 -741.378906 16.194859 17
-47.519993 -739.214844 19.557539 17
-47.840012 -741.640381 19.089830 17
-44.153965 -737.864197 -0.759663 17
-46.190243 -741.012695 12.645910 17
-42.544239 -742.247620 13.383471 17
-43.933434 -744.716003 20.023100 17
-44.194740 -739.585388 2.894848 17
-43.651627 -739.197571 0.661976 17
-43.665901 -738.539185 11.739098 17
-47.565716 -745.878845 26.668610 17
-46.876892 -740.515320 13.817622 17
-45.720081 -742.423035 14.559224 17
-43.775875 -737.350708 4.707847 17
-46.616062 -738.547363 20.636448 17
-44.700703 -738.475769 -0.539570 17
-43.801155 -737.051147 1.576954 17
-45.061806 -744.836548 19.176527 17
-42.901955 -738.936584 0.967481 17
-43.338421 -738.697083 17.192980 17
-44.158382 -738.030212 0.694134 17
-44.348423 -737.002625 11.029564 17
-44.351723 -738.724731 -1.618886 17
-45.707764 -737.794861 11.066161 17
-44.165207 -737.104431 6.953180 17
-42.404716 -743.067200 17.721342 17
-45.668327 -745.619934 26.116234 17
-44.347942 -739.836670 21.620481 17
-43.098499 -739.048828 9.888982 17
-41.833630 -739.300049 9.024507 17
-42.746006 -740.999695 9.472745 17
-44.850323 -745.494080 22.449875 17
-43.680470 -737.203918 2.012597 17
-42.154022 -742.028076 13.958305 17
-41.975090 -739.650391 9.498816 17
-43.292500 -737.386780 -2.250769 17
-44.265465 -739.150940 12.509570 17
-44.094547 -739.513367 2.064458 17
-43.404919 -739.162964 -0.586573 17
-41.444424 -739.937805 9.945406 17
-43.563156 -739.706665 13.393373 17
-46.761730 -742.487732 16.859364 17
-43.622166 -739.720154 15.767747 17
-44.238506 -737.050781 8.759635 17
-43.847633 -744.897766 22.425024 17
-46.569969 -739.739197 22.442751 17
-45.809093 -742.651245 15.476635 17
-42.276745 -738.461426 -1.835630 17
-42.818573 -738.979004 2.572318 17
-48.216145 -744.342102 25.560591 17
-46.345993 -738.436035 11.153739 17
-44.235592 -741.477051 10.830889 17
-42.123505 -739.924805 8.196369 17
-45.120087 -740.099121 7.036130 17
-43.108852 -737.214600 1.934052 17
-42.048172 -742.299927 16.854551 17
-44.161701 -737.618408 3.908016 17
-47.365875 -738.732483 17.989847 17
-42.323780 -738.228699 5.331239 17
-44.652000 -739.086548 2.382169 17
-48.253632 -743.282104 25.634129 17
-44.255245 -739.582520 19.849287 17
-44.595863 -738.414185 2.195432 17
-45.872177 -737.329346 15.309891 17
-45.080536 -744.356750 17.900400 17
-45.302658 -744.479370 18.662125 17
-42.218731 -739.168152 6.888607 17
-46.908394 -745.649963 26.945072 17
-44.079597 -737.573608 -0.155336 17
-47.362621 -738.743042 16.787060 17
-42.722973 -739.356812 0.435536 17
-46.074738 -742.650879 15.850979 17
-42.674957 -739.328125 0.908874 17
-42.733658 -737.301697 1.435229 17
-43.484837 -739.534485 3.647360 17
-47.869061 -739.823853 19.291254 17
-42.568203 -738.001892 -2.128994 17
-47.505695 -738.991211 16.366400 17
-42.996555 -738.265503 9.139638 17
-47.892818 -741.784241 25.071781 17
-42.348671 -738.994019 4.826087 17
-44.340889 -741.067871 9.877810 17
-45.002590 -737.389099 10.449417 17
-42.765980 -742.087158 12.414809 17
-46.464581 -737.745911 17.769987 17
-46.230850 -737.881592 14.134031 17
-42.969631 -738.331604 7.887938 17
-43.112228 -739.835022 18.235325 17
-44.435646 -739.231750 0.847773 17
-44.668076 -738.539307 -1.007711 17
-47.904083 -740.678101 18.220716 17
-46.753387 -745.026855 27.091349 17
-44.058777 -737.800537 1.917726 17
-45.453815 -739.453064 8.545538 17
-42.093334 -740.455750 9.747650 17
-42.695595 -739.357483 4.552837 17
-43.836716 -737.565857 8.521355 17
-43.431908 -736.722717 2.400652 17
-44.365952 -739.921997 4.801604 17
-45.175873 -738.802734 6.880462 17
-48.388275 -743.795898 24.970446 17
-43.931278 -737.183960 6.199743 17
-43.091465 -737.752686 0.225378 17
-42.263988 -738.062988 -0.972296 17
-43.366474 -739.522766 14.146935 17
-42.956852 -737.117310 2.768294 17
-44.223511 -744.779480 23.783939 17
-42.972115 -737.535156 -1.741130 17
-44.976295 -737.339478 7.520097 17
-47.018078 -738.533386 19.869001 17
-42.759090 -743.234192 14.823705 17
-43.676804 -741.733459 10.584752 17
-45.375088 -743.634644 16.609644 17
-45.636135 -739.124695 9.072801 17
-45.028248 -745.218445 20.379339 17
-43.449657 -737.278503 3.841843 17
-43.115318 -737.625854 -0.507393 17
-43.080997 -738.637756 11.197328 17
-43.066032 -737.631714 6.014655 17
-47.795101 -739.847595 20.111509 17
-44.287678 -737.515991 1.218186 17
-42.621517 -738.499390 -2.176694 17
-47.742390 -739.455811 17.740885 17
-42.011154 -741.275391 10.984939 17
-44.031155 -737.788757 2.411631 17
-46.216953 -743.992676 18.986166 17
-44.669689 -736.954651 12.370905 17
-47.974575 -740.629639 21.061312 17
-45.900322 -743.577209 17.340673 17
-44.307644 -738.151184 -1.211214 17
-42.424648 -741.700806 11.591341 17
-47.158981 -746.053528 25.910460 17
-47.795837 -741.266663 18.724186 17
-43.938103 -742.804382 13.071751 17
-48.089287 -739.947998 17.735439 17
-44.183403 -737.461182 10.462697 17
-47.675358 -740.888550 24.037088 17
-46.272278 -745.636230 26.637123 17
-46.489803 -744.810974 20.667236 17
-46.127388 -743.262390 16.964548 17
-43.384155 -744.459656 20.159918 17
-43.299397 -737.088745 0.707539 17
-48.116440 -741.352112 23.342115 17
-48.254406 -741.278687 21.667856 17
-48.190434 -742.442017 22.765396 17
-42.678307 -738.246704 0.256147 17
-46.148628 -745.322205 21.843979 17
-42.230419 -740.328979 8.834580 17
-48.014332 -741.750549 19.886572 17
-44.364437 -738.515625 0.579685 17
-42.271931 -738.203064 4.585539 17
-42.623405 -738.605591 2.941932 17
-45.381493 -744.505432 25.586325 17
-42.322014 -739.316284 -1.888526 17
-42.692936 -737.871704 -1.734823 17
-44.444866 -739.423401 -1.635164 17
-47.551270 -740.212585 22.249134 17
-45.250557 -742.804688 14.172256 17
-42.196228 -738.038330 1.799997 17
-43.473503 -740.081177 17.894573 17
-43.017380 -738.599792 15.212097 17
-45.875137 -737.734436 13.330060 17
-43.585560 -737.105103 9.159923 17
-44.343292 -738.090637 1.685591 17
-45.711784 -741.765198 12.931169 17
-41.824379 -740.548523 11.860082 17
-48.092674 -742.939331 22.268158 17
-43.306892 -739.672058 19.614361 17
-46.308037 -743.605957 18.659410 17
-46.762039 -738.071289 17.945436 17
-44.862606 -745.082275 19.805292 17
-43.847286 -744.796204 21.359148 17
-43.691914 -739.008362 14.995026 17
-44.015129 -737.638916 0.462794 17
-44.483162 -738.036011 -2.099003 17
-45.081078 -743.576355 16.129023 17
-41.655025 -742.189270 15.448064 17
-45.721870 -741.230591 11.983234 17
-44.195007 -739.829651 22.533848 17
-43.504238 -739.872131 18.921553 17
-43.110821 -738.289185 5.913103 17
-48.185905 -743.429749 23.635923 17
-42.631596 -738.117310 0.894057 17
-43.465305 -739.225830 1.483624 17
-46.546673 -737.820923 15.661985 17
-46.023506 -744.548950 20.065807 17
-42.221176 -739.243469 6.071402 17
-45.929638 -737.854919 11.525899 17
-43.457600 -737.460388 6.782501 17
-44.299328 -740.067505 17.682236 17
-45.942516 -745.499146 22.296383 17
-43.529636 -739.792480 17.529963 17
-41.372349 -740.916199 12.438283 17
-44.987110 -740.055359 6.528771 17
-44.718201 -738.194214 3.616375 17
-44.996014 -745.593628 24.010044 17
-46.025696 -742.093018 13.665601 17
-46.520466 -739.777100 21.971682 17
-46.806820 -743.978577 19.962948 17
-47.411106 -738.856689 17.203396 17
-43.961555 -739.632568 3.590137 17
-44.345249 -742.662170 13.067814 17
-43.965832 -737.127319 5.735391 17
-43.227840 -744.281921 21.072933 17
-47.242313 -740.510010 15.532732 17
-47.066841 -742.623840 17.686180 17
-46.636551 -738.452454 12.801326 17
-47.431320 -744.041138 22.589989 17
-47.229382 -744.853516 22.438541 17
-44.361473 -737.426697 -1.531906 17
-48.176300 -744.077026 24.239393 17
-46.015457 -741.420715 12.346087 17
-46.507004 -738.170593 13.604622 17
-46.317780 -745.573486 22.691963 17
-45.996052 -738.741150 10.289935 17
-42.625763 -742.781189 15.379892 17
-42.400608 -739.158508 5.216118 17
-42.221432 -739.984253 6.576414 17
-47.634140 -739.206604 18.683775 17
-43.880272 -739.946411 17.242924 17
-43.813904 -742.409546 12.370499 17
-46.879559 -743.161255 18.244627 17
-43.436607 -737.221497 7.967772 17
-42.371128 -742.413696 14.665010 17
-43.124065 -739.271484 15.780544 17
-43.713821 -738.889099 12.085713 17
-47.868587 -739.854919 18.502619 17
-43.445236 -737.203857 0.046083 17
-43.177380 -738.114929 9.883065 17
-48.216427 -741.665222 22.914299 17
-44.127792 -737.191895 -1.148730 17
-43.509319 -739.276978 -1.564450 17
-43.968891 -740.859375 7.998693 17
-45.692970 -738.319031 9.555428 17
-43.997036 -736.863037 1.008445 17
-45.691833 -743.238831 16.527731 17
-45.924488 -737.534424 16.118174 17
-43.416290 -739.851013 20.571327 17
-43.228882 -738.459839 13.089415 17
-42.753922 -738.199097 -0.516119 17
-43.091591 -737.877014 4.426307 17
-44.777031 -737.210022 6.465366 17
-44.509811 -740.791443 9.212343 17
-43.494202 -736.983826 -0.341127 17
-43.974133 -740.415161 22.683741 17
-42.827888 -738.086914 3.579951 17
-48.289574 -742.434021 24.992525 17
-42.260887 -741.673096 12.209616 17
-47.811600 -744.828918 24.991449 17
-45.655823 -742.225220 13.826355 17
-42.355698 -738.667053 1.530169 17
-44.314495 -739.299072 -0.299300 17
-43.187866 -737.423523 4.398096 17
-42.288475 -738.451599 -1.177042 17
-47.526699 -740.358887 22.854719 17
-45.731876 -745.846802 23.529301 17
-42.924824 -739.700989 4.999684 17
-42.790539 -739.482910 -0.975198 17
-45.682434 -741.535034 11.499660 17
-47.919170 -740.840576 18.605940 17
-42.501801 -741.893677 13.157574 17
-41.916920 -741.641235 13.543314 17
-45.087872 -737.384521 11.017714 17
-44.288246 -737.377075 -2.267031 17
-43.469547 -739.609436 9.730460 17
-45.948116 -738.259827 10.775674 17
-44.775845 -741.152710 10.420043 17
-47.095928 -738.365479 16.733814 17
-47.838650 -742.583130 25.815937 17
-47.683109 -739.451416 19.236261 17
-45.186375 -737.565613 8.568006 17
-45.595394 -737.697266 10.165548 17
-43.570736 -739.975037 22.127947 17
-47.007179 -738.729980 21.035341 17
-45.133175 -740.359985 7.594741 17
-42.605255 -738.716370 5.871094 17
-42.980350 -738.806213 7.185453 17
-48.549313 -742.033447 22.162033 17
-43.538704 -737.001892 -1.430999 17
-42.241085 -738.994690 7.291417 17
-45.482525 -737.919739 9.147657 17
-46.197906 -741.836426 14.276292 17
-47.863392 -740.988831 22.082090 17
-42.934040 -737.868408 1.993058 17
-42.546425 -738.258118 4.921022 17
-47.501560 -744.865845 23.255215 17
-47.110542 -738.502869 19.355513 17
-48.276718 -742.505554 24.115774 17
-47.398727 -743.881714 26.779520 17
-44.644981 -745.139038 23.811291 17
-44.972679 -745.583069 22.995930 17
-43.220924 -737.877625 5.267346 17
-45.219517 -741.013916 9.309014 17
-45.237869 -738.397400 6.009090 17
-44.459396 -742.945496 13.853784 17
-44.173321 -739.203125 -1.320070 17
-45.947998 -745.816711 23.064081 17
-47.011261 -741.067383 24.555887 17
-45.451469 -740.270264 9.559261 17
-43.286282 -738.269043 11.255786 17
-44.757202 -737.358826 9.705060 17
-41.728458 -739.600159 8.732280 17
-43.514580 -739.420105 21.741940 17
-47.226311 -742.257324 17.509529 17
-46.657635 -738.178772 14.439856 17
-42.591614 -742.707886 13.758809 17
-46.152046 -742.418518 14.613514 17
-47.098343 -738.321289 16.038036 17
-45.857185 -744.241699 18.968554 17
-43.439144 -739.866882 21.572229 17
-43.187004 -739.141785 18.911488 17
-46.217709 -737.528809 16.496807 17
-43.320343 -739.557678 15.438343 17
-47.707649 -745.090515 24.517876 17
-43.503933 -744.351074 19.369503 17
-41.823154 -740.454956 10.429315 17
-46.395298 -742.368530 15.752658 17
-44.312447 -737.391724 5.515549 17
-45.349228 -745.822021 24.191349 17
-44.992687 -737.241699 12.298537 17
-43.979809 -744.905212 19.642656 17
-44.433800 -739.231873 14.536451 17
-47.713264 -739.449707 15.693678 17
-45.701115 -744.368591 19.390732 17
-43.347130 -742.514709 12.896178 17
-46.200367 -737.935486 12.858471 17
-46.195850 -743.449890 17.897087 17
-43.888477 -737.182007 7.842597 17
-48.161957 -742.019470 23.725332 17
-48.167519 -741.398132 22.502731 17
-48.235649 -744.202698 25.093990 17
-43.259956 -739.070679 0.629503 17
-42.545074 -738.765137 -1.854982 17
-42.374577 -738.315857 2.213321 17
-47.592377 -739.767822 21.150335 17
-41.845444 -741.855042 15.173748 17
-43.201382 -738.839783 15.913669 17
-44.410854 -737.985901 3.185846 17
-41.856586 -740.003845 9.657596 17
-47.833569 -744.133789 23.300203 17
-45.922871 -737.091431 15.626867 17
-43.262859 -740.096069 5.964472 17
-45.005974 -737.548157 7.873834 17
-43.728714 -739.701294 14.267539 17
-45.731865 -744.792542 20.281845 17
-46.641838 -742.774170 17.277439 17
-44.438625 -739.505249 0.401125 17
-43.090252 -741.403503 10.256177 17
-47.806812 -739.493408 16.992741 17
-45.412788 -738.570068 7.218116 17
-43.303329 -743.248230 15.002269 17
-41.309975 -740.328979 10.915716 17
-47.566559 -739.168457 14.986831 17
-43.049290 -739.067932 0.209459 17
-44.790154 -738.133423 4.197446 17
-44.071201 -739.125671 12.110194 17
-45.444698 -741.223755 10.218472 17
-45.446049 -744.771912 19.337320 17
-44.113029 -737.152649 -0.289082 17
-48.256859 -740.361389 18.829235 17
-43.004234 -742.869629 14.280993 17
-45.171349 -743.141663 15.326018 17
-46.619717 -737.813782 17.119383 17
-46.967468 -739.388672 13.410888 17
-43.438381 -739.385925 3.039003 17
-44.338280 -738.262207 -1.607814 17
-45.363060 -740.996948 10.671772 17
-42.571869 -738.573792 0.648400 17
-45.651009 -739.654724 9.462223 17
-45.696735 -740.409729 10.489891 17
-43.400742 -744.113281 21.472931 17
-42.336613 -738.308044 3.331359 17
-44.846684 -738.629089 0.946455 17
-44.941105 -742.791260 14.578039 17
-42.305561 -739.701355 6.848350 17
-43.333424 -739.584412 4.047036 17
-47.109451 -739.551147 21.683195 17
-43.638191 -738.224548 10.165004 17
-41.605309 -740.508789 12.241607 17
-42.856613 -742.288574 12.736629 17
-42.584579 -737.846069 3.257477 17
-42.976280 -743.718689 18.095316 17
-45.493519 -743.375183 15.845784 17
-44.158344 -739.578064 0.931596 17
-43.582867 -744.543945 18.581133 17
-44.358994 -738.703857 -0.815723 17
-47.096279 -740.160156 23.393400 17
-42.155655 -739.004395 6.462929 17
-46.209393 -744.954102 21.528442 17
-46.996899 -743.733215 19.507694 17
-46.008133 -741.656982 13.489244 17
-43.397274 -737.340393 4.884152 17
-46.949966 -738.840271 20.624365 17
-45.989532 -746.020691 24.785311 17
-43.260468 -738.248474 10.675949 17
-43.132538 -740.218933 6.424704 17
-42.987808 -743.966125 20.304132 17
-43.753418 -739.243164 18.971422 17
-41.467476 -741.307617 13.425638 17
-47.703876 -740.392822 16.902058 17
-46.710461 -741.022339 14.469063 17
-43.416031 -736.801758 2.983638 17
-42.838085 -743.839722 18.840315 17
-42.925945 -743.417114 15.732153 17
-43.178974 -739.165222 12.783265 17
-44.782406 -739.684570 4.432783 17
-44.296139 -739.723999 20.659855 17
-44.140518 -740.324829 21.358807 17
-48.277729 -744.066345 26.281919 17
-42.372555 -738.907898 -0.819728 17
-48.152927 -740.144775 18.262966 17
-48.490150 -742.144409 23.420815 17
-41.969353 -741.939453 16.046204 17
-42.724304 -739.436584 -1.441500 17
-42.641689 -737.872742 2.616407 17
-45.222271 -745.340515 25.429167 17
-46.628342 -740.027893 23.137331 17
-45.065933 -744.546997 18.279385 17
-42.436371 -738.073120 -0.252218 17
-43.208084 -739.201355 9.101305 17
-42.020401 -739.334778 7.558757 17
-44.792702 -739.423889 20.111717 17
-47.415306 -738.836731 15.976148 17
-44.248062 -745.096130 20.572489 17
-46.824104 -741.778259 15.578900 17
-45.603474 -737.589600 12.262076 17
-44.452717 -740.773804 23.162682 17
-46.377029 -746.174622 25.591818 17
-42.048985 -742.475891 16.433365 17
-42.371372 -738.330017 2.665251 17
-46.557564 -743.104553 17.854101 17
-45.104416 -738.471375 6.521898 17
-43.219109 -739.543335 18.791245 17
-43.862331 -737.182190 8.327622 17
-47.770378 -743.009583 20.380535 17
-44.735985 -738.591309 3.526917 17
-43.851452 -738.930054 11.361172 17
-42.540585 -738.360474 3.749232 17
-44.133480 -740.796997 8.382292 17
-45.246147 -741.581848 12.030515 17
-47.278324 -742.588440 25.760962 17
-44.502213 -738.686890 0.181052 17
-42.883663 -737.181152 3.670585 17
-47.823376 -744.236389 24.535387 17
-45.950676 -746.021240 25.216555 17
-44.161022 -737.468933 4.659199 17
-48.184479 -742.018250 24.810947 17
-47.016720 -738.301147 17.553217 17
-43.339935 -738.354858 11.944382 17
-46.938164 -738.450989 14.191083 17
-47.796780 -744.624451 24.152565 17
-43.469406 -743.144226 14.441417 17
-46.589848 -737.979431 16.152771 17
-42.864628 -739.090027 16.750093 17
-48.067112 -744.066650 23.863884 17
-41.931961 -739.585876 8.308189 17
-47.915333 -745.801086 27.412540 17
-48.244064 -742.525696 21.810743 17
-43.481430 -739.840210 16.770660 17
-45.609314 -745.675598 22.426352 17
-47.934116 -743.155029 21.256418 17
-46.961170 -743.466064 18.919598 17
-46.491211 -738.579041 12.420280 17
-43.393669 -740.851196 8.412539 17
-44.329784 -742.090454 12.414076 17
-41.832443 -739.841064 10.164891 17
-44.390259 -738.296387 1.301004 17
-44.100620 -737.242737 0.838945 17
-44.997574 -740.758484 8.028435 17
-43.985573 -739.331299 15.178741 17
-47.259804 -740.498413 23.932762 17
-41.426678 -741.640930 14.147769 17
-42.665089 -739.256287 -0.418365 17
-46.601547 -744.684631 21.095701 17
-44.233192 -740.126282 19.060022 17
-42.059525 -741.279053 11.385870 17
-45.323700 -739.303284 7.589419 17
-46.575424 -740.568604 13.114856 17
-42.752613 -740.090637 6.614362 17
-44.360725 -737.921509 2.590973 17
-47.173885 -739.240906 14.147717 17
-42.854443 -738.956665 -1.706338 17
-43.177521 -738.505249 13.641885 17
-44.315968 -737.219910 11.888735 17
-45.932251 -739.546326 10.449969 17
-42.658676 -738.292542 1.423327 17
-44.200024 -739.147095 13.204007 17
-44.301178 -737.113220 7.911827 17
-43.759468 -739.159607 18.085865 17
-46.240284 -738.230957 11.497213 17
-42.961609 -738.893066 6.791322 17
-47.030460 -745.313293 27.351961 17
-43.661137 -738.320312 10.908285 17
-42.688965 -737.904907 5.513816 17
-42.460114 -740.253357 7.870663 17
-47.863564 -740.076111 20.483749 17
-48.249146 -743.128052 23.202095 17
-42.418289 -742.765076 18.329580 17
-42.234314 -742.776245 17.429874 17
-44.382885 -742.268005 12.882236 17
-48.190636 -742.334167 21.386280 17
-47.365204 -741.711182 17.344336 17
-43.851410 -740.307739 22.236870 17
-46.419830 -744.506897 20.418350 17
-43.868996 -737.339539 3.798814 17
-44.670994 -737.350281 8.355050 17
-44.102867 -736.940674 -0.807511 17
-44.820175 -745.315613 21.261745 17
-46.699608 -740.182983 12.951608 17
-43.277477 -739.160767 18.052908 17
-43.195713 -738.432983 12.440745 17
-44.919075 -739.391113 5.116248 17
-46.267822 -738.990540 11.386899 17
-42.269566 -738.497131 5.630673 17
-45.927338 -744.968445 21.228041 17
-45.888531 -740.561768 11.152869 17
-43.378819 -738.910339 16.524521 17
-43.574440 -738.785645 17.549160 17
-48.154476 -740.355530 19.726192 17
-42.591835 -741.377869 10.858341 17
-48.064068 -742.485901 25.484573 17
-43.170315 -739.796387 16.501295 17
-45.785030 -738.756714 9.625279 17
-47.344223 -745.728760 25.743689 17
-48.151100 -741.351318 19.835800 17
-44.798973 -745.266235 23.223179 17
-44.366722 -740.179199 24.691217 17
-44.008812 -737.668762 1.004713 17
-43.414459 -737.549255 7.204062 17
-42.555237 -742.234985 14.306880 17
-45.445572 -739.007812 8.266191 17
-45.259880 -741.601990 11.491513 17
-45.307358 -738.137756 7.257253 17
-43.118095 -738.188782 6.974078 17
-42.720123 -741.628784 11.200856 17
-43.743309 -739.317017 -1.873681 17
-46.451073 -740.131042 12.341855 17
-45.989262 -744.333984 19.727547 17
-42.620884 -737.677002 5.849427 17
-43.828369 -737.341675 -1.388864 17
-44.047127 -737.426819 5.043196 17
-44.714745 -739.039856 2.788224 17
-44.128822 -737.032104 10.680639 17
-46.509323 -743.910767 19.243845 17
-46.937290 -739.875977 22.649048 17
-44.329407 -745.141113 22.833208 17
-45.546085 -745.348145 21.634790 17
-43.869106 -737.373413 -2.149990 17
-44.249836 -741.809937 11.056581 17
-43.356209 -739.401306 8.443881 17
-46.166225 -740.744629 11.962305 17
-42.686520 -740.207275 7.218419 17
-42.270256 -737.991211 0.899921 17
-44.560844 -741.690613 11.581273 17
-42.150097 -742.559875 15.697272 17
-44.830498 -739.130371 3.986560 17
-45.941292 -744.814331 26.199100 17
-46.906422 -745.054749 22.729090 17
-46.796349 -745.885864 26.596642 17
-44.389961 -738.207764 -0.171800 17
-47.715065 -742.010925 25.325037 17
-43.415943 -738.833374 18.472319 17
-45.539188 -737.087219 15.141006 17
-45.247669 -745.514282 22.091095 17
-47.057236 -741.111206 15.029703 17
-42.255463 -739.715759 5.417147 17
-42.888496 -737.393494 0.538071 17
-46.442932 -738.062744 18.987570 17
-47.857403 -743.481079 21.995487 17
-45.560608 -745.001282 25.667576 17
-46.261154 -745.326782 27.291245 17
-47.481598 -739.330566 20.507675 17
-46.996052 -745.294556 23.049810 17
-44.023865 -744.921814 23.228493 17
-47.179920 -739.863098 22.286316 17
-42.568115 -739.095520 -1.147098 17
-46.688450 -745.595581 23.232203 17
-45.941219 -738.141663 9.804226 17
-46.150730 -744.946350 26.715345 17
-44.802929 -737.241760 13.155432 17
-47.604454 -743.046997 20.040518 17
-46.733402 -740.932068 14.019973 17
-44.001488 -739.397766 -0.985647 17
-46.737942 -742.431396 16.271301 17
-47.063904 -740.143127 22.952477 17
-47.729393 -745.098206 27.413574 17
-44.867626 -737.254395 9.081579 17
-42.771278 -737.491760 2.335401 17
-46.290688 -738.096924 12.223829 17
-45.063507 -741.232544 10.926833 17
-43.961613 -737.625671 3.248285 17
-47.650616 -739.501526 20.097374 17
-47.197338 -743.645325 20.352736 17
-45.723610 -737.221008 14.449905 17
-42.324181 -740.939453 10.244696 17
-43.748329 -737.187012 9.719562 17
-43.271015 -739.374146 20.255377 17
-45.697372 -744.223694 18.569376 17
-42.010193 -741.103394 10.406346 17
-43.924747 -744.592102 19.300072 17
-43.514107 -737.138428 3.428261 17
-45.368992 -745.062378 20.592228 17
-45.371342 -745.711914 25.119019 17
-43.668839 -741.205322 8.864226 17
-42.248158 -740.493835 9.181859 17
-46.987049 -740.345581 14.163608 17
-44.657742 -739.327942 15.686399 17
-44.429241 -740.114197 18.397261 17
-41.971851 -739.996460 9.024692 17
-43.489910 -742.844421 13.678755 17
-47.504330 -741.992737 18.251890 17
-43.322655 -740.223083 21.273596 17
-42.597988 -737.795959 -1.367123 17
-42.922581 -744.026062 19.607981 17
-44.148617 -737.513916 2.151802 17
-48.292469 -741.745117 22.133333 17
-42.946163 -738.544067 9.397777 17
-43.403625 -737.805542 5.952664 17
-44.569294 -739.593445 3.105832 17
-44.489193 -739.893982 15.412853 17
-43.579380 -739.251587 -0.112408 17
-44.357616 -738.528870 -1.278209 17
-48.166885 -744.798340 26.246151 17
-47.944721 -743.496033 26.326674 17
-44.630150 -738.304565 0.422923 17
-44.758957 -744.059509 16.719868 17
-46.980885 -739.044861 13.734780 17
-44.349804 -743.084839 14.261572 17
-42.266560 -739.881470 7.177402 17
-46.242771 -740.286987 11.704534 17
-45.151402 -744.487610 25.263186 17
-42.591160 -738.772156 6.316898 17
-43.139198 -737.786621 3.633379 17
-45.560471 -738.268127 8.979314 17
-46.706924 -744.235779 20.412786 17
-46.890289 -738.677307 13.184855 17
-46.429089 -741.366272 13.852326 17
-43.458790 -737.190186 1.675594 17
-47.211597 -738.894348 19.991810 17
-43.598473 -736.754333 0.510079 17
-46.048912 -737.365234 17.185970 17
-43.987858 -743.947144 22.854481 17
-45.079197 -740.515747 8.992872 17
-47.598289 -739.354736 16.451096 17
-43.494129 -736.688843 1.530272 17
-46.315945 -746.000793 24.070232 17
-46.359581 -739.514709 11.795296 17
-44.666897 -738.254761 -1.798586 17
-46.808239 -744.768372 21.981405 17
-47.326286 -740.161072 15.414449 17
-47.651951 -745.315613 26.985231 17
-42.929333 -737.296997 -0.637028 17
-48.082649 -741.149048 19.377138 17
-41.473824 -741.810608 14.590766 17
-44.383514 -737.823364 0.466206 17
-43.042904 -737.713318 0.752477 17
-43.491520 -739.579590 22.088453 17
-45.098465 -737.150635 9.896355 17
-43.392231 -739.931091 22.933741 17
-42.384865 -739.234070 0.406888 17
-47.949001 -744.627808 25.565830 17
-43.223000 -740.109802 20.349628 17
-45.012833 -738.199280 5.371837 17
-44.366360 -744.432556 17.822138 17
-44.797794 -738.534119 2.907800 17
-45.420559 -740.407043 8.847604 17
-43.347549 -741.610291 10.752890 17
-46.356537 -737.825378 18.320559 17
-43.042088 -739.243835 3.050739 17
-48.535606 -743.202698 24.840338 17
-47.061188 -740.410339 14.781414 17
-46.917915 -744.117126 20.790771 17
-43.311043 -737.376404 -0.286586 17
-45.110722 -740.998413 10.287021 17
-43.080791 -738.894470 11.496208 17
-43.041134 -740.683350 8.060370 17
-41.713264 -741.038208 12.531628 17
-44.388382 -737.323547 7.454216 17
-44.554325 -744.711182 24.787836 17
-46.017540 -737.553162 14.659162 17
-45.167839 -745.671326 23.303364 17
-44.483269 -737.889709 0.044246 17
-43.114658 -738.354187 8.615308 17
-42.209927 -740.259827 8.469243 17
-43.009354 -739.604919 -1.612654 17
-43.524635 -737.213440 5.237532 17
-44.979023 -737.900452 6.026660 17
-43.120094 -739.072327 1.601650 17
-46.351856 -740.729980 12.485762 17
-44.916401 -740.021851 22.004282 17
-48.024632 -740.655212 22.039402 17
-44.447594 -738.913818 0.561926 17
-46.459862 -745.028687 22.011845 17
-45.993938 -744.861816 20.810064 17
-42.243988 -739.042786 7.693591 17
-43.665745 -739.817139 4.789513 17
-46.628155 -745.312256 22.452871 17
-44.224537 -737.638733 1.603227 17
-46.601299 -738.030884 14.814108 17
-43.148155 -739.697876 21.164080 17
-42.158566 -738.070618 -1.899346 17
-46.877785 -744.580994 21.671722 17
-43.914021 -740.144714 20.287987 17
-44.131973 -737.087708 9.217477 17
-42.432789 -738.902527 3.284923 17
-43.606453 -744.539551 21.941574 17
-43.493179 -740.136536 18.526541 17
-43.494247 -740.198975 20.035070 17
-44.822342 -739.465698 15.088763 17
-42.738075 -738.733582 1.750342 17
-42.532604 -739.003601 0.757418 17
-47.945675 -741.030579 23.276955 17
-46.398582 -743.007202 16.532682 17
-47.168121 -743.147644 19.008120 17
-43.301105 -743.355957 15.430528 17
-44.451481 -739.796021 2.733063 17
-43.336990 -739.515503 10.417572 17
-48.301399 -742.622925 23.743847 17
-45.186218 -745.422485 21.719252 17
-43.372791 -739.434387 11.203812 17
-41.900955 -741.416260 14.069549 17
-43.456356 -738.420898 14.516238 17
-48.325100 -742.043457 22.849829 17
-44.475498 -743.445740 15.012972 17
-47.046242 -738.571838 14.948618 17
-45.174160 -740.780823 9.772360 17
-43.348282 -744.168091 18.096027 17
-47.733463 -739.482544 18.444490 17
-43.008175 -738.389648 10.445900 17
-43.736839 -740.405151 6.927380 17
-47.168354 -741.441650 15.826303 17
-44.511044 -737.262024 10.450411 17
-48.479984 -743.340149 23.965666 17
-43.232578 -738.072876 8.386276 17
-43.606441 -737.350769 6.323395 17
-45.518608 -745.243347 21.161028 17
-42.576637 -743.002930 16.208460 17
-47.871956 -743.774170 23.180521 17
-42.836094 -738.896240 15.347364 17
-46.366650 -744.168640 19.733189 17
-47.300652 -744.205444 27.352648 17
-42.599518 -739.057007 7.041591 17
-46.942059 -745.387085 23.772081 17
-42.712570 -739.230286 1.458108 17
-43.177208 -739.218323 19.458721 17
-47.203217 -739.006653 20.343166 17
-44.503216 -739.947327 16.211004 17
-45.249744 -737.294373 13.016923 17
-47.592091 -745.257324 25.284836 17
-46.066936 -738.794983 10.695639 17
-43.468216 -738.681152 16.828257 17
-43.867840 -742.851135 13.429888 17
-42.748093 -738.817017 -0.874423 17
-44.890060 -737.269409 6.849040 17
-43.524044 -739.031250 19.820122 17
-47.757488 -739.833923 20.837406 17
-44.778366 -743.570679 15.615493 17
-47.834743 -744.286499 27.074995 17
-44.348167 -745.231079 20.901472 17
-42.027138 -741.634827 12.660358 17
-43.892624 -744.765320 22.095814 17
-44.736618 -741.790649 11.986435 17
-48.338390 -743.791382 24.426540 17
-44.381210 -738.921265 -1.916532 17
-43.302879 -737.457764 5.725949 17
-45.051483 -745.088257 25.130724 17
-43.131023 -739.221985 12.169604 17
-47.213669 -739.226074 21.060192 17
-47.075806 -741.611572 25.237421 17
-47.938805 -740.809814 22.719217 17
-43.090511 -739.155701 2.384727 17
-45.565792 -743.123047 15.589335 17
-44.811981 -738.310181 4.834969 17
-46.773212 -743.538025 19.269817 17
-44.455082 -739.267090 1.449538 17
-45.289749 -742.787109 15.009652 17
-44.547039 -739.918762 3.692546 17
-43.150654 -739.222595 7.388947 17
-42.815098 -743.034485 15.700444 17
-47.198574 -743.362000 19.639946 17
-41.950024 -741.208923 12.077930 17
-44.005005 -736.901794 -1.913375 17
-45.674877 -745.912476 23.888309 17
-43.366539 -739.848083 22.404675 17
-44.679504 -740.096863 5.178018 17
-41.454971 -740.664062 11.645135 17
-42.118397 -740.887573 9.722381 17
-44.869823 -738.710144 1.630138 17
-44.014431 -744.817993 20.537586 17
-42.955902 -738.483337 8.294159 17
-46.201916 -742.769226 16.160612 17
-47.881733 -744.412842 24.853180 17
-43.494461 -737.377502 4.180154 17
-44.242214 -744.396790 23.801397 17
-45.824196 -743.959656 17.562393 17
-43.484951 -737.691406 5.477329 17
-42.547329 -738.588013 -1.550104 17
-44.748379 -740.303284 6.423929 17
-45.899448 -737.230530 16.349112 17
-48.100952 -743.176453 21.993525 17
-44.686520 -741.976135 12.365760 17
-43.277679 -741.325745 9.887488 17
-42.383785 -740.931458 9.028735 17
-45.803741 -739.932800 10.068668 17
-43.921005 -739.363403 15.655469 17
-44.643456 -741.191162 10.082052 17
-47.700325 -742.460510 19.258688 17
-42.765961 -742.856812 14.818748 17
-44.133286 -739.448425 1.362126 17
-46.594563 -745.707214 27.096867 17
-45.432358 -738.598083 8.354047 17
-44.937019 -737.531799 7.185940 17
-43.572811 -742.198120 12.088417 17
-46.961613 -741.938538 16.245949 17
-45.337116 -737.928040 8.469728 17
-44.039597 -737.186096 11.243649 17
-42.573372 -738.653320 -0.416454 17
-47.365269 -738.793152 19.225216 17
-43.136456 -739.296692 17.035095 17
-42.484367 -740.595581 8.844691 17
-42.523495 -743.715149 19.869440 17
-43.679016 -737.121643 2.643127 17
-46.973885 -746.191162 26.188210 17
-47.189205 -742.928772 26.094032 17
-44.619907 -740.912292 9.603618 17
-42.593842 -738.627747 0.298379 17
-43.866776 -737.290405 -0.680504 17
-44.490334 -737.200439 11.575197 17
-43.107494 -739.089783 13.198472 17
-45.434448 -741.411133 11.746156 17
-45.346806 -739.614075 7.810083 17
-48.054783 -740.975098 20.040155 17
-42.923302 -738.712524 7.753934 17
-44.797970 -740.612793 8.696336 17
-47.814693 -744.715332 26.770056 17
-47.054859 -742.171448 16.846165 17
-47.459213 -741.348816 25.056824 17
-44.170067 -740.187927 19.803894 17
-43.125896 -739.769958 16.934805 17
-46.208389 -741.519775 13.200173 17
-42.075283 -739.706726 7.616421 17
-47.767429 -745.111816 26.704613 17
-43.068115 -738.966858 14.559456 17
-47.666847 -744.307800 22.778399 17
-46.539024 -739.343628 21.414824 17
-44.441296 -739.160645 13.924626 17
-44.452930 -737.318542 8.658528 17
-45.579197 -745.712158 22.801676 17
-42.650238 -743.520447 18.120892 17
-42.583740 -743.349915 18.615562 17
-43.543144 -739.948608 19.777290 17
-47.833603 -740.435730 17.610397 17
-46.714333 -737.859253 18.766708 17
-48.085308 -743.245300 22.883747 17
-43.528053 -737.322266 8.308634 17
-47.352654 -742.099426 25.353827 17
-43.062443 -742.137939 12.232562 17
-47.983784 -742.995605 20.940769 17
-47.170403 -740.071960 14.815889 17
-44.916656 -737.959229 6.545375 17
-43.039619 -738.869934 11.996582 17
-44.318649 -737.932922 1.047211 17
-43.149017 -739.842529 17.532665 17
-43.723824 -739.380920 21.421532 17
-44.397270 -737.638977 -0.645021 17
-45.095173 -737.188293 8.606715 17
-43.426788 -739.504028 11.782184 17
-46.415340 -745.818848 23.579464 17
-43.194908 -737.094421 5.503182 17
-44.682457 -745.054016 24.500900 17
-46.661308 -739.012146 12.600911 17
-44.433083 -740.593384 24.139282 17
-41.631561 -740.801270 12.992267 17
-43.994411 -737.314880 9.480046 17
-46.427807 -740.723328 13.389510 17
-44.800819 -745.379944 24.807209 17
-42.687340 -743.670837 19.168331 17
-47.429520 -739.525330 14.963264 17
-42.578514 -743.189941 16.970127 17
-47.771709 -745.381104 26.248413 17
-45.347649 -738.961487 7.667395 17
-47.415062 -741.000183 16.785686 17
-43.063980 -737.679688 -0.125738 17
-43.881336 -739.666626 23.971176 17
-47.163811 -745.124573 23.320469 17
-44.060116 -737.523438 2.662117 17
-43.255173 -736.938721 4.067386 17
-43.293068 -737.503113 -1.544124 17
-45.652901 -743.769043 16.947948 17
-45.468849 -744.803101 19.941267 17
-46.742424 -738.082764 15.458985 17
-45.082066 -737.064270 11.992554 17
-47.501873 -742.563110 18.962666 17
-42.638603 -743.161316 17.391195 17
-42.101902 -742.566040 16.047361 17
-47.302643 -743.105896 19.381773 17
-43.374229 -737.111938 -1.047057 17
-47.443768 -744.666931 22.850225 17
-45.086021 -739.496277 6.475653 17
-44.067619 -737.246643 0.473885 17
-43.568989 -739.879333 14.904911 17
-44.881451 -742.239746 12.960983 17
-47.840862 -740.909851 17.954973 17
-44.612507 -737.770325 5.187950 17
-41.716953 -739.418701 9.451699 17
-42.687561 -738.250916 3.306823 17
-44.560066 -740.566467 7.276159 17
-47.290894 -742.607483 18.340490 17
-45.568691 -740.803650 9.868050 17
-43.179859 -739.133057 10.317773 17
-45.354908 -737.517944 10.360763 17
-47.813183 -740.043396 17.558702 17
-43.751595 -743.576599 15.497740 17
-44.117439 -739.742798 21.883266 17
-47.381001 -745.518188 24.890972 17
-46.566162 -743.155884 17.383512 17
-44.151867 -737.840942 0.196852 17
-46.463585 -742.385193 15.265648 17
-43.409306 -739.242188 1.849351 17
-48.170139 -744.223877 26.598663 17
-41.902863 -742.010010 14.688057 17
-41.568027 -740.211609 10.519209 17
-42.107628 -739.506042 8.963223 17
-48.355946 -741.063232 20.514997 17
-45.842575 -743.101379 16.230911 17
-45.521233 -739.891479 8.969096 17
-46.965000 -738.233154 18.212029 17
-47.019310 -742.856018 18.473366 17
-43.900562 -737.400513 10.184631 17
-45.631260 -737.851501 9.481431 17
-44.857685 -739.416321 14.357268 17
-45.641663 -737.345886 14.120104 17
-44.827366 -738.653442 4.335386 17
-48.338890 -742.200623 22.420652 17
-46.669666 -738.242249 19.728870 17
-44.216751 -737.600281 -2.000661 17
-46.063427 -739.168457 10.766521 17
-47.437126 -741.546082 17.689541 17
-42.554005 -739.860840 6.445395 17
-42.986401 -738.642090 12.658692 17
-42.537785 -743.088806 19.017902 17
-45.989346 -741.765564 12.706089 17
-44.495049 -745.277588 21.948095 17
-47.261463 -740.833557 16.083311 17
-43.197567 -738.231995 9.553405 17
-47.724537 -739.941223 16.529047 17
-42.976395 -738.868652 8.556070 17
-44.553452 -738.632629 1.346535 17
-46.442844 -738.187195 12.924043 17
-43.094437 -739.099487 14.929505 17
-42.373074 -743.476318 18.932383 17
-47.735821 -741.718201 19.412134 17
-41.633530 -739.876343 10.704697 17
-43.768173 -739.262085 -0.759986 17
-43.137981 -737.489929 2.970947 17
-47.328072 -745.148987 23.926716 17
-44.740467 -744.922974 19.031494 17
-42.551517 -742.135010 12.900314 17
-41.810799 -739.207886 8.346802 17
-45.488392 -741.901428 13.144195 17
-43.612640 -739.472351 2.744413 17
-44.307110 -737.288452 9.842641 17
-44.564114 -740.594971 7.714254 17
-43.779629 -740.150391 23.604996 17
-42.848774 -738.274841 11.679096 17
-46.171135 -739.557739 11.139188 17
-47.389992 -743.475891 26.366354 17
-47.632107 -739.612183 16.165705 17
-42.296597 -741.834412 11.883607 17
-42.476292 -738.005554 -0.638502 17
-42.328568 -737.922791 4.022890 17
-43.666370 -738.683228 12.536201 17
-41.854836 -741.132324 13.430980 17
-45.692589 -745.148865 26.650612 17
-47.950169 -740.681641 20.419191 17
-47.579823 -743.872742 21.574575 17
-43.498535 -739.701477 16.146593 17
-47.446106 -739.722229 21.559559 17
-47.884167 -744.921997 25.738823 17
-44.190861 -740.606934 23.299257 17
-42.379181 -742.563660 15.287332 17
-42.750156 -738.138733 -1.480019 17
-42.861183 -738.099915 5.783331 17
-43.765392 -739.176514 20.641962 17
-46.252934 -745.988281 26.050583 17
-42.862804 -738.057617 -1.974738 17
-45.304272 -740.173584 8.280536 17
-43.054893 -740.467590 7.406722 17
-45.084328 -740.685608 8.359166 17
-44.340515 -737.478027 -1.078220 17
-41.875977 -742.111938 15.785070 17
-42.941082 -739.514221 4.361825 17
-43.741646 -740.220703 21.926292 17
-47.186104 -744.484497 21.567022 17
-42.446747 -738.026672 0.362484 17
-47.403893 -743.323914 20.016102 17
-42.835121 -737.302063 3.362509 17
-47.660187 -744.245911 23.653961 17
-43.216240 -739.500671 18.257715 17
-46.751507 -737.933655 19.375853 17
-45.099369 -741.199097 10.004206 17
-43.023891 -739.488708 19.631544 17
-47.383739 -740.582092 16.282991 17
-48.151142 -740.691162 21.357708 17
-45.952229 -741.951477 13.963729 17
-45.723381 -740.726196 10.340106 17
-43.875751 -739.762817 22.642918 17
-42.748699 -738.971252 16.080523 17
-42.893948 -738.967712 -1.321274 17
-44.526436 -737.666321 4.661871 17
-42.808155 -739.056885 3.316245 17
-43.478279 -739.775024 12.437222 17
-44.209240 -736.963318 -1.637767 17
-43.440804 -739.656250 21.013035 17
-44.560337 -740.092102 16.893448 17
-43.079269 -738.772278 15.517372 17
-44.996635 -737.147705 14.233337 17
-46.374638 -738.970520 11.708954 17
-44.199223 -739.427124 16.256235 17
-43.650776 -736.951904 2.235996 17
-45.473209 -737.038147 13.976280 17
-42.913540 -738.404480 6.449357 17
-43.924816 -737.467590 1.529704 17
-45.411610 -737.496887 11.974942 17
-45.571224 -738.791870 8.925600 17
-44.304001 -736.892883 12.014574 17
-47.519215 -743.554932 20.956841 17
-46.834396 -742.875244 17.884720 17
-48.358330 -742.892639 23.914053 17
-46.777351 -738.455933 20.316185 17
-48.628654 -743.197876 24.513208 17
-46.716122 -738.225464 15.146470 17
-42.441860 -738.892944 0.099709 17
-43.288780 -741.924866 11.544694 17
-44.483456 -737.367004 6.225879 17
-47.546211 -740.646179 16.716923 17
-42.364056 -742.164795 12.464032 17
-43.927101 -740.283691 24.162218 17
-43.104660 -739.149719 8.175254 17
-44.853951 -737.897339 5.388999 17
-45.009426 -740.202576 8.088046 17
-42.943729 -740.855713 8.734241 17
-48.083500 -743.781677 23.686401 17
-43.319878 -736.961853 2.621983 17
-45.667545 -737.661011 11.464451 17
-42.727436 -742.472839 13.545570 17
-45.268040 -740.398438 9.243284 17
-46.395859 -741.530396 14.150472 17
-46.400112 -737.508972 18.007992 17
-43.971958 -744.309143 23.165251 17
-48.291443 -741.613953 20.611023 17
-45.142071 -738.487671 5.474066 17
-46.483311 -738.827148 12.125765 17
-42.951099 -738.639282 5.851460 17
-44.981369 -738.811707 5.488187 17
-42.166725 -738.681091 6.498216 17
-42.832401 -737.666016 3.792612 17
-46.071728 -737.620056 17.747644 17
-44.505581 -738.554443 0.922801 17
-42.847248 -737.423523 2.651798 17
-47.392269 -738.911194 18.855360 17
-45.992714 -739.893372 10.849946 17
-43.269119 -739.240479 -1.163472 17
-43.690479 -737.278687 7.548406 17
-43.979412 -739.825867 15.195148 17
-45.079411 -744.896545 19.996309 17
-42.308659 -738.353638 -0.453699 17
-45.848625 -737.981750 10.086650 17
-46.110828 -738.553223 10.933964 17
-47.330803 -743.807068 21.072947 17
-43.028980 -738.725464 13.284407 17
-46.529575 -741.769409 14.754389 17
-45.221035 -741.703003 12.350761 17
-47.278393 -744.544556 22.210381 17
-47.761551 -743.280884 26.508844 17
-47.265347 -738.647461 18.662378 17
-42.497410 -742.031738 13.654542 17
-43.107147 -739.358582 17.578449 17
-43.697010 -736.738525 1.203624 17
-48.623493 -742.583191 23.823542 17
-46.923885 -739.376160 22.140087 17
-46.827694 -745.641235 24.065681 17
-47.790218 -742.377258 19.742334 17
-47.654037 -744.749512 27.381371 17
-44.668900 -738.753052 2.311180 17
-43.578831 -737.249268 1.284353 17
-48.056076 -743.062012 22.576159 17
-43.161106 -738.545959 14.677580 17
-44.496876 -738.071106 -0.546432 17
-42.524277 -739.121338 2.550055 17
-43.905239 -741.952026 11.133817 17
-42.672081 -738.304993 -0.158484 17
-42.554100 -738.448242 4.263132 17
-45.312298 -742.965027 14.550324 17
-43.822426 -740.659973 7.800242 17
-46.897617 -738.280090 18.717690 17
-42.102943 -743.261963 18.284227 17
-44.641727 -737.240662 11.122862 17
-45.073067 -740.916565 9.014894 17
-41.457100 -740.238770 11.209361 17
-47.333649 -740.476868 23.605417 17
-48.310951 -740.526489 19.209129 17
-44.253845 -737.902588 -1.499552 17
-43.666790 -739.427917 20.441616 17
-46.510406 -742.091064 15.019711 17
-43.316170 -737.911499 9.680908 17
-44.889885 -738.654358 4.871914 17
-44.365246 -741.383911 10.035144 17
-43.540321 -739.080444 17.861801 17
-44.241093 -740.438782 24.372419 17
-44.929943 -744.655090 24.939297 17
-46.943138 -738.379395 15.647084 17
-43.547516 -739.349243 19.687860 17
-44.900955 -740.150757 7.689604 17
-44.149540 -737.248047 1.499677 17
-44.142601 -737.317139 0.031444 17
-43.197578 -739.009644 17.215040 17
-45.713875 -741.328674 11.151672 17
-44.996181 -742.620483 14.240652 17
-45.094475 -737.468384 9.244155 17
-47.097862 -744.223450 21.296350 17
-42.329655 -741.276611 10.227973 17
-46.914242 -740.336975 23.626614 17
-47.306332 -741.746216 16.824203 17
-46.288658 -738.001160 13.790406 17
-44.812370 -739.350525 4.240606 17
-41.823139 -740.261902 11.217925 17
-43.879520 -744.536072 22.642090 17
-43.898361 -740.407043 23.004873 17
-45.771587 -741.776306 13.259357 17
-45.288124 -738.234741 7.873434 17
-43.027985 -743.809998 20.649965 17
-44.581673 -741.656433 10.923677 17
-42.925751 -739.980164 5.904407 17
-46.725224 -739.868225 13.081137 17
-47.965996 -741.349304 19.008587 17
-47.495731 -739.037170 17.976156 17
-42.349518 -737.907898 5.270920 17
-44.850811 -741.697876 11.416551 17
-43.645672 -743.341064 14.877884 17
-47.907295 -741.418396 24.535622 17
-44.552795 -737.957092 -1.301302 17
-43.788765 -738.670044 10.944336 17
-41.841522 -739.933838 9.334197 17
-43.046131 -737.116638 1.278320 17
-43.174858 -739.461731 3.708959 17
-43.296810 -739.517334 12.832443 17
-44.900764 -739.906982 5.888136 17
-48.010212 -741.964600 20.617609 17
-47.170059 -738.976929 14.391514 17
-47.746712 -740.676331 21.702219 17
-43.525558 -740.246643 19.512526 17
-47.335880 -741.204285 16.504923 17
-44.681896 -739.578918 3.629046 17
-47.501244 -743.373352 20.691872 17
-43.911919 -739.575745 21.215897 17
-46.065800 -745.824951 23.506525 17
-47.315342 -741.288330 24.736721 17
-44.369877 -737.274292 9.506358 17
-48.123333 -742.384827 22.097376 17
-42.535046 -739.849121 5.546018 17
-46.389374 -745.091370 27.043901 17
-44.576336 -737.508362 5.821695 17
-47.035114 -738.931091 13.051502 17
-44.412945 -737.319092 6.919141 17
-47.749454 -740.626160 17.263781 17
-43.479923 -737.327332 4.523516 17
-47.144260 -743.905334 20.677477 17
-42.271297 -742.950806 15.925592 17
-45.515339 -741.015564 10.990521 17
-45.463322 -744.460876 25.907265 17
-45.326553 -740.571411 8.587457 17
-43.706856 -739.131104 16.259975 17
-42.123535 -740.964600 10.907672 17
-42.779362 -738.718445 14.181295 17
-45.989319 -738.478577 10.492638 17
-42.905502 -737.905823 -0.483412 17
-47.868183 -742.829468 26.026234 17
-46.469181 -744.776550 21.379234 17
-41.342594 -741.026794 12.749601 17
-44.059734 -737.569946 -0.906203 17
-43.637997 -740.051636 20.741550 17
-44.197201 -737.093018 6.346464 17
-45.703083 -744.557007 26.174063 17
-43.442917 -738.343262 11.527593 17
-46.430824 -740.034668 12.035584 17
-43.491474 -737.938660 8.985779 17
-43.487946 -737.129272 0.979996 17
-43.139381 -744.058838 18.928581 17
-44.286541 -739.404846 15.933128 17
-46.186207 -745.333069 26.723679 17
-42.404072 -739.524536 6.024168 17
-44.282143 -739.598022 2.527937 17
-43.230167 -743.928772 17.307154 17
-46.140259 -737.490051 15.870235 17
-44.128426 -740.580688 23.666758 17
-47.764431 -739.937317 17.203070 17
-44.146881 -739.584900 -0.748493 17
-45.074413 -738.159546 6.776940 17
-43.271130 -737.845276 6.597194 17
-44.524857 -738.024658 2.866112 17
-46.926422 -739.223572 21.587191 17
-43.691589 -737.282043 3.191109 17
-47.506844 -740.689758 24.267595 17
-42.712509 -739.204773 4.032272 17
-47.639057 -740.649170 23.338596 17
-43.674351 -739.108459 17.409737 17
-44.162186 -739.931702 16.522224 17
-45.237183 -739.092163 6.987717 17
-44.938339 -741.977417 12.682118 17
-43.476818 -739.194702 18.752886 17
-45.667179 -740.999390 10.570406 17
-43.892776 -739.523376 20.891361 17
-42.305676 -738.323975 1.076828 17
-48.580208 -743.736267 25.233204 17
-43.127983 -738.002136 6.072273 17
-47.164814 -738.625671 18.233376 17
-46.047119 -742.152771 14.473286 17
-43.035980 -738.424133 7.170215 17
-44.162941 -739.592896 20.219101 17
-43.223026 -739.242920 13.462699 17
-46.251099 -741.178955 13.186343 17
-42.361687 -738.958801 3.868809 17
-45.763973 -745.801575 25.711876 17
-48.351955 -743.918213 25.930389 17
-47.139626 -739.846313 14.479719 17
-42.766453 -738.141846 1.964848 17
-43.913048 -740.101624 19.606918 17
-45.268707 -740.146912 7.820663 17
-44.540962 -737.934814 3.589690 17
-44.410229 -738.401794 -0.419418 17
-43.384727 -739.147644 19.175690 17
-46.309696 -746.110718 24.866226 17
-46.125191 -740.253357 11.281764 17
-42.596004 -738.225708 -0.850890 17
-48.396828 -740.977722 20.045328 17
-46.010941 -742.575623 15.212256 17
-44.756653 -737.206543 12.600101 17
-44.014702 -740.073181 24.806229 17
-45.513458 -745.796875 24.621897 17
-45.866421 -737.545410 13.945075 17
-43.348289 -737.642090 5.081144 17
-47.583546 -745.578857 26.497709 17
-43.087902 -738.704895 16.347345 17
-44.791580 -738.814697 3.925194 17
-47.860489 -744.606873 27.145041 17
-48.328941 -741.668518 21.449694 17
-42.584373 -737.779053 1.388700 17
-44.885021 -744.369873 17.640171 17
-44.016602 -739.512146 22.941307 17
-47.001434 -739.730652 13.865920 17
-45.475948 -737.622559 9.828328 17
-44.163486 -737.308838 7.213159 17
-41.980473 -738.835571 7.182724 17
-46.802383 -739.184509 12.911826 17
-43.275181 -739.994263 5.641805 17
-44.614861 -738.697998 1.828858 17
-44.544254 -738.168274 1.936547 17
-43.643303 -740.959045 8.275187 17
-45.920761 -741.527527 12.052054 17
-47.996342 -741.056335 21.465271 17
-45.062691 -737.083008 11.244966 17
-42.821625 -743.335083 16.650816 17
-43.011299 -738.065979 5.427967 17
-48.226849 -740.590637 19.949183 17
-44.243832 -745.191406 21.754248 17
-45.574257 -740.497681 9.781364 17
-44.394005 -739.846130 4.375485 17
-41.878452 -741.388367 12.879868 17
-43.259686 -740.114197 20.684114 17
-42.456142 -740.379395 8.210983 17
-44.637142 -739.371887 15.355927 17
-43.412418 -739.767334 18.632826 17
-45.650608 -737.590149 10.675406 17
-43.867954 -739.291809 16.849958 17
-42.366726 -739.400818 4.487476 17
-43.425739 -737.961304 10.040021 17
-47.447151 -739.752441 15.430975 17
-42.367012 -739.268494 -0.539383 17
-44.539436 -739.384338 2.310002 17
-45.547718 -737.046692 14.824121 17
-42.987709 -737.459534 1.175779 17
-46.260246 -744.606506 20.790838 17
-47.196457 -738.604980 15.383962 17
-45.415539 -737.499084 11.647582 17
-47.617867 -745.468262 25.977272 17
-44.297112 -739.359070 0.115084 17
-47.587475 -741.001526 17.407227 17
-41.702885 -740.585449 11.157313 17
-48.020988 -741.332031 23.924864 17
-47.942101 -742.419495 20.229425 17
-48.038921 -742.669128 20.980701 17
-46.650246 -738.644775 11.895290 17
-43.428013 -739.945862 15.907041 17
-44.925102 -738.989990 4.558943 17
-47.519878 -742.876587 19.476246 17
-42.326614 -738.264221 1.573595 17
-42.999542 -742.417358 13.004148 17
-43.461784 -739.529419 9.334398 17
-43.794125 -740.364380 6.490096 17
-43.702579 -738.962891 12.805006 17
-44.073654 -737.628418 -0.554363 17
-46.481926 -745.580505 22.968081 17
-47.616116 -741.138855 24.907576 17
-44.762970 -743.137146 14.680136 17
-48.571182 -743.528809 24.882586 17
-43.124233 -738.399658 10.071249 17
-47.032703 -745.496033 24.286873 17
-45.366722 -737.756775 8.746975 17
-44.049053 -739.132263 12.805484 17
-43.927715 -740.055908 19.246334 17
-43.975693 -741.324951 9.667907 17
-43.150932 -738.967102 17.814783 17
-47.464516 -743.858459 27.085909 17
-42.331207 -738.440613 5.940949 17
-42.654915 -739.398743 4.928301 17
-43.263435 -743.631409 21.318226 17
-45.558140 -742.675476 14.886384 17
-44.121906 -744.978638 23.516743 17
-44.859627 -737.828369 5.726871 17
-44.359585 -742.093933 11.730397 17
-42.487587 -740.236450 7.489145 17
-43.762749 -743.235107 14.345674 17
-46.525986 -739.366150 12.248875 17
-46.368771 -742.705505 15.712406 17
-44.194546 -736.984009 10.024890 17
-42.900494 -738.000793 2.463275 17
-42.306156 -741.507874 10.901546 17
-43.981037 -737.059448 -2.195447 17
-45.958668 -745.072205 26.400391 17
-43.299812 -736.885437 3.495768 17
-43.232613 -738.550171 16.032827 17
-43.028225 -743.862610 18.541355 17
-42.913898 -737.904480 -1.111313 17
-45.007053 -745.758606 23.713465 17
-47.490643 -740.156128 15.935776 17
-46.762878 -738.668579 12.586725 17
-42.513863 -739.089966 4.560562 17
-44.232388 -740.310608 20.641380 17
-43.627132 -739.236267 0.966828 17
-42.773403 -742.696716 14.123686 17
-45.846157 -745.869629 26.168568 17
-43.123047 -738.240479 10.962686 17
-44.299858 -739.032715 -1.578637 17
-42.923874 -738.945007 2.189229 17
-48.523785 -744.331970 25.469919 17
-42.067650 -740.598145 8.645813 17
-44.147015 -744.998962 22.421104 17
-43.608162 -739.592896 13.927519 17
-42.511734 -738.111816 5.705972 17
-44.923264 -744.927673 19.448936 17
-41.490044 -741.504578 13.871707 17
-46.231689 -738.688416 11.310539 17
-43.933708 -737.216858 2.206602 17
-43.312920 -744.316833 19.722698 17
-43.250507 -739.438660 -0.770832 17
-47.980793 -744.386780 24.291052 17
-45.636848 -739.975769 9.413301 17
-43.612389 -738.809509 15.522338 17
-45.217983 -743.880920 17.330698 17
-43.153374 -738.206909 7.672759 17
-43.071121 -743.644287 16.797510 17
-45.743904 -737.700562 12.541953 17
-45.868706 -737.970459 10.842362 17
-42.992374 -737.457947 2.103898 17
-45.579758 -739.291199 8.798078 17
-43.850456 -736.810547 0.330738 17
-47.271427 -739.325684 14.499020 17
-46.865265 -738.096741 16.671389 17
-43.098438 -737.877991 4.012380 17
-43.311481 -744.477661 20.475012 17
-48.273094 -744.388916 25.926083 17
-44.810009 -737.263245 11.689215 17
-43.049992 -737.962097 4.728060 17
-47.595932 -742.015076 18.686985 17
-48.120632 -743.421692 26.008162 17
-43.336548 -737.818298 7.502440 17
-42.629715 -738.206238 5.284239 17
-44.587070 -745.328430 22.340336 17
-48.109138 -741.553772 23.595676 17
-42.675404 -737.847168 2.924722 17
-42.961803 -743.071533 15.012295 17
-48.273586 -740.653564 19.610424 17
-46.860664 -738.993103 20.879900 17
-48.311131 -743.047974 25.431015 17
-44.738503 -739.874084 4.674167 17
-44.722710 -740.330872 7.508792 17
-45.774490 -739.529846 9.726823 17
-48.435200 -742.605957 24.506741 17
-48.482967 -742.197998 24.114416 17
-48.222980 -740.796814 20.892929 17
-44.020893 -739.359497 -0.179442 17
-43.727581 -737.349243 5.016483 17
-44.455566 -738.121765 0.622781 17
-48.205730 -741.747314 24.186235 17
-45.801792 -737.028320 15.307002 17
-48.101219 -743.075500 25.832703 17
-42.987652 -739.053772 10.900067 17
-42.765388 -737.589844 1.566121 17
-42.801331 -737.177429 1.850773 17
-46.160313 -739.245422 11.085320 17
-42.973186 -739.381592 18.965849 17
-46.439106 -738.409546 11.727751 17
-45.016262 -737.167175 10.722870 17
-47.606556 -744.918640 23.731428 17