-47.651104 -741.701416 18.665754 17
-42.188671 -738.232117 -2.233424 17
-41.649784 -739.709778 9.124021 17
-47.582649 -746.013794 27.361984 17
-44.001850 -739.741150 24.856779 17
-45.325085 -737.073547 14.282627 17
-41.775192 -742.399414 15.942763 17
-45.003559 -738.871948 3.629620 17
-44.317764 -745.190613 22.225241 17
-48.460930 -742.281433 23.816504 17
-45.624992 -741.680115 11.904209 17
-43.237301 -739.237793 19.832327 17
-45.844517 -738.117249 9.217491 17
-44.737396 -744.595825 18.061239 17
-46.685223 -737.683899 18.158649 17
-46.695820 -739.408813 21.730846 17
-47.175171 -740.347717 15.130083 17
-43.584179 -736.792480 0.890650 17
-41.963581 -741.376831 12.408157 17
-42.279594 -737.871399 5.792836 17
-43.061783 -739.026611 16.246506 17
-44.871025 -740.395203 6.771883 17
-43.317795 -738.054321 11.642128 17
-47.204426 -745.475098 24.024212 17
-45.016731 -743.093384 14.922983 17
-47.243160 -744.127686 20.969191 17
-44.326622 -739.662964 -0.042324 17
-42.609634 -743.304260 19.884670 17
-46.980022 -743.110168 26.338095 17
-46.803516 -738.801636 12.302426 17
-44.229176 -741.143982 9.442460 17
-44.937641 -737.601562 6.611484 17
-42.446461 -738.710876 2.549878 17
-44.133831 -740.542175 22.091545 17
-48.480625 -741.477661 21.211914 17
-44.921673 -744.323547 24.860228 17
-43.791462 -739.837158 13.836703 17
-43.508366 -737.144104 8.638977 17
-44.632401 -737.600464 -2.098231 17
-43.429623 -736.810242 3.793992 17
-46.495949 -743.012756 16.912746 17
-47.906063 -739.635986 17.373903 17
-44.494865 -740.217651 18.035007 17
-42.486595 -740.081787 6.910605 17
-46.851074 -740.530090 23.931900 17
-46.837540 -738.118591 15.804801 17
-47.741982 -739.611511 19.671556 17
-43.087780 -739.679138 4.618073 17
-43.026302 -742.757263 13.847258 17
-45.857891 -739.947083 10.475466 17
-42.423653 -738.500183 -0.040025 17
-42.683586 -743.494690 17.684530 17
-45.331032 -744.933472 20.232624 17
-46.025887 -745.988098 25.784031 17
-48.615070 -744.075439 25.244539 17
-45.402443 -737.509033 11.299994 17
-46.601170 -743.633728 18.975872 17
-46.249859 -741.726196 13.877343 17
-44.699734 -738.381226 1.605862 17
-43.604198 -741.877441 11.305013 17
-43.365921 -739.388855 10.071562 17
-44.916626 -739.549194 15.468523 17
-47.778465 -743.980957 22.856117 17
-46.286938 -745.231140 22.264883 17
-43.489895 -739.661865 -1.792398 17
-41.712910 -741.293518 14.356141 17
-45.454063 -739.901978 8.580081 17
-41.617962 -739.989624 11.018172 17
-43.326473 -743.482910 15.766952 17
-44.900036 -739.705994 20.575970 17
-45.321518 -745.821716 23.784565 17
-47.371090 -741.373962 16.809727 17
-43.380730 -743.698425 21.658831 17
-42.977787 -738.830139 8.207571 17
-47.136475 -738.842163 14.090913 17
-47.446068 -741.697327 25.212490 17
-44.431011 -737.832520 -0.319376 17
-43.347187 -738.770447 18.022234 17
-44.987427 -739.151428 5.424328 17
-46.380173 -744.755249 27.014469 17
-44.461052 -737.097473 12.741022 17
-42.350170 -741.151245 9.894204 17
-42.864197 -738.404602 13.362590 17
-43.529537 -739.808777 12.109653 17
-44.704281 -742.455688 13.199647 17
-47.835278 -742.723328 20.083334 17
-44.049191 -737.069336 10.296473 17
-44.983952 -743.825378 16.512638 17
-46.592281 -738.352661 20.057230 17
-46.503979 -740.424622 12.741611 17
-43.724636 -744.584106 19.619995 17
-44.398815 -737.610352 4.962327 17
-47.807682 -740.526611 22.511621 17
-48.075283 -744.462036 26.852362 17
-46.579269 -742.114075 15.489939 17
-42.308392 -738.240173 4.153059 17
-43.199539 -737.252991 -1.325370 17
-42.977177 -740.770081 8.411598 17
-43.889404 -739.515076 2.495234 17
-42.806152 -737.088196 2.299636 17
-47.545586 -745.418396 25.645319 17
-44.033314 -743.961975 23.260946 17
-43.381542 -737.853149 6.965070 17
-45.282921 -738.976196 7.317257 17
-45.879040 -737.265015 16.704502 17
-48.086388 -742.904358 21.756144 17
-43.322590 -739.115967 1.089187 17
-45.049519 -737.185791 8.241436 17
-44.393570 -740.752625 23.596485 17
-45.866737 -737.689270 12.862271 17
-43.401184 -738.421570 14.882198 17
-44.186535 -737.768799 2.914870 17
-43.347034 -739.474060 21.373650 17
-47.852406 -740.094910 21.072536 17
-46.301594 -738.480286 10.663414 17
-48.332821 -740.973267 19.746319 17
-45.179615 -741.365295 10.517851 17
-42.079914 -739.811951 -1.909326 17
-42.837578 -738.155029 9.583036 17
-47.369907 -738.933594 18.478058 17
-44.371422 -740.695862 8.078910 17
-42.387726 -738.040710 1.305031 17
-43.667686 -740.142883 6.041340 17
-43.613415 -739.617249 23.015041 17
-43.386116 -737.000427 5.782532 17
-42.058533 -738.742676 6.871566 17
-43.550095 -739.947083 15.331961 17
-47.537220 -739.289612 16.032585 17
-44.170212 -740.191711 19.442268 17
-47.127151 -738.519165 17.128021 17
-43.449863 -740.022095 17.155540 17
-44.626511 -740.062439 4.419322 17
-48.144753 -742.842163 25.625767 17
-44.488373 -739.095520 12.929512 17
-45.810394 -743.732117 17.852388 17
-47.936039 -740.353149 18.544531 17
-43.197685 -742.333313 12.516948 17
-42.317280 -739.454285 5.696595 17
-44.408028 -738.890442 -1.176968 17
-44.103455 -744.912964 20.927801 17
-43.404247 -744.517761 18.207767 17
-47.063816 -742.758850 18.104956 17
-48.237823 -743.603760 24.051846 17
-43.081066 -739.544067 -0.521014 17
-45.674412 -744.707275 25.889278 17
-48.448635 -741.888611 22.552504 17
-46.291019 -737.903931 14.616075 17
-43.132603 -739.939758 18.705441 17
-42.393513 -741.390198 11.203973 17
-42.102913 -742.401550 17.303198 17
-45.563416 -744.528564 19.040888 17
-46.923622 -740.049622 13.871286 17
-45.493130 -737.077576 15.527015 17
-47.920574 -741.114807 23.634323 17
-46.395420 -744.319702 20.066132 17
-44.230255 -736.931885 11.522293 17
-43.823692 -738.329346 10.522968 17
-42.566189 -742.610107 14.989533 17
-46.041916 -740.567566 11.519925 17
-41.989918 -739.528076 7.920004 17
-44.469791 -739.540527 1.186591 17
-45.769192 -743.011169 15.902835 17
-45.481819 -740.692078 9.549213 17
-46.593922 -740.079407 22.739410 17
-45.208580 -737.475098 10.040982 17
-43.009804 -737.321228 -0.054258 17
-43.865280 -743.354919 14.626376 17
-43.168163 -737.648865 4.779133 17
-43.094330 -739.356262 3.408398 17
-43.534935 -740.303467 20.449295 17
-46.272415 -746.083740 24.482388 17
-43.029175 -737.839783 3.275963 17
-44.130962 -737.041016 7.434358 17
-46.305077 -744.944397 21.110540 17
-47.262100 -739.104797 20.718418 17
-44.486023 -739.999878 16.574102 17
-45.205238 -745.338257 21.345146 17
-44.517757 -742.073914 12.072411 17
-42.211792 -741.933289 13.485734 17
-44.088093 -737.344666 1.813933 17
-42.469421 -742.951904 18.706493 17
-42.657848 -738.694092 -1.199222 17
-47.264404 -745.023376 22.934172 17
-44.481419 -745.029724 23.442247 17
-45.705730 -739.247192 9.547204 17
-45.005211 -745.470520 25.089287 17
-43.118793 -739.108521 11.187500 17
-47.829956 -744.663147 24.599859 17
-43.200211 -744.235046 20.641397 17
-44.798347 -739.229736 14.033607 17
-44.765694 -738.650452 0.480780 17
-46.505177 -745.963928 26.841228 17
-46.279900 -739.371399 11.462236 17
-43.504314 -741.523376 10.242844 17
-45.353539 -742.378967 14.129223 17
-42.615246 -743.104919 16.556049 17
-45.267925 -745.648376 22.665308 17
-44.474037 -737.302002 9.191881 17
-47.573566 -740.311035 16.521336 17
-43.138012 -739.156677 7.028206 17
-41.311676 -740.541443 11.952390 17
-45.420212 -738.260986 8.189229 17
-44.332077 -737.604065 0.759062 17
-48.251312 -742.923279 22.841934 17
-46.330502 -745.764404 23.225433 17
-47.148483 -743.930298 27.143000 17
-46.800732 -741.311340 14.767992 17
-44.581619 -737.898743 3.914737 17
-43.034588 -738.831787 12.356404 17
-43.768993 -736.781921 2.697300 17
-47.194954 -743.582703 19.917505 17
-46.139832 -738.090881 11.835596 17
-47.172962 -744.668274 21.923607 17
-44.394341 -739.737183 3.421525 17
-43.453457 -740.492859 7.156956 17
-43.866409 -736.861023 -0.493682 17
-47.321827 -742.826660 19.167418 17
-43.677845 -737.056152 -2.264939 17
-44.658649 -740.171387 5.557563 17
-44.940605 -738.756592 2.572346 17
-43.473927 -739.488892 9.022261 17
-44.881481 -739.901978 21.629189 17
-46.663589 -738.353333 13.250526 17
-44.111305 -739.365051 18.512106 17
-41.622089 -740.871765 13.396302 17
-46.033852 -741.421082 12.891757 17
-47.307785 -745.005798 27.454403 17
-41.840958 -740.216064 10.030483 17
-42.940205 -743.994385 19.192217 17
-43.100029 -739.089233 14.118039 17
-47.263706 -738.805969 15.146084 17
-42.079811 -740.740173 8.932517 17
-47.751350 -740.821960 17.624651 17
-44.871761 -738.157715 5.718160 17
-46.795902 -738.219666 19.058565 17
-42.911182 -738.617310 6.185439 17
-47.246101 -741.080200 15.831684 17
-42.349873 -738.630127 5.099253 17
-44.095684 -739.277771 14.764892 17
-47.403015 -741.898865 17.693121 17
-46.775772 -739.485352 13.047433 17
-45.016132 -738.505249 4.599536 17
-48.155708 -741.795593 20.284826 17
-48.176098 -743.715881 26.126173 17
-43.763897 -744.364014 22.339487 17
-48.491810 -742.864319 24.692692 17
-42.833591 -738.197388 10.778016 17
-41.486835 -742.009033 15.033149 17
-44.034916 -739.041138 11.700662 17
-43.230309 -743.913513 16.966703 17
-44.633556 -744.900146 19.362526 17
-44.312580 -740.467590 21.015362 17
-47.625504 -743.768372 21.907120 17
-46.870007 -742.176880 16.529860 17
-45.777966 -742.466797 15.020466 17
-45.213928 -739.937683 7.573022 17
-42.334629 -739.036804 1.059133 17
-44.127426 -737.685120 -1.258055 17
-47.854950 -745.439758 26.612143 17
-46.930191 -742.449219 25.599524 17
-43.808617 -740.017578 23.924696 17
-43.617893 -739.051025 17.093287 17
-45.093597 -738.872009 6.356795 17
-48.144848 -744.677246 25.874792 17
-47.738197 -743.287415 20.890684 17
-43.971912 -739.383728 16.014656 17
-43.299904 -739.367920 13.122475 17
-44.439987 -743.639771 15.500123 17
-48.132221 -741.715515 24.524954 17
-44.022171 -743.084045 13.717280 17
-44.279530 -737.328552 5.964918 17
-42.727051 -739.060852 -2.088155 17
-47.425137 -741.069824 24.474838 17
-43.053825 -737.773560 -2.110861 17
-43.278706 -741.131165 9.385114 17
-44.553455 -739.973694 22.711546 17
-45.414536 -737.178772 12.188208 17
-45.110111 -740.821594 8.679770 17
-44.504539 -741.556519 11.236989 17
-43.275658 -737.917358 7.900045 17
-47.678402 -744.584229 23.669559 17
-43.989426 -739.489563 20.541309 17
-46.618774 -737.839294 16.676329 17
-43.148594 -737.452515 1.512708 17
-43.867859 -739.910645 5.085918 17
-46.613548 -740.904358 13.639103 17
-44.444595 -744.229736 24.058372 17
-45.153458 -737.130188 13.334345 17
-47.302345 -738.793579 19.613197 17
-43.613537 -740.535828 22.897354 17
-44.580326 -740.363708 24.420147 17
-43.120491 -739.107910 1.990798 17
-44.411915 -738.486267 -2.001833 17
-42.722904 -737.837646 -0.821912 17
-47.061115 -745.677673 24.901646 17
-48.001545 -742.321289 21.028542 17
-45.903049 -745.370178 26.490479 17
-47.431068 -739.902344 21.932844 17
-45.064548 -737.780579 7.498523 17
-43.858791 -739.664307 22.107597 17
-42.631680 -741.829407 11.971786 17
-45.996525 -737.789246 13.764018 17
-43.093876 -739.163940 15.319930 17
-45.691017 -743.431213 16.909801 17
-48.044235 -740.812073 21.671930 17
-42.452923 -739.125122 4.241843 17
-47.303864 -739.614441 14.635884 17
-48.073936 -740.907349 20.658945 17
-43.516758 -738.913635 18.988752 17
-45.262402 -741.967834 12.671113 17
-43.159523 -737.929565 5.676021 17
-43.233128 -738.041016 8.770453 17
-47.260036 -746.035339 26.337915 17
-45.076664 -744.161194 17.380991 17
-42.115292 -740.374390 8.098542 17
-45.517628 -739.006592 8.656939 17
-47.817989 -742.126648 19.422937 17
-46.508095 -739.727722 12.228620 17
-42.009331 -740.743896 10.707162 17
-43.467781 -739.177612 0.228165 17
-42.827045 -737.942017 0.537329 17
-42.606815 -738.600403 3.413012 17
-46.225372 -737.609985 17.417110 17
-43.869595 -737.402161 4.241423 17
-46.215809 -737.548279 15.540814 17
-47.383667 -740.405029 23.244848 17
-42.526768 -737.905701 2.207212 17
-44.769577 -745.325073 24.270792 17
-44.027344 -744.277527 17.658615 17
-42.117550 -742.156799 14.432560 17
-43.666428 -737.440308 9.463041 17
-43.751450 -739.661072 3.987715 17
-44.726418 -737.267578 10.782061 17
-47.825516 -739.549988 18.824011 17
-44.717628 -739.603943 19.762815 17
-44.358540 -741.283020 10.353943 17
-43.001137 -739.903076 5.472829 17
-43.452721 -738.228699 12.775976 17
-43.242565 -739.595093 17.873667 17
-42.871098 -737.008911 3.187653 17
-48.073032 -740.232361 20.164137 17
-45.055370 -739.667419 6.121692 17
-44.410633 -738.836426 -0.343575 17
-44.563492 -739.228943 1.956279 17
-43.070518 -739.595581 20.567667 17
-45.733372 -740.724182 10.741439 17
-45.318546 -737.521484 8.957469 17
-43.618977 -736.981628 4.956692 17
-43.566525 -744.475952 21.422625 17
-45.843891 -738.496094 9.958265 17
-46.481529 -743.336365 18.180897 17
-45.709599 -737.887878 10.552322 17
-43.941196 -736.892212 -1.413269 17
-42.512302 -742.773010 15.820721 17
-48.124031 -740.267761 19.339775 17
-43.658852 -739.268127 -1.102005 17
-46.340347 -742.055359 14.629468 17
-44.789024 -739.215698 18.081097 17
-42.507797 -742.469055 12.939687 17
-43.802879 -740.986267 8.590573 17
-45.664581 -742.071533 13.423919 17
-42.179348 -738.070068 -1.415415 17
-44.248154 -737.281433 8.348180 17
-42.522144 -739.292908 0.053248 17
-44.911430 -739.307434 4.591579 17
-43.808708 -737.225647 6.671741 17
-43.845955 -737.279541 0.210899 17
-46.039455 -741.010864 12.194967 17
-42.042454 -743.109985 17.996172 17
-47.025177 -738.436951 17.936817 17
-43.056259 -738.925903 9.408292 17
-43.444401 -736.804016 1.908465 17
-43.810318 -739.417480 1.706857 17
-48.087933 -741.003357 18.957994 17
-43.611057 -738.704224 13.451595 17
-43.481087 -739.970459 16.356424 17
-43.729195 -740.156250 21.481258 17
-45.950077 -739.155701 10.404550 17
-46.963501 -742.482605 17.284555 17
-45.992924 -743.988342 18.579659 17
-43.782719 -739.044556 12.497659 17
-42.757797 -743.730591 18.440388 17
-47.183784 -738.602600 16.331766 17
-47.574585 -738.980286 17.656597 17
-43.278103 -738.494324 15.717388 17
-42.903267 -738.490356 7.485641 17
-47.624817 -739.116516 16.792543 17
-43.201317 -740.060791 19.763889 17
-48.123272 -741.246948 22.887522 17
-48.023403 -745.354492 27.378292 17
-46.784103 -746.169312 25.698973 17
-41.867920 -741.010620 11.626088 17
-42.214806 -739.419312 6.495170 17
-43.125378 -743.062683 14.641691 17
-44.710102 -742.889648 14.238004 17
-43.073261 -737.543579 3.990206 17
-45.619694 -745.914978 24.909229 17
-48.238369 -742.115967 21.834230 17
-43.346939 -737.256958 7.494611 17
-46.513050 -742.696167 16.002226 17
-46.591267 -738.807007 21.028551 17
-45.418385 -741.245300 11.291512 17
-44.755257 -738.245911 3.185829 17
-42.855007 -737.154663 0.851920 17
-46.654705 -745.432800 27.398169 17
-47.655964 -740.434387 24.109602 17
-43.943851 -739.387512 19.566454 17
-43.437149 -739.770691 14.576742 17
-48.066872 -742.166626 25.243504 17
-42.842075 -739.123779 17.162357 17
-45.444744 -745.471741 25.743233 17
-43.677776 -737.474854 3.496413 17
-43.576771 -738.163940 9.771845 17
-42.760250 -740.377502 7.563029 17
-45.624619 -745.563477 21.991661 17
-47.612347 -743.566223 26.629257 17
-43.372658 -738.363953 14.094789 17
-42.361481 -738.972351 1.813471 17
-44.360668 -737.982361 2.184875 17
-44.116573 -739.225586 -1.830953 17
-41.628746 -740.639282 12.659033 17
-42.838581 -740.022766 6.213893 17
-46.608669 -738.280945 14.027970 17
-41.729073 -742.633057 16.680590 17
-44.093239 -745.143005 20.201599 17
-45.773460 -737.289368 14.848519 17
-43.061245 -738.710083 10.238871 17
-46.090973 -744.112305 19.393656 17
-44.836712 -740.627869 7.477329 17
-45.713280 -739.973450 9.717413 17
-44.615475 -739.411926 2.769441 17
-42.900791 -743.524475 20.546314 17
-43.899265 -740.049988 18.756407 17
-43.064991 -744.194885 19.900467 17
-45.415154 -744.297363 18.243883 17
-46.333271 -738.221130 12.593567 17
-46.532337 -738.638123 11.514665 17
-45.315838 -738.363037 6.865434 17
-42.401077 -739.317871 -0.894583 17
-47.952511 -739.740906 18.105690 17
-44.262432 -739.983459 15.119705 17
-44.854782 -740.948486 9.870022 17
-42.759014 -741.355408 10.484838 17
-42.866383 -738.811035 0.477959 17
-45.119743 -743.381897 15.663166 17
-46.913521 -740.719299 14.283423 17
-43.709564 -738.547729 11.248707 17
-48.378941 -742.991272 23.584356 17
-45.358936 -739.316345 7.996290 17
-47.480076 -739.947510 15.694800 17
-44.254158 -739.729553 21.180420 17
-47.677315 -739.685608 20.495041 17
-47.301910 -739.507812 21.327435 17
-42.344090 -739.462769 4.874866 17
-47.543278 -742.705383 26.093708 17
-44.180576 -739.153687 13.618155 17
-44.493576 -745.230652 21.482140 17
-44.268883 -740.235596 20.330471 17
-44.141968 -740.387268 6.965988 17
-42.190979 -738.794800 6.111152 17
-43.524967 -742.711670 13.327483 17
-42.864628 -738.836975 -0.520904 17
-44.002125 -744.812256 22.841606 17
-43.525497 -744.325195 18.922777 17
-44.290737 -739.613647 -1.177900 17
-46.973492 -739.531128 22.500265 17
-44.697468 -737.209229 11.989802 17
-43.234394 -743.917175 17.849377 17
-43.861866 -739.956177 17.778275 17
-48.278481 -741.335632 22.105713 17
-46.595604 -744.352783 20.755606 17
-47.044247 -741.770874 15.936906 17
-43.395363 -739.634766 10.777493 17
-45.167347 -744.849548 25.387920 17
-42.188816 -739.489685 7.204369 17
-43.856121 -742.333313 11.930593 17
-48.435059 -743.380005 25.215467 17
-48.258465 -741.810486 23.316387 17
-44.082073 -739.377747 0.589185 17
-42.867554 -743.185791 15.286538 17
-42.066177 -739.334045 8.610647 17
-43.231350 -739.281189 2.692002 17
-44.108101 -737.898071 1.374143 17
-46.857258 -738.301636 14.798329 17
-43.304867 -739.428589 8.001183 17
-44.425541 -740.694458 8.788896 17
-48.143375 -744.052734 24.682240 17
-42.530518 -741.814270 12.692773 17
-47.967617 -743.351868 22.356375 17
-47.797672 -741.112488 18.302179 17
-44.925079 -744.741943 18.725992 17
-42.353577 -743.617004 19.311859 17
-41.674404 -741.599487 13.183664 17
-45.254478 -740.455750 8.063174 17
-43.126431 -739.240295 18.507654 17
-44.686398 -738.279297 -1.397139 17
-47.091072 -738.947388 13.399405 17
-44.460674 -739.958191 15.795032 17
-44.201012 -742.450256 12.565476 17
-43.812607 -739.270508 -0.421213 17
-44.796524 -739.444519 14.706516 17
-46.220619 -743.273560 17.509378 17
-42.343319 -743.086853 17.213566 17
-41.683819 -739.562927 9.837427 17
-45.648083 -745.033264 20.878368 17
-42.113174 -738.091675 -0.508439 17
-42.446014 -738.074524 2.961425 17
-44.112957 -739.429443 16.680586 17
-41.685944 -741.828186 13.908617 17
-42.164799 -737.970520 4.969958 17
-47.498665 -742.340454 18.464174 17
-41.903221 -738.949768 7.555826 17
-42.726154 -738.313171 -1.786486 17
-45.707806 -744.609863 19.762541 17
-46.068447 -738.067749 11.158964 17
-47.753822 -743.905151 23.631216 17
-44.307674 -738.158508 0.277481 17
-46.324799 -746.139954 25.192478 17
-44.665257 -745.337769 22.849802 17
-43.460796 -740.381470 22.156139 17
-47.574337 -745.222290 24.921789 17
-44.268032 -740.709656 22.813332 17
-41.853096 -741.818848 15.594933 17
-46.319012 -737.809570 18.708538 17
-43.780350 -737.403442 2.426831 17
-46.860344 -745.312866 23.412813 17
-44.300045 -740.022095 17.221607 17
-47.424263 -744.470337 22.572529 17
-44.530704 -738.853210 1.083870 17
-45.922192 -745.756714 22.645939 17
-47.088196 -739.800293 23.152180 17
-47.008808 -743.144287 18.662905 17
-44.743935 -739.515991 3.971945 17
-43.692829 -744.617310 20.422956 17
-43.316963 -737.213867 -0.643842 17
-43.564541 -740.737671 7.999705 17
-43.854630 -739.202148 17.706717 17
-48.061356 -743.462463 23.217833 17
-42.040157 -740.213989 9.353563 17
-44.027870 -737.322449 10.906779 17
-42.740005 -740.849182 9.038879 17
-43.057144 -743.592346 16.411812 17
-46.048187 -745.917542 23.813265 17
-43.126247 -739.702148 15.794586 17
-46.098267 -739.956787 11.170254 17
-43.059879 -741.666809 10.985168 17
-43.105869 -739.179565 -1.455921 17
-47.914932 -744.432373 25.208939 17
-47.604733 -744.428467 27.328741 17
-43.211376 -739.483887 19.186991 17
-45.125317 -739.714478 6.778822 17
-46.759743 -737.972961 17.488331 17
-46.564419 -744.833679 21.707291 17
-43.798744 -739.547607 3.198278 17
-46.042053 -737.132202 16.021526 17
-47.935837 -741.453857 19.525099 17
-47.472225 -739.415283 15.293715 17
-44.519787 -738.205872 0.937132 17
-44.676506 -737.276611 7.143697 17
-43.877720 -737.402466 5.376431 17
-43.209007 -739.797058 21.922302 17
-46.094742 -744.718872 20.486618 17
-43.378506 -737.644714 6.343055 17
-43.222973 -739.226868 11.815878 17
-44.938515 -741.609619 11.716327 17
-42.001312 -739.988525 8.642287 17
-43.902412 -737.291016 1.186993 17
-43.431858 -738.012817 10.961471 17
-43.264515 -739.504517 16.748289 17
-44.106239 -736.997803 9.636904 17
-47.258095 -740.128540 22.601213 17
-43.083305 -737.635498 2.508797 17
-43.741837 -739.124512 15.419419 17
-42.281937 -738.287537 0.626102 17
-46.284161 -740.397644 12.107659 17
-48.300915 -742.541565 22.343904 17
-42.849926 -738.017334 -0.145998 17
-44.799313 -739.780884 5.057992 17
-47.860138 -739.627319 16.496265 17
-42.947292 -738.661011 8.833147 17
-44.588127 -737.342712 7.795169 17
-42.480705 -742.341492 13.932582 17
-47.027790 -739.419006 13.821140 17
-46.260300 -742.661987 15.414412 17
-44.874329 -738.022949 5.049244 17
-45.298183 -738.383057 7.570359 17
-42.050552 -742.413574 15.352783 17
-46.603172 -743.799011 19.631298 17
-46.968910 -743.963989 20.388166 17
-42.857632 -738.774231 14.840826 17
-44.354115 -738.283142 -0.784670 17
-43.021519 -738.624023 11.742556 17
-46.047432 -742.920532 16.457483 17
-44.881168 -745.433716 21.942265 17
-45.853172 -745.121521 21.579361 17
-46.613724 -745.296204 22.835569 17
-45.421818 -740.811218 10.188473 17
-47.202019 -741.942566 17.073854 17
-41.391037 -739.899719 10.441074 17
-46.577923 -741.248230 14.164842 17
-44.220715 -737.338745 -0.725808 17
-43.290874 -737.494934 0.526585 17
-43.617054 -743.410889 15.214873 17
-42.885468 -738.476990 6.833052 17
-42.647564 -738.381897 5.610364 17
-44.131611 -737.268921 -1.880994 17
-43.012814 -737.879089 -1.417071 17
-45.070152 -737.221436 9.460600 17
-43.610786 -738.484009 12.209265 17
-47.103664 -738.654663 20.288895 17
-47.566353 -742.301514 25.598858 17
-45.601299 -737.916626 9.830260 17
-45.945560 -744.659668 26.563717 17
-47.828259 -740.271362 17.261614 17
-44.088047 -739.913696 14.392300 17
-48.553467 -742.263916 23.026747 17
-44.506214 -740.255249 18.800606 17
-45.117214 -738.137695 6.299129 17
-43.349411 -740.000488 20.968882 17
-45.527256 -740.202332 9.149083 17
-47.792007 -744.821899 26.417387 17
-44.593727 -737.300659 10.093470 17
-46.965706 -741.439453 15.407295 17
-42.834114 -738.333374 12.696212 17
-43.285061 -738.049683 10.314163 17
-47.448124 -739.164124 20.086775 17
-45.061478 -737.209290 12.714679 17
-44.852871 -744.943542 24.792009 17
-47.598785 -740.790588 17.011227 17
-42.697712 -739.094360 2.997898 17
-42.845737 -738.888000 1.440972 17
-43.380444 -737.044189 4.378066 17
-45.561253 -743.502136 16.216595 17
-42.401249 -737.982971 3.606456 17
-43.747898 -737.506775 8.067872 17
-47.316906 -740.869629 16.450718 17
-44.919533 -740.734070 9.273552 17
-47.563599 -739.066589 19.097898 17
-48.521851 -744.184143 25.865225 17
-41.941948 -742.069092 16.432360 17
-47.600349 -745.001831 24.120012 17
-46.856407 -744.429626 21.335125 17
-43.227985 -739.416260 12.475098 17
-48.160160 -741.627930 23.906887 17
-41.693169 -740.449646 11.450927 17
-46.373131 -737.634216 16.126509 17
-47.126831 -743.398193 19.274828 17
-44.079533 -744.563965 23.434721 17
-45.947121 -742.237488 14.143382 17
-46.815865 -744.939941 22.365803 17
-45.642960 -738.704407 9.256476 17
-44.121487 -739.541382 23.676085 17
-42.971481 -739.410522 4.002220 17
-45.696831 -737.643738 11.835709 17
-46.825378 -743.016235 17.573107 17
-42.702568 -738.032410 4.585086 17
-46.041664 -745.962341 26.419409 17
-44.456432 -739.745300 2.277571 17
-45.574116 -737.334717 13.748527 17
-47.165768 -738.630859 15.732683 17
-46.727226 -738.865234 12.913340 17
-43.870613 -739.272278 21.100857 17
-43.433842 -739.684509 11.474994 17
-44.037872 -739.813904 4.506113 17
-43.195759 -742.029846 11.851921 17
-44.848469 -737.272583 11.385572 17
-42.314098 -739.975586 7.583983 17
-44.648582 -737.621887 5.520575 17
-42.485573 -738.384216 1.827512 17
-45.525604 -742.991760 15.237309 17
-45.885201 -737.552551 14.298774 17
-46.154144 -738.935791 11.025586 17
-47.371357 -740.495972 15.947069 17
-43.568394 -739.088989 20.308117 17
-46.995617 -738.149109 19.609554 17
-43.991428 -740.250854 24.497757 17
-47.447659 -743.246033 20.367208 17
-44.444496 -739.904724 22.121655 17
-47.934311 -740.317322 17.930944 17
-44.187912 -737.885803 -1.822746 17
-42.656784 -739.080688 7.398085 17
-47.379074 -743.038696 19.733149 17
-44.868732 -742.510742 13.785289 17
-47.051250 -740.167725 14.478421 17
-48.343166 -742.296875 24.573862 17
-44.385075 -737.345581 6.569296 17
-47.513336 -743.646851 21.306898 17
-43.160053 -743.812744 21.073109 17
-43.815739 -740.118286 19.931673 17
-46.544418 -737.904907 15.180557 17
-43.393681 -737.200134 2.909091 17
-48.414967 -743.487793 24.622524 17
-44.947514 -745.423462 23.537979 17
-46.511326 -745.320679 26.839298 17
-43.042805 -738.949707 13.544414 17
-42.585560 -738.948486 6.647717 17
-44.314583 -739.373230 15.528740 17
-47.347927 -745.539490 26.928345 17
-45.310658 -742.644836 14.679409 17
-43.929443 -740.424561 23.451479 17
-44.689819 -740.088074 7.270961 17
-48.622490 -742.778015 24.100996 17
-46.702099 -740.372131 23.380634 17
-42.074028 -741.527893 11.851188 17
-43.493095 -738.626770 16.265888 17
-46.733200 -740.319763 13.374109 17
-45.541119 -745.772461 23.165451 17
-44.606457 -737.981567 4.530921 17
-44.491802 -743.269897 14.623483 17
-44.023075 -744.940674 21.779274 17
-47.269398 -740.121704 23.769455 17
-43.627396 -739.982361 19.343904 17
-43.542629 -736.780396 0.134160 17
-43.041672 -738.825989 12.961820 17
-42.652325 -742.695923 14.429346 17
-47.183357 -738.361328 18.510775 17
-45.734550 -745.920776 24.321056 17
-46.385635 -740.926025 13.054742 17
-43.627422 -740.036743 22.583704 17
-45.561047 -739.563538 9.074457 17
-45.398403 -737.381470 10.728929 17
-44.751831 -738.506836 4.029741 17
-43.739807 -743.829895 22.577805 17
-43.363281 -739.427246 13.701053 17
-47.313480 -744.142212 21.567303 17
-47.752048 -744.234131 24.118572 17
-43.122604 -738.760315 16.767075 17
-47.382004 -745.090210 23.595129 17
-47.437653 -741.281799 17.390453 17
-46.130089 -737.698914 18.073982 17
-42.333641 -740.746460 9.466352 17
-44.390366 -740.255493 6.444864 17
-45.174629 -744.789795 19.693794 17
-47.949390 -743.195190 26.128647 17
-48.381397 -744.472168 26.356918 17
-43.584984 -739.859009 18.315773 17
-47.783260 -740.766907 23.041685 17
-46.508045 -739.182251 11.981566 17
-47.844368 -744.979980 25.390772 17
-47.796871 -744.930237 27.071562 17
-44.426510 -739.081055 0.233374 17
-45.598080 -737.989563 8.706527 17
-47.803677 -740.363403 21.924704 17
-45.900322 -741.124329 11.596135 17
-42.846291 -738.077148 4.010155 17
-42.606495 -739.126709 3.658112 17
-43.235622 -737.443604 5.372661 17
-44.064655 -737.512695 9.898208 17
-46.703724 -745.724731 23.769041 17
-44.718693 -742.211121 12.653879 17
-44.748585 -738.835571 3.123186 17
-42.958336 -742.546265 13.286962 17
-42.859833 -743.158630 16.050894 17
-44.810818 -737.359436 8.726892 17
-44.693413 -738.418457 -0.052117 17
-47.638264 -744.468018 23.097256 17
-45.309319 -737.702209 8.147594 17
-42.860970 -738.237915 11.339108 17
-45.161137 -745.698181 24.594942 17
-44.310822 -739.245972 -0.710529 17
-43.507015 -742.975464 14.045364 17
-42.871025 -737.807007 1.095705 17
-47.776577 -743.920776 27.111509 17
-43.203487 -739.599670 -1.075694 17
-42.738327 -743.405945 18.940224 17
-47.396637 -739.044128 14.625438 17
-47.132660 -738.678589 18.971558 17
-43.734322 -736.878540 3.263754 17
-46.252583 -737.946106 13.293447 17
-44.342415 -737.535583 0.188541 17
-45.538097 -743.831970 17.344006 17
-43.178444 -739.145569 8.676529 17
-42.040462 -740.739502 10.120802 17
-42.427773 -738.512390 -0.720290 17
-47.970993 -742.769043 20.669756 17
-43.277451 -744.018616 18.431446 17
-43.518669 -740.318726 6.627740 17
-48.160847 -741.802124 20.858696 17
-44.239986 -740.653259 7.528493 17
-44.246143 -737.739075 3.475036 17
-47.185566 -740.879089 15.298868 17
-42.703457 -739.557922 -1.809500 17
-42.782421 -737.955811 5.139257 17
-44.188332 -741.853943 11.600638 17
-42.891239 -743.465027 16.988010 17
-42.740414 -737.491089 1.885895 17
-45.970108 -737.796753 12.327511 17
-42.329300 -738.662109 4.539830 17
-46.847427 -745.745239 24.397938 17
-46.033077 -739.517822 10.822888 17
-45.635574 -741.598755 12.453996 17
-44.541801 -744.783081 24.134335 17
-44.920860 -738.552734 5.232131 17
-46.575623 -746.030334 26.244541 17
-46.346992 -739.912598 11.735622 17
-44.677135 -738.265259 2.641895 17
-42.208015 -742.815063 16.295792 17
-43.272762 -739.047302 17.526972 17
-43.478634 -737.316284 -1.805610 17
-41.734280 -741.300293 13.716600 17
-43.932636 -737.297241 8.991138 17
-48.233311 -741.228394 20.220812 17
-42.272072 -738.785706 -2.194668 17
-44.028900 -736.865601 0.580225 17
-42.814560 -738.926880 15.732845 17
-44.183197 -739.173462 14.172922 17
-44.999367 -738.690125 5.796800 17
-41.732449 -740.902222 12.170156 17
-43.844284 -739.119812 13.033561 17
-43.861725 -739.366455 1.159060 17
-43.087685 -738.086060 6.480203 17
-47.729439 -742.649658 19.556400 17
-44.903858 -738.693054 2.011096 17
-44.135601 -737.061951 4.808406 17
-46.279392 -741.316650 13.488037 17
-45.417233 -738.760742 7.975400 17
-47.104259 -745.740173 27.427589 17
-44.573429 -744.314209 17.525042 17
-44.705757 -737.643799 6.101497 17
-42.855228 -738.134216 8.379268 17
-42.903667 -741.204651 9.877846 17
-43.697697 -737.345337 -1.041134 17
-47.611958 -739.273438 18.154245 17
-43.319965 -737.993591 9.313035 17
-42.557468 -738.542969 1.089223 17
-44.068714 -739.902466 16.184336 17
-47.903919 -742.163025 19.978300 17
-46.598392 -741.740051 15.091166 17
-43.661644 -737.454956 5.910630 17
-41.701759 -741.134888 12.883139 17
-47.691845 -745.729248 26.169079 17
-44.469051 -739.700806 20.262846 17
-43.196877 -739.293640 14.651114 17
-42.471104 -739.065613 -1.557132 17
-47.879185 -745.150879 25.990873 17
-43.525875 -739.808716 12.845040 17
-44.110989 -740.512573 23.995050 17
-42.194908 -738.032410 0.119431 17
-44.126091 -739.443176 19.069004 17
-41.885136 -740.066711 10.560330 17
-42.464771 -740.526123 8.490920 17
-45.247677 -737.174500 14.838142 17
-41.763882 -741.505920 14.850254 17
-45.061405 -741.927673 12.149349 17
-43.492363 -744.180969 21.901291 17
-47.586960 -741.645813 18.144491 17
-43.895527 -739.931702 16.715031 17
-42.287128 -738.935364 5.574317 17
-45.173164 -745.331665 20.811392 17
-42.324215 -738.842407 0.450425 17
-47.900166 -741.291077 24.217373 17
-48.020039 -743.911438 26.619659 17
-44.731575 -739.323425 3.423389 17
-42.995892 -740.273132 6.901986 17
-47.103168 -741.356628 24.975409 17
-44.786663 -740.177979 6.065321 17
-48.205475 -740.997681 21.157835 17
-43.915852 -740.182861 20.853403 17
-44.108273 -739.828125 22.959116 17
-44.390163 -742.758484 13.492038 17
-47.914982 -740.664307 19.879330 17
-42.337563 -742.671265 17.960751 17
-48.190029 -742.595032 23.279196 17
-44.724087 -743.770325 15.946235 17
-47.028538 -740.800476 14.807434 17
-47.688984 -741.448975 24.812946 17
-43.235905 -739.559998 17.324831 17
-48.392090 -743.719666 25.616249 17
-45.039795 -738.907532 4.263660 17
-43.362167 -739.728394 20.150347 17
-44.677395 -741.352722 10.781663 17
-47.393723 -743.685120 20.671392 17
-43.840862 -744.300720 22.849752 17
-47.164444 -741.747559 16.490952 17
-45.184284 -742.179810 13.148355 17
-46.989727 -738.302490 15.334311 17
-45.713867 -740.382202 10.066186 17
-46.378536 -738.530273 12.010600 17
-44.575176 -737.709717 -0.953232 17
-43.606850 -741.347717 9.749704 17
-43.327335 -738.184448 13.482237 17
-43.346127 -736.993225 1.346981 17
-46.038746 -745.176880 27.017717 17
-43.130581 -739.415588 9.573894 17
-46.842434 -739.208252 21.259979 17
-44.805080 -740.238037 22.291393 17
-43.729488 -737.327087 -0.349615 17
-47.686066 -739.918579 16.884291 17
-44.226437 -737.128540 12.253932 17
-45.312847 -739.855103 8.082280 17
-42.208214 -743.402771 18.629213 17
-46.482059 -742.630066 16.526964 17
-45.211349 -739.491577 7.267125 17
-43.156284 -739.128540 -0.196663 17
-42.834320 -743.631897 19.530338 17
-45.255737 -745.032410 25.950480 17
-48.059883 -740.355591 20.675371 17
-43.079403 -739.097534 -0.923769 17
-42.290878 -741.181763 10.663370 17
-46.221153 -742.222168 15.092588 17
-48.089088 -740.986450 22.434744 17
-46.780643 -739.360291 12.495912 17
-42.518520 -743.197205 18.194017 17
-44.306568 -739.797791 4.040314 17
-46.305820 -737.469604 16.907452 17
-45.552753 -737.443054 13.244328 17
-46.074051 -741.870544 13.155678 17
-43.924862 -739.621277 21.588667 17
-47.413338 -744.211182 22.074877 17
-46.803921 -738.627869 13.667762 17
-43.622143 -740.006409 5.542200 17
-45.817982 -739.574829 10.029276 17
-47.009315 -741.962830 25.329346 17
-42.376919 -738.968506 -0.409890 17
-43.074295 -738.669495 10.753299 17
-46.886173 -738.163513 16.366241 17
-45.353008 -741.137085 9.753024 17
-43.351761 -739.842651 5.063012 17
-45.632504 -741.266724 10.815431 17
-47.595917 -740.684692 23.658243 17
-45.139435 -737.376892 11.784626 17
-48.316227 -741.965942 21.336828 17
-46.756824 -738.074951 18.501356 17
-46.599434 -739.875732 12.713600 17
-43.787319 -737.343445 7.187603 17
-47.674210 -742.255493 18.938297 17
-42.649063 -739.581787 5.295275 17
-44.623215 -737.759949 -1.570904 17
-45.129612 -740.299622 8.541361 17
-47.287109 -742.313721 17.967924 17
-43.740993 -742.565491 12.762922 17
-44.009644 -739.369812 17.241875 17
-43.700413 -739.131165 16.582676 17
-47.858517 -743.329468 21.610844 17
-44.069424 -740.038330 18.255373 17
-43.180771 -737.368042 3.481925 17
-41.950790 -739.029114 8.077884 17
-43.622593 -736.816345 -0.949701 17
-42.918987 -738.259277 12.088630 17
-44.324165 -739.602722 1.678296 17
-43.049324 -738.640808 14.371828 17
-42.794022 -737.906860 1.596490 17
-43.593227 -738.956726 15.906226 17
-44.929276 -739.705078 5.639810 17
-44.699223 -736.882324 13.112182 17
-43.557034 -737.880981 8.340284 17
-43.527599 -744.611755 20.912901 17
-46.643356 -742.134705 16.002056 17
-43.184628 -739.188721 10.656514 17
-43.324745 -737.157288 2.351566 17
-42.486446 -738.685242 3.977639 17
-43.628284 -739.157654 18.468107 17
-44.072113 -740.058472 5.745871 17
-48.032463 -742.286133 20.516678 17
-43.406380 -739.544678 15.027838 17
-47.371952 -739.891479 15.067015 17
-42.090988 -741.967651 12.466378 17
-43.508610 -739.374939 20.756279 17
-43.200798 -738.089294 7.381385 17
-46.043690 -738.193237 10.303505 17
-43.855453 -739.565735 -1.467298 17
-42.819675 -738.147034 10.136431 17
-45.614155 -745.848816 25.408047 17
-45.554806 -738.492859 8.676572 17
-46.471661 -738.134399 19.421827 17
-42.692387 -737.591980 -0.380050 17
-47.789608 -743.833496 22.377274 17
-43.260735 -740.966980 8.777843 17
-45.229191 -743.913757 16.947397 17
-42.706383 -738.724548 2.121508 17
-43.428753 -738.746338 15.267214 17
-46.856968 -739.830017 13.405644 17
-43.841927 -739.773926 24.371206 17
-48.333096 -742.824341 25.156414 17
-43.097874 -739.448853 1.619088 17
-47.249100 -745.358215 24.513784 17
-43.508030 -739.322388 2.212483 17
-42.144272 -741.669800 13.007210 17
-48.472042 -741.675903 21.780289 17
-44.266701 -736.920654 -2.207227 17
-43.648804 -744.787781 19.102940 17
-47.624062 -739.953796 16.162519 17
-46.895271 -742.756226 26.012217 17
-43.711899 -737.243713 0.718741 17
-45.404133 -744.032593 17.805296 17
-45.520405 -737.427002 12.630157 17
-43.983398 -739.825623 15.535755 17
-44.737785 -739.797913 21.053288 17
-43.136478 -739.345764 -1.960276 17
-46.168926 -737.569824 15.047480 17
-42.914803 -739.224243 17.831429 17
-44.350933 -737.603394 4.333116 17
-43.229591 -739.490662 16.220844 17
-44.376083 -737.409424 11.297195 17
-44.578930 -738.924622 1.579254 17
-44.764122 -740.374451 7.898750 17
-45.112247 -737.077759 13.819751 17
-43.847099 -739.414856 20.059471 17
-44.998688 -739.228577 5.922229 17
-42.847275 -743.719727 20.008875 17
-43.520462 -737.645386 8.836158 17
-44.987041 -737.870422 7.013182 17
-42.297367 -739.794312 6.204616 17
-43.599812 -739.510559 22.491522 17
-42.712673 -740.506531 8.024405 17
-48.084076 -742.744629 21.301430 17
-43.603146 -737.678406 7.624538 17
-46.927608 -739.702576 22.040949 17
-48.031174 -740.004578 18.898436 17
-43.657974 -736.862000 -1.812373 17
-41.802380 -741.778687 14.402630 17
-45.340553 -737.641968 9.520370 17
-44.031738 -743.269958 14.171727 17
-43.119884 -739.067139 7.764711 17
-42.786816 -737.509644 2.995157 17
-46.108665 -743.652405 18.250811 17
-44.494606 -739.295837 15.077919 17
-43.783279 -741.191956 9.255484 17
-41.925213 -740.817749 11.186827 17
-48.267292 -741.339172 20.781368 17
-42.172504 -742.778015 16.810970 17
-43.568501 -739.097778 19.457329 17
-44.734722 -743.340393 15.251482 17
-42.684582 -739.226196 2.172648 17
-48.260220 -740.738159 20.228348 17
-47.323635 -742.753235 18.648994 17
-42.765968 -738.843140 0.004620 17
-43.059200 -743.632568 17.406294 17
-46.979675 -738.705566 14.532954 17
-45.313416 -742.369507 13.628142 17
-43.706650 -740.100220 23.077471 17
-44.690052 -739.099731 13.581288 17
-47.609779 -741.232910 17.850428 17
-43.696434 -739.767029 23.454020 17
-47.513695 -745.438110 27.499289 17
-43.297234 -740.609802 7.592881 17
-45.899269 -740.282410 10.873610 17
-45.863739 -744.130432 18.134348 17
-43.837170 -737.402039 2.918707 17
-48.369843 -743.154846 24.268017 17
-43.749638 -743.811462 22.087845 17
-48.196629 -742.076111 24.154749 17
-44.015518 -741.420593 9.961141 17
-47.515690 -743.121277 26.335464 17
-44.900570 -738.995667 4.955472 17
-46.877342 -738.107239 16.996500 17
-43.086765 -737.589417 -0.992028 17
-45.394886 -740.716492 9.061277 17
-47.930344 -740.540161 18.966255 17
-42.678196 -739.778015 5.848699 17
-47.944412 -740.394165 21.457588 17
-44.023731 -736.879395 -0.002298 17
-42.758938 -738.185120 -1.135451 17
-43.914642 -739.355896 0.141762 17
-43.914516 -739.799866 14.850055 17
-41.993954 -742.263611 14.898752 17
-47.675987 -739.992981 21.521324 17
-44.976078 -741.528809 11.160934 17
-47.152573 -739.710938 14.195164 17
-43.314896 -738.101074 12.286906 17
-45.137981 -739.242371 6.709067 17
-45.713779 -745.106934 26.131351 17
-46.763206 -743.531677 18.530317 17
-48.115200 -740.769531 19.354588 17
-47.183479 -740.734680 24.250151 17
-47.608112 -739.240723 17.258476 17
-43.053192 -738.531189 9.797650 17
-43.120960 -739.951355 19.191877 17
-42.920166 -738.056152 2.845269 17
-47.293320 -745.645264 25.316816 17
-46.467201 -741.596680 14.473714 17
-42.833557 -738.665100 13.857158 17
-44.497318 -739.577759 19.329479 17
-42.573452 -738.275696 6.064837 17
-47.301716 -738.600281 17.563643 17
-44.068047 -743.572327 15.112236 17
-45.818069 -740.948120 11.167929 17
-44.705315 -744.193848 17.080175 17
-44.767124 -740.539001 8.342839 17
-43.267868 -737.354309 1.056426 17
-45.874310 -739.003906 9.918522 17
-43.555054 -739.714478 4.412095 17
-42.586491 -743.218811 19.431160 17
-47.486446 -739.480347 20.902699 17
-43.240639 -744.204224 17.481894 17
-45.410881 -737.947510 7.768462 17
-47.983166 -739.999512 19.717556 17
-42.563652 -737.729431 0.178468 17
-47.437843 -739.009033 15.533533 17
-43.628677 -738.653503 12.860603 17
-41.696434 -740.408936 10.826006 17
-44.131340 -744.071411 23.711319 17
-44.119164 -741.005676 8.968377 17
-47.902176 -743.523926 22.783890 17
-42.723255 -738.290222 2.434807 17
-47.208675 -741.372925 16.186718 17
-47.529305 -739.206970 19.538061 17
-47.838493 -741.639221 19.093145 17
-44.156952 -737.856506 -0.778310 17
-46.187992 -741.018311 12.651468 17
-42.523060 -742.270874 13.377085 17
-43.939857 -744.716980 20.019958 17
-44.186954 -739.577454 2.898969 17
-43.655266 -739.192139 0.656920 17
-43.654022 -738.533203 11.748337 17
-47.566463 -745.877136 26.658936 17
-46.871681 -740.516602 13.823243 17
-45.708702 -742.427795 14.552342 17
-43.775040 -737.360291 4.706996 17
-46.619259 -738.543457 20.630062 17
-44.695869 -738.479370 -0.527485 17
-43.804493 -737.051208 1.572282 17
-45.046825 -744.830078 19.182945 17
-42.910374 -738.935913 0.965120 17
-43.346401 -738.705688 17.198200 17
-44.153988 -738.020874 0.690738 17
-44.345615 -737.005798 11.017404 17
-44.352158 -738.722900 -1.606784 17
-45.692051 -737.801331 11.067389 17
-44.168587 -737.108337 6.948272 17
-42.411926 -743.072632 17.720299 17
-45.663513 -745.625732 26.120714 17
-44.352047 -739.835449 21.619371 17
-43.104294 -739.044067 9.885817 17
-41.831287 -739.300720 9.032190 17
-42.752010 -741.002014 9.477685 17
-44.854961 -745.499451 22.448988 17
-43.679592 -737.208069 2.009815 17
-42.154705 -742.034058 13.968842 17
-41.965374 -739.640747 9.488345 17
-43.291878 -737.407349 -2.251069 17
-44.269691 -739.130249 12.515205 17
-44.095146 -739.516663 2.054990 17
-43.402512 -739.167175 -0.592210 17
-41.436878 -739.937012 9.939130 17
-43.562485 -739.705994 13.392202 17
-46.758766 -742.492065 16.868277 17
-43.612656 -739.717529 15.775068 17
-44.250622 -737.034485 8.757797 17
-43.838142 -744.900818 22.430777 17
-46.577808 -739.739075 22.424191 17
-45.815842 -742.651428 15.482862 17
-42.275906 -738.456848 -1.821299 17
-42.829906 -738.974609 2.573251 17
-48.208179 -744.329102 25.556679 17
-46.336266 -738.442505 11.157565 17
-44.243004 -741.474304 10.841574 17
-42.118294 -739.930908 8.185050 17
-45.115791 -740.100830 7.035354 17
-43.112366 -737.208862 1.928072 17
-42.055809 -742.292725 16.857456 17
-44.168842 -737.615540 3.908495 17
-47.370335 -738.729187 18.015846 17
-42.330345 -738.231384 5.321726 17
-44.652344 -739.095459 2.392599 17
-48.273560 -743.273315 25.642199 17
-44.250069 -739.575195 19.852280 17
-44.598763 -738.408875 2.196350 17
-45.876667 -737.338013 15.301347 17
-45.083160 -744.347107 17.896118 17
-45.297443 -744.488281 18.660606 17
-42.216663 -739.163940 6.895117 17
-46.908012 -745.641235 26.932234 17
-44.080292 -737.576111 -0.161734 17
-47.359116 -738.736328 16.789961 17
-42.732540 -739.355347 0.435950 17
-46.086548 -742.663574 15.840092 17
-42.674278 -739.327332 0.909115 17
-42.733746 -737.300537 1.431514 17
-43.494423 -739.545349 3.640993 17
-47.859650 -739.823486 19.299109 17
-42.564770 -737.998108 -2.137446 17
-47.521206 -738.992188 16.365971 17
-42.995026 -738.269897 9.147791 17
-47.889103 -741.781616 25.082033 17
-42.352997 -739.001709 4.814158 17
-44.349693 -741.067688 9.876140 17
-44.995594 -737.400757 10.439084 17
-42.758625 -742.075806 12.396179 17
-46.466545 -737.739441 17.779383 17
-46.237240 -737.884521 14.126252 17
-42.973698 -738.329285 7.899335 17
-43.110390 -739.833252 18.233448 17
-44.443611 -739.228577 0.852367 17
-44.669899 -738.532104 -1.014969 17
-47.902279 -740.671936 18.223391 17
-46.740971 -745.030884 27.093401 17
-44.058197 -737.794250 1.922722 17
-45.464401 -739.441345 8.535730 17
-42.106743 -740.449524 9.746043 17
-42.669468 -739.364990 4.543286 17
-43.846397 -737.567322 8.524714 17
-43.435795 -736.717346 2.395846 17
-44.359177 -739.921326 4.810922 17
-45.175755 -738.792419 6.876709 17
-48.383976 -743.789673 24.974474 17
-43.922623 -737.191895 6.205208 17
-43.081192 -737.753906 0.217938 17
-42.268238 -738.078064 -0.973121 17
-43.360294 -739.526245 14.140116 17
-42.948799 -737.123047 2.769053 17
-44.229156 -744.791077 23.785202 17
-42.975769 -737.521545 -1.734064 17
-44.974258 -737.336975 7.516889 17
-47.012512 -738.540283 19.866192 17
-42.759678 -743.239136 14.834779 17
-43.687298 -741.727234 10.577216 17
-45.379761 -743.624939 16.605354 17
-45.646843 -739.119690 9.077591 17
-45.037418 -745.231323 20.380182 17
-43.442108 -737.287659 3.833542 17
-43.113632 -737.625671 -0.499808 17
-43.091644 -738.632080 11.187805 17
-43.071518 -737.648315 6.012934 17
-47.801403 -739.858948 20.102697 17
-44.288952 -737.508972 1.230661 17
-42.628235 -738.492859 -2.192608 17
-47.744102 -739.456116 17.744268 17
-42.004105 -741.275330 10.994576 17
-44.032021 -737.790833 2.409940 17
-46.211792 -743.972229 18.985180 17
-44.673019 -736.949219 12.371337 17
-47.985374 -740.639404 21.058121 17
-45.900341 -743.571106 17.341223 17
-44.297440 -738.154968 -1.213269 17
-42.428116 -741.701904 11.599735 17
-47.159710 -746.049011 25.904686 17
-47.818295 -741.272339 18.718254 17
-43.939209 -742.799072 13.071702 17
-48.092537 -739.944641 17.737974 17
-44.182220 -737.458801 10.463872 17
-47.682518 -740.888794 24.039295 17
-46.283939 -745.629883 26.635220 17
-46.480877 -744.805725 20.663050 17
-46.138168 -743.259888 16.962255 17
-43.386578 -744.454895 20.169008 17
-43.307732 -737.091370 0.712754 17
-48.113655 -741.364502 23.332735 17
-48.245144 -741.290527 21.675037 17
-48.197773 -742.439880 22.770029 17
-42.685806 -738.248047 0.256165 17
-46.133480 -745.327942 21.846756 17
-42.241493 -740.328247 8.831964 17
-48.014427 -741.747070 19.899788 17
-44.367386 -738.521118 0.584189 17
-42.286781 -738.205200 4.582594 17
-42.624855 -738.606018 2.936963 17
-45.375950 -744.511597 25.589140 17
-42.321407 -739.317383 -1.881656 17
-42.689468 -737.866577 -1.717340 17
-44.464684 -739.435303 -1.630349 17
-47.552460 -740.218567 22.252205 17
-45.253956 -742.804443 14.171063 17
-42.198376 -738.028442 1.792459 17
-43.464664 -740.082092 17.903017 17
-43.015980 -738.595093 15.220957 17
-45.881245 -737.736023 13.343376 17
-43.584122 -737.108704 9.153248 17
-44.342487 -738.094727 1.671643 17
-45.712315 -741.760193 12.941254 17
-41.808315 -740.549072 11.865194 17
-48.096821 -742.932922 22.262356 17
-43.315075 -739.679626 19.611168 17
-46.296108 -743.613098 18.649004 17
-46.757675 -738.069214 17.962414 17
-44.872334 -745.081238 19.803404 17
-43.838799 -744.802795 21.355633 17
-43.683159 -739.009644 14.989045 17
-44.017178 -737.626892 0.460394 17
-44.488998 -738.022827 -2.092976 17
-45.074783 -743.582031 16.129713 17
-41.666576 -742.186951 15.458587 17
-45.724995 -741.240173 11.975775 17
-44.193394 -739.827332 22.534397 17
-43.501884 -739.869568 18.917103 17
-43.117802 -738.282654 5.918028 17
-48.187008 -743.432007 23.631336 17
-42.641106 -738.117615 0.895942 17
-43.482605 -739.250793 1.487283 17
-46.531506 -737.818054 15.651287 17
-46.035175 -744.555786 20.059174 17
-42.237087 -739.222229 6.074002 17
-45.929798 -737.857544 11.518710 17
-43.454201 -737.456238 6.789730 17
-44.314228 -740.078796 17.677004 17
-45.946789 -745.511292 22.283127 17
-43.523354 -739.794373 17.527201 17
-41.381668 -740.926514 12.428938 17
-44.987026 -740.038818 6.526454 17
-44.708782 -738.190552 3.626424 17
-44.989117 -745.591919 24.009844 17
-46.031231 -742.091248 13.660937 17
-46.512184 -739.773193 21.968472 17
-46.813068 -743.992004 19.956123 17
-47.417801 -738.851868 17.195606 17
-43.965359 -739.632568 3.591871 17
-44.335983 -742.651062 13.074215 17
-43.966129 -737.127869 5.741819 17
-43.228012 -744.281067 21.076389 17
-47.256844 -740.511536 15.532584 17
-47.071651 -742.628174 17.671854 17
-46.631413 -738.458984 12.797379 17
-47.430801 -744.046326 22.593369 17
-47.235382 -744.846985 22.447626 17
-44.358730 -737.420715 -1.537567 17
-48.178032 -744.072876 24.242769 17
-46.021534 -741.408752 12.341062 17
-46.511463 -738.172424 13.610331 17
-46.314396 -745.577148 22.683365 17
-46.001785 -738.731812 10.294005 17
-42.629536 -742.794861 15.388282 17
-42.394718 -739.158936 5.225687 17
-42.228233 -739.983337 6.578164 17
-47.623455 -739.207581 18.687819 17
-43.877613 -739.948364 17.259253 17
-43.816555 -742.405823 12.367258 17
-46.882458 -743.159058 18.239475 17
-43.435951 -737.232117 7.971785 17
-42.374153 -742.398010 14.664500 17
-43.122711 -739.282166 15.777750 17
-43.712780 -738.894775 12.081926 17
-47.865997 -739.854065 18.513771 17
-43.457291 -737.203369 0.038432 17
-43.166279 -738.117249 9.894995 17
-48.229717 -741.675171 22.910885 17
-44.128742 -737.189941 -1.156728 17
-43.505211 -739.277405 -1.565081 17
-43.976921 -740.859131 8.019564 17
-45.691910 -738.325806 9.553899 17
-43.983921 -736.859436 1.007714 17
-45.690170 -743.241821 16.531834 17
-45.928459 -737.528992 16.116938 17
-43.414661 -739.844482 20.568476 17
-43.236755 -738.460876 13.095208 17
-42.756279 -738.202026 -0.518356 17
-43.089928 -737.879944 4.431679 17
-44.779919 -737.202026 6.465860 17
-44.509426 -740.793579 9.204106 17
-43.484791 -736.984131 -0.334988 17
-43.976967 -740.419800 22.688452 17
-42.833633 -738.076416 3.578932 17
-48.291451 -742.434143 24.992632 17
-42.257633 -741.675842 12.200524 17
-47.817303 -744.822998 24.996576 17
-45.661144 -742.224976 13.830577 17
-42.355938 -738.671509 1.524863 17
-44.310188 -739.300415 -0.297790 17
-43.186989 -737.421204 4.404407 17
-42.289150 -738.455322 -1.165990 17
-47.522530 -740.366760 22.855366 17
-45.735600 -745.846375 23.534029 17
-42.938221 -739.705200 5.009394 17
-42.785725 -739.481140 -0.972108 17
-45.680313 -741.537231 11.510383 17
-47.921684 -740.841003 18.613127 17
-42.489258 -741.887512 13.166068 17
-41.907391 -741.638916 13.537754 17
-45.097916 -737.380066 11.014887 17
-44.289379 -737.369629 -2.262832 17
-43.468288 -739.613770 9.723096 17
-45.951103 -738.256226 10.770571 17
-44.779957 -741.157410 10.414978 17
-47.096188 -738.361816 16.748253 17
-47.833443 -742.586487 25.810150 17
-47.684620 -739.442078 19.233847 17
-45.187637 -737.554016 8.567813 17
-45.598473 -737.691284 10.170400 17
-43.564377 -739.985413 22.132250 17
-47.008560 -738.743042 21.028366 17
-45.143406 -740.350159 7.600437 17
-42.595905 -738.711365 5.862822 17
-42.985077 -738.810364 7.192035 17
-48.542973 -742.037964 22.169998 17
-43.544399 -737.007629 -1.430235 17
-42.250332 -739.000305 7.296899 17
-45.474724 -737.917786 9.146865 17
-46.190109 -741.844299 14.275833 17
-47.868546 -740.983398 22.086445 17
-42.935204 -737.857422 2.001292 17
-42.549995 -738.258057 4.913474 17
-47.507484 -744.865723 23.262102 17
-47.105213 -738.508728 19.353191 17
-48.263474 -742.507751 24.117758 17
-47.390575 -743.881714 26.780607 17
-44.641853 -745.142456 23.818830 17
-44.976986 -745.583740 22.996161 17
-43.216362 -737.872925 5.264575 17
-45.222515 -741.013123 9.311960 17
-45.242519 -738.413025 6.004961 17
-44.459034 -742.938782 13.866508 17
-44.180691 -739.203918 -1.324045 17
-45.943001 -745.811096 23.053902 17
-47.028732 -741.065796 24.549994 17
-45.457241 -740.264099 9.553765 17
-43.285889 -738.272522 11.251599 17
-44.756695 -737.354431 9.707200 17
-41.731327 -739.588501 8.735381 17
-43.513893 -739.414551 21.739746 17
-47.221973 -742.262512 17.518732 17
-46.660599 -738.173828 14.429218 17
-42.599529 -742.715332 13.754404 17
-46.158009 -742.427246 14.614761 17
-47.087402 -738.333618 16.038559 17
-45.858242 -744.225159 18.960505 17
-43.444557 -739.881836 21.577028 17
-43.173542 -739.142944 18.914274 17
-46.220329 -737.526428 16.501322 17
-43.317863 -739.558838 15.447085 17
-47.699963 -745.077698 24.515238 17
-43.508160 -744.331177 19.368334 17
-41.819477 -740.456238 10.430906 17
-46.399097 -742.369629 15.750467 17
-44.305462 -737.386169 5.522695 17
-45.341644 -745.808105 24.211964 17
-44.993992 -737.258484 12.284657 17
-43.976860 -744.908997 19.642933 17
-44.431908 -739.222839 14.545280 17
-47.720604 -739.442627 15.690128 17
-45.707096 -744.377502 19.408033 17
-43.349945 -742.518616 12.904820 17
-46.197681 -737.930542 12.861468 17
-46.198059 -743.437988 17.907648 17
-43.888229 -737.191345 7.855706 17
-48.163300 -742.014282 23.738436 17
-48.157223 -741.400513 22.500690 17
-48.228401 -744.181274 25.084169 17
-43.253319 -739.068176 0.642254 17
-42.537148 -738.773621 -1.850413 17
-42.362720 -738.309814 2.224415 17
-47.589447 -739.768860 21.172052 17
-41.848469 -741.870483 15.171723 17
-43.195671 -738.843445 15.911176 17
-44.403416 -737.988281 3.185139 17
-41.848652 -740.000000 9.651863 17
-47.840393 -744.134399 23.311275 17
-45.917721 -737.081482 15.626589 17
-43.268204 -740.093872 5.962044 17
-44.995403 -737.544495 7.868301 17
-43.719257 -739.721619 14.271009 17
-45.739857 -744.790833 20.290319 17
-46.657574 -742.769043 17.279163 17
-44.437859 -739.509277 0.404497 17
-43.093544 -741.403625 10.243812 17
-47.824600 -739.499268 16.997799 17
-45.403084 -738.566528 7.216354 17
-43.303608 -743.247253 14.997806 17
-41.302631 -740.322571 10.912227 17
-47.560986 -739.171997 14.989222 17
-43.049023 -739.068298 0.202581 17
-44.785141 -738.131226 4.189590 17
-44.070889 -739.132751 12.106350 17
-45.425331 -741.224976 10.223849 17
-45.441906 -744.770325 19.332224 17
-44.116791 -737.155151 -0.285602 17
-48.248795 -740.352051 18.822578 17
-43.006786 -742.876648 14.289881 17
-45.165165 -743.144714 15.322559 17
-46.630703 -737.809937 17.112125 17
-46.970333 -739.390381 13.421401 17
-43.457035 -739.392395 3.041145 17
-44.347195 -738.245605 -1.614637 17
-45.369129 -741.006287 10.670059 17
-42.582123 -738.570312 0.656470 17
-45.636108 -739.663757 9.457853 17
-45.702034 -740.409668 10.494413 17
-43.410488 -744.099915 21.471121 17
-42.338543 -738.304810 3.327515 17
-44.839005 -738.640320 0.952245 17
-44.942230 -742.778137 14.584021 17
-42.294186 -739.693481 6.855855 17
-43.341469 -739.586609 4.036505 17
-47.111828 -739.552612 21.681913 17
-43.644485 -738.220093 10.174908 17
-41.602505 -740.505859 12.244796 17
-42.846519 -742.295654 12.746719 17
-42.597858 -737.832458 3.264122 17
-42.964062 -743.717224 18.092289 17
-45.500088 -743.363098 15.837778 17
-44.162537 -739.571533 0.931905 17
-43.588337 -744.547241 18.593149 17
-44.363781 -738.709961 -0.817323 17
-47.094246 -740.156555 23.384926 17
-42.163246 -739.006958 6.475636 17
-46.220104 -744.945618 21.530930 17
-46.999825 -743.735168 19.525839 17
-46.011211 -741.650513 13.489720 17
-43.402092 -737.349548 4.894434 17
-46.938988 -738.845642 20.623472 17
-45.992363 -746.020874 24.772003 17
-43.266094 -738.239868 10.671895 17
-43.126865 -740.222534 6.426359 17
-42.996239 -743.965271 20.307423 17
-43.749081 -739.246094 18.964310 17
-41.472382 -741.309021 13.424516 17
-47.710575 -740.383301 16.902655 17
-46.721809 -741.007446 14.464500 17
-43.409431 -736.794922 2.986445 17
-42.823597 -743.837280 18.839262 17
-42.915333 -743.410217 15.732875 17
-43.181377 -739.169861 12.781113 17
-44.781116 -739.684753 4.429087 17
-44.293072 -739.720337 20.661453 17
-44.141251 -740.323364 21.353413 17
-48.288559 -744.075989 26.285152 17
-42.359055 -738.909912 -0.825077 17
-48.160728 -740.140442 18.268736 17
-48.488682 -742.153076 23.414650 17
-41.966011 -741.933594 16.055719 17
-42.714447 -739.433960 -1.430576 17
-42.648952 -737.861023 2.607751 17
-45.218742 -745.345825 25.426573 17
-46.638416 -740.025879 23.140247 17
-45.073856 -744.538452 18.285286 17
-42.436470 -738.070862 -0.252081 17
-43.204704 -739.194397 9.106272 17
-42.016872 -739.342529 7.563228 17
-44.788219 -739.417725 20.113911 17
-47.415276 -738.832092 15.987497 17
-44.244499 -745.102661 20.566767 17
-46.825798 -741.785034 15.582605 17
-45.605633 -737.581909 12.250823 17
-44.444641 -740.780396 23.156599 17
-46.388680 -746.178406 25.592533 17
-42.035477 -742.473816 16.435547 17
-42.355438 -738.336121 2.670497 17
-46.540577 -743.113525 17.857258 17
-45.097977 -738.462219 6.529525 17
-43.226265 -739.556519 18.795729 17
-43.866734 -737.176147 8.326506 17
-47.774345 -743.001892 20.394163 17
-44.721424 -738.581360 3.520784 17
-43.853027 -738.934021 11.357383 17
-42.535580 -738.367737 3.745433 17
-44.134712 -740.792358 8.383789 17
-45.245335 -741.572937 12.035177 17
-47.276443 -742.582764 25.760773 17
-44.514442 -738.684143 0.183808 17
-42.878323 -737.177185 3.683332 17
-47.834740 -744.234070 24.533401 17
-45.956444 -746.026917 25.211351 17
-44.153206 -737.467285 4.667309 17
-48.187485 -742.018127 24.810970 17
-47.027153 -738.304443 17.562229 17
-43.335892 -738.347900 11.937132 17
-46.928310 -738.447327 14.192309 17
-47.785236 -744.635193 24.138178 17
-43.474731 -743.133484 14.443904 17
-46.573814 -737.987122 16.160625 17
-42.867104 -739.095703 16.757498 17
-48.066048 -744.067505 23.858227 17
-41.945396 -739.581665 8.304328 17
-47.917225 -745.790894 27.407190 17
-48.240211 -742.518433 21.810377 17
-43.485161 -739.837708 16.759523 17
-45.612431 -745.679199 22.416136 17
-47.943050 -743.159485 21.261215 17
-46.954899 -743.463562 18.909557 17
-46.493969 -738.571533 12.422338 17
-43.376961 -740.847900 8.427336 17
-44.330688 -742.092896 12.418629 17
-41.824787 -739.833679 10.165728 17
-44.409142 -738.289978 1.309892 17
-44.094494 -737.255920 0.831600 17
-44.995632 -740.754700 8.037140 17
-43.990471 -739.337402 15.189374 17
-47.263580 -740.491028 23.947218 17
-41.425289 -741.643677 14.146310 17
-42.646931 -739.240295 -0.409526 17
-46.601799 -744.681213 21.085482 17
-44.224342 -740.114746 19.059561 17
-42.056259 -741.289246 11.386083 17
-45.323021 -739.315308 7.590837 17
-46.579731 -740.573425 13.112205 17
-42.755817 -740.086731 6.607036 17
-44.363594 -737.924438 2.591954 17
-47.172279 -739.231934 14.148879 17
-42.850140 -738.952209 -1.712942 17
-43.185917 -738.517090 13.641313 17
-44.309479 -737.218201 11.878292 17
-45.937057 -739.544861 10.438160 17
-42.653484 -738.284729 1.432474 17
-44.204090 -739.154968 13.199520 17
-44.306259 -737.109680 7.915786 17
-43.763954 -739.170959 18.083092 17
-46.250156 -738.225952 11.489125 17
-42.969593 -738.898621 6.786422 17
-47.021851 -745.318298 27.336027 17
-43.666721 -738.326965 10.912062 17
-42.689705 -737.900330 5.509029 17
-42.460209 -740.250549 7.866165 17
-47.872128 -740.060364 20.492619 17
-48.249741 -743.110840 23.203444 17
-42.420433 -742.776672 18.336346 17
-42.226482 -742.774048 17.421158 17
-44.395786 -742.264404 12.876057 17
-48.192577 -742.338013 21.386497 17
-47.356831 -741.695801 17.347252 17
-43.838863 -740.318909 22.244928 17
-46.438065 -744.503784 20.419876 17
-43.866417 -737.333984 3.812199 17
-44.664742 -737.343201 8.357685 17
-44.094799 -736.937317 -0.806535 17
-44.816509 -745.313232 21.270126 17
-46.696251 -740.175659 12.967214 17
-43.267529 -739.157776 18.061909 17
-43.188194 -738.427185 12.430839 17
-44.923481 -739.395386 5.115834 17
-46.259422 -738.992065 11.393123 17
-42.265797 -738.494507 5.629637 17
-45.929863 -744.962158 21.217747 17
-45.909325 -740.574646 11.158580 17
-43.385956 -738.901245 16.514431 17
-43.565666 -738.793884 17.560232 17
-48.153992 -740.362305 19.724957 17
-42.591362 -741.388855 10.850620 17
-48.063107 -742.488586 25.477268 17
-43.172585 -739.798401 16.501110 17
-45.781399 -738.755737 9.635786 17
-47.347649 -745.735168 25.756165 17
-48.141502 -741.358459 19.835508 17
-44.806431 -745.269531 23.204643 17
-44.367828 -740.172180 24.694323 17
-43.999779 -737.672913 1.006951 17
-43.427364 -737.542664 7.202115 17
-42.552063 -742.233826 14.316017 17
-45.435883 -739.000244 8.259163 17
-45.256096 -741.593506 11.492288 17
-45.300781 -738.145142 7.260883 17
-43.117599 -738.190247 6.973703 17
-42.717499 -741.629517 11.201719 17
-43.744656 -739.321533 -1.876703 17
-46.464867 -740.141418 12.348590 17
-45.987080 -744.334106 19.731428 17
-42.624355 -737.680481 5.853511 17
-43.824123 -737.344482 -1.401008 17
-44.052094 -737.425598 5.034103 17
-44.711548 -739.033325 2.793343 17
-44.131634 -737.030151 10.680798 17
-46.502811 -743.910950 19.246082 17
-46.947269 -739.872437 22.647219 17
-44.343246 -745.131714 22.833504 17
-45.542858 -745.342041 21.630312 17
-43.871593 -737.376709 -2.149238 17
-44.249493 -741.802673 11.056154 17
-43.359776 -739.390320 8.439035 17
-46.163376 -740.740479 11.954275 17
-42.688900 -740.204285 7.206319 17
-42.271275 -737.991211 0.903334 17
-44.559559 -741.690674 11.591142 17
-42.154072 -742.577820 15.706251 17
-44.832401 -739.142090 3.982386 17
-45.940037 -744.818298 26.196150 17
-46.909283 -745.053772 22.725126 17
-46.793781 -745.886230 26.588081 17
-44.390701 -738.206299 -0.158855 17
-47.708164 -742.013428 25.327118 17
-43.429840 -738.827698 18.482828 17
-45.532207 -737.081177 15.146542 17
-45.247681 -745.511597 22.073856 17
-47.047398 -741.113953 15.024140 17
-42.252113 -739.713074 5.417825 17
-42.895012 -737.381958 0.544072 17
-46.446358 -738.060242 18.981052 17
-47.864658 -743.472595 21.997721 17
-45.557514 -744.997681 25.674999 17
-46.247189 -745.332520 27.286825 17
-47.487198 -739.334106 20.486153 17
-46.997646 -745.301392 23.051439 17
-44.014874 -744.922668 23.214596 17
-47.181156 -739.876282 22.282349 17
-42.567619 -739.093506 -1.159745 17
-46.690033 -745.599792 23.232721 17
-45.948055 -738.137390 9.806093 17
-46.149109 -744.960999 26.705624 17
-44.797329 -737.249451 13.166903 17
-47.599651 -743.047546 20.041187 17
-46.734558 -740.928955 14.017849 17
-44.003902 -739.395691 -0.969315 17
-46.723160 -742.420227 16.272512 17
-47.054234 -740.134216 22.951042 17
-47.729954 -745.098022 27.409462 17
-44.860775 -737.258423 9.098601 17
-42.777191 -737.498718 2.333329 17
-46.284821 -738.100525 12.227712 17
-45.056335 -741.239258 10.922253 17
-43.959694 -737.633301 3.248852 17
-47.652554 -739.498047 20.097940 17
-47.186745 -743.631836 20.343878 17
-45.733017 -737.223022 14.441530 17
-42.322578 -740.938049 10.256201 17
-43.744019 -737.188171 9.707216 17
-43.281017 -739.378235 20.259478 17
-45.696926 -744.226318 18.589422 17
-42.027519 -741.093140 10.408025 17
-43.924660 -744.599976 19.300850 17
-43.508389 -737.136292 3.429009 17
-45.368919 -745.072205 20.592873 17
-45.370533 -745.717590 25.121754 17
-43.661064 -741.204590 8.857554 17
-42.249229 -740.498108 9.173309 17
-46.982281 -740.349243 14.161064 17
-44.656776 -739.329163 15.688802 17
-44.421272 -740.111694 18.394360 17
-41.985737 -740.000793 9.030457 17
-43.476112 -742.837402 13.678033 17
-47.512756 -741.994080 18.251726 17
-43.316223 -740.216675 21.274719 17
-42.597103 -737.799744 -1.368050 17
-42.927170 -744.034363 19.601891 17
-44.138191 -737.507629 2.149845 17
-48.291138 -741.746704 22.139212 17
-42.932281 -738.544250 9.403849 17
-43.404144 -737.802917 5.946123 17
-44.568512 -739.593262 3.097929 17
-44.489048 -739.899353 15.408496 17
-43.578648 -739.259277 -0.122331 17
-44.353184 -738.528076 -1.265846 17
-48.165703 -744.798950 26.236393 17
-47.933167 -743.501282 26.340639 17
-44.627365 -738.301270 0.432720 17
-44.752510 -744.046448 16.707407 17
-46.970158 -739.039978 13.738543 17
-44.349297 -743.094666 14.274792 17
-42.261196 -739.877197 7.176600 17
-46.257252 -740.277344 11.711279 17
-45.151836 -744.479553 25.247862 17
-42.586994 -738.763672 6.307135 17
-43.131207 -737.779541 3.633060 17
-45.571293 -738.266418 8.988221 17
-46.688747 -744.243225 20.403778 17
-46.893623 -738.666199 13.188407 17
-46.417999 -741.379822 13.842869 17
-43.456322 -737.195435 1.681258 17
-47.206802 -738.889404 19.991581 17
-43.600525 -736.759033 0.507468 17
-46.057934 -737.369995 17.178337 17
-43.993095 -743.938049 22.854544 17
-45.085018 -740.517456 8.992064 17
-47.610706 -739.348938 16.445978 17
-43.481461 -736.692932 1.526647 17
-46.312687 -745.989441 24.080656 17
-46.374439 -739.512329 11.801698 17
-44.666248 -738.251770 -1.796833 17
-46.815346 -744.780640 21.992092 17
-47.319553 -740.155884 15.417418 17
-47.645420 -745.306458 26.986872 17
-42.934658 -737.309570 -0.639335 17
-48.069603 -741.146545 19.365028 17
-41.488186 -741.806335 14.589847 17
-44.388275 -737.831421 0.469339 17
-43.052216 -737.728394 0.762793 17
-43.497440 -739.584045 22.094917 17
-45.100643 -737.145142 9.900072 17
-43.387360 -739.929382 22.940439 17
-42.392368 -739.215088 0.398304 17
-47.957233 -744.630859 25.562746 17
-43.229252 -740.102539 20.342196 17
-45.019901 -738.186523 5.365549 17
-44.372093 -744.445007 17.830462 17
-44.798161 -738.527710 2.917538 17
-45.429802 -740.407532 8.852172 17
-43.348301 -741.604614 10.742280 17
-46.362267 -737.835999 18.328907 17
-43.040207 -739.238220 3.052842 17
-48.517780 -743.211975 24.836073 17
-47.075245 -740.413147 14.776821 17
-46.917133 -744.124084 20.785805 17
-43.312939 -737.372253 -0.294943 17
-45.118702 -741.002380 10.285671 17
-43.092667 -738.893066 11.494602 17
-43.042225 -740.686340 8.045388 17
-41.719620 -741.048523 12.521342 17
-44.377254 -737.314392 7.458260 17
-44.559078 -744.723999 24.792561 17
-46.022877 -737.560059 14.661878 17
-45.164951 -745.674133 23.293373 17
-44.476475 -737.890747 0.048802 17
-43.114693 -738.366760 8.621412 17
-42.214420 -740.258484 8.467023 17
-43.006489 -739.609863 -1.614685 17
-43.531673 -737.206543 5.237222 17
-44.971794 -737.895935 6.034348 17
-43.131210 -739.059937 1.600562 17
-46.353477 -740.733398 12.478244 17
-44.914055 -740.030151 22.007122 17
-48.008083 -740.657654 22.036058 17
-44.450901 -738.910767 0.552143 17
-46.459980 -745.031494 22.016062 17
-45.985706 -744.861938 20.807203 17
-42.246494 -739.038086 7.696704 17
-43.666664 -739.818787 4.783752 17
-46.638489 -745.302429 22.458414 17
-44.214798 -737.635559 1.604624 17
-46.602417 -738.029602 14.821968 17
-43.137085 -739.696533 21.180727 17
-42.154163 -738.058777 -1.901067 17
-46.871513 -744.585205 21.678024 17
-43.920921 -740.141907 20.289648 17
-44.127823 -737.094421 9.208872 17
-42.439938 -738.894653 3.293736 17
-43.613598 -744.540771 21.937290 17
-43.487812 -740.147156 18.533499 17
-43.482903 -740.199890 20.042046 17
-44.831150 -739.475586 15.110627 17
-42.733894 -738.730652 1.747160 17
-42.531185 -739.019226 0.737590 17
-47.944355 -741.040100 23.280548 17
-46.397675 -743.013245 16.536777 17
-47.171257 -743.150024 19.012730 17
-43.297977 -743.347229 15.429204 17
-44.450405 -739.793762 2.733429 17
-43.329754 -739.520874 10.413961 17
-48.301178 -742.617188 23.741220 17
-45.184429 -745.421692 21.716204 17
-43.370461 -739.433472 11.203983 17
-41.901337 -741.422974 14.070282 17
-43.462181 -738.416321 14.521482 17
-48.326752 -742.043579 22.857071 17
-44.472130 -743.444885 15.010848 17
-47.042553 -738.566467 14.938546 17
-45.184532 -740.784729 9.771852 17
-43.349777 -744.176697 18.094536 17
-47.731766 -739.485352 18.440481 17
-43.004070 -738.390198 10.447807 17
-43.734241 -740.399597 6.937201 17
-47.180168 -741.434631 15.837085 17
-44.507526 -737.266418 10.450652 17
-48.475292 -743.341736 23.955292 17
-43.224415 -738.073181 8.396421 17
-43.599022 -737.351929 6.334412 17
-45.518551 -745.236084 21.166796 17
-42.571686 -742.977112 16.208082 17
-47.872330 -743.779236 23.176029 17
-42.838711 -738.905396 15.338492 17
-46.367569 -744.163696 19.719648 17
-47.300289 -744.192505 27.353161 17
-42.590607 -739.061523 7.038877 17
-46.943825 -745.384399 23.774364 17
-42.708481 -739.228577 1.466855 17
-43.159081 -739.232361 19.459183 17
-47.197803 -738.999512 20.346722 17
-44.492165 -739.939331 16.197401 17
-45.256573 -737.285400 13.012875 17
-47.590813 -745.252502 25.279112 17
-46.059410 -738.800232 10.706809 17
-43.475044 -738.683167 16.821783 17
-43.857151 -742.856628 13.424994 17
-42.742939 -738.809326 -0.866542 17
-44.892254 -737.266602 6.861518 17
-43.508953 -739.029114 19.816565 17
-47.755604 -739.843201 20.834131 17
-44.780384 -743.572388 15.617673 17
-47.844311 -744.286499 27.066471 17
-44.339897 -745.233459 20.900854 17
-42.021908 -741.621704 12.651667 17
-43.893757 -744.757446 22.096205 17
-44.724854 -741.794312 11.984230 17
-48.348042 -743.799988 24.433741 17
-44.376179 -738.916077 -1.924833 17
-43.305004 -737.461609 5.732248 17
-45.057472 -745.080627 25.139961 17
-43.123455 -739.232422 12.180565 17
-47.223953 -739.234375 21.058813 17
-47.079250 -741.617126 25.225281 17
-47.936844 -740.810913 22.713135 17
-43.072914 -739.165527 2.381687 17
-45.564247 -743.110962 15.587936 17
-44.806896 -738.312195 4.831054 17
-46.769402 -743.531067 19.279655 17
-44.463680 -739.277588 1.454745 17
-45.276142 -742.786987 15.016842 17
-44.552349 -739.922241 3.686568 17
-43.145401 -739.224854 7.392264 17
-42.811390 -743.031189 15.707168 17
-47.196468 -743.355347 19.636000 17
-41.960506 -741.216370 12.092825 17
-44.006741 -736.897034 -1.912670 17
-45.678852 -745.902954 23.890160 17
-43.366619 -739.853943 22.397652 17
-44.686657 -740.091614 5.192450 17
-41.463886 -740.655640 11.638521 17
-42.117146 -740.891907 9.714420 17
-44.863922 -738.715393 1.627238 17
-44.019539 -744.819641 20.540728 17
-42.945690 -738.473450 8.296649 17
-46.184933 -742.770630 16.169252 17
-47.888294 -744.412903 24.849272 17
-43.482273 -737.381531 4.180737 17
-44.244862 -744.398926 23.801924 17
-45.826839 -743.960083 17.564999 17
-43.473328 -737.683289 5.480349 17
-42.549675 -738.592468 -1.539470 17
-44.748165 -740.301392 6.414735 17
-45.909702 -737.234619 16.352928 17
-48.083805 -743.180542 21.992083 17
-44.680847 -741.963989 12.357313 17
-43.276958 -741.329712 9.887640 17
-42.380512 -740.926086 9.031208 17
-45.799690 -739.938843 10.078995 17
-43.924355 -739.367554 15.652911 17
-44.636898 -741.200867 10.081716 17
-47.704735 -742.460754 19.250858 17
-42.766640 -742.856201 14.819278 17
-44.132252 -739.444946 1.359114 17
-46.598240 -745.703979 27.104319 17
-45.422108 -738.604553 8.346577 17
-44.939610 -737.518555 7.197110 17
-43.575397 -742.207153 12.102528 17
-46.964954 -741.953003 16.245249 17
-45.331089 -737.933716 8.466736 17
-44.047901 -737.184021 11.247073 17
-42.577732 -738.641602 -0.418370 17
-47.364986 -738.798462 19.231735 17
-43.138489 -739.305237 17.046381 17
-42.471733 -740.606628 8.854787 17
-42.521381 -743.708008 19.868879 17
-43.666691 -737.127625 2.648093 17
-46.973446 -746.193481 26.185989 17
-47.186199 -742.938416 26.102343 17
-44.629135 -740.904175 9.604288 17
-42.604820 -738.626892 0.297867 17
-43.862896 -737.295105 -0.683789 17
-44.496544 -737.204895 11.575934 17
-43.100727 -739.089844 13.201602 17
-45.428162 -741.409851 11.752251 17
-45.345360 -739.619995 7.801829 17
-48.059433 -740.974976 20.041048 17
-42.932323 -738.706970 7.754071 17
-44.799774 -740.599792 8.694014 17
-47.817497 -744.713440 26.771656 17
-47.063816 -742.189148 16.853872 17
-47.446815 -741.352844 25.054813 17
-44.172478 -740.184937 19.805727 17
-43.130909 -739.773071 16.942484 17
-46.204922 -741.525024 13.204593 17
-42.069122 -739.694031 7.616713 17
-47.777847 -745.114258 26.713810 17
-43.072327 -738.963074 14.567675 17
-47.668060 -744.317261 22.773287 17
-46.547726 -739.345398 21.407972 17
-44.439819 -739.158264 13.917725 17
-44.458256 -737.304016 8.658357 17
-45.588928 -745.713257 22.805016 17
-42.639904 -743.531067 18.113857 17
-42.583794 -743.351013 18.612438 17
-43.553486 -739.943909 19.774538 17
-47.831188 -740.435303 17.609732 17
-46.705235 -737.854553 18.758030 17
-48.092552 -743.249634 22.880960 17
-43.519234 -737.329590 8.305561 17
-47.353336 -742.097351 25.337772 17
-43.067574 -742.146790 12.226170 17
-47.975071 -742.999634 20.942694 17
-47.177505 -740.069580 14.802699 17
-44.916149 -737.961548 6.549696 17
-43.042061 -738.882812 11.999842 17
-44.322620 -737.947205 1.040891 17
-43.139999 -739.845764 17.525530 17
-43.725647 -739.374084 21.420038 17
-44.386250 -737.630920 -0.627455 17
-45.103535 -737.191284 8.611938 17
-43.433247 -739.511902 11.786190 17
-46.418312 -745.818115 23.577274 17
-43.187912 -737.097778 5.504387 17
-44.687752 -745.049805 24.486271 17
-46.651154 -739.019775 12.600961 17
-44.430450 -740.589722 24.130703 17
-41.633026 -740.798340 12.993300 17
-43.991364 -737.310913 9.483495 17
-46.421555 -740.731384 13.388225 17
-44.801922 -745.384644 24.811745 17
-42.696362 -743.668396 19.161715 17
-47.425686 -739.525208 14.951561 17
-42.585056 -743.185303 16.976780 17
-47.775837 -745.380920 26.242844 17
-45.356590 -738.961243 7.665796 17
-47.415379 -740.999817 16.796570 17
-43.070328 -737.671082 -0.117515 17
-43.889221 -739.685547 23.968702 17
-47.172642 -745.127197 23.311701 17
-44.054832 -737.533325 2.662598 17
-43.269917 -736.928772 4.063474 17
-43.294479 -737.506958 -1.552227 17
-45.646912 -743.777039 16.944075 17
-45.469933 -744.799805 19.937372 17
-46.744583 -738.085205 15.461162 17
-45.082962 -737.069031 12.006598 17
-47.493813 -742.565002 18.962112 17
-42.653465 -743.155273 17.389084 17
-42.098335 -742.573059 16.045216 17
-47.296947 -743.101990 19.383129 17
-43.373802 -737.103821 -1.039760 17
-47.438065 -744.666016 22.859715 17
-45.079983 -739.490967 6.478814 17
-44.069904 -737.241882 0.478797 17
-43.577198 -739.879272 14.905752 17
-44.889400 -742.242554 12.962775 17
-47.848267 -740.914673 17.950790 17
-44.599411 -737.777588 5.191593 17
-41.719383 -739.409912 9.457240 17
-42.687599 -738.239868 3.300182 17
-44.560669 -740.563293 7.264728 17
-47.293152 -742.591492 18.331083 17
-45.560562 -740.801880 9.861003 17
-43.178936 -739.135437 10.306706 17
-45.355057 -737.522949 10.362311 17
-47.814827 -740.048462 17.557259 17
-43.744465 -743.564819 15.506611 17
-44.122379 -739.749512 21.890791 17
-47.390144 -745.515808 24.894604 17
-46.554520 -743.158508 17.374952 17
-44.150761 -737.830566 0.200242 17
-46.464752 -742.385742 15.259855 17
-43.405342 -739.237793 1.838136 17
-48.170666 -744.226074 26.594954 17
-41.900814 -742.012817 14.683942 17
-41.562958 -740.201721 10.520035 17
-42.100319 -739.508179 8.964866 17
-48.364548 -741.071228 20.504953 17
-45.839893 -743.106384 16.233923 17
-45.530041 -739.896912 8.964581 17
-46.964375 -738.241211 18.214191 17
-47.018806 -742.845215 18.467487 17
-43.906387 -737.404541 10.179542 17
-45.639359 -737.846924 9.474852 17
-44.867012 -739.412292 14.371248 17
-45.640404 -737.342346 14.132055 17
-44.834969 -738.644287 4.335938 17
-48.341095 -742.200317 22.434992 17
-46.667908 -738.236938 19.725147 17
-44.219524 -737.590637 -2.015988 17
-46.062782 -739.174561 10.775681 17
-47.432499 -741.548157 17.690554 17
-42.550453 -739.858154 6.429949 17
-42.986042 -738.638000 12.655512 17
-42.541615 -743.102722 19.032476 17
-45.978729 -741.778625 12.709503 17
-44.504650 -745.273499 21.950256 17
-47.247337 -740.833069 16.079052 17
-43.192814 -738.224670 9.559644 17
-47.729012 -739.950684 16.528635 17
-42.969440 -738.869263 8.560891 17
-44.558868 -738.631653 1.346611 17
-46.458008 -738.189331 12.916657 17
-43.093185 -739.090576 14.926085 17
-42.380009 -743.488159 18.932144 17
-47.737499 -741.721680 19.414478 17
-41.629250 -739.886414 10.699459 17
-43.765778 -739.257874 -0.762073 17
-43.138306 -737.489685 2.977748 17
-47.339802 -745.140503 23.930695 17
-44.729206 -744.908203 19.031952 17
-42.545666 -742.128540 12.894028 17
-41.811634 -739.207397 8.339404 17
-45.482567 -741.905823 13.143582 17
-43.632294 -739.468018 2.758271 17
-44.312519 -737.289856 9.838890 17
-44.566063 -740.588623 7.699363 17
-43.786308 -740.155518 23.606665 17
-42.850517 -738.272400 11.686669 17
-46.167545 -739.557739 11.148170 17
-47.378674 -743.475037 26.371429 17
-47.617695 -739.617065 16.160702 17
-42.294609 -741.827759 11.889306 17
-42.473122 -738.015503 -0.647066 17
-42.333443 -737.925537 4.021006 17
-43.646603 -738.687744 12.527505 17
-41.861053 -741.134033 13.430149 17
-45.687462 -745.157837 26.662191 17
-47.938343 -740.684570 20.425528 17
-47.569374 -743.874878 21.575163 17
-43.510895 -739.700134 16.147928 17
-47.448513 -739.724060 21.560705 17
-47.880264 -744.917542 25.719877 17
-44.182644 -740.596313 23.302191 17
-42.375286 -742.564575 15.285231 17
-42.753353 -738.141174 -1.485635 17
-42.858913 -738.098755 5.790522 17
-43.767204 -739.180420 20.648697 17
-46.235107 -745.994873 26.052250 17
-42.873581 -738.070740 -1.974438 17
-45.307148 -740.172852 8.275511 17
-43.058136 -740.468933 7.398925 17
-45.086372 -740.698730 8.360257 17
-44.354095 -737.483765 -1.075308 17
-41.869701 -742.121582 15.781782 17
-42.946030 -739.514587 4.350642 17
-43.741482 -740.209595 21.919893 17
-47.184444 -744.484680 21.565884 17
-42.441807 -738.037903 0.374281 17
-47.404091 -743.332581 20.027264 17
-42.836136 -737.312378 3.364003 17
-47.664387 -744.243408 23.665014 17
-43.220047 -739.495117 18.273090 17
-46.739059 -737.944031 19.361687 17
-45.106121 -741.187195 9.998708 17
-43.031273 -739.470886 19.644709 17
-47.371201 -740.585938 16.285858 17
-48.148018 -740.699646 21.361313 17
-45.955555 -741.948059 13.971790 17
-45.713280 -740.715576 10.345492 17
-43.874393 -739.760620 22.650488 17
-42.776253 -738.971008 16.073757 17
-42.884308 -738.949463 -1.315920 17
-44.516258 -737.659546 4.648883 17
-42.811699 -739.052795 3.321992 17
-43.463978 -739.794067 12.435249 17
-44.212704 -736.960693 -1.640859 17
-43.427822 -739.665527 20.998943 17
-44.547379 -740.090698 16.890539 17
-43.094574 -738.767700 15.520018 17
-44.993729 -737.149963 14.230416 17
-46.375195 -738.966980 11.715329 17
-44.206261 -739.427307 16.260897 17
-43.646912 -736.947815 2.234120 17
-45.472584 -737.042786 13.968906 17
-42.908020 -738.408813 6.459271 17
-43.929459 -737.471436 1.534361 17
-45.412067 -737.494446 11.969555 17
-45.571018 -738.785461 8.921803 17
-44.291153 -736.888733 12.022136 17
-47.526375 -743.563782 20.948648 17
-46.831955 -742.872925 17.881367 17
-48.367470 -742.894836 23.910135 17
-46.779449 -738.469666 20.324846 17
-48.623829 -743.200317 24.509262 17
-46.716740 -738.224426 15.141455 17
-42.449673 -738.901001 0.097801 17
-43.288418 -741.926514 11.537332 17
-44.481766 -737.366150 6.232229 17
-47.546188 -740.641968 16.707773 17
-42.363422 -742.164673 12.469615 17
-43.934952 -740.275085 24.163111 17
-43.098499 -739.144226 8.182755 17
-44.844498 -737.906860 5.391471 17
-45.004707 -740.200745 8.087140 17
-42.942211 -740.856201 8.728911 17
-48.092411 -743.794250 23.682610 17
-43.315853 -736.970032 2.623480 17
-45.658588 -737.657166 11.465294 17
-42.725445 -742.480042 13.549870 17
-45.266964 -740.397705 9.253521 17
-46.390415 -741.530884 14.146269 17
-46.404716 -737.507446 18.007982 17
-43.973194 -744.307922 23.168169 17
-48.289001 -741.621826 20.610729 17
-45.151798 -738.487000 5.473389 17
-46.477467 -738.831543 12.128924 17
-42.956223 -738.632202 5.851944 17
-44.974857 -738.806396 5.481150 17
-42.159904 -738.671509 6.502727 17
-42.821579 -737.661255 3.801795 17
-46.071743 -737.617615 17.735411 17
-44.510494 -738.551575 0.925904 17
-42.844273 -737.411438 2.656919 17
-47.400738 -738.909058 18.840065 17
-46.003899 -739.896240 10.839614 17
-43.277477 -739.236267 -1.155789 17
-43.677288 -737.272278 7.542698 17
-43.969200 -739.830994 15.204062 17
-45.078094 -744.902039 19.996080 17
-42.297577 -738.359070 -0.444498 17
-45.851963 -737.976074 10.085184 17
-46.113125 -738.555725 10.922232 17
-47.325439 -743.808594 21.076982 17
-43.028519 -738.729736 13.292210 17
-46.523701 -741.783203 14.753469 17
-45.215488 -741.703430 12.356551 17
-47.291138 -744.546814 22.209639 17
-47.761124 -743.271790 26.514893 17
-47.259098 -738.654175 18.666904 17
-42.507462 -742.020020 13.647963 17
-43.098686 -739.366028 17.572840 17
-43.701706 -736.732422 1.204618 17
-48.625492 -742.585876 23.823935 17
-46.919876 -739.388306 22.137197 17
-46.825356 -745.644592 24.057316 17
-47.796146 -742.376709 19.739643 17
-47.658195 -744.754272 27.382692 17
-44.667309 -738.753662 2.312257 17
-43.586914 -737.248108 1.280669 17
-48.049934 -743.066467 22.562935 17
-43.163437 -738.551208 14.678650 17
-44.498951 -738.071228 -0.548406 17
-42.522438 -739.109802 2.547971 17
-43.894482 -741.945984 11.139401 17
-42.666969 -738.302429 -0.154767 17
-42.551361 -738.453064 4.260791 17
-45.307796 -742.958069 14.540524 17
-43.830471 -740.655457 7.791728 17
-46.910732 -738.281189 18.709230 17
-42.100380 -743.257751 18.293663 17
-44.652714 -737.239502 11.119605 17
-45.070072 -740.927795 9.017228 17
-41.469299 -740.233582 11.209088 17
-47.337170 -740.486938 23.606047 17
-48.310551 -740.518799 19.225481 17
-44.259121 -737.895020 -1.495228 17
-43.675060 -739.420288 20.448427 17
-46.527855 -742.082642 15.032172 17
-43.323299 -737.909851 9.680183 17
-44.897701 -738.664551 4.870661 17
-44.374397 -741.396729 10.042381 17
-43.538246 -739.085022 17.859047 17
-44.235664 -740.432922 24.373245 17
-44.936615 -744.657593 24.939783 17
-46.947968 -738.387573 15.653118 17
-43.548489 -739.342224 19.680025 17
-44.911842 -740.138611 7.691414 17
-44.155781 -737.225830 1.508240 17
-44.139069 -737.327881 0.031705 17
-43.197159 -739.012512 17.210695 17
-45.705078 -741.323792 11.148280 17
-45.000874 -742.611633 14.226578 17
-45.085865 -737.453979 9.244924 17
-47.097584 -744.219604 21.283909 17
-42.324711 -741.269287 10.230732 17
-46.918747 -740.329529 23.635195 17
-47.322136 -741.740845 16.820307 17
-46.282532 -738.001709 13.780394 17
-44.826302 -739.350525 4.246792 17
-41.826458 -740.258240 11.215481 17
-43.882187 -744.546997 22.641380 17
-43.888607 -740.415710 23.004456 17
-45.779362 -741.774780 13.255445 17
-45.288559 -738.235229 7.873449 17
-43.026333 -743.804321 20.651663 17
-44.578465 -741.663574 10.921172 17
-42.925465 -739.975281 5.907712 17
-46.725277 -739.869934 13.084926 17
-47.973747 -741.338684 19.013943 17
-47.496128 -739.033081 17.964872 17
-42.342163 -737.903381 5.268892 17
-44.848408 -741.696350 11.420323 17
-43.640602 -743.336426 14.880867 17
-47.897087 -741.423157 24.541878 17
-44.551765 -737.959839 -1.313962 17
-43.791153 -738.670105 10.946291 17
-41.844875 -739.929504 9.341208 17
-43.049282 -737.125793 1.277709 17
-43.163948 -739.462524 3.706062 17
-43.299191 -739.516418 12.828609 17
-44.903713 -739.915161 5.885364 17
-48.001060 -741.961243 20.621204 17
-47.177696 -738.977234 14.386305 17
-47.752029 -740.683838 21.697388 17
-43.513912 -740.244080 19.522495 17
-47.333786 -741.201538 16.509151 17
-44.677925 -739.581726 3.614732 17
-47.501801 -743.370239 20.682722 17
-43.900581 -739.579224 21.213089 17
-46.056843 -745.817078 23.494892 17
-47.324081 -741.282471 24.741014 17
-44.375355 -737.284180 9.507025 17
-48.123112 -742.379028 22.103498 17
-42.547268 -739.846069 5.546259 17
-46.398029 -745.095581 27.053551 17
-44.587769 -737.510254 5.808800 17
-47.045292 -738.923584 13.050994 17
-44.413944 -737.316101 6.925896 17
-47.744778 -740.630493 17.264727 17
-43.479275 -737.343079 4.520190 17
-47.143597 -743.905212 20.675241 17
-42.273197 -742.964172 15.919588 17
-45.521473 -741.010254 10.987901 17
-45.458035 -744.449158 25.918240 17
-45.326488 -740.578674 8.580287 17
-43.711739 -739.137085 16.263760 17
-42.131832 -740.975403 10.906900 17
-42.780262 -738.723694 14.172153 17
-45.989571 -738.487793 10.492668 17
-42.904785 -737.909668 -0.476820 17
-47.858383 -742.835815 26.037519 17
-46.466274 -744.769287 21.378025 17
-41.338257 -741.022034 12.749149 17
-44.058266 -737.555359 -0.905824 17
-43.632854 -740.045288 20.739246 17
-44.203075 -737.093994 6.349391 17
-45.696796 -744.551880 26.173939 17
-43.445663 -738.346863 11.536596 17
-46.425819 -740.035461 12.036654 17
-43.496315 -737.937622 8.980236 17
-43.490372 -737.139526 0.978235 17
-43.144035 -744.057373 18.941191 17
-44.278961 -739.402527 15.935760 17
-46.183041 -745.337158 26.724939 17
-42.404446 -739.527222 6.015257 17
-44.298103 -739.593567 2.525272 17
-43.220226 -743.923218 17.315535 17
-46.143028 -737.499939 15.867449 17
-44.111595 -740.589355 23.664545 17
-47.763184 -739.945068 17.200361 17
-44.149399 -739.581299 -0.745605 17
-45.078335 -738.162415 6.776267 17
-43.272076 -737.844910 6.595891 17
-44.525394 -738.019531 2.865071 17
-46.926842 -739.227417 21.584970 17
-43.686703 -737.284485 3.188319 17
-47.500923 -740.693726 24.265890 17
-42.701946 -739.203369 4.037784 17
-47.626976 -740.642456 23.333693 17
-43.673706 -739.106506 17.413527 17
-44.161362 -739.924561 16.520098 17
-45.245068 -739.094299 6.986999 17
-44.936039 -741.985840 12.700150 17
-43.475063 -739.196899 18.764658 17
-45.668346 -741.017456 10.565468 17
-43.893627 -739.522888 20.900488 17
-42.306873 -738.322510 1.073078 17
-48.588131 -743.734375 25.228010 17
-43.134724 -737.999329 6.080609 17
-47.160038 -738.613831 18.248075 17
-46.049599 -742.148621 14.467342 17
-43.033401 -738.434631 7.173431 17
-44.158966 -739.581604 20.217752 17
-43.219402 -739.255371 13.461684 17
-46.248005 -741.180908 13.184235 17
-42.362072 -738.955017 3.869014 17
-45.780888 -745.789062 25.727917 17
-48.346081 -743.915222 25.926805 17
-47.143528 -739.845215 14.484212 17
-42.770481 -738.155823 1.958667 17
-43.905621 -740.095215 19.604099 17
-45.275787 -740.147461 7.831046 17
-44.528839 -737.921509 3.592141 17
-44.406628 -738.395142 -0.415238 17
-43.378521 -739.147705 19.174719 17
-46.305447 -746.101135 24.872450 17
-46.113705 -740.264038 11.273998 17
-42.597565 -738.234314 -0.845855 17
-48.408470 -740.967773 20.064907 17
-46.001312 -742.595398 15.203900 17
-44.763817 -737.200684 12.595913 17
-44.020851 -740.066284 24.800423 17
-45.507153 -745.805176 24.628025 17
-45.871124 -737.545593 13.946646 17
-43.352840 -737.644958 5.087564 17
-47.578342 -745.574646 26.494078 17
-43.091927 -738.710510 16.353983 17
-44.793598 -738.807312 3.916377 17
-47.851921 -744.600464 27.150331 17
-48.322411 -741.655273 21.447420 17
-42.572674 -737.778198 1.388077 17
-44.889343 -744.380737 17.631315 17
-44.018505 -739.517273 22.952209 17
-46.998577 -739.728455 13.866689 17
-45.468906 -737.618652 9.821030 17
-44.174362 -737.303467 7.212386 17
-41.986599 -738.835144 7.170218 17
-46.805134 -739.184509 12.910987 17
-43.268364 -739.991943 5.635478 17
-44.617081 -738.704041 1.821463 17
-44.536400 -738.168396 1.932289 17
-43.637608 -740.960266 8.265086 17
-45.902798 -741.522461 12.058337 17
-48.000267 -741.055542 21.457232 17
-45.067566 -737.081787 11.250502 17
-42.825169 -743.336304 16.656864 17
-43.003777 -738.066772 5.428329 17
-48.224422 -740.586182 19.930813 17
-44.233742 -745.189880 21.758465 17
-45.583797 -740.485962 9.781606 17
-44.389942 -739.843262 4.383740 17
-41.885620 -741.403687 12.889391 17
-43.256824 -740.114685 20.685627 17
-42.456284 -740.377014 8.223725 17
-44.630535 -739.374329 15.354719 17
-43.409016 -739.759766 18.624268 17
-45.654243 -737.587769 10.669928 17
-43.866718 -739.287903 16.848959 17
-42.364712 -739.410828 4.489775 17
-43.444412 -737.965027 10.036546 17
-47.433880 -739.748169 15.432533 17
-42.366879 -739.268433 -0.547173 17
-44.539024 -739.376953 2.298214 17
-45.554951 -737.038147 14.827440 17
-42.987270 -737.464233 1.179992 17
-46.259338 -744.609497 20.792023 17
-47.202072 -738.603333 15.385406 17
-45.415184 -737.492676 11.654638 17
-47.611950 -745.469543 25.973993 17
-44.296345 -739.363159 0.116427 17
-47.584076 -741.002502 17.410030 17
-41.708996 -740.593811 11.151306 17
-48.018009 -741.338257 23.921232 17
-47.939800 -742.414490 20.235851 17
-48.037388 -742.672424 20.982426 17
-46.651623 -738.643127 11.890010 17
-43.429649 -739.943665 15.898379 17
-44.928036 -738.993469 4.559887 17
-47.512985 -742.877319 19.473511 17
-42.324207 -738.258972 1.562541 17
-43.002628 -742.416504 12.996653 17
-43.464355 -739.534546 9.336350 17
-43.789822 -740.374878 6.487635 17
-43.702656 -738.964111 12.804663 17
-44.082428 -737.630798 -0.551356 17
-46.474022 -745.576782 22.960716 17
-47.628723 -741.142517 24.902388 17
-44.771309 -743.137512 14.680929 17
-48.574928 -743.531738 24.882860 17
-43.119511 -738.394287 10.062455 17
-47.034313 -745.491394 24.292164 17
-45.366634 -737.759949 8.757676 17
-44.055504 -739.140015 12.803186 17
-43.923473 -740.066711 19.261200 17
-43.970970 -741.329163 9.679831 17
-43.146172 -738.969055 17.811117 17
-47.465641 -743.848755 27.089643 17
-42.329563 -738.443176 5.943490 17
-42.648350 -739.412964 4.919562 17
-43.245174 -743.627869 21.313868 17
-45.556324 -742.677307 14.884140 17
-44.124428 -744.975098 23.518150 17
-44.877464 -737.834473 5.728893 17
-44.358177 -742.082031 11.731521 17
-42.481720 -740.247131 7.479640 17
-43.762646 -743.231384 14.350682 17
-46.520550 -739.355408 12.250740 17
-46.370754 -742.690552 15.707041 17
-44.196617 -736.982056 10.015388 17
-42.899853 -737.994751 2.449940 17
-42.302788 -741.506775 10.907045 17
-43.973301 -737.063477 -2.182507 17
-45.961205 -745.074402 26.392351 17
-43.304489 -736.904358 3.485136 17
-43.239052 -738.557007 16.033445 17
-43.015736 -743.866211 18.540964 17
-42.927406 -737.901001 -1.116033 17
-45.017002 -745.760010 23.713299 17
-47.498238 -740.152954 15.930419 17
-46.761921 -738.669861 12.587097 17
-42.500191 -739.104248 4.559016 17
-44.247810 -740.318359 20.639999 17
-43.609955 -739.242981 0.974370 17
-42.779526 -742.699524 14.120474 17
-45.849510 -745.873169 26.171505 17
-43.125248 -738.252136 10.964291 17
-44.282909 -739.030151 -1.579805 17
-42.924847 -738.966858 2.195099 17
-48.519962 -744.328064 25.477676 17
-42.066971 -740.594971 8.647388 17
-44.162598 -744.985657 22.424522 17
-43.608845 -739.597717 13.911870 17
-42.514408 -738.115356 5.707400 17
-44.938087 -744.927673 19.450228 17
-41.494209 -741.509766 13.874973 17
-46.237354 -738.687256 11.316498 17
-43.933548 -737.218872 2.194949 17
-43.318123 -744.307251 19.725277 17
-43.254707 -739.435547 -0.758997 17
-47.978840 -744.387939 24.286701 17
-45.643246 -739.977051 9.407543 17
-43.605797 -738.813477 15.533061 17
-45.214767 -743.882874 17.331785 17
-43.153938 -738.198975 7.666091 17
-43.080986 -743.638306 16.785063 17
-45.746841 -737.720947 12.532958 17
-45.862877 -737.956970 10.847011 17
-42.992756 -737.456543 2.110886 17
-45.580627 -739.298523 8.790297 17
-43.850105 -736.820557 0.324920 17
-47.277172 -739.330933 14.489286 17
-46.862953 -738.106995 16.666588 17
-43.087162 -737.883362 4.010801 17
-43.318039 -744.478943 20.476360 17
-48.278313 -744.395386 25.934227 17
-44.812984 -737.263733 11.689991 17
-43.047043 -737.974792 4.736196 17
-47.589466 -742.007080 18.692501 17
-48.127319 -743.423096 26.007109 17
-43.343590 -737.818298 7.506838 17
-42.648373 -738.218933 5.283635 17
-44.584930 -745.330139 22.351023 17
-48.124729 -741.542297 23.595306 17
-42.663795 -737.828918 2.917280 17
-42.971359 -743.061035 15.011562 17
-48.265167 -740.646973 19.615520 17
-46.851482 -738.984192 20.888041 17
-48.310680 -743.039612 25.446091 17
-44.728920 -739.872559 4.674962 17
-44.723339 -740.332458 7.514912 17
-45.776810 -739.519226 9.725134 17
-48.437561 -742.608215 24.509846 17
-48.487850 -742.204590 24.108000 17
-48.229385 -740.791748 20.889610 17
-44.008610 -739.352661 -0.179746 17
-43.734280 -737.344666 5.007807 17
-44.452209 -738.118347 0.616590 17
-48.209927 -741.752441 24.197487 17
-45.809635 -737.016357 15.299119 17
-48.103764 -743.075745 25.837801 17
-43.003036 -739.045227 10.895009 17
-42.765808 -737.586914 1.572571 17
-42.807114 -737.170776 1.863463 17
-46.158218 -739.248596 11.073907 17
-42.984016 -739.381226 18.974981 17
-46.448990 -738.413574 11.723188 17
-45.017681 -737.166992 10.729703 17
-47.612782 -744.918152 23.731878 17