-47.658623 -741.701782 18.688044 17
-42.191723 -738.238770 -2.220393 17
-41.646412 -739.705322 9.136357 17
-47.588058 -746.013245 27.369513 17
-44.007343 -739.742615 24.852924 17
-45.332928 -737.064148 14.278008 17
-41.775715 -742.400574 15.943224 17
-45.007038 -738.868225 3.634001 17
-44.328716 -745.184204 22.232254 17
-48.467785 -742.291260 23.807247 17
-45.628174 -741.679321 11.905049 17
-43.219944 -739.229187 19.828619 17
-45.833172 -738.105347 9.216072 17
-44.728004 -744.604309 18.063789 17
-46.696079 -737.682922 18.166531 17
-46.686920 -739.406311 21.724201 17
-47.179245 -740.352234 15.124988 17
-43.577324 -736.795837 0.892705 17
-41.963661 -741.367615 12.399889 17
-42.284691 -737.864441 5.786767 17
-43.052067 -739.017700 16.238554 17
-44.870113 -740.394592 6.754482 17
-43.326801 -738.046387 11.640296 17
-47.197327 -745.468018 24.015800 17
-45.021923 -743.107727 14.926737 17
-47.251385 -744.120544 20.964718 17
-44.325741 -739.652893 -0.037745 17
-42.611458 -743.305176 19.888313 17
-46.985054 -743.109253 26.336351 17
-46.798630 -738.802368 12.286578 17
-44.236668 -741.140259 9.447510 17
-44.931858 -737.606140 6.600219 17
-42.454998 -738.717346 2.547970 17
-44.124653 -740.543274 22.083364 17
-48.479637 -741.469482 21.208391 17
-44.920837 -744.328674 24.880131 17
-43.789906 -739.836731 13.846340 17
-43.499329 -737.138977 8.634013 17
-44.636669 -737.600647 -2.099683 17
-43.432758 -736.798950 3.786645 17
-46.507080 -743.030212 16.911089 17
-47.908371 -739.649475 17.381876 17
-44.504841 -740.217896 18.036589 17
-42.498917 -740.076599 6.894737 17
-46.853458 -740.535828 23.927729 17
-46.835392 -738.105713 15.792820 17
-47.736778 -739.591614 19.687284 17
-43.092415 -739.681458 4.626417 17
-43.028049 -742.753906 13.848002 17
-45.845787 -739.936951 10.467403 17
-42.403297 -738.498840 -0.035497 17
-42.683655 -743.486816 17.685839 17
-45.325573 -744.929077 20.230770 17
-46.021145 -745.991211 25.780458 17
-48.609547 -744.075623 25.237898 17
-45.404476 -737.507019 11.299741 17
-46.584534 -743.638550 18.978395 17
-46.260098 -741.722717 13.881336 17
-44.701958 -738.385071 1.602963 17
-43.620899 -741.881042 11.300621 17
-43.371262 -739.387329 10.080818 17
-44.915653 -739.547241 15.459909 17
-47.781746 -743.983765 22.857695 17
-46.297230 -745.231934 22.278061 17
-43.493546 -739.659058 -1.798681 17
-41.710468 -741.286743 14.357601 17
-45.451584 -739.899292 8.582257 17
-41.611847 -739.986328 11.039198 17
-43.331169 -743.486328 15.776212 17
-44.905121 -739.702148 20.578485 17
-45.325584 -745.816589 23.783422 17
-47.378235 -741.375366 16.816774 17
-43.379879 -743.707581 21.652037 17
-42.981678 -738.836853 8.206777 17
-47.142448 -738.838501 14.100372 17
-47.453938 -741.703857 25.218044 17
-44.427711 -737.839050 -0.327350 17
-43.357876 -738.782104 18.018202 17
-44.990635 -739.146729 5.412486 17
-46.380695 -744.754150 27.023579 17
-44.444641 -737.096191 12.737179 17
-42.341217 -741.149414 9.885530 17
-42.868656 -738.407043 13.353545 17
-43.526970 -739.799194 12.107715 17
-44.713329 -742.445923 13.196595 17
-47.844719 -742.728516 20.101400 17
-44.046844 -737.072205 10.292704 17
-44.976521 -743.829224 16.511101 17
-46.587780 -738.352905 20.060953 17
-46.503475 -740.439148 12.746733 17
-43.721897 -744.580811 19.624350 17
-44.391712 -737.601929 4.966259 17
-47.805183 -740.534119 22.507727 17
-48.088982 -744.452271 26.854366 17
-46.578224 -742.115601 15.494134 17
-42.309166 -738.241272 4.155751 17
-43.202103 -737.249512 -1.326055 17
-42.978580 -740.773804 8.410215 17
-43.888351 -739.520569 2.494498 17
-42.807121 -737.089233 2.302986 17
-47.545891 -745.409485 25.641687 17
-44.039352 -743.968628 23.260921 17
-43.376183 -737.851379 6.960627 17
-45.286140 -738.984009 7.308961 17
-45.860149 -737.259460 16.715292 17
-48.094467 -742.897400 21.761478 17
-43.319889 -739.116699 1.097152 17
-45.040844 -737.194946 8.230008 17
-44.392971 -740.752502 23.605467 17
-45.871258 -737.693359 12.862153 17
-43.407234 -738.428833 14.885531 17
-44.192257 -737.781006 2.913280 17
-43.344639 -739.472229 21.366760 17
-47.851898 -740.109802 21.076557 17
-46.292835 -738.474609 10.666561 17
-48.330437 -740.976929 19.733791 17
-45.181152 -741.360168 10.531876 17
-42.060055 -739.814026 -1.920760 17
-42.833794 -738.162292 9.580877 17
-47.363380 -738.911743 18.472153 17
-44.364830 -740.698059 8.074446 17
-42.383667 -738.035889 1.299391 17
-43.663658 -740.148499 6.045293 17
-43.619183 -739.615906 23.019346 17
-43.384655 -736.992249 5.789235 17
-42.056000 -738.740662 6.872523 17
-43.548157 -739.940979 15.334059 17
-47.531925 -739.294006 16.019548 17
-44.164562 -740.191772 19.438900 17
-47.115433 -738.515930 17.133713 17
-43.452408 -740.027344 17.159439 17
-44.627098 -740.051270 4.430880 17
-48.149967 -742.832336 25.630487 17
-44.493202 -739.104553 12.933159 17
-45.804173 -743.729309 17.848803 17
-47.932594 -740.354736 18.535389 17
-43.191517 -742.320312 12.531211 17
-42.316025 -739.462463 5.708391 17
-44.410027 -738.898865 -1.184374 17
-44.099396 -744.913147 20.928982 17
-43.418079 -744.520569 18.209328 17
-47.071941 -742.759460 18.112570 17
-48.235771 -743.598450 24.060308 17
-43.085842 -739.557251 -0.516545 17
-45.676537 -744.699768 25.893572 17
-48.452190 -741.891541 22.545012 17
-46.290283 -737.899902 14.618298 17
-43.120911 -739.945129 18.696207 17
-42.404472 -741.395020 11.195070 17
-42.112694 -742.399048 17.311296 17
-45.554016 -744.511658 19.039581 17
-46.924450 -740.051208 13.877563 17
-45.499081 -737.080200 15.524759 17
-47.919872 -741.120056 23.644619 17
-46.391273 -744.321777 20.070755 17
-44.229103 -736.937805 11.530030 17
-43.816185 -738.315552 10.527793 17
-42.573536 -742.617065 15.000564 17
-46.035255 -740.568970 11.527090 17
-41.993404 -739.528564 7.921842 17
-44.476665 -739.541199 1.193964 17
-45.762520 -743.008057 15.901779 17
-45.481750 -740.688232 9.549964 17
-46.597019 -740.074219 22.752539 17
-45.209248 -737.486938 10.050160 17
-43.023495 -737.329224 -0.041304 17
-43.854328 -743.339294 14.619214 17
-43.177563 -737.650330 4.796379 17
-43.104271 -739.356567 3.405783 17
-43.532116 -740.308960 20.457176 17
-46.272163 -746.086426 24.481884 17
-43.032059 -737.848999 3.270705 17
-44.120117 -737.033325 7.442759 17
-46.292912 -744.942566 21.104387 17
-47.255085 -739.100830 20.721306 17
-44.490654 -739.995667 16.569881 17
-45.212589 -745.333862 21.344540 17
-44.516083 -742.070679 12.071221 17
-42.219917 -741.917969 13.487446 17
-44.086628 -737.347900 1.816921 17
-42.476055 -742.951904 18.709137 17
-42.654873 -738.686584 -1.218522 17
-47.270645 -745.034729 22.933683 17
-44.487022 -745.037964 23.453821 17
-45.708824 -739.237061 9.550297 17
-45.006287 -745.473206 25.086040 17
-43.117149 -739.105835 11.178637 17
-47.832092 -744.661865 24.595785 17
-43.195934 -744.235474 20.656858 17
-44.790440 -739.226196 14.037903 17
-44.773941 -738.661072 0.474996 17
-46.508152 -745.976685 26.841524 17
-46.261002 -739.379211 11.460865 17
-43.495201 -741.526184 10.220704 17
-45.354450 -742.381836 14.115012 17
-42.612255 -743.107605 16.559175 17
-45.264771 -745.639771 22.661140 17
-44.459015 -737.304077 9.190530 17
-47.582958 -740.304871 16.513914 17
-43.129471 -739.174438 7.033535 17
-41.316246 -740.540710 11.949540 17
-45.426929 -738.244629 8.195331 17
-44.324581 -737.590149 0.760923 17
-48.252293 -742.930481 22.852594 17
-46.343182 -745.761292 23.230131 17
-47.158375 -743.942932 27.139465 17
-46.808788 -741.312622 14.761566 17
-44.594254 -737.896179 3.919486 17
-43.022121 -738.832092 12.357329 17
-43.774780 -736.782654 2.698605 17
-47.185959 -743.577576 19.924408 17
-46.129448 -738.082520 11.847834 17
-47.165115 -744.671448 21.917936 17
-44.386715 -739.730286 3.426695 17
-43.448452 -740.499573 7.150344 17
-43.859730 -736.846985 -0.494715 17
-47.313190 -742.816223 19.153723 17
-43.665302 -737.047119 -2.267217 17
-44.657284 -740.166016 5.558445 17
-44.936550 -738.757812 2.567839 17
-43.471146 -739.484314 9.021331 17
-44.884041 -739.912659 21.621832 17
-46.670677 -738.341492 13.256474 17
-44.118134 -739.362854 18.510994 17
-41.627224 -740.872803 13.392084 17
-46.029881 -741.422058 12.902529 17
-47.310421 -745.005920 27.449282 17
-41.831600 -740.220642 10.030105 17
-42.932533 -744.006775 19.194506 17
-43.102924 -739.098328 14.111950 17
-47.265938 -738.804749 15.139637 17
-42.082878 -740.744690 8.926017 17
-47.752274 -740.827393 17.627686 17
-44.868149 -738.147522 5.720735 17
-46.791222 -738.229248 19.042883 17
-42.911613 -738.618958 6.193591 17
-47.253204 -741.081970 15.833287 17
-42.340611 -738.626526 5.101520 17
-44.097668 -739.293396 14.776959 17
-47.409378 -741.893311 17.679434 17
-46.781178 -739.464417 13.051915 17
-45.012177 -738.511169 4.598742 17
-48.168041 -741.793030 20.296646 17
-48.177067 -743.706299 26.119730 17
-43.767246 -744.363770 22.337303 17
-48.489353 -742.855957 24.696167 17
-42.840794 -738.190002 10.766531 17
-41.478172 -741.998901 15.025267 17
-44.032940 -739.041382 11.709622 17
-43.218979 -743.914917 16.967009 17
-44.629524 -744.900024 19.355217 17
-44.332138 -740.473877 21.026976 17
-47.616314 -743.765015 21.891644 17
-46.867012 -742.174622 16.532795 17
-45.769424 -742.476318 15.025349 17
-45.219849 -739.949524 7.569012 17
-42.325111 -739.056763 1.054092 17
-44.138504 -737.689453 -1.245817 17
-47.855644 -745.445068 26.614571 17
-46.950130 -742.446838 25.598803 17
-43.805157 -740.013550 23.922789 17
-43.610455 -739.057495 17.090294 17
-45.095444 -738.860779 6.354777 17
-48.144550 -744.675415 25.887386 17
-47.742493 -743.293030 20.896235 17
-43.960079 -739.379211 16.011353 17
-43.312984 -739.375427 13.125929 17
-44.446007 -743.624512 15.504448 17
-48.147717 -741.715393 24.512699 17
-44.031425 -743.080383 13.721413 17
-44.271561 -737.339172 5.967599 17
-42.747723 -739.082581 -2.079455 17
-47.413918 -741.080078 24.477310 17
-43.058258 -737.774353 -2.111376 17
-43.283638 -741.135437 9.382907 17
-44.560787 -739.977295 22.715679 17
-45.410446 -737.179443 12.188443 17
-45.111267 -740.811462 8.679894 17
-44.504406 -741.554443 11.234150 17
-43.275959 -737.929382 7.900370 17
-47.672913 -744.596619 23.668837 17
-43.979073 -739.480225 20.549088 17
-46.627399 -737.851440 16.680468 17
-43.149029 -737.441711 1.522218 17
-43.871765 -739.915344 5.090890 17
-46.617622 -740.909668 13.638946 17
-44.445362 -744.234375 24.064463 17
-45.153103 -737.118713 13.329484 17
-47.314930 -738.784180 19.611731 17
-43.605938 -740.534729 22.893879 17
-44.564510 -740.358948 24.414888 17
-43.126198 -739.104126 1.992972 17
-44.421162 -738.482727 -2.016480 17
-42.705051 -737.834961 -0.812934 17
-47.055592 -745.679932 24.912863 17
-47.992229 -742.330078 21.024296 17
-45.904808 -745.361877 26.491991 17
-47.435619 -739.919678 21.927208 17
-45.063587 -737.783752 7.503176 17
-43.856194 -739.663391 22.087559 17
-42.629417 -741.820435 11.972980 17
-45.991825 -737.784119 13.757695 17
-43.098495 -739.161133 15.329467 17
-45.693306 -743.422058 16.916683 17
-48.060711 -740.814392 21.669022 17
-42.450199 -739.126099 4.246919 17
-47.303722 -739.609680 14.635833 17
-48.068295 -740.911865 20.654175 17
-43.517231 -738.914490 19.000450 17
-45.265961 -741.966675 12.659531 17
-43.155293 -737.917236 5.678406 17
-43.233109 -738.040283 8.776256 17
-47.260872 -746.047607 26.338686 17
-45.075504 -744.163635 17.362078 17
-42.126621 -740.389282 8.104235 17
-45.520798 -738.997742 8.648017 17
-47.819870 -742.117920 19.426224 17
-46.525337 -739.715881 12.232052 17
-42.013332 -740.733154 10.713876 17
-43.457005 -739.179138 0.241047 17
-42.838650 -737.946045 0.550492 17
-42.609913 -738.605957 3.428224 17
-46.229973 -737.610413 17.410418 17
-43.883781 -737.391357 4.255307 17
-46.219685 -737.562866 15.536573 17
-47.375481 -740.402710 23.254759 17
-42.532036 -737.905029 2.212132 17
-44.768707 -745.329590 24.266752 17
-44.022522 -744.266968 17.654085 17
-42.118793 -742.154541 14.417892 17
-43.666847 -737.446533 9.457556 17
-43.761341 -739.648621 3.993834 17
-44.716946 -737.267029 10.772591 17
-47.838768 -739.561401 18.825109 17
-44.730114 -739.598389 19.762623 17
-44.352360 -741.287048 10.354283 17
-43.001194 -739.893066 5.478595 17
-43.441792 -738.220459 12.771754 17
-43.242104 -739.600098 17.880476 17
-42.886398 -737.007935 3.190541 17
-48.069855 -740.224548 20.165161 17
-45.050022 -739.667480 6.128789 17
-44.412457 -738.831482 -0.343284 17
-44.564144 -739.225281 1.971959 17
-43.067364 -739.596436 20.574766 17
-45.736912 -740.728149 10.735658 17
-45.315552 -737.503357 8.964866 17
-43.619083 -736.977844 4.957247 17
-43.562099 -744.466125 21.422298 17
-45.841408 -738.496033 9.960214 17
-46.500412 -743.347534 18.181530 17
-45.716690 -737.897034 10.547864 17
-43.946438 -736.902283 -1.404958 17
-42.504520 -742.754639 15.813270 17
-48.126770 -740.270996 19.335398 17
-43.667839 -739.270264 -1.095147 17
-46.342770 -742.041626 14.625160 17
-44.786236 -739.222229 18.078405 17
-42.522236 -742.475159 12.939758 17
-43.805744 -740.990173 8.575888 17
-45.666542 -742.062927 13.427221 17
-42.185608 -738.063660 -1.420596 17
-44.239731 -737.277161 8.357841 17
-42.521023 -739.294312 0.036563 17
-44.920231 -739.306519 4.592050 17
-43.820950 -737.236206 6.671624 17
-43.847248 -737.269348 0.203988 17
-46.025475 -741.016296 12.202128 17
-42.039051 -743.102356 18.000158 17
-47.014751 -738.431641 17.949583 17
-43.050072 -738.917542 9.417965 17
-43.441322 -736.810669 1.901402 17
-43.808590 -739.413818 1.701868 17
-48.090164 -741.016541 18.958445 17
-43.613075 -738.713074 13.451586 17
-43.486862 -739.976440 16.351513 17
-43.722076 -740.169312 21.480885 17
-45.954670 -739.157288 10.392531 17
-46.961525 -742.483032 17.284681 17
-46.000622 -743.989136 18.588570 17
-43.779541 -739.050537 12.491972 17
-42.749882 -743.729004 18.438755 17
-47.177490 -738.599365 16.335106 17
-47.574451 -738.986755 17.649265 17
-43.281586 -738.494141 15.702621 17
-42.900345 -738.480835 7.477609 17
-47.617027 -739.117310 16.798479 17
-43.206028 -740.069580 19.774208 17
-48.119213 -741.250000 22.891428 17
-48.016060 -745.354614 27.390587 17
-46.784164 -746.169373 25.700987 17
-41.861134 -741.011414 11.621272 17
-42.208179 -739.413025 6.498259 17
-43.125332 -743.067139 14.636583 17
-44.706223 -742.892700 14.244982 17
-43.076855 -737.539001 3.987131 17
-45.623535 -745.913025 24.904675 17
-48.238483 -742.125854 21.837898 17
-43.343903 -737.253784 7.495019 17
-46.503376 -742.699890 16.011896 17
-46.603409 -738.819336 21.008333 17
-45.420815 -741.238342 11.281204 17
-44.753845 -738.237061 3.191045 17
-42.848522 -737.143982 0.838196 17
-46.655312 -745.437378 27.401321 17
-47.657906 -740.427795 24.100241 17
-43.946049 -739.403381 19.576462 17
-43.443439 -739.775024 14.574303 17
-48.072819 -742.168274 25.249113 17
-42.843143 -739.112793 17.152781 17
-45.453018 -745.468628 25.734945 17
-43.680977 -737.486023 3.482806 17
-43.576302 -738.161438 9.778640 17
-42.769558 -740.373779 7.573023 17
-45.622238 -745.566772 21.986891 17
-47.606281 -743.568115 26.627794 17
-43.375713 -738.348633 14.088501 17
-42.360958 -738.979919 1.820722 17
-44.371559 -737.984741 2.190820 17
-44.128445 -739.225159 -1.823617 17
-41.618610 -740.629517 12.641517 17
-42.828129 -740.018921 6.217721 17
-46.596497 -738.281799 14.030595 17
-41.714386 -742.631042 16.680496 17
-44.079876 -745.137695 20.190775 17
-45.776978 -737.293945 14.857680 17
-43.055630 -738.712708 10.246912 17
-46.103386 -744.120483 19.395538 17
-44.827183 -740.624023 7.482669 17
-45.705383 -739.977966 9.728884 17
-44.603992 -739.413635 2.775596 17
-42.900604 -743.524963 20.551697 17
-43.905972 -740.057007 18.751247 17
-43.074497 -744.190552 19.903502 17
-45.412491 -744.310059 18.233040 17
-46.341003 -738.214355 12.584733 17
-46.534584 -738.621399 11.519088 17
-45.313999 -738.361938 6.859219 17
-42.401791 -739.322937 -0.883385 17
-47.952393 -739.732666 18.102762 17
-44.263508 -739.980408 15.124615 17
-44.871101 -740.955261 9.870057 17
-42.749935 -741.348816 10.480270 17
-42.868908 -738.804077 0.475192 17
-45.114845 -743.383789 15.669641 17
-46.931309 -740.716614 14.285844 17
-43.716377 -738.548828 11.254579 17
-48.376339 -742.982971 23.586824 17
-45.352497 -739.312500 8.001342 17
-47.475212 -739.952026 15.687151 17
-44.252613 -739.743713 21.191982 17
-47.674297 -739.683167 20.496588 17
-47.300823 -739.520020 21.325747 17
-42.349117 -739.465332 4.881600 17
-47.547394 -742.703247 26.084349 17
-44.176399 -739.152283 13.608902 17
-44.488770 -745.219727 21.480730 17
-44.254944 -740.229797 20.339174 17
-44.149376 -740.386414 6.951394 17
-42.194794 -738.801453 6.100420 17
-43.527382 -742.717896 13.313348 17
-42.868572 -738.852173 -0.525095 17
-44.009399 -744.808594 22.846909 17
-43.523781 -744.327209 18.915794 17
-44.290466 -739.606812 -1.183398 17
-46.980091 -739.529053 22.498560 17
-44.708958 -737.200378 11.998900 17
-43.237572 -743.912598 17.856709 17
-43.878628 -739.960693 17.762194 17
-48.277992 -741.338989 22.115620 17
-46.593231 -744.356567 20.751945 17
-47.040474 -741.764160 15.927320 17
-43.394657 -739.630981 10.780719 17
-45.157307 -744.841248 25.386517 17
-42.198872 -739.496399 7.206376 17
-43.859688 -742.330994 11.925356 17
-48.447323 -743.366882 25.223322 17
-48.266548 -741.803711 23.321762 17
-44.077988 -739.389038 0.577534 17
-42.869022 -743.188049 15.289352 17
-42.072525 -739.344543 8.602370 17
-43.234856 -739.275330 2.702045 17
-44.096889 -737.904297 1.387208 17
-46.855015 -738.304871 14.787085 17
-43.304352 -739.433350 8.004338 17
-44.427696 -740.691711 8.792609 17
-48.153969 -744.037720 24.678701 17
-42.530846 -741.816284 12.695316 17
-47.968693 -743.352905 22.348743 17
-47.806042 -741.111938 18.293661 17
-44.912571 -744.733704 18.729570 17
-42.369896 -743.613708 19.312386 17
-41.682320 -741.596558 13.182293 17
-45.243721 -740.447205 8.067593 17
-43.131306 -739.239014 18.504219 17
-44.679523 -738.274658 -1.403861 17
-47.104916 -738.947571 13.381643 17
-44.448761 -739.958557 15.803973 17
-44.213554 -742.458313 12.555504 17
-43.823662 -739.279419 -0.414330 17
-44.793312 -739.446655 14.714856 17
-46.211124 -743.263977 17.498295 17
-42.347046 -743.091797 17.213802 17
-41.682617 -739.562073 9.850185 17
-45.648376 -745.050720 20.877295 17
-42.114330 -738.086121 -0.506305 17
-42.450096 -738.082703 2.968186 17
-44.105045 -739.428955 16.684690 17
-41.687580 -741.828369 13.913189 17
-42.178097 -737.971985 4.973757 17
-47.494694 -742.344055 18.468004 17
-41.911514 -738.945251 7.548497 17
-42.723541 -738.311890 -1.789789 17
-45.721367 -744.604004 19.775982 17
-46.071083 -738.061523 11.164001 17
-47.764565 -743.893372 23.628628 17
-44.316456 -738.161621 0.280061 17
-46.329540 -746.145630 25.192398 17
-44.665936 -745.331970 22.856953 17
-43.462303 -740.386902 22.146965 17
-47.587440 -745.230591 24.915506 17
-44.260666 -740.710571 22.793327 17
-41.856594 -741.813232 15.591446 17
-46.316139 -737.807007 18.719486 17
-43.775330 -737.396423 2.420568 17
-46.870029 -745.305298 23.408888 17
-44.302540 -740.016174 17.224867 17
-47.407242 -744.468933 22.567446 17
-44.519272 -738.851624 1.086798 17
-45.934174 -745.745911 22.643354 17
-47.087578 -739.803711 23.131258 17
-47.001396 -743.146606 18.655405 17
-44.738964 -739.518311 3.977230 17
-43.699100 -744.630859 20.434898 17
-43.322495 -737.223328 -0.666503 17
-43.563114 -740.746277 8.000929 17
-43.856972 -739.203979 17.706097 17
-48.059113 -743.455261 23.215462 17
-42.045567 -740.214722 9.357542 17
-44.038406 -737.325073 10.914579 17
-42.732983 -740.848816 9.027521 17
-43.057808 -743.589294 16.402586 17
-46.038631 -745.919617 23.817316 17
-43.130478 -739.716553 15.783096 17
-46.092228 -739.953369 11.170594 17
-43.060329 -741.655640 10.980016 17
-43.100605 -739.178589 -1.451096 17
-47.917637 -744.436829 25.211325 17
-47.601849 -744.420776 27.347126 17
-43.202278 -739.493164 19.187515 17
-45.120975 -739.712097 6.789938 17
-46.767750 -737.990967 17.490685 17
-46.565399 -744.834473 21.708174 17
-43.797775 -739.555481 3.200205 17
-46.044041 -737.132874 16.009443 17
-47.946560 -741.458801 19.528078 17
-47.474781 -739.406128 15.306554 17
-44.521225 -738.215820 0.929707 17
-44.665527 -737.267700 7.144557 17
-43.878036 -737.400940 5.374104 17
-43.217548 -739.803955 21.924362 17
-46.099747 -744.717590 20.488747 17
-43.379749 -737.643738 6.335959 17
-43.209808 -739.239441 11.820890 17
-44.949852 -741.599487 11.717418 17
-42.012321 -739.978210 8.652682 17
-43.901344 -737.293091 1.194180 17
-43.440125 -738.020203 10.963731 17
-43.257111 -739.502686 16.753860 17
-44.103745 -737.002686 9.647066 17
-47.262131 -740.137573 22.611870 17
-43.076599 -737.640442 2.507545 17
-43.741310 -739.134155 15.414456 17
-42.282566 -738.284729 0.625349 17
-46.277241 -740.388550 12.104151 17
-48.293701 -742.547180 22.341450 17
-42.839108 -738.014343 -0.143753 17
-44.799652 -739.782227 5.047216 17
-47.858463 -739.627869 16.482893 17
-42.943237 -738.639709 8.830767 17
-44.603191 -737.346436 7.799626 17
-42.486469 -742.347595 13.938920 17
-47.033409 -739.411865 13.812528 17
-46.254971 -742.670776 15.411281 17
-44.881248 -738.019958 5.055906 17
-45.303650 -738.388306 7.571267 17
-42.057213 -742.422546 15.352167 17
-46.603416 -743.797058 19.619606 17
-46.971958 -743.966675 20.393017 17
-42.872124 -738.777039 14.843554 17
-44.362194 -738.283020 -0.783331 17
-43.039391 -738.619446 11.741618 17
-46.045429 -742.922546 16.471216 17
-44.880375 -745.434082 21.934566 17
-45.847534 -745.126648 21.585030 17
-46.615871 -745.299683 22.833929 17
-45.426685 -740.808899 10.193069 17
-47.200340 -741.930725 17.068453 17
-41.380871 -739.901550 10.440343 17
-46.571449 -741.251038 14.171762 17
-44.215256 -737.343018 -0.731760 17
-43.297306 -737.489380 0.525997 17
-43.622818 -743.410767 15.214256 17
-42.886753 -738.478516 6.837505 17
-42.646770 -738.391541 5.609642 17
-44.131729 -737.274048 -1.893404 17
-43.012924 -737.881165 -1.424149 17
-45.055954 -737.219299 9.463470 17
-43.606281 -738.474792 12.216360 17
-47.108711 -738.652649 20.289696 17
-47.563976 -742.315674 25.591078 17
-45.599651 -737.906555 9.809095 17
-45.951244 -744.667419 26.570971 17
-47.818493 -740.262268 17.273024 17
-44.090015 -739.908325 14.399918 17
-48.559250 -742.271729 23.039719 17
-44.513046 -740.260620 18.810026 17
-45.114277 -738.131836 6.305670 17
-43.346596 -740.004944 20.963198 17
-45.517750 -740.203735 9.152064 17
-47.788872 -744.816467 26.418674 17
-44.599209 -737.322021 10.097498 17
-46.973839 -741.445068 15.405447 17
-42.834675 -738.327271 12.699586 17
-43.282368 -738.048279 10.313871 17
-47.440895 -739.170532 20.086477 17
-45.057980 -737.203613 12.719237 17
-44.852798 -744.954346 24.783815 17
-47.601276 -740.794922 17.024694 17
-42.701836 -739.084045 2.994862 17
-42.849552 -738.892151 1.437736 17
-43.388218 -737.041321 4.383197 17
-45.545528 -743.496033 16.212967 17
-42.398407 -737.975586 3.593443 17
-43.751255 -737.524475 8.074664 17
-47.320999 -740.869141 16.452085 17
-44.929493 -740.722656 9.267385 17
-47.554916 -739.057800 19.096041 17
-48.526237 -744.190857 25.852329 17
-41.938580 -742.075317 16.430487 17
-47.610352 -745.009338 24.123173 17
-46.856457 -744.425415 21.343712 17
-43.229225 -739.422668 12.470914 17
-48.173435 -741.622375 23.904114 17
-41.692604 -740.449707 11.458025 17
-46.381496 -737.638123 16.134682 17
-47.113495 -743.397583 19.278204 17
-44.073864 -744.558533 23.425936 17
-45.948475 -742.231628 14.146662 17
-46.814602 -744.946899 22.363792 17
-45.638523 -738.693237 9.250133 17
-44.122047 -739.548645 23.670687 17
-42.981510 -739.401672 4.002159 17
-45.706287 -737.650757 11.839461 17
-46.810852 -743.027771 17.569841 17
-42.702812 -738.033325 4.582061 17
-46.041084 -745.957642 26.413073 17
-44.455662 -739.750549 2.282609 17
-45.570801 -737.345703 13.751145 17
-47.173126 -738.638000 15.728869 17
-46.714443 -738.866333 12.909590 17
-43.856144 -739.267273 21.109509 17
-43.432667 -739.681641 11.476129 17
-44.036480 -739.806458 4.509271 17
-43.193722 -742.027100 11.859769 17
-44.844093 -737.286560 11.379988 17
-42.313061 -739.972107 7.579945 17
-44.657173 -737.622559 5.520922 17
-42.485275 -738.368347 1.825087 17
-45.527142 -742.980042 15.238514 17
-45.883919 -737.555725 14.313362 17
-46.156616 -738.933472 11.025059 17
-47.378677 -740.493774 15.949699 17
-43.554596 -739.078430 20.306101 17
-46.993553 -738.159302 19.610811 17
-43.994484 -740.257141 24.498791 17
-47.462021 -743.256775 20.373150 17
-44.433674 -739.912781 22.125856 17
-47.931377 -740.318665 17.950998 17
-44.185223 -737.888733 -1.817200 17
-42.654026 -739.090942 7.390909 17
-47.370720 -743.043823 19.727150 17
-44.869434 -742.503113 13.785387 17
-47.062443 -740.175659 14.483139 17
-48.340630 -742.289917 24.569017 17
-44.384720 -737.335815 6.562061 17
-47.519154 -743.657410 21.301014 17
-43.165592 -743.814697 21.072485 17
-43.818512 -740.120972 19.930080 17
-46.545650 -737.912964 15.187438 17
-43.398983 -737.196289 2.905853 17
-48.401340 -743.492065 24.614000 17
-44.939888 -745.419312 23.542191 17
-46.517185 -745.308533 26.827892 17
-43.042652 -738.955505 13.527167 17
-42.586777 -738.952393 6.648513 17
-44.304981 -739.366638 15.521243 17
-47.350590 -745.537415 26.918974 17
-45.315319 -742.647095 14.687840 17
-43.927246 -740.423523 23.441660 17
-44.700855 -740.093140 7.282864 17
-48.616261 -742.774292 24.115993 17
-46.705494 -740.370789 23.381767 17
-42.066994 -741.520264 11.852393 17
-43.484921 -738.627319 16.267797 17
-46.743153 -740.333252 13.369430 17
-45.555836 -745.763123 23.157990 17
-44.599880 -737.979004 4.520637 17
-44.482239 -743.286987 14.625231 17
-44.018528 -744.946777 21.786911 17
-47.266186 -740.125244 23.760050 17
-43.631481 -739.980957 19.342928 17
-43.542805 -736.771484 0.132202 17
-43.052013 -738.811096 12.961622 17
-42.661552 -742.705017 14.422925 17
-47.186134 -738.358459 18.513227 17
-45.736824 -745.927185 24.312943 17
-46.391048 -740.914856 13.065263 17
-43.631290 -740.030090 22.588287 17
-45.568089 -739.561035 9.073389 17
-45.407261 -737.385376 10.729509 17
-44.755066 -738.508240 4.023014 17
-43.740986 -743.832581 22.578804 17
-43.360516 -739.430176 13.708319 17
-47.313663 -744.134155 21.576178 17
-47.754246 -744.232422 24.125084 17
-43.121326 -738.760986 16.770899 17
-47.388355 -745.074951 23.599714 17
-47.437603 -741.289856 17.391504 17
-46.117420 -737.693848 18.068777 17
-42.336029 -740.749451 9.462444 17
-44.400063 -740.240723 6.452902 17
-45.177666 -744.789795 19.680639 17
-47.941135 -743.188232 26.123253 17
-48.393875 -744.468506 26.360292 17
-43.584663 -739.846008 18.318928 17
-47.784805 -740.763245 23.050875 17
-46.500648 -739.190002 11.977730 17
-47.846077 -744.975159 25.387152 17
-47.791317 -744.928223 27.061071 17
-44.421257 -739.088989 0.228385 17
-45.585880 -737.994995 8.709131 17
-47.801975 -740.363342 21.930681 17
-45.901447 -741.128784 11.597559 17
-42.839638 -738.075928 4.002125 17
-42.612789 -739.119080 3.666518 17
-43.228638 -737.435059 5.365295 17
-44.063667 -737.516479 9.905377 17
-46.704239 -745.717285 23.786942 17
-44.710720 -742.201965 12.650614 17
-44.746342 -738.828918 3.120509 17
-42.962524 -742.539673 13.291986 17
-42.862720 -743.166382 16.041601 17
-44.815449 -737.367493 8.729481 17
-44.702816 -738.414795 -0.056287 17
-47.631058 -744.479553 23.103355 17
-45.301567 -737.703186 8.152205 17
-42.864834 -738.248840 11.333564 17
-45.168747 -745.691711 24.582344 17
-44.308937 -739.250061 -0.725196 17
-43.510094 -742.980042 14.053580 17
-42.869236 -737.806946 1.101643 17
-47.779732 -743.930359 27.103483 17
-43.197075 -739.597046 -1.082417 17
-42.732128 -743.413391 18.929066 17
-47.398136 -739.046631 14.624824 17
-47.125751 -738.688843 18.981995 17
-43.722210 -736.877625 3.245154 17
-46.262020 -737.957764 13.278553 17
-44.350605 -737.544617 0.206059 17
-45.533421 -743.831177 17.335941 17
-43.182220 -739.148621 8.677648 17
-42.027325 -740.735168 10.121031 17
-42.431187 -738.505188 -0.708833 17
-47.963783 -742.756958 20.676153 17
-43.286236 -744.015930 18.440001 17
-43.519707 -740.315918 6.613720 17
-48.158257 -741.800354 20.859354 17
-44.241821 -740.660095 7.531801 17
-44.255192 -737.745300 3.465540 17
-47.183170 -740.884766 15.301041 17
-42.711506 -739.564758 -1.811928 17
-42.776817 -737.959229 5.131896 17
-44.190601 -741.861023 11.590756 17
-42.885632 -743.470703 16.985304 17
-42.743832 -737.489929 1.891602 17
-45.962959 -737.806274 12.319943 17
-42.318832 -738.655701 4.535450 17
-46.856495 -745.749084 24.390966 17
-46.039898 -739.512939 10.830497 17
-45.638165 -741.588440 12.444517 17
-44.542934 -744.783936 24.134508 17
-44.917801 -738.552185 5.238269 17
-46.575439 -746.033997 26.235394 17
-46.349522 -739.917297 11.722754 17
-44.662971 -738.254822 2.640049 17
-42.216999 -742.813354 16.295675 17
-43.279537 -739.042664 17.538303 17
-43.474350 -737.314575 -1.811685 17
-41.732826 -741.294373 13.737241 17
-43.921471 -737.292297 8.985100 17
-48.235149 -741.234558 20.225863 17
-42.270187 -738.784851 -2.198423 17
-44.024696 -736.879150 0.578054 17
-42.808159 -738.925110 15.736851 17
-44.181889 -739.166809 14.161600 17
-45.006638 -738.689453 5.799597 17
-41.725082 -740.902466 12.177620 17
-43.843937 -739.136108 13.042885 17
-43.861404 -739.361633 1.158323 17
-43.098324 -738.081238 6.483413 17
-47.739655 -742.638855 19.558716 17
-44.894932 -738.707092 1.999588 17
-44.144005 -737.069641 4.800377 17
-46.281796 -741.326111 13.491844 17
-45.415325 -738.761658 7.968879 17
-47.100407 -745.746460 27.420214 17
-44.566437 -744.322815 17.528313 17
-44.709476 -737.638611 6.099633 17
-42.865986 -738.129089 8.369641 17
-42.895706 -741.207703 9.875033 17
-43.690010 -737.341797 -1.029983 17
-47.626972 -739.282043 18.162708 17
-43.325256 -737.995850 9.318505 17
-42.540806 -738.537903 1.088568 17
-44.067795 -739.908386 16.180286 17
-47.891335 -742.159790 19.978888 17
-46.594315 -741.731873 15.084377 17
-43.665405 -737.458679 5.917169 17
-41.706123 -741.127197 12.887282 17
-47.683132 -745.729919 26.176678 17
-44.459747 -739.703491 20.260918 17
-43.201385 -739.302673 14.655036 17
-42.468506 -739.058777 -1.567924 17
-47.878101 -745.144775 25.989841 17
-43.520515 -739.791931 12.843493 17
-44.124733 -740.501282 24.004328 17
-42.194851 -738.019226 0.112763 17
-44.132786 -739.450562 19.066273 17
-41.887211 -740.062195 10.547226 17
-42.472889 -740.522156 8.492835 17
-45.242977 -737.171570 14.839850 17
-41.760475 -741.504028 14.849257 17
-45.058575 -741.928955 12.152075 17
-43.495766 -744.184753 21.898941 17
-47.583069 -741.627258 18.137138 17
-43.899075 -739.940063 16.710724 17
-42.288795 -738.932739 5.578416 17
-45.184772 -745.333496 20.809229 17
-42.316830 -738.836487 0.449574 17
-47.892014 -741.278076 24.227688 17
-48.028198 -743.906799 26.630775 17
-44.737892 -739.323120 3.420594 17
-42.993073 -740.273132 6.902761 17
-47.097580 -741.359070 24.977028 17
-44.791813 -740.170349 6.067332 17
-48.200928 -740.994385 21.169289 17
-43.917400 -740.178650 20.848490 17
-44.112579 -739.823547 22.972054 17
-44.388241 -742.752747 13.486116 17
-47.910282 -740.657837 19.874109 17
-42.340942 -742.658508 17.972231 17
-48.184681 -742.601807 23.278902 17
-44.739655 -743.756653 15.946234 17
-47.026966 -740.787720 14.806012 17
-47.680950 -741.449219 24.808222 17
-43.227383 -739.567505 17.315378 17
-48.387161 -743.714905 25.612009 17
-45.049194 -738.908569 4.255550 17
-43.363010 -739.724304 20.155052 17
-44.678631 -741.350769 10.784891 17
-47.391312 -743.679932 20.667030 17
-43.844719 -744.297729 22.855812 17
-47.160789 -741.745605 16.505198 17
-45.199226 -742.169739 13.146404 17
-46.978836 -738.318115 15.334356 17
-45.704792 -740.380249 10.079740 17
-46.370880 -738.520813 12.017500 17
-44.562622 -737.703064 -0.953915 17
-43.603107 -741.345642 9.745899 17
-43.320278 -738.175415 13.489986 17
-43.348755 -736.985779 1.342635 17
-46.032104 -745.177002 27.012787 17
-43.122921 -739.425964 9.560840 17
-46.846863 -739.205994 21.262857 17
-44.806553 -740.233948 22.297031 17
-43.728130 -737.325073 -0.348445 17
-47.682690 -739.921692 16.880478 17
-44.230202 -737.126526 12.257990 17
-45.324787 -739.863953 8.080151 17
-42.215988 -743.400574 18.629171 17
-46.470444 -742.635986 16.534502 17
-45.198814 -739.491150 7.266947 17
-43.165516 -739.132324 -0.199292 17
-42.826698 -743.625000 19.524673 17
-45.258888 -745.043518 25.949982 17
-48.061543 -740.346741 20.668013 17
-43.080109 -739.103455 -0.924531 17
-42.293854 -741.183411 10.668499 17
-46.215611 -742.208374 15.103590 17
-48.097408 -740.978455 22.440002 17
-46.776367 -739.367126 12.496634 17
-42.513351 -743.191284 18.182438 17
-44.312614 -739.796265 4.048330 17
-46.305035 -737.469299 16.907923 17
-45.546803 -737.442810 13.237439 17
-46.075912 -741.873962 13.160975 17
-43.930695 -739.626160 21.580696 17
-47.412811 -744.217407 22.081802 17
-46.783466 -738.634155 13.668789 17
-43.626049 -740.012024 5.545023 17
-45.805065 -739.569275 10.033088 17
-47.023037 -741.963989 25.329069 17
-42.374359 -738.966492 -0.409281 17
-43.082581 -738.677612 10.760907 17
-46.890854 -738.170044 16.370720 17
-45.334660 -741.137085 9.758154 17
-43.359535 -739.855896 5.055040 17
-45.635086 -741.268860 10.814492 17
-47.590397 -740.680664 23.662546 17
-45.142715 -737.379761 11.792623 17
-48.313000 -741.961914 21.335598 17
-46.761349 -738.075439 18.497131 17
-46.606400 -739.881897 12.713277 17
-43.793007 -737.338562 7.195774 17
-47.673515 -742.255432 18.943956 17
-42.635052 -739.580200 5.289209 17
-44.615780 -737.765198 -1.578349 17
-45.127060 -740.291199 8.538454 17
-47.286720 -742.302063 17.972082 17
-43.733391 -742.550171 12.767903 17
-44.012642 -739.377502 17.232458 17
-43.704121 -739.138306 16.584141 17
-47.870945 -743.337402 21.608379 17
-44.071896 -740.040649 18.253712 17
-43.183590 -737.374146 3.480067 17
-41.949425 -739.039795 8.068675 17
-43.624241 -736.816833 -0.951831 17
-42.918385 -738.259155 12.085527 17
-44.329880 -739.609192 1.676779 17
-43.060081 -738.651611 14.379965 17
-42.789974 -737.912659 1.595048 17
-43.593529 -738.961548 15.899887 17
-44.929398 -739.711182 5.630974 17
-44.705708 -736.868469 13.112986 17
-43.551453 -737.887268 8.346053 17
-43.521179 -744.607544 20.909866 17
-46.635479 -742.145996 15.992926 17
-43.186657 -739.187500 10.652989 17
-43.317554 -737.164673 2.341265 17
-42.488365 -738.688232 3.985343 17
-43.641838 -739.163757 18.465509 17
-44.079132 -740.074219 5.750035 17
-48.044270 -742.284180 20.520454 17
-43.416622 -739.530334 15.033579 17
-47.382637 -739.881104 15.076639 17
-42.102470 -741.966125 12.468787 17
-43.516182 -739.385071 20.754969 17
-43.196861 -738.091003 7.381745 17
-46.046680 -738.189148 10.309016 17
-43.851997 -739.571899 -1.454911 17
-42.822113 -738.151001 10.147015 17
-45.611099 -745.846863 25.401974 17
-45.546307 -738.489380 8.671700 17
-46.467316 -738.141418 19.417500 17
-42.690121 -737.592102 -0.378302 17
-47.780930 -743.833496 22.374416 17
-43.258076 -740.960083 8.781119 17
-45.221924 -743.920410 16.958883 17
-42.705917 -738.733765 2.126559 17
-43.427341 -738.746643 15.276175 17
-46.857903 -739.826172 13.394058 17
-43.836102 -739.781128 24.369062 17
-48.340527 -742.826721 25.151144 17
-43.106224 -739.433472 1.621607 17
-47.260666 -745.368286 24.518143 17
-43.521030 -739.323486 2.213239 17
-42.137520 -741.671570 13.012280 17
-48.467922 -741.673401 21.795155 17
-44.267269 -736.913025 -2.208757 17
-43.644569 -744.786682 19.099783 17
-47.633389 -739.955994 16.163525 17
-46.892353 -742.757263 26.007944 17
-43.712070 -737.243469 0.716213 17
-45.415390 -744.028503 17.807411 17
-45.523678 -737.427917 12.620449 17
-43.997128 -739.839111 15.529083 17
-44.743954 -739.812988 21.055481 17
-43.131611 -739.350220 -1.949609 17
-46.173328 -737.566650 15.040318 17
-42.917236 -739.237488 17.833818 17
-44.344345 -737.591187 4.325186 17
-43.218929 -739.481873 16.222153 17
-44.374069 -737.412231 11.283394 17
-44.574242 -738.921021 1.577981 17
-44.771660 -740.366882 7.909181 17
-45.117886 -737.091187 13.829246 17
-43.857666 -739.409973 20.046787 17
-45.011745 -739.226074 5.917489 17
-42.849930 -743.714905 20.016113 17
-43.517475 -737.643066 8.831331 17
-44.992233 -737.872253 7.018016 17
-42.303978 -739.792419 6.203673 17
-43.603340 -739.523560 22.494350 17
-42.703926 -740.490784 8.037876 17
-48.075657 -742.739929 21.289024 17
-43.601662 -737.681702 7.627331 17
-46.932240 -739.693970 22.033915 17
-48.037373 -739.993835 18.895945 17
-43.660572 -736.854614 -1.804634 17
-41.795082 -741.773621 14.404053 17
-45.338703 -737.633179 9.513320 17
-44.019634 -743.268677 14.173474 17
-43.114769 -739.065125 7.748895 17
-42.798779 -737.512390 3.009698 17
-46.108429 -743.656311 18.254013 17
-44.502644 -739.298035 15.077895 17
-43.791145 -741.195496 9.246098 17
-41.935955 -740.800476 11.189025 17
-48.261700 -741.330322 20.783144 17
-42.177441 -742.771484 16.803007 17
-43.581268 -739.099792 19.455393 17
-44.735439 -743.337952 15.250093 17
-42.678909 -739.220459 2.170668 17
-48.256088 -740.734924 20.237839 17
-47.329548 -742.753967 18.657238 17
-42.770481 -738.843262 0.012439 17
-43.064648 -743.625244 17.408403 17
-46.987961 -738.686707 14.533644 17
-45.302860 -742.371155 13.630309 17
-43.703026 -740.094543 23.072998 17
-44.686386 -739.101257 13.581434 17
-47.615585 -741.237854 17.855324 17
-43.685841 -739.771362 23.455479 17
-47.516201 -745.425964 27.500978 17
-43.309231 -740.601257 7.591175 17
-45.902802 -740.285522 10.870746 17
-45.844799 -744.115112 18.139183 17
-43.831127 -737.405273 2.920229 17
-48.370590 -743.164246 24.263683 17
-43.740345 -743.819519 22.100519 17
-48.187252 -742.068726 24.150892 17
-44.024586 -741.420715 9.980696 17
-47.511951 -743.126038 26.335886 17
-44.907066 -738.996216 4.960855 17
-46.883438 -738.099182 16.998299 17
-43.092392 -737.587524 -0.990654 17
-45.398529 -740.715027 9.056658 17
-47.918560 -740.541504 18.979767 17
-42.663105 -739.776611 5.842141 17
-47.957150 -740.387634 21.450348 17
-44.017563 -736.877014 -0.011021 17
-42.758690 -738.193298 -1.144585 17
-43.910320 -739.356079 0.126070 17
-43.917702 -739.802307 14.844645 17
-41.989609 -742.262390 14.902650 17
-47.671116 -739.989136 21.523067 17
-44.974503 -741.537598 11.157280 17
-47.153465 -739.704407 14.181146 17
-43.315098 -738.098267 12.286492 17
-45.152401 -739.241638 6.707195 17
-45.705894 -745.117859 26.134508 17
-46.743004 -743.530701 18.528461 17
-48.116707 -740.757141 19.357439 17
-47.189198 -740.734253 24.240963 17
-47.605541 -739.247070 17.251030 17
-43.040417 -738.536865 9.792451 17
-43.120419 -739.964783 19.184931 17
-42.904385 -738.056763 2.857469 17
-47.289268 -745.645508 25.318041 17
-46.454323 -741.592041 14.471503 17
-42.821270 -738.661987 13.856656 17
-44.515213 -739.580933 19.327017 17
-42.568604 -738.262329 6.057346 17
-47.295937 -738.611206 17.559591 17
-44.064678 -743.561157 15.118942 17
-45.811043 -740.947693 11.161352 17
-44.715294 -744.192078 17.077818 17
-44.760571 -740.541687 8.347184 17
-43.266376 -737.359558 1.066220 17
-45.860188 -738.998962 9.919065 17
-43.542839 -739.705139 4.418278 17
-42.581566 -743.207886 19.429083 17
-47.485947 -739.487366 20.885334 17
-43.234417 -744.204773 17.478188 17
-45.418564 -737.953491 7.773413 17
-47.986172 -740.008972 19.720091 17
-42.562859 -737.721558 0.180974 17
-47.435261 -739.001160 15.538314 17
-43.629330 -738.644592 12.862226 17
-41.700676 -740.396973 10.834980 17
-44.141106 -744.073486 23.712435 17
-44.123726 -741.007874 8.976915 17
-47.893330 -743.525574 22.778610 17
-42.731663 -738.278442 2.434649 17
-47.203598 -741.380005 16.183611 17
-47.510487 -739.205994 19.550468 17
-47.844696 -741.635071 19.093122 17
-44.154900 -737.864075 -0.762676 17
-46.178967 -741.020508 12.643398 17
-42.536812 -742.262939 13.380221 17
-43.943558 -744.716370 20.012705 17
-44.199482 -739.586670 2.901006 17
-43.656853 -739.190979 0.657989 17
-43.668842 -738.529907 11.748123 17
-47.551491 -745.880249 26.663071 17
-46.866611 -740.522339 13.822545 17
-45.710346 -742.427429 14.564261 17
-43.788322 -737.352783 4.705751 17
-46.618340 -738.549744 20.638401 17
-44.700211 -738.481018 -0.535532 17
-43.801689 -737.053101 1.571241 17
-45.053417 -744.827087 19.171144 17
-42.916363 -738.936829 0.964445 17
-43.348289 -738.707397 17.194044 17
-44.154476 -738.026917 0.691020 17
-44.347443 -737.002502 11.022611 17
-44.363102 -738.721191 -1.612377 17
-45.698769 -737.800598 11.063538 17
-44.153370 -737.108398 6.954729 17
-42.407516 -743.075256 17.721437 17
-45.666122 -745.613831 26.126026 17
-44.359299 -739.837463 21.624672 17
-43.099094 -739.061462 9.886759 17
-41.839005 -739.295166 9.032769 17
-42.741150 -741.000793 9.473638 17
-44.851440 -745.492188 22.456518 17
-43.674786 -737.203674 2.022990 17
-42.151474 -742.020752 13.957471 17
-41.976166 -739.642883 9.485079 17
-43.286560 -737.398071 -2.260339 17
-44.272221 -739.136414 12.508867 17
-44.086956 -739.515503 2.058938 17
-43.393147 -739.175598 -0.591853 17
-41.444847 -739.945312 9.930556 17
-43.563919 -739.704651 13.391886 17
-46.767555 -742.494507 16.867228 17
-43.619049 -739.719177 15.771992 17
-44.236641 -737.051636 8.766857 17
-43.852074 -744.900879 22.435198 17
-46.570541 -739.740906 22.433184 17
-45.806042 -742.639832 15.489634 17
-42.278675 -738.459839 -1.825184 17
-42.815498 -738.972107 2.565453 17
-48.219841 -744.325806 25.556662 17
-46.342796 -738.434082 11.152496 17
-44.236996 -741.485168 10.839032 17
-42.114532 -739.933594 8.192443 17
-45.129410 -740.092896 7.037546 17
-43.115334 -737.215393 1.928487 17
-42.055866 -742.296570 16.850304 17
-44.161320 -737.613586 3.905521 17
-47.366467 -738.729736 17.998594 17
-42.323345 -738.233826 5.316341 17
-44.653564 -739.090454 2.394009 17
-48.274582 -743.280090 25.646669 17
-44.259811 -739.582825 19.858814 17
-44.601063 -738.412476 2.183125 17
-45.886620 -737.334229 15.298329 17
-45.084980 -744.354980 17.890127 17
-45.297386 -744.481934 18.667118 17
-42.216660 -739.168762 6.891683 17
-46.914639 -745.635193 26.942232 17
-44.069614 -737.575806 -0.169320 17
-47.372990 -738.740723 16.797667 17
-42.739494 -739.366760 0.426516 17
-46.083626 -742.663391 15.849185 17
-42.669670 -739.323181 0.904615 17
-42.721310 -737.311523 1.433819 17
-43.491802 -739.532349 3.648932 17
-47.861706 -739.821289 19.295446 17
-42.574364 -738.001038 -2.141081 17
-47.515892 -738.994629 16.367859 17
-43.005905 -738.262817 9.149266 17
-47.884834 -741.772461 25.073498 17
-42.351807 -739.005737 4.815611 17
-44.344379 -741.074585 9.881950 17
-44.996868 -737.396118 10.442982 17
-42.763756 -742.090332 12.399478 17
-46.469933 -737.734497 17.774742 17
-46.232845 -737.882385 14.134211 17
-42.975922 -738.330933 7.901742 17
-43.119286 -739.824707 18.240923 17
-44.445179 -739.231873 0.846460 17
-44.661266 -738.538452 -1.026574 17
-47.906746 -740.677429 18.226732 17
-46.751625 -745.026367 27.092667 17
-44.061512 -737.794495 1.918875 17
-45.453648 -739.447449 8.549800 17
-42.100594 -740.447327 9.753823 17
-42.691463 -739.361633 4.542296 17
-43.839909 -737.565918 8.527164 17
-43.433182 -736.725403 2.392104 17
-44.363926 -739.915649 4.818891 17
-45.167278 -738.794373 6.882356 17
-48.395969 -743.781860 24.979372 17
-43.931080 -737.186707 6.206548 17
-43.087841 -737.756897 0.215993 17
-42.271946 -738.076843 -0.980197 17
-43.355335 -739.528687 14.145738 17
-42.953373 -737.111633 2.768895 17
-44.218040 -744.789307 23.787844 17
-42.975693 -737.528625 -1.738181 17
-44.978546 -737.346375 7.501083 17
-47.010048 -738.538330 19.878277 17
-42.764851 -743.237610 14.825933 17
-43.680840 -741.727173 10.583597 17
-45.375893 -743.645020 16.612356 17
-45.643951 -739.118286 9.066990 17
-45.021542 -745.224670 20.384726 17
-43.443970 -737.286804 3.834885 17
-43.127182 -737.629944 -0.502008 17
-43.088810 -738.633362 11.201158 17
-43.068287 -737.635193 6.008055 17
-47.797028 -739.852600 20.097412 17
-44.284153 -737.506592 1.222622 17
-42.629028 -738.491394 -2.179315 17
-47.739300 -739.468018 17.746063 17
-41.996059 -741.281555 10.992454 17
-44.034065 -737.794739 2.413689 17
-46.216537 -743.978821 18.986521 17
-44.676487 -736.959900 12.367027 17
-47.976398 -740.635254 21.071661 17
-45.902119 -743.575317 17.346066 17
-44.291557 -738.162781 -1.212808 17
-42.423622 -741.707336 11.601844 17
-47.162514 -746.047363 25.906935 17
-47.807018 -741.266602 18.713404 17
-43.939575 -742.813110 13.067559 17
-48.097805 -739.947449 17.747808 17
-44.183388 -737.460510 10.461348 17
-47.679722 -740.889587 24.041485 17
-46.264130 -745.621399 26.629244 17
-46.489452 -744.814087 20.674206 17
-46.133362 -743.270630 16.973551 17
-43.391804 -744.463501 20.170137 17
-43.314514 -737.091980 0.707403 17
-48.117081 -741.362976 23.328535 17
-48.251022 -741.289429 21.667065 17
-48.199585 -742.438721 22.754555 17
-42.682472 -738.246521 0.257854 17
-46.137840 -745.332703 21.839506 17
-42.223759 -740.323181 8.827712 17
-48.011921 -741.741760 19.876017 17
-44.360626 -738.513916 0.574173 17
-42.275425 -738.210815 4.594885 17
-42.625645 -738.599609 2.939607 17
-45.369213 -744.508057 25.586071 17
-42.316231 -739.310730 -1.883920 17
-42.681293 -737.877869 -1.725625 17
-44.455563 -739.428345 -1.618853 17
-47.545212 -740.211182 22.255898 17
-45.256390 -742.807312 14.166317 17
-42.197056 -738.043945 1.790447 17
-43.465267 -740.084045 17.888350 17
-43.028374 -738.591187 15.207674 17
-45.877113 -737.732910 13.336633 17
-43.585537 -737.109253 9.165833 17
-44.355164 -738.089966 1.680045 17
-45.714298 -741.762634 12.931334 17
-41.817387 -740.541992 11.865858 17
-48.104431 -742.931274 22.255377 17
-43.311047 -739.673035 19.613436 17
-46.313908 -743.610840 18.650517 17
-46.761528 -738.072754 17.961428 17
-44.866238 -745.082642 19.803177 17
-43.848560 -744.804260 21.359121 17
-43.692627 -739.001038 14.994548 17
-44.020218 -737.640259 0.460675 17
-44.485886 -738.033386 -2.108649 17
-45.082989 -743.588806 16.133738 17
-41.668533 -742.174011 15.446188 17
-45.724632 -741.227905 11.976552 17
-44.190220 -739.825745 22.537216 17
-43.502361 -739.876770 18.916582 17
-43.112072 -738.275757 5.910174 17
-48.181679 -743.441467 23.639074 17
-42.637627 -738.125854 0.898623 17
-43.479404 -739.233704 1.493154 17
-46.543171 -737.823059 15.668658 17
-46.029140 -744.544495 20.074118 17
-42.233707 -739.238464 6.083844 17
-45.930428 -737.859497 11.516238 17
-43.455185 -737.448364 6.789475 17
-44.305225 -740.071533 17.681517 17
-45.940460 -745.514648 22.291662 17
-43.520054 -739.791931 17.522764 17
-41.368645 -740.914856 12.435503 17
-44.989777 -740.050171 6.519660 17
-44.717056 -738.197998 3.621847 17
-44.996601 -745.590759 24.021877 17
-46.025223 -742.087158 13.659376 17
-46.514580 -739.767883 21.967749 17
-46.811260 -743.981201 19.967545 17
-47.433105 -738.850159 17.201324 17
-43.958717 -739.638306 3.595042 17
-44.348640 -742.668518 13.060915 17
-43.971752 -737.131348 5.736625 17
-43.232487 -744.292847 21.082369 17
-47.245872 -740.516174 15.531385 17
-47.069527 -742.616699 17.674191 17
-46.635639 -738.460693 12.808408 17
-47.420574 -744.040405 22.596992 17
-47.230846 -744.856323 22.435612 17
-44.358734 -737.425781 -1.536762 17
-48.186558 -744.073914 24.251553 17
-46.017700 -741.425964 12.344154 17
-46.504425 -738.169983 13.617833 17
-46.319675 -745.572449 22.691477 17
-45.984138 -738.744690 10.281303 17
-42.626606 -742.785400 15.391370 17
-42.406189 -739.159302 5.228824 17
-42.224598 -739.996460 6.568784 17
-47.634705 -739.203918 18.675150 17
-43.883110 -739.941101 17.239433 17
-43.811462 -742.405151 12.370392 17
-46.876629 -743.167969 18.245544 17
-43.435524 -737.238770 7.964027 17
-42.366211 -742.399658 14.651993 17
-43.127186 -739.276123 15.765456 17
-43.707813 -738.880066 12.101135 17
-47.863331 -739.848633 18.513645 17
-43.450958 -737.192566 0.048943 17
-43.171524 -738.122375 9.888309 17
-48.226910 -741.684143 22.921745 17
-44.134064 -737.180786 -1.147449 17
-43.519104 -739.270569 -1.547113 17
-43.976768 -740.870605 8.011750 17
-45.696228 -738.319031 9.553416 17
-43.991982 -736.863159 1.021605 17
-45.688107 -743.247742 16.524513 17
-45.932484 -737.533630 16.118099 17
-43.419712 -739.855042 20.567320 17
-43.220867 -738.464111 13.094482 17
-42.753937 -738.190918 -0.520168 17
-43.093975 -737.886902 4.419926 17
-44.788578 -737.214905 6.470479 17
-44.505692 -740.791992 9.206861 17
-43.490105 -736.979919 -0.338723 17
-43.978451 -740.411377 22.679810 17
-42.840153 -738.075684 3.579035 17
-48.290600 -742.433899 24.988762 17
-42.266521 -741.681946 12.209099 17
-47.809006 -744.821838 24.993761 17
-45.658646 -742.222900 13.828700 17
-42.348331 -738.663391 1.530987 17
-44.313473 -739.295715 -0.292993 17
-43.182671 -737.433716 4.394913 17
-42.276814 -738.452576 -1.171637 17
-47.514591 -740.358032 22.842564 17
-45.742481 -745.849121 23.537760 17
-42.923233 -739.706787 5.004743 17
-42.788517 -739.479980 -0.976062 17
-45.685520 -741.531860 11.501928 17
-47.920143 -740.833557 18.615309 17
-42.492828 -741.891296 13.158387 17
-41.906197 -741.645630 13.536510 17
-45.085960 -737.379700 11.018071 17
-44.298508 -737.373779 -2.267012 17
-43.475456 -739.611694 9.725747 17
-45.952305 -738.262085 10.774972 17
-44.769772 -741.154358 10.418682 17
-47.087963 -738.366699 16.740746 17
-47.832806 -742.587830 25.818560 17
-47.675999 -739.454041 19.239002 17
-45.178699 -737.564270 8.560097 17
-45.597664 -737.682617 10.168411 17
-43.561737 -739.981018 22.124792 17
-47.008415 -738.739380 21.029535 17
-45.147770 -740.365479 7.593690 17
-42.593441 -738.712830 5.867971 17
-42.987621 -738.801086 7.182519 17
-48.553905 -742.032166 22.162466 17
-43.539070 -737.000854 -1.424962 17
-42.244343 -738.984192 7.289384 17
-45.480202 -737.909607 9.147573 17
-46.201591 -741.848450 14.274522 17
-47.868244 -740.987549 22.088259 17
-42.938236 -737.870361 1.982936 17
-42.541542 -738.259460 4.918334 17
-47.507843 -744.860291 23.253738 17
-47.095043 -738.502319 19.351442 17
-48.276997 -742.505920 24.109539 17
-47.393536 -743.880127 26.783033 17
-44.643967 -745.131714 23.811918 17
-44.972092 -745.581238 22.992706 17
-43.213890 -737.881409 5.257697 17
-45.230568 -741.003906 9.299426 17
-45.234058 -738.413818 5.997910 17
-44.456532 -742.942871 13.851471 17
-44.175045 -739.201477 -1.326705 17
-45.941669 -745.827271 23.060989 17
-47.016640 -741.063599 24.543402 17
-45.447296 -740.277283 9.560764 17
-43.290676 -738.264954 11.258150 17
-44.757408 -737.350220 9.706975 17
-41.736324 -739.586914 8.730417 17
-43.527523 -739.413391 21.756489 17
-47.222767 -742.257507 17.505165 17
-46.660755 -738.173096 14.431045 17
-42.592304 -742.713257 13.755496 17
-46.150669 -742.419434 14.622795 17
-47.089729 -738.326294 16.046610 17
-45.855179 -744.240356 18.954451 17
-43.439411 -739.873901 21.577879 17
-43.184219 -739.153381 18.908484 17
-46.221855 -737.522583 16.497168 17
-43.312920 -739.566345 15.437574 17
-47.696774 -745.081970 24.523752 17
-43.502228 -744.337158 19.368689 17
-41.824932 -740.458557 10.415765 17
-46.394226 -742.373901 15.756461 17
-44.307377 -737.388000 5.519279 17
-45.346092 -745.823242 24.204617 17
-44.989315 -737.253662 12.286650 17
-43.981636 -744.899719 19.621830 17
-44.446774 -739.230957 14.538787 17
-47.734055 -739.431335 15.698147 17
-45.712166 -744.365662 19.393932 17
-43.355297 -742.523621 12.901844 17
-46.193813 -737.934387 12.857140 17
-46.200104 -743.442871 17.907717 17
-43.886887 -737.180359 7.848989 17
-48.165825 -742.010132 23.728329 17
-48.157368 -741.405762 22.499529 17
-48.230480 -744.196899 25.093666 17
-43.257027 -739.072388 0.631680 17
-42.541142 -738.773499 -1.849190 17
-42.363277 -738.302368 2.219371 17
-47.591640 -739.773010 21.167622 17
-41.849033 -741.861572 15.163440 17
-43.197983 -738.843994 15.911818 17
-44.407375 -737.995178 3.188132 17
-41.856400 -739.999084 9.657801 17
-47.839314 -744.146057 23.304415 17
-45.924915 -737.087402 15.631614 17
-43.264942 -740.090515 5.963309 17
-44.991932 -737.549683 7.870664 17
-43.714680 -739.718201 14.270697 17
-45.734478 -744.795410 20.292036 17
-46.657829 -742.770996 17.275330 17
-44.428238 -739.505066 0.406558 17
-43.091599 -741.409668 10.264019 17
-47.807232 -739.496948 17.003283 17
-45.408611 -738.563904 7.210277 17
-43.307125 -743.250793 14.992925 17
-41.313641 -740.331787 10.915660 17
-47.564808 -739.167236 14.983561 17
-43.040413 -739.074768 0.212045 17
-44.799351 -738.137268 4.183504 17
-44.062733 -739.119141 12.105519 17
-45.442764 -741.220520 10.207566 17
-45.447506 -744.778809 19.342752 17
-44.109348 -737.161682 -0.290698 17
-48.248768 -740.355591 18.824745 17
-42.999390 -742.869324 14.283566 17
-45.154732 -743.139465 15.330606 17
-46.621513 -737.810608 17.107491 17
-46.971550 -739.383789 13.422390 17
-43.444981 -739.388550 3.032556 17
-44.338886 -738.257446 -1.606636 17
-45.366947 -740.997864 10.669761 17
-42.578701 -738.577698 0.657748 17
-45.643837 -739.656433 9.468154 17
-45.694157 -740.401123 10.494143 17
-43.405003 -744.106506 21.464691 17
-42.341045 -738.305054 3.330236 17
-44.843071 -738.638123 0.946522 17
-44.939796 -742.782349 14.583424 17
-42.299320 -739.693054 6.854855 17
-43.335411 -739.586914 4.040659 17
-47.107674 -739.565430 21.682993 17
-43.648815 -738.209839 10.175248 17
-41.602066 -740.502930 12.236874 17
-42.852226 -742.301453 12.754093 17
-42.596756 -737.851624 3.259206 17
-42.974411 -743.727112 18.088184 17
-45.494949 -743.375427 15.831654 17
-44.157139 -739.577332 0.928356 17
-43.578564 -744.559631 18.584913 17
-44.361343 -738.714294 -0.814978 17
-47.091793 -740.149475 23.385416 17
-42.152157 -739.012695 6.469347 17
-46.212395 -744.953125 21.526186 17
-46.993114 -743.738037 19.522011 17
-46.012444 -741.647461 13.487138 17
-43.397671 -737.337097 4.897288 17
-46.942375 -738.838013 20.621813 17
-45.995270 -746.021240 24.767769 17
-43.262657 -738.239868 10.678020 17
-43.127934 -740.216919 6.423727 17
-42.994267 -743.962830 20.314224 17
-43.745235 -739.245850 18.971952 17
-41.468620 -741.309021 13.425219 17
-47.707279 -740.381958 16.901937 17
-46.712673 -741.007751 14.469160 17
-43.408962 -736.798828 2.981712 17
-42.831860 -743.840271 18.837080 17
-42.925785 -743.417236 15.731119 17
-43.171768 -739.169617 12.779406 17
-44.787167 -739.675110 4.425514 17
-44.288143 -739.723083 20.660437 17
-44.142635 -740.320190 21.361338 17
-48.271011 -744.071167 26.283951 17
-42.367035 -738.907227 -0.814559 17
-48.156738 -740.142151 18.274639 17
-48.480202 -742.149353 23.407314 17
-41.971889 -741.934570 16.061195 17
-42.720249 -739.445007 -1.433299 17
-42.643230 -737.870361 2.616007 17
-45.220425 -745.336304 25.435390 17
-46.627480 -740.021606 23.147863 17
-45.062679 -744.541870 18.274164 17
-42.426422 -738.080994 -0.259861 17
-43.206177 -739.193237 9.099091 17
-42.018299 -739.348450 7.559343 17
-44.789120 -739.420349 20.122383 17
-47.410313 -738.828552 15.977169 17
-44.249859 -745.106323 20.566122 17
-46.832821 -741.782654 15.584671 17
-45.597862 -737.578308 12.268164 17
-44.442932 -740.777100 23.149601 17
-46.377808 -746.165283 25.595785 17
-42.032543 -742.475220 16.434948 17
-42.363625 -738.326904 2.665892 17
-46.545002 -743.111450 17.854200 17
-45.094532 -738.472656 6.521077 17
-43.218449 -739.555847 18.788694 17
-43.862755 -737.178772 8.316975 17
-47.764416 -743.001892 20.392525 17
-44.722862 -738.581604 3.526241 17
-43.854473 -738.929932 11.370712 17
-42.543369 -738.364319 3.745701 17
-44.126434 -740.802368 8.376932 17
-45.241001 -741.579895 12.027234 17
-47.273392 -742.584595 25.755907 17
-44.513260 -738.683350 0.172343 17
-42.865398 -737.173706 3.682741 17
-47.819637 -744.236633 24.534925 17
-45.944389 -746.015503 25.211828 17
-44.168839 -737.466064 4.663962 17
-48.178673 -742.017273 24.810049 17
-47.023914 -738.311218 17.552927 17
-43.325542 -738.353577 11.942886 17
-46.928005 -738.443359 14.209642 17
-47.792465 -744.630127 24.139318 17
-43.475025 -743.132996 14.444499 17
-46.580540 -737.970825 16.169378 17
-42.866886 -739.094238 16.754906 17
-48.066212 -744.073120 23.866526 17
-41.941948 -739.584045 8.312341 17
-47.910397 -745.800537 27.402735 17
-48.236397 -742.528320 21.820736 17
-43.484592 -739.835876 16.770998 17
-45.607624 -745.666931 22.411509 17
-47.937859 -743.166260 21.256525 17
-46.951180 -743.473145 18.912262 17
-46.484917 -738.583069 12.415262 17
-43.385857 -740.849792 8.416933 17
-44.329445 -742.092163 12.415045 17
-41.828018 -739.841919 10.161936 17
-44.400406 -738.294617 1.305568 17
-44.096420 -737.254639 0.823056 17
-44.996311 -740.762390 8.035358 17
-43.980843 -739.338806 15.185261 17
-47.250721 -740.504333 23.931479 17
-41.421673 -741.642395 14.152627 17
-42.661224 -739.237915 -0.418161 17
-46.594425 -744.675598 21.097471 17
-44.226006 -740.121948 19.048788 17
-42.059570 -741.282349 11.384268 17
-45.331657 -739.298340 7.591670 17
-46.579494 -740.561096 13.120360 17
-42.754143 -740.085693 6.617514 17
-44.359310 -737.918152 2.585923 17
-47.177505 -739.231140 14.149775 17
-42.860542 -738.947998 -1.706824 17
-43.166534 -738.520935 13.638031 17
-44.300056 -737.214783 11.879045 17
-45.929993 -739.544678 10.449179 17
-42.647884 -738.289001 1.427651 17
-44.192207 -739.147827 13.203284 17
-44.306274 -737.107605 7.912796 17
-43.759724 -739.166321 18.086313 17
-46.247478 -738.221863 11.486978 17
-42.961269 -738.901184 6.782043 17
-47.020981 -745.316406 27.347824 17
-43.671310 -738.316162 10.902916 17
-42.690361 -737.906128 5.515055 17
-42.461899 -740.251099 7.861701 17
-47.866287 -740.060791 20.486717 17
-48.253510 -743.115173 23.198381 17
-42.407967 -742.774597 18.336329 17
-42.234375 -742.781616 17.418388 17
-44.389820 -742.267395 12.877237 17
-48.189140 -742.337830 21.383804 17
-47.354107 -741.705505 17.355633 17
-43.839706 -740.318115 22.240961 17
-46.433426 -744.518066 20.409103 17
-43.874485 -737.333923 3.806277 17
-44.660194 -737.344604 8.349847 17
-44.098583 -736.936646 -0.802788 17
-44.818356 -745.310181 21.267159 17
-46.704033 -740.171509 12.965632 17
-43.264149 -739.147522 18.057417 17
-43.189987 -738.440735 12.438218 17
-44.928783 -739.403442 5.112323 17
-46.271114 -738.995056 11.398518 17
-42.274796 -738.505493 5.634299 17
-45.932159 -744.974426 21.219687 17
-45.904152 -740.577759 11.153625 17
-43.387135 -738.907288 16.526560 17
-43.577358 -738.787903 17.551332 17
-48.158180 -740.353882 19.721603 17
-42.593834 -741.389404 10.855577 17
-48.060482 -742.485168 25.480192 17
-43.162079 -739.786438 16.508352 17
-45.797188 -738.753906 9.624946 17
-47.347649 -745.727051 25.746956 17
-48.154125 -741.351868 19.850330 17
-44.808952 -745.265137 23.210447 17
-44.371120 -740.173035 24.689955 17
-44.009197 -737.669006 1.015872 17
-43.428398 -737.551086 7.208515 17
-42.542366 -742.239502 14.303058 17
-45.442905 -739.013550 8.258575 17
-45.265522 -741.595093 11.495719 17
-45.300503 -738.139771 7.262153 17
-43.122082 -738.193970 6.969650 17
-42.708675 -741.622559 11.196002 17
-43.739323 -739.323792 -1.866161 17
-46.454250 -740.135742 12.342115 17
-45.993504 -744.334412 19.725075 17
-42.616081 -737.681824 5.840958 17
-43.832127 -737.345154 -1.395254 17
-44.051304 -737.417053 5.033438 17
-44.710876 -739.031128 2.789768 17
-44.135807 -737.029968 10.685081 17
-46.504028 -743.911804 19.241726 17
-46.934628 -739.876343 22.660513 17
-44.343800 -745.127441 22.827459 17
-45.542336 -745.342346 21.623901 17
-43.879364 -737.378662 -2.149940 17
-44.253887 -741.802795 11.056214 17
-43.360855 -739.409241 8.437953 17
-46.164566 -740.739624 11.958604 17
-42.683914 -740.210510 7.221554 17
-42.260345 -737.993042 0.897763 17
-44.561466 -741.706360 11.589999 17
-42.154743 -742.566711 15.695077 17
-44.829372 -739.149902 3.988001 17
-45.946892 -744.808472 26.187889 17
-46.909401 -745.052612 22.724121 17
-46.792515 -745.884766 26.587433 17
-44.395210 -738.205994 -0.154911 17
-47.711029 -742.009766 25.322224 17
-43.422577 -738.833374 18.470016 17
-45.538231 -737.076721 15.143017 17
-45.261017 -745.514465 22.083040 17
-47.042625 -741.105408 15.025463 17
-42.257614 -739.720276 5.421224 17
-42.881481 -737.390442 0.546686 17
-46.446537 -738.055847 18.983070 17
-47.862926 -743.472107 22.009787 17
-45.554592 -744.996399 25.671297 17
-46.252338 -745.336731 27.288599 17
-47.491726 -739.330994 20.491848 17
-46.988476 -745.302551 23.042213 17
-44.011032 -744.921143 23.216078 17
-47.189365 -739.869751 22.283310 17
-42.571980 -739.100952 -1.153415 17
-46.680538 -745.585083 23.228975 17
-45.946827 -738.144531 9.801320 17
-46.157207 -744.948792 26.714104 17
-44.801125 -737.244202 13.152991 17
-47.606216 -743.049194 20.041302 17
-46.733852 -740.923157 14.016343 17
-44.002495 -739.393372 -0.970760 17
-46.724731 -742.420593 16.266825 17
-47.060287 -740.154297 22.949001 17
-47.736107 -745.097046 27.412594 17
-44.876881 -737.257690 9.096131 17
-42.769295 -737.499512 2.341454 17
-46.289108 -738.094055 12.230473 17
-45.062984 -741.234802 10.924349 17
-43.961006 -737.629211 3.245934 17
-47.640709 -739.500977 20.107121 17
-47.206478 -743.638428 20.340961 17
-45.731773 -737.235962 14.435526 17
-42.342682 -740.935059 10.247976 17
-43.755257 -737.181458 9.709758 17
-43.269047 -739.366760 20.261990 17
-45.683952 -744.227478 18.586182 17
-42.008858 -741.097412 10.409915 17
-43.932583 -744.595703 19.296326 17
-43.508057 -737.143250 3.427043 17
-45.366035 -745.071838 20.587242 17
-45.366474 -745.720154 25.108650 17
-43.675274 -741.218079 8.860825 17
-42.261086 -740.507385 9.171514 17
-46.995270 -740.351013 14.169123 17
-44.661987 -739.331848 15.684980 17
-44.415684 -740.109802 18.399199 17
-41.984455 -739.999451 9.020500 17
-43.488548 -742.847046 13.676427 17
-47.509125 -741.996521 18.241936 17
-43.323063 -740.225525 21.279421 17
-42.602917 -737.802612 -1.356717 17
-42.932629 -744.020569 19.592798 17
-44.140350 -737.515991 2.160802 17
-48.297268 -741.755249 22.133589 17
-42.937672 -738.534119 9.400476 17
-43.407661 -737.811829 5.937115 17
-44.570599 -739.593933 3.105855 17
-44.486298 -739.891357 15.408941 17
-43.573383 -739.262207 -0.122293 17
-44.374352 -738.531616 -1.263540 17
-48.161240 -744.801575 26.243273 17
-47.937023 -743.500244 26.342728 17
-44.631908 -738.301208 0.423900 17
-44.754185 -744.045471 16.716208 17
-46.984055 -739.038940 13.726814 17
-44.352409 -743.089722 14.263830 17
-42.255787 -739.872742 7.175992 17
-46.249794 -740.266235 11.708654 17
-45.162579 -744.483643 25.258387 17
-42.589081 -738.773132 6.313158 17
-43.133801 -737.780701 3.623976 17
-45.566513 -738.264648 8.980647 17
-46.705055 -744.238525 20.407820 17
-46.882961 -738.672424 13.193240 17
-46.416088 -741.371765 13.841208 17
-43.465099 -737.189941 1.672513 17
-47.213627 -738.892578 19.992592 17
-43.603031 -736.755249 0.512507 17
-46.065132 -737.368713 17.193491 17
-43.992702 -743.940918 22.864700 17
-45.083588 -740.503479 8.990945 17
-47.610409 -739.357666 16.447172 17
-43.487473 -736.690979 1.530663 17
-46.310757 -746.002869 24.077608 17
-46.366093 -739.505371 11.804771 17
-44.659584 -738.253174 -1.805399 17
-46.814480 -744.766602 21.993156 17
-47.324375 -740.161560 15.422331 17
-47.646629 -745.307739 26.984846 17
-42.939407 -737.311829 -0.646774 17
-48.076088 -741.148865 19.367718 17
-41.480831 -741.808350 14.587430 17
-44.381527 -737.821899 0.462789 17
-43.045895 -737.734680 0.766155 17
-43.490299 -739.587952 22.098314 17
-45.100563 -737.151489 9.895700 17
-43.389645 -739.927979 22.939465 17
-42.390675 -739.211914 0.415932 17
-47.957211 -744.627991 25.554615 17
-43.225517 -740.104492 20.349836 17
-45.007595 -738.190552 5.366499 17
-44.367210 -744.447266 17.822424 17
-44.804482 -738.532166 2.908047 17
-45.423260 -740.408875 8.858931 17
-43.357193 -741.606689 10.743269 17
-46.358799 -737.827148 18.326958 17
-43.043571 -739.238464 3.050333 17
-48.521015 -743.215637 24.833937 17
-47.062943 -740.408142 14.772076 17
-46.915730 -744.112183 20.781574 17
-43.301445 -737.369934 -0.289111 17
-45.120003 -740.998840 10.285301 17
-43.085419 -738.892944 11.481396 17
-43.038498 -740.683716 8.052392 17
-41.717064 -741.041687 12.526558 17
-44.385895 -737.319641 7.455513 17
-44.553951 -744.724243 24.800827 17
-46.007664 -737.561462 14.652403 17
-45.175163 -745.665039 23.287827 17
-44.468319 -737.901917 0.044549 17
-43.120331 -738.355347 8.628319 17
-42.213066 -740.261658 8.454646 17
-43.014233 -739.598389 -1.602368 17
-43.520912 -737.212891 5.235976 17
-44.990791 -737.894592 6.025774 17
-43.129860 -739.067566 1.597696 17
-46.352325 -740.735962 12.479219 17
-44.918331 -740.025574 22.007521 17
-48.015892 -740.649109 22.032682 17
-44.451698 -738.908691 0.555954 17
-46.459869 -745.023376 22.021248 17
-45.988121 -744.861511 20.805834 17
-42.234356 -739.040161 7.699529 17
-43.666241 -739.822144 4.784431 17
-46.621624 -745.319458 22.448067 17
-44.218273 -737.637329 1.605213 17
-46.594837 -738.032898 14.826767 17
-43.135082 -739.695068 21.177109 17
-42.162197 -738.068359 -1.898517 17
-46.872589 -744.582458 21.673563 17
-43.912201 -740.136047 20.289150 17
-44.124283 -737.076294 9.207108 17
-42.441071 -738.902771 3.295059 17
-43.605736 -744.547546 21.946339 17
-43.491245 -740.149414 18.536449 17
-43.486351 -740.203247 20.039463 17
-44.822815 -739.465881 15.090458 17
-42.732224 -738.736450 1.754658 17
-42.534447 -739.001709 0.744072 17
-47.942390 -741.046021 23.278252 17
-46.408779 -743.003845 16.543962 17
-47.179211 -743.140076 19.001696 17
-43.297916 -743.356506 15.435031 17
-44.440872 -739.794189 2.737909 17
-43.332199 -739.512817 10.418942 17
-48.301880 -742.610657 23.750628 17
-45.181664 -745.431458 21.709433 17
-43.368382 -739.434753 11.207463 17
-41.906857 -741.425293 14.064121 17
-43.452377 -738.418030 14.518257 17
-48.319122 -742.049377 22.859686 17
-44.475395 -743.446594 15.010376 17
-47.052284 -738.570923 14.939757 17
-45.175369 -740.786865 9.767526 17
-43.344856 -744.179810 18.086151 17
-47.747765 -739.481262 18.442944 17
-43.004784 -738.389404 10.448457 17
-43.731255 -740.403137 6.934699 17
-47.164608 -741.437561 15.832839 17
-44.511322 -737.255676 10.449527 17
-48.480019 -743.344482 23.952301 17
-43.220436 -738.076965 8.391297 17
-43.603687 -737.359131 6.324664 17
-45.513569 -745.242493 21.160286 17
-42.568840 -743.000061 16.214035 17
-47.868427 -743.781921 23.177738 17
-42.827602 -738.907471 15.339460 17
-46.373047 -744.173279 19.728134 17
-47.305092 -744.200500 27.351530 17
-42.598095 -739.064941 7.030303 17
-46.947983 -745.381348 23.774204 17
-42.720242 -739.223145 1.471175 17
-43.167450 -739.207886 19.466259 17
-47.198490 -739.003967 20.355690 17
-44.498569 -739.948608 16.219215 17
-45.256874 -737.300903 13.019773 17
-47.584759 -745.252686 25.269396 17
-46.065048 -738.801758 10.697265 17
-43.468037 -738.685486 16.830448 17
-43.860329 -742.856934 13.429723 17
-42.738308 -738.801514 -0.869038 17
-44.896576 -737.258362 6.850660 17
-43.522881 -739.032593 19.819109 17
-47.751450 -739.842834 20.837383 17
-44.785294 -743.564819 15.618283 17
-47.829250 -744.289856 27.073706 17
-44.347584 -745.230469 20.895720 17
-42.018959 -741.637207 12.668231 17
-43.891464 -744.747681 22.098011 17
-44.730595 -741.788330 11.988182 17
-48.339767 -743.786133 24.421816 17
-44.375736 -738.921448 -1.918509 17
-43.310257 -737.464294 5.727060 17
-45.044903 -745.079956 25.136234 17
-43.123955 -739.228210 12.173495 17
-47.210655 -739.233337 21.069153 17
-47.077480 -741.609497 25.244305 17
-47.930626 -740.797241 22.719767 17
-43.072811 -739.154663 2.386418 17
-45.573078 -743.117432 15.578563 17
-44.809940 -738.307129 4.832755 17
-46.767761 -743.523071 19.286840 17
-44.450699 -739.292419 1.450088 17
-45.288120 -742.800781 15.012988 17
-44.545300 -739.927551 3.698716 17
-43.149303 -739.219727 7.386631 17
-42.812691 -743.034241 15.705971 17
-47.193554 -743.364319 19.633738 17
-41.954102 -741.209839 12.083692 17
-44.010311 -736.897095 -1.909554 17
-45.682339 -745.902649 23.882948 17
-43.359245 -739.847839 22.401571 17
-44.691723 -740.097717 5.183727 17
-41.459942 -740.660217 11.636273 17
-42.121124 -740.889343 9.723864 17
-44.871384 -738.719604 1.635572 17
-44.018547 -744.823975 20.542339 17
-42.944408 -738.488342 8.295650 17
-46.201572 -742.765930 16.171198 17
-47.864380 -744.408630 24.858433 17
-43.485657 -737.376099 4.186447 17
-44.239262 -744.392700 23.798662 17
-45.840694 -743.955078 17.562458 17
-43.468819 -737.680969 5.476095 17
-42.542320 -738.593079 -1.536659 17
-44.749935 -740.305725 6.412098 17
-45.895645 -737.238159 16.355240 17
-48.091652 -743.181091 22.000858 17
-44.681080 -741.970581 12.368201 17
-43.276314 -741.318787 9.890966 17
-42.371277 -740.920715 9.027770 17
-45.787609 -739.931213 10.074117 17
-43.927860 -739.368164 15.654954 17
-44.645802 -741.194275 10.084130 17
-47.711727 -742.452698 19.253956 17
-42.769222 -742.856628 14.819690 17
-44.140514 -739.447205 1.363856 17
-46.597168 -745.706116 27.105473 17
-45.428120 -738.589722 8.356279 17
-44.936661 -737.519775 7.185154 17
-43.576511 -742.201599 12.090891 17
-46.966480 -741.940918 16.240713 17
-45.337490 -737.933533 8.465831 17
-44.049191 -737.179626 11.252001 17
-42.575699 -738.654480 -0.424562 17
-47.362423 -738.798828 19.225306 17
-43.140560 -739.303162 17.042757 17
-42.473656 -740.600647 8.849237 17
-42.516674 -743.711060 19.878815 17
-43.680386 -737.120239 2.650810 17
-46.978695 -746.193115 26.190874 17
-47.195698 -742.928406 26.097870 17
-44.624317 -740.908813 9.598585 17
-42.585526 -738.624573 0.302763 17
-43.857334 -737.294739 -0.691909 17
-44.494301 -737.202820 11.586842 17
-43.105862 -739.094849 13.195689 17
-45.428562 -741.413879 11.748475 17
-45.356236 -739.613098 7.804475 17
-48.048317 -740.986145 20.043694 17
-42.932362 -738.702698 7.767894 17
-44.799831 -740.601379 8.698502 17
-47.808285 -744.715881 26.770674 17
-47.064537 -742.186279 16.858791 17
-47.448460 -741.358215 25.061266 17
-44.166969 -740.192566 19.790142 17
-43.126888 -739.770081 16.934784 17
-46.207268 -741.519653 13.189566 17
-42.075962 -739.707581 7.627398 17
-47.773335 -745.111816 26.714199 17
-43.076160 -738.958069 14.570116 17
-47.654175 -744.314636 22.767967 17
-46.536804 -739.349304 21.404598 17
-44.445118 -739.156433 13.918653 17
-44.466282 -737.310303 8.658320 17
-45.582558 -745.699280 22.802607 17
-42.653702 -743.524963 18.118048 17
-42.582100 -743.347656 18.609016 17
-43.552135 -739.942688 19.784147 17
-47.840919 -740.444458 17.606974 17
-46.711872 -737.864136 18.771774 17
-48.089432 -743.245361 22.870234 17
-43.525196 -737.319580 8.301630 17
-47.347229 -742.093811 25.348246 17
-43.052959 -742.148926 12.224582 17
-47.975956 -743.011108 20.943502 17
-47.179764 -740.066284 14.812531 17
-44.915134 -737.961792 6.547591 17
-43.029381 -738.867432 11.990846 17
-44.323338 -737.937927 1.041554 17
-43.138439 -739.831299 17.529266 17
-43.743080 -739.362793 21.419655 17
-44.390171 -737.627747 -0.633572 17
-45.109806 -737.183899 8.612316 17
-43.425770 -739.507629 11.794851 17
-46.423183 -745.820007 23.577145 17
-43.188980 -737.093628 5.507995 17
-44.694626 -745.048340 24.488987 17
-46.656895 -739.026855 12.595159 17
-44.429424 -740.602112 24.142881 17
-41.632225 -740.792786 12.978353 17
-43.991787 -737.305664 9.479965 17
-46.422363 -740.728943 13.391016 17
-44.810066 -745.378845 24.813059 17
-42.696663 -743.682312 19.161674 17
-47.425674 -739.520874 14.955870 17
-42.581177 -743.186401 16.976067 17
-47.781860 -745.385620 26.243420 17
-45.356102 -738.964966 7.669693 17
-47.408825 -740.991394 16.794094 17
-43.078304 -737.661926 -0.118617 17
-43.878696 -739.673584 23.965815 17
-47.169437 -745.120239 23.328527 17
-44.050556 -737.541992 2.666913 17
-43.257969 -736.930298 4.073524 17
-43.295025 -737.510498 -1.554015 17
-45.654087 -743.779297 16.944977 17
-45.454155 -744.794678 19.936037 17
-46.742012 -738.086304 15.451793 17
-45.090389 -737.071106 11.999598 17
-47.505634 -742.567444 18.959349 17
-42.647076 -743.150452 17.385334 17
-42.093552 -742.573730 16.048706 17
-47.301880 -743.105957 19.391182 17
-43.385181 -737.109985 -1.047616 17
-47.435181 -744.662048 22.855997 17
-45.072475 -739.488586 6.469293 17
-44.069275 -737.244141 0.469715 17
-43.568161 -739.881653 14.902807 17
-44.884705 -742.249390 12.971538 17
-47.835106 -740.905823 17.953854 17
-44.596138 -737.772705 5.183487 17
-41.709610 -739.410400 9.454188 17
-42.688564 -738.262451 3.303848 17
-44.552280 -740.567017 7.275100 17
-47.272839 -742.604492 18.337637 17
-45.569801 -740.818726 9.858259 17
-43.171703 -739.139160 10.307880 17
-45.349838 -737.511963 10.367690 17
-47.810711 -740.044312 17.551115 17
-43.753025 -743.575256 15.491363 17
-44.120510 -739.743164 21.886864 17
-47.386147 -745.519104 24.894823 17
-46.561028 -743.150024 17.383350 17
-44.149773 -737.828857 0.201081 17
-46.463753 -742.395081 15.266493 17
-43.406353 -739.234863 1.834808 17
-48.167862 -744.224609 26.602005 17
-41.909771 -742.010254 14.679495 17
-41.570171 -740.197266 10.520928 17
-42.113426 -739.496765 8.964619 17
-48.355816 -741.068665 20.499918 17
-45.842381 -743.091919 16.236847 17
-45.525204 -739.898804 8.965779 17
-46.964527 -738.237793 18.216522 17
-47.021088 -742.846619 18.475889 17
-43.897427 -737.410095 10.192091 17
-45.642975 -737.852417 9.481426 17
-44.863735 -739.413391 14.360731 17
-45.640907 -737.341797 14.127154 17
-44.837852 -738.639343 4.334747 17
-48.331551 -742.202881 22.431967 17
-46.670254 -738.243164 19.727034 17
-44.217339 -737.602478 -2.014483 17
-46.055126 -739.173035 10.772719 17
-47.428391 -741.539856 17.691189 17
-42.556969 -739.857910 6.421881 17
-42.999176 -738.636047 12.654034 17
-42.538116 -743.090271 19.026882 17
-45.985046 -741.768982 12.709248 17
-44.507092 -745.282471 21.947163 17
-47.257137 -740.828125 16.089703 17
-43.199253 -738.225281 9.558157 17
-47.723061 -739.940063 16.533930 17
-42.968887 -738.873108 8.557403 17
-44.552891 -738.618408 1.340313 17
-46.454952 -738.177551 12.912509 17
-43.105301 -739.093689 14.922093 17
-42.379436 -743.480347 18.930988 17
-47.735561 -741.723633 19.426750 17
-41.642864 -739.883789 10.696247 17
-43.760990 -739.263245 -0.753784 17
-43.141594 -737.487305 2.965631 17
-47.345646 -745.141602 23.931843 17
-44.739113 -744.917847 19.019753 17
-42.553135 -742.130737 12.900888 17
-41.816223 -739.207703 8.342255 17
-45.486641 -741.900146 13.147782 17
-43.619526 -739.479919 2.760533 17
-44.315025 -737.293701 9.828889 17
-44.566574 -740.584167 7.701159 17
-43.782448 -740.151794 23.612411 17
-42.850639 -738.267151 11.687268 17
-46.172249 -739.554199 11.145680 17
-47.382507 -743.474609 26.374454 17
-47.624462 -739.609314 16.159719 17
-42.283859 -741.842896 11.885074 17
-42.471172 -738.019409 -0.638733 17
-42.331852 -737.927185 4.020025 17
-43.661415 -738.681885 12.533099 17
-41.859409 -741.134827 13.435779 17
-45.684925 -745.142212 26.655758 17
-47.942856 -740.686584 20.414667 17
-47.572113 -743.865906 21.564596 17
-43.505276 -739.710938 16.151464 17
-47.453823 -739.721497 21.552746 17
-47.875145 -744.922119 25.739586 17
-44.181789 -740.599915 23.298456 17
-42.378983 -742.575317 15.285249 17
-42.747833 -738.143188 -1.483079 17
-42.858463 -738.094849 5.785666 17
-43.768524 -739.174011 20.647057 17
-46.249928 -746.010925 26.056889 17
-42.863480 -738.057068 -1.968939 17
-45.307011 -740.164612 8.276313 17
-43.067921 -740.464417 7.404002 17
-45.077740 -740.703918 8.350584 17
-44.341938 -737.471802 -1.066852 17
-41.867149 -742.127014 15.777029 17
-42.943935 -739.517761 4.356487 17
-43.734577 -740.210693 21.930458 17
-47.190029 -744.484314 21.568653 17
-42.438015 -738.030640 0.371938 17
-47.392826 -743.317993 20.018736 17
-42.842930 -737.311401 3.368225 17
-47.657475 -744.243896 23.655655 17
-43.230789 -739.496704 18.257032 17
-46.747517 -737.954041 19.361200 17
-45.102467 -741.185059 9.998755 17
-43.026958 -739.478210 19.645655 17
-47.386513 -740.578552 16.289629 17
-48.151875 -740.693237 21.351526 17
-45.958775 -741.940735 13.970904 17
-45.712231 -740.722778 10.338277 17
-43.871880 -739.765442 22.640944 17
-42.760994 -738.960999 16.073044 17
-42.884628 -738.938904 -1.321484 17
-44.524040 -737.662476 4.656245 17
-42.815022 -739.053711 3.318198 17
-43.462681 -739.791443 12.439988 17
-44.207909 -736.967712 -1.654381 17
-43.444160 -739.660217 20.999659 17
-44.551750 -740.093689 16.893787 17
-43.081966 -738.778809 15.521982 17
-45.008877 -737.146484 14.229759 17
-46.374470 -738.968140 11.716504 17
-44.189072 -739.425781 16.255341 17
-43.645519 -736.947388 2.234575 17
-45.464691 -737.041626 13.972281 17
-42.903618 -738.405640 6.448203 17
-43.933109 -737.476501 1.516730 17
-45.404900 -737.491028 11.972502 17
-45.561829 -738.785522 8.925387 17
-44.303410 -736.895874 12.019519 17
-47.524101 -743.555237 20.967125 17
-46.837540 -742.869568 17.875147 17
-48.364578 -742.903015 23.916544 17
-46.777737 -738.466492 20.326929 17
-48.620743 -743.204102 24.509909 17
-46.712246 -738.228760 15.144627 17
-42.440464 -738.897949 0.093693 17
-43.288277 -741.929077 11.545985 17
-44.470493 -737.364014 6.227240 17
-47.554218 -740.641418 16.708233 17
-42.369289 -742.156372 12.468423 17
-43.926319 -740.287048 24.162336 17
-43.106853 -739.145691 8.175328 17
-44.853958 -737.897034 5.389150 17
-45.002949 -740.209778 8.078629 17
-42.946415 -740.853271 8.731448 17
-48.087856 -743.780396 23.684481 17
-43.317986 -736.975891 2.622952 17
-45.668625 -737.661377 11.464322 17
-42.723698 -742.492798 13.547467 17
-45.262318 -740.394531 9.252224 17
-46.394619 -741.526917 14.150228 17
-46.394249 -737.504456 17.999784 17
-43.973457 -744.316711 23.163055 17
-48.293308 -741.616760 20.605883 17
-45.146633 -738.482056 5.485309 17
-46.485298 -738.823425 12.124496 17
-42.958233 -738.628357 5.845460 17
-44.979279 -738.818237 5.487813 17
-42.160969 -738.676575 6.499420 17
-42.837399 -737.667358 3.801736 17
-46.073887 -737.610901 17.739660 17
-44.513161 -738.558777 0.922501 17
-42.833355 -737.425110 2.654255 17
-47.390091 -738.910156 18.847948 17
-45.990597 -739.900391 10.851575 17
-43.271343 -739.231140 -1.164604 17
-43.684025 -737.261597 7.555280 17
-43.971474 -739.825867 15.193430 17
-45.074665 -744.906311 19.993238 17
-42.303856 -738.355774 -0.444069 17
-45.838573 -737.987305 10.089272 17
-46.116959 -738.557495 10.919485 17
-47.326614 -743.815674 21.066362 17
-43.027000 -738.726257 13.282765 17
-46.527039 -741.765442 14.763470 17
-45.227802 -741.708313 12.354017 17
-47.283493 -744.537964 22.209003 17
-47.754509 -743.273376 26.515339 17
-47.263062 -738.649475 18.677946 17
-42.501163 -742.022217 13.650665 17
-43.101032 -739.362976 17.578844 17
-43.704540 -736.735779 1.204525 17
-48.618706 -742.578674 23.826336 17
-46.915848 -739.385742 22.134291 17
-46.827026 -745.640442 24.080191 17
-47.803555 -742.369873 19.738691 17
-47.649723 -744.738159 27.372866 17
-44.666813 -738.763367 2.299927 17
-43.592133 -737.244324 1.287398 17
-48.062092 -743.066895 22.561724 17
-43.167828 -738.550293 14.683191 17
-44.500957 -738.060791 -0.555113 17
-42.518116 -739.113525 2.545843 17
-43.900402 -741.950684 11.136977 17
-42.680302 -738.300171 -0.161146 17
-42.551338 -738.444031 4.272870 17
-45.304974 -742.950928 14.542184 17
-43.819019 -740.654846 7.798553 17
-46.896667 -738.281555 18.708298 17
-42.102058 -743.266907 18.292856 17
-44.640610 -737.242249 11.109611 17
-45.080582 -740.933960 9.010860 17
-41.466820 -740.234680 11.210902 17
-47.331017 -740.485352 23.605755 17
-48.317505 -740.521667 19.210068 17
-44.261719 -737.898865 -1.495736 17
-43.672630 -739.420288 20.449688 17
-46.528877 -742.094299 15.038575 17
-43.321758 -737.902527 9.670917 17
-44.889484 -738.661499 4.872081 17
-44.359493 -741.393066 10.034644 17
-43.535965 -739.089294 17.860992 17
-44.237198 -740.438171 24.370661 17
-44.932400 -744.664795 24.928074 17
-46.944763 -738.389648 15.659303 17
-43.543652 -739.340759 19.686359 17
-44.903713 -740.145325 7.699221 17
-44.160572 -737.237488 1.496066 17
-44.136475 -737.331177 0.033473 17
-43.204086 -739.012207 17.209000 17
-45.709110 -741.328979 11.147378 17
-44.987900 -742.619446 14.233221 17
-45.089676 -737.463440 9.248734 17
-47.106266 -744.216614 21.287544 17
-42.327518 -741.273987 10.227662 17
-46.915291 -740.335449 23.618055 17
-47.315884 -741.740479 16.823048 17
-46.289013 -738.003235 13.795723 17
-44.818676 -739.341431 4.241053 17
-41.827549 -740.247803 11.218146 17
-43.877663 -744.551758 22.636688 17
-43.893211 -740.408020 23.000727 17
-45.780087 -741.766541 13.263888 17
-45.284088 -738.237976 7.867762 17
-43.015579 -743.813110 20.639164 17
-44.585133 -741.659546 10.929753 17
-42.930634 -739.972900 5.898745 17
-46.732918 -739.874146 13.080188 17
-47.964951 -741.346863 19.011412 17
-47.492130 -739.037964 17.974167 17
-42.355366 -737.912781 5.264738 17
-44.848717 -741.690979 11.416891 17
-43.653904 -743.332947 14.877800 17
-47.900784 -741.422852 24.540659 17
-44.552937 -737.957886 -1.304523 17
-43.795399 -738.664551 10.946919 17
-41.836601 -739.928772 9.338202 17
-43.043053 -737.117188 1.275044 17
-43.169060 -739.454041 3.710680 17
-43.286839 -739.502747 12.824070 17
-44.903870 -739.918945 5.888385 17
-47.992661 -741.961426 20.622993 17
-47.174778 -738.975403 14.384534 17
-47.747501 -740.678528 21.702034 17
-43.515553 -740.240967 19.507137 17
-47.339287 -741.200928 16.496920 17
-44.686352 -739.577393 3.622479 17
-47.498184 -743.370911 20.682320 17
-43.899746 -739.566772 21.217606 17
-46.063793 -745.827087 23.492352 17
-47.312038 -741.281921 24.734793 17
-44.380108 -737.273560 9.506662 17
-48.122543 -742.383789 22.115145 17
-42.555901 -739.859009 5.550068 17
-46.394676 -745.089722 27.038544 17
-44.590019 -737.510498 5.813357 17
-47.041172 -738.919495 13.057420 17
-44.415974 -737.318115 6.927976 17
-47.740318 -740.626282 17.262403 17
-43.474026 -737.330139 4.527551 17
-47.148579 -743.911987 20.669813 17
-42.261028 -742.956116 15.919705 17
-45.521160 -741.013977 10.983160 17
-45.456314 -744.460510 25.906807 17
-45.331928 -740.577454 8.570143 17
-43.708740 -739.142090 16.270205 17
-42.131859 -740.977356 10.902966 17
-42.776989 -738.718140 14.182194 17
-45.988613 -738.486267 10.484564 17
-42.902302 -737.904297 -0.494380 17
-47.859734 -742.831299 26.028986 17
-46.464672 -744.781921 21.376230 17
-41.340660 -741.015808 12.753061 17
-44.062378 -737.560425 -0.902308 17
-43.640766 -740.044250 20.746271 17
-44.216114 -737.101685 6.354817 17
-45.700279 -744.549133 26.177433 17
-43.444817 -738.342163 11.541307 17
-46.433834 -740.034912 12.037692 17
-43.472713 -737.936218 8.970388 17
-43.491219 -737.128296 0.988280 17
-43.138981 -744.067688 18.943529 17
-44.290817 -739.401428 15.930923 17
-46.187866 -745.336914 26.728298 17
-42.397137 -739.522644 6.019485 17
-44.293339 -739.599243 2.526242 17
-43.216278 -743.926025 17.308470 17
-46.134689 -737.500061 15.867132 17
-44.117599 -740.594666 23.658997 17
-47.771225 -739.954407 17.203941 17
-44.142349 -739.599792 -0.751835 17
-45.076649 -738.165100 6.774729 17
-43.257141 -737.845154 6.595463 17
-44.517460 -738.021484 2.856190 17
-46.915005 -739.226196 21.581375 17
-43.694817 -737.292480 3.183779 17
-47.511070 -740.697021 24.266146 17
-42.702686 -739.207336 4.040242 17
-47.642818 -740.653931 23.329672 17
-43.674103 -739.112610 17.410280 17
-44.154114 -739.927368 16.512632 17
-45.243134 -739.102905 6.997522 17
-44.934860 -741.969910 12.698527 17
-43.467064 -739.190979 18.764496 17
-45.673199 -741.005920 10.567096 17
-43.893578 -739.524658 20.900270 17
-42.306965 -738.329651 1.072951 17
-48.579247 -743.724243 25.233795 17
-43.129028 -738.001343 6.075720 17
-47.160049 -738.622437 18.235531 17
-46.063774 -742.160950 14.464275 17
-43.032280 -738.432251 7.168335 17
-44.160114 -739.582947 20.218239 17
-43.229607 -739.252747 13.458771 17
-46.243450 -741.172791 13.184179 17
-42.349506 -738.962769 3.869841 17
-45.769619 -745.804932 25.719028 17
-48.355122 -743.919128 25.932335 17
-47.150837 -739.854675 14.488083 17
-42.766136 -738.139954 1.969060 17
-43.908203 -740.103333 19.612667 17
-45.269321 -740.144653 7.821216 17
-44.539394 -737.925598 3.592356 17
-44.410706 -738.400696 -0.424709 17
-43.371193 -739.145325 19.180561 17
-46.307175 -746.103699 24.872490 17
-46.105991 -740.264282 11.266469 17
-42.595642 -738.240906 -0.845266 17
-48.394119 -740.969849 20.058523 17
-46.023151 -742.577881 15.214611 17
-44.761509 -737.208862 12.593925 17
-44.005627 -740.064087 24.790728 17
-45.513733 -745.808594 24.621706 17
-45.863106 -737.543335 13.943370 17
-43.355278 -737.659058 5.077353 17
-47.577702 -745.572205 26.485254 17
-43.096722 -738.720276 16.364933 17
-44.791142 -738.806091 3.920421 17
-47.861401 -744.605347 27.143385 17
-48.326878 -741.649231 21.441584 17
-42.579182 -737.772949 1.395923 17
-44.893661 -744.370422 17.627686 17
-44.010975 -739.511353 22.951639 17
-46.998833 -739.739197 13.861694 17
-45.458092 -737.621399 9.824250 17
-44.178902 -737.311951 7.220474 17
-41.986637 -738.833130 7.177375 17
-46.810402 -739.182251 12.905089 17
-43.271832 -739.995605 5.632989 17
-44.608826 -738.702881 1.822755 17
-44.532692 -738.163757 1.925073 17
-43.649551 -740.956970 8.265023 17
-45.904221 -741.525879 12.052372 17
-47.996223 -741.054626 21.457521 17
-45.069672 -737.084656 11.247550 17
-42.819759 -743.330078 16.654278 17
-43.009876 -738.056641 5.433110 17
-48.224888 -740.586304 19.940601 17
-44.245510 -745.198792 21.764740 17
-45.570087 -740.499451 9.784133 17
-44.392784 -739.848450 4.384997 17
-41.880493 -741.395447 12.875666 17
-43.260220 -740.114441 20.680689 17
-42.455482 -740.386780 8.209645 17
-44.637550 -739.387817 15.362402 17
-43.405579 -739.760437 18.633101 17
-45.649078 -737.598633 10.672914 17
-43.870644 -739.290161 16.841026 17
-42.373211 -739.408325 4.490046 17
-43.435318 -737.968323 10.034065 17
-47.453217 -739.758301 15.430721 17
-42.374554 -739.276733 -0.539969 17
-44.543167 -739.376526 2.297028 17
-45.545475 -737.045166 14.837290 17
-42.976513 -737.462830 1.181258 17
-46.258568 -744.611816 20.795813 17
-47.204018 -738.605225 15.382855 17
-45.419994 -737.484802 11.647693 17
-47.613674 -745.468506 25.974661 17
-44.298016 -739.357483 0.115327 17
-47.580143 -740.995300 17.400742 17
-41.704674 -740.584167 11.149056 17
-48.019760 -741.333923 23.924297 17
-47.933514 -742.404419 20.236860 17
-48.033714 -742.663391 20.978979 17
-46.652916 -738.636963 11.900507 17
-43.424789 -739.943970 15.904334 17
-44.927643 -738.989014 4.553020 17
-47.510738 -742.867615 19.472815 17
-42.333023 -738.255920 1.571411 17
-43.009949 -742.400208 12.999546 17
-43.456093 -739.527344 9.338560 17
-43.800491 -740.377625 6.487833 17
-43.697338 -738.967834 12.809503 17
-44.072811 -737.622559 -0.553772 17
-46.477074 -745.570068 22.959381 17
-47.623344 -741.146851 24.891392 17
-44.771912 -743.133179 14.688293 17
-48.558590 -743.532104 24.877056 17
-43.120205 -738.395691 10.073172 17
-47.029697 -745.477600 24.300518 17
-45.369743 -737.764038 8.757844 17
-44.062992 -739.142090 12.801922 17
-43.937229 -740.058411 19.251532 17
-43.975327 -741.314880 9.680476 17
-43.153473 -738.960144 17.824112 17
-47.463680 -743.862000 27.097065 17
-42.326538 -738.440369 5.943669 17
-42.657093 -739.404785 4.922235 17
-43.257545 -743.631470 21.320105 17
-45.552559 -742.674194 14.883956 17
-44.120388 -744.974792 23.515118 17
-44.866501 -737.834351 5.723384 17
-44.345776 -742.095093 11.735598 17
-42.488503 -740.237671 7.488663 17
-43.756878 -743.226440 14.343903 17
-46.513535 -739.356812 12.245273 17
-46.371986 -742.703613 15.725429 17
-44.187290 -736.983826 10.029785 17
-42.899151 -737.998962 2.460618 17
-42.301128 -741.513062 10.901468 17
-43.977776 -737.075806 -2.197572 17
-45.956535 -745.070557 26.390129 17
-43.292095 -736.892334 3.492363 17
-43.243309 -738.541809 16.035610 17
-43.019135 -743.861938 18.545551 17
-42.907520 -737.904236 -1.118251 17
-45.015270 -745.760193 23.711300 17
-47.500412 -740.145203 15.936625 17
-46.762817 -738.664246 12.589406 17
-42.509586 -739.099426 4.556435 17
-44.247894 -740.309082 20.643909 17
-43.620686 -739.250244 0.971707 17
-42.771923 -742.690430 14.121274 17
-45.855644 -745.892090 26.170509 17
-43.124043 -738.243591 10.968996 17
-44.278576 -739.036377 -1.572513 17
-42.923080 -738.947815 2.190615 17
-48.520248 -744.320557 25.480236 17
-42.072086 -740.594482 8.648620 17
-44.144791 -744.988892 22.418600 17
-43.604744 -739.603638 13.933015 17
-42.518444 -738.112732 5.702463 17
-44.940975 -744.927368 19.452860 17
-41.498287 -741.504211 13.876547 17
-46.225922 -738.690430 11.308854 17
-43.940903 -737.221008 2.197383 17
-43.311077 -744.306152 19.724142 17
-43.247791 -739.441711 -0.773309 17
-47.986019 -744.385559 24.294638 17
-45.643913 -739.975098 9.418202 17
-43.601143 -738.815430 15.524466 17
-45.217739 -743.875122 17.335674 17
-43.161228 -738.206909 7.669791 17
-43.078556 -743.647766 16.797155 17
-45.748535 -737.714417 12.531699 17
-45.861076 -737.961365 10.846599 17
-43.007011 -737.466614 2.109492 17
-45.583729 -739.299377 8.797535 17
-43.844608 -736.818726 0.322772 17
-47.269764 -739.324768 14.483822 17
-46.866978 -738.100281 16.676458 17
-43.091221 -737.879395 4.006102 17
-43.314518 -744.477295 20.482252 17
-48.275421 -744.384766 25.932470 17
-44.812508 -737.262207 11.696453 17
-43.034397 -737.969055 4.728336 17
-47.585320 -742.015442 18.685186 17
-48.118649 -743.423950 26.004553 17
-43.340584 -737.825378 7.510128 17
-42.628479 -738.218994 5.282481 17
-44.573647 -745.330017 22.347097 17
-48.113346 -741.544922 23.592770 17
-42.666126 -737.842102 2.922739 17
-42.972443 -743.062561 15.006984 17
-48.276531 -740.643433 19.602488 17
-46.866352 -738.983398 20.895464 17
-48.301323 -743.043396 25.429817 17
-44.743225 -739.873901 4.675139 17
-44.724590 -740.327393 7.511202 17
-45.774395 -739.521484 9.730968 17
-48.436710 -742.613037 24.512377 17
-48.484894 -742.196899 24.110506 17
-48.232109 -740.790527 20.892288 17
-44.014389 -739.355164 -0.183405 17
-43.729836 -737.353699 5.016845 17
-44.458569 -738.117065 0.618186 17
-48.215298 -741.753357 24.192133 17
-45.802002 -737.015381 15.303540 17
-48.103073 -743.068909 25.826815 17
-42.998062 -739.055481 10.894252 17
-42.769955 -737.589417 1.563512 17
-42.808395 -737.177917 1.869031 17
-46.150635 -739.246521 11.082018 17
-42.983772 -739.374512 18.966911 17
-46.440140 -738.399597 11.726239 17
-45.020405 -737.170044 10.730144 17
-47.604801 -744.920837 23.727955 17