-47.649681 -741.700195 18.675219 17
-42.187992 -738.244202 -2.233841 17
-41.646919 -739.707031 9.118596 17
-47.583633 -746.010620 27.356319 17
-43.994141 -739.737793 24.851732 17
-45.331165 -737.064697 14.278749 17
-41.768143 -742.410950 15.925801 17
-45.008045 -738.864868 3.632415 17
-44.319134 -745.188904 22.230959 17
-48.456593 -742.289734 23.810816 17
-45.627724 -741.678101 11.905879 17
-43.230587 -739.241150 19.825300 17
-45.841213 -738.111694 9.214141 17
-44.737087 -744.605286 18.061687 17
-46.693474 -737.692749 18.158165 17
-46.690331 -739.407776 21.737547 17
-47.171410 -740.349915 15.130136 17
-43.580708 -736.796997 0.899819 17
-41.971394 -741.367065 12.401432 17
-42.277103 -737.867920 5.787168 17
-43.063862 -739.021423 16.250507 17
-44.873013 -740.393250 6.763934 17
-43.319157 -738.056091 11.640030 17
-47.194962 -745.462646 24.023922 17
-45.015186 -743.106506 14.922647 17
-47.239983 -744.109253 20.970665 17
-44.322266 -739.648376 -0.045207 17
-42.620186 -743.297119 19.889814 17
-46.992638 -743.097778 26.335445 17
-46.805099 -738.799561 12.296030 17
-44.227612 -741.136780 9.456774 17
-44.933521 -737.602905 6.606045 17
-42.442020 -738.714722 2.542237 17
-44.125717 -740.546448 22.079849 17
-48.478828 -741.469604 21.210323 17
-44.930775 -744.327332 24.866215 17
-43.788040 -739.826660 13.844259 17
-43.501171 -737.132629 8.641681 17
-44.635288 -737.603455 -2.111249 17
-43.426792 -736.807861 3.798684 17
-46.498970 -743.033997 16.907799 17
-47.906418 -739.642822 17.380421 17
-44.513092 -740.223389 18.028566 17
-42.492466 -740.079041 6.906546 17
-46.851318 -740.523376 23.934551 17
-46.829060 -738.113098 15.798307 17
-47.739723 -739.610718 19.679525 17
-43.092144 -739.682129 4.623065 17
-43.025539 -742.756348 13.852730 17
-45.858910 -739.946899 10.471303 17
-42.419216 -738.501221 -0.035183 17
-42.675453 -743.478333 17.687031 17
-45.333065 -744.931885 20.237097 17
-46.022579 -745.997620 25.788254 17
-48.613182 -744.082886 25.241117 17
-45.408234 -737.508423 11.305751 17
-46.590874 -743.643555 18.967974 17
-46.252960 -741.738525 13.876998 17
-44.688835 -738.375427 1.596680 17
-43.619312 -741.881531 11.312199 17
-43.368904 -739.378906 10.080676 17
-44.906590 -739.545166 15.457597 17
-47.775745 -743.976990 22.860092 17
-46.273228 -745.229126 22.273947 17
-43.493015 -739.668823 -1.793150 17
-41.725086 -741.296814 14.349678 17
-45.453838 -739.903015 8.580368 17
-41.616505 -739.989624 11.032047 17
-43.340588 -743.483643 15.779832 17
-44.902313 -739.698792 20.580877 17
-45.320423 -745.819885 23.784985 17
-47.379810 -741.386169 16.823660 17
-43.380951 -743.701965 21.664524 17
-42.976681 -738.835938 8.209518 17
-47.142181 -738.846924 14.092733 17
-47.441116 -741.700317 25.208660 17
-44.420361 -737.841003 -0.324222 17
-43.359863 -738.772217 18.011900 17
-44.989872 -739.154114 5.417116 17
-46.378777 -744.746887 27.019220 17
-44.446526 -737.097534 12.734827 17
-42.340492 -741.158875 9.890572 17
-42.873196 -738.407349 13.353238 17
-43.525730 -739.815247 12.090092 17
-44.710564 -742.448425 13.190721 17
-47.839993 -742.731934 20.088043 17
-44.056171 -737.065186 10.296882 17
-44.971218 -743.834167 16.513062 17
-46.593006 -738.360046 20.052439 17
-46.499794 -740.428589 12.745143 17
-43.715675 -744.578125 19.619686 17
-44.390259 -737.612488 4.977235 17
-47.800888 -740.538940 22.512806 17
-48.082989 -744.454346 26.852713 17
-46.586430 -742.106018 15.489726 17
-42.313786 -738.248291 4.157423 17
-43.206253 -737.252075 -1.324535 17
-42.981209 -740.779541 8.395468 17
-43.886944 -739.512939 2.503453 17
-42.811623 -737.091614 2.292127 17
-47.544163 -745.409363 25.639576 17
-44.050724 -743.964722 23.267061 17
-43.386497 -737.864563 6.962635 17
-45.286900 -738.969055 7.312739 17
-45.858303 -737.251343 16.706924 17
-48.093903 -742.898743 21.756601 17
-43.314571 -739.115845 1.093890 17
-45.051128 -737.195862 8.242402 17
-44.391949 -740.746216 23.600842 17
-45.860073 -737.687012 12.861665 17
-43.413479 -738.427734 14.871930 17
-44.183578 -737.780701 2.916054 17
-43.342503 -739.466003 21.359953 17
-47.849895 -740.101624 21.080572 17
-46.299191 -738.483887 10.659253 17
-48.328651 -740.979553 19.740305 17
-45.177402 -741.361084 10.516376 17
-42.068134 -739.808289 -1.920630 17
-42.839275 -738.153015 9.582992 17
-47.370197 -738.916077 18.478657 17
-44.372704 -740.699524 8.068938 17
-42.388432 -738.036926 1.315080 17
-43.667320 -740.138000 6.042375 17
-43.609016 -739.615173 23.015783 17
-43.390099 -736.996765 5.794595 17
-42.057949 -738.730896 6.877625 17
-43.550373 -739.945557 15.324813 17
-47.532623 -739.294312 16.026123 17
-44.167015 -740.191589 19.435867 17
-47.126755 -738.518860 17.128403 17
-43.460316 -740.021851 17.161722 17
-44.633453 -740.057007 4.426186 17
-48.144058 -742.839478 25.628233 17
-44.488609 -739.097229 12.921314 17
-45.816765 -743.736023 17.839254 17
-47.940815 -740.352783 18.537506 17
-43.194969 -742.329346 12.513313 17
-42.319336 -739.464478 5.703962 17
-44.405586 -738.899048 -1.181323 17
-44.109325 -744.919556 20.935022 17
-43.408886 -744.525269 18.204374 17
-47.062630 -742.757019 18.103998 17
-48.233822 -743.607239 24.049641 17
-43.083267 -739.541016 -0.519955 17
-45.671898 -744.695862 25.891941 17
-48.451927 -741.895203 22.542679 17
-46.293110 -737.905334 14.628429 17
-43.130547 -739.928711 18.696083 17
-42.400002 -741.398193 11.192581 17
-42.103382 -742.401794 17.292038 17
-45.556210 -744.506714 19.040733 17
-46.927841 -740.055664 13.881866 17
-45.490936 -737.081543 15.519568 17
-47.928684 -741.111694 23.647268 17
-46.402870 -744.309082 20.067196 17
-44.218822 -736.933960 11.520970 17
-43.818954 -738.324280 10.533294 17
-42.557159 -742.625000 14.993044 17
-46.042625 -740.564636 11.534321 17
-41.993088 -739.531128 7.919627 17
-44.460464 -739.541748 1.191055 17
-45.763493 -743.012451 15.902814 17
-45.472412 -740.686218 9.554528 17
-46.587727 -740.088257 22.734835 17
-45.206253 -737.484924 10.042981 17
-43.013527 -737.324829 -0.044317 17
-43.854076 -743.338806 14.623515 17
-43.186153 -737.651184 4.789845 17
-43.100449 -739.341614 3.403186 17
-43.528282 -740.300354 20.460449 17
-46.276512 -746.079224 24.484970 17
-43.031456 -737.844727 3.276500 17
-44.132809 -737.042175 7.442396 17
-46.302116 -744.945374 21.105947 17
-47.263096 -739.104187 20.713404 17
-44.497234 -740.003662 16.564526 17
-45.199883 -745.336365 21.346365 17
-44.513538 -742.062866 12.066865 17
-42.215061 -741.927917 13.496089 17
-44.091461 -737.339294 1.811853 17
-42.472786 -742.959045 18.714579 17
-42.656879 -738.693176 -1.200363 17
-47.262173 -745.028809 22.941429 17
-44.470566 -745.041565 23.454149 17
-45.714764 -739.241211 9.534765 17
-44.997574 -745.476440 25.086733 17
-43.128689 -739.111511 11.180955 17
-47.827621 -744.665710 24.593155 17
-43.192711 -744.233154 20.646261 17
-44.793755 -739.219788 14.042439 17
-44.779137 -738.657654 0.482922 17
-46.506321 -745.964539 26.838020 17
-46.279980 -739.379150 11.461374 17
-43.510792 -741.519775 10.228192 17
-45.348598 -742.384155 14.119142 17
-42.608402 -743.097290 16.563194 17
-45.259975 -745.629333 22.666233 17
-44.468746 -737.313110 9.184999 17
-47.587856 -740.305725 16.518702 17
-43.134907 -739.165161 7.027935 17
-41.323086 -740.549316 11.948417 17
-45.431641 -738.259888 8.201589 17
-44.329147 -737.598633 0.768393 17
-48.249435 -742.936157 22.855820 17
-46.336685 -745.768066 23.234068 17
-47.148724 -743.940796 27.157673 17
-46.781853 -741.300781 14.765185 17
-44.586361 -737.900330 3.913083 17
-43.023514 -738.824768 12.347178 17
-43.765095 -736.775208 2.698110 17
-47.184837 -743.581543 19.923136 17
-46.141754 -738.081421 11.848841 17
-47.171711 -744.678589 21.923538 17
-44.386242 -739.738953 3.418944 17
-43.447437 -740.493347 7.159918 17
-43.860989 -736.847046 -0.490348 17
-47.316734 -742.820068 19.164099 17
-43.664177 -737.052124 -2.266546 17
-44.644333 -740.168335 5.547363 17
-44.936291 -738.760864 2.571769 17
-43.471630 -739.482300 9.014627 17
-44.887527 -739.906982 21.628778 17
-46.647205 -738.354004 13.245607 17
-44.110176 -739.368347 18.516617 17
-41.634064 -740.872803 13.397432 17
-46.036339 -741.427124 12.891467 17
-47.306091 -745.003601 27.461075 17
-41.842815 -740.200562 10.033319 17
-42.934517 -744.014160 19.191101 17
-43.108360 -739.101501 14.121250 17
-47.269062 -738.804016 15.147009 17
-42.078896 -740.739807 8.933365 17
-47.761185 -740.831543 17.628174 17
-44.877914 -738.143982 5.722820 17
-46.787525 -738.223450 19.044264 17
-42.917130 -738.609436 6.197675 17
-47.253426 -741.071106 15.834110 17
-42.346317 -738.636902 5.102690 17
-44.099838 -739.285095 14.770065 17
-47.400604 -741.886047 17.689569 17
-46.773602 -739.485168 13.055523 17
-45.006557 -738.500977 4.593205 17
-48.166706 -741.796692 20.300024 17
-48.185265 -743.718018 26.120661 17
-43.755733 -744.364380 22.338598 17
-48.489693 -742.877136 24.697359 17
-42.843311 -738.205383 10.770913 17
-41.484016 -742.000854 15.032216 17
-44.026421 -739.037720 11.709724 17
-43.226929 -743.913635 16.970901 17
-44.633556 -744.909180 19.363760 17
-44.324825 -740.478394 21.030088 17
-47.623741 -743.762268 21.902765 17
-46.866253 -742.178772 16.521479 17
-45.775570 -742.474609 15.023275 17
-45.217144 -739.948792 7.562445 17
-42.329571 -739.044739 1.049398 17
-44.133286 -737.686035 -1.258623 17
-47.856052 -745.435547 26.615011 17
-46.942345 -742.451050 25.593113 17
-43.805115 -740.020386 23.917189 17
-43.611275 -739.061157 17.093601 17
-45.095333 -738.863220 6.358923 17
-48.147755 -744.685425 25.881342 17
-47.744766 -743.283203 20.893560 17
-43.968735 -739.377991 16.019882 17
-43.329651 -739.371155 13.129394 17
-44.454590 -743.636719 15.511454 17
-48.142128 -741.711670 24.519577 17
-44.028919 -743.069336 13.711245 17
-44.278599 -737.332886 5.967427 17
-42.740417 -739.069336 -2.082414 17
-47.438053 -741.080505 24.470699 17
-43.050072 -737.772949 -2.111810 17
-43.279423 -741.129089 9.378331 17
-44.570496 -739.976685 22.702791 17
-45.405018 -737.179565 12.182711 17
-45.122921 -740.825256 8.669670 17
-44.500004 -741.555359 11.238050 17
-43.266159 -737.930908 7.897357 17
-47.685989 -744.585815 23.662104 17
-43.988945 -739.489685 20.553413 17
-46.625496 -737.856995 16.677015 17
-43.149494 -737.455261 1.517681 17
-43.867210 -739.917908 5.086427 17
-46.617050 -740.900452 13.634696 17
-44.442623 -744.233215 24.060644 17
-45.157730 -737.130249 13.327740 17
-47.306473 -738.786377 19.609413 17
-43.603767 -740.531067 22.889952 17
-44.581699 -740.351868 24.414263 17
-43.114716 -739.103943 1.997321 17
-44.419537 -738.489136 -2.009872 17
-42.726284 -737.841309 -0.811155 17
-47.054737 -745.679199 24.906277 17
-48.010754 -742.321106 21.027851 17
-45.909035 -745.376648 26.476734 17
-47.433273 -739.919006 21.926006 17
-45.064049 -737.786865 7.499748 17
-43.861084 -739.665344 22.102169 17
-42.635002 -741.832397 11.975624 17
-45.996273 -737.774536 13.773406 17
-43.098270 -739.166809 15.313116 17
-45.696178 -743.418152 16.920900 17
-48.050735 -740.814880 21.676722 17
-42.455704 -739.126099 4.241693 17
-47.314713 -739.614075 14.635704 17
-48.071262 -740.912964 20.651608 17
-43.512379 -738.912598 18.994167 17
-45.268051 -741.961304 12.663165 17
-43.164749 -737.904663 5.670059 17
-43.227699 -738.043823 8.781734 17
-47.268250 -746.042480 26.346922 17
-45.077785 -744.160706 17.376629 17
-42.121372 -740.387817 8.108607 17
-45.502918 -739.001648 8.653486 17
-47.816952 -742.120056 19.432085 17
-46.519730 -739.737000 12.235006 17
-42.002258 -740.750000 10.710796 17
-43.447372 -739.170105 0.236826 17
-42.840618 -737.949646 0.540887 17
-42.601494 -738.605957 3.413213 17
-46.234024 -737.606995 17.416351 17
-43.877495 -737.397034 4.249920 17
-46.219574 -737.553528 15.540449 17
-47.380745 -740.405518 23.246475 17
-42.546162 -737.898499 2.206307 17
-44.772163 -745.312927 24.273275 17
-44.015095 -744.275024 17.671034 17
-42.120686 -742.151550 14.422287 17
-43.674950 -737.440979 9.455492 17
-43.745739 -739.657532 3.986830 17
-44.721340 -737.266418 10.784966 17
-47.822342 -739.558716 18.822342 17
-44.737770 -739.603516 19.763256 17
-44.349739 -741.272278 10.354915 17
-43.013130 -739.902222 5.475848 17
-43.450260 -738.221741 12.757865 17
-43.248600 -739.604919 17.877348 17
-42.866833 -737.015381 3.193540 17
-48.066624 -740.223328 20.153666 17
-45.058220 -739.672180 6.130864 17
-44.414074 -738.842041 -0.336983 17
-44.569878 -739.233093 1.961694 17
-43.065517 -739.591492 20.567574 17
-45.732574 -740.722534 10.740364 17
-45.314411 -737.503418 8.946305 17
-43.618408 -736.975830 4.959085 17
-43.571751 -744.468323 21.424511 17
-45.845116 -738.496094 9.952320 17
-46.490128 -743.343384 18.182480 17
-45.704472 -737.892456 10.559759 17
-43.948814 -736.896057 -1.407622 17
-42.509678 -742.764038 15.802356 17
-48.123005 -740.277100 19.338411 17
-43.668282 -739.265381 -1.100458 17
-46.349270 -742.044678 14.616870 17
-44.780693 -739.214478 18.076410 17
-42.515923 -742.462952 12.945108 17
-43.803982 -740.989868 8.592937 17
-45.673161 -742.064697 13.427109 17
-42.176792 -738.064148 -1.424818 17
-44.250771 -737.284241 8.351901 17
-42.509193 -739.293457 0.051452 17
-44.921230 -739.307617 4.596441 17
-43.800407 -737.218811 6.672663 17
-43.848881 -737.272522 0.204637 17
-46.037712 -741.014771 12.207337 17
-42.035278 -743.106812 17.999163 17
-47.029453 -738.431335 17.932085 17
-43.050823 -738.929443 9.400974 17
-43.445522 -736.809814 1.897193 17
-43.810417 -739.418640 1.689531 17
-48.084320 -741.017944 18.958586 17
-43.613724 -738.700928 13.442017 17
-43.482590 -739.976135 16.362103 17
-43.731827 -740.170044 21.482861 17
-45.955711 -739.165710 10.378263 17
-46.952610 -742.481567 17.285727 17
-46.002022 -744.001343 18.589621 17
-43.779713 -739.046753 12.499753 17
-42.755760 -743.729309 18.440802 17
-47.171814 -738.601257 16.336802 17
-47.576912 -738.986877 17.655357 17
-43.279152 -738.494019 15.702209 17
-42.908909 -738.486633 7.486943 17
-47.613087 -739.114441 16.792583 17
-43.207630 -740.066833 19.765945 17
-48.127888 -741.245728 22.884621 17
-48.025387 -745.351013 27.379137 17
-46.793819 -746.179382 25.704376 17
-41.858982 -741.008972 11.634581 17
-42.219158 -739.415466 6.502496 17
-43.128292 -743.064087 14.631416 17
-44.696831 -742.882202 14.238017 17
-43.071983 -737.534546 3.992158 17
-45.630943 -745.916931 24.906584 17
-48.243763 -742.115234 21.825634 17
-43.354748 -737.264099 7.491029 17
-46.512203 -742.693848 15.996698 17
-46.603279 -738.818298 21.012209 17
-45.422848 -741.234924 11.285651 17
-44.743763 -738.241821 3.186595 17
-42.865696 -737.157898 0.847414 17
-46.647369 -745.420288 27.409306 17
-47.661522 -740.437927 24.100986 17
-43.942829 -739.390930 19.570141 17
-43.449013 -739.769043 14.578727 17
-48.062904 -742.162048 25.242731 17
-42.838409 -739.131226 17.156338 17
-45.447319 -745.469116 25.739717 17
-43.671143 -737.488953 3.498627 17
-43.581165 -738.166809 9.768922 17
-42.769382 -740.386292 7.561942 17
-45.615822 -745.563660 21.972263 17
-47.607399 -743.571045 26.610304 17
-43.357178 -738.371033 14.107821 17
-42.356091 -738.980713 1.817785 17
-44.364288 -737.992126 2.191731 17
-44.131401 -739.230591 -1.826795 17
-41.630039 -740.628845 12.641868 17
-42.836613 -740.024414 6.220873 17
-46.596077 -738.274414 14.039377 17
-41.728947 -742.632507 16.680504 17
-44.091331 -745.137939 20.206896 17
-45.775433 -737.296509 14.851245 17
-43.058376 -738.704407 10.232521 17
-46.102524 -744.109009 19.392008 17
-44.835613 -740.634705 7.483392 17
-45.693993 -739.978271 9.723410 17
-44.606167 -739.419617 2.771838 17
-42.902790 -743.528931 20.555168 17
-43.909946 -740.048462 18.751963 17
-43.080551 -744.195068 19.908331 17
-45.415833 -744.301392 18.237753 17
-46.333546 -738.226501 12.597093 17
-46.522923 -738.629883 11.516327 17
-45.322472 -738.360901 6.871742 17
-42.404488 -739.313171 -0.883808 17
-47.953598 -739.739258 18.107702 17
-44.267643 -739.986145 15.116972 17
-44.866398 -740.950256 9.872565 17
-42.748764 -741.352905 10.477739 17
-42.864998 -738.814392 0.486383 17
-45.117565 -743.390503 15.660058 17
-46.922520 -740.712769 14.278322 17
-43.718407 -738.550110 11.242552 17
-48.375938 -742.980103 23.587223 17
-45.362507 -739.313965 7.998246 17
-47.478191 -739.956421 15.688964 17
-44.262371 -739.744568 21.182175 17
-47.676640 -739.685242 20.502155 17
-47.309933 -739.506409 21.330101 17
-42.345055 -739.475708 4.883670 17
-47.543312 -742.704895 26.100651 17
-44.172226 -739.150696 13.612725 17
-44.485725 -745.218933 21.478586 17
-44.265488 -740.250977 20.330564 17
-44.142021 -740.389038 6.955207 17
-42.195259 -738.806946 6.103283 17
-43.534145 -742.722534 13.320018 17
-42.861870 -738.842407 -0.527952 17
-44.004452 -744.812561 22.852726 17
-43.529346 -744.325439 18.922916 17
-44.287743 -739.626404 -1.186406 17
-46.972626 -739.521851 22.503489 17
-44.703491 -737.206604 11.997112 17
-43.246140 -743.918152 17.853277 17
-43.864731 -739.948242 17.768736 17
-48.276356 -741.342346 22.108912 17
-46.598831 -744.356873 20.756374 17
-47.051704 -741.772766 15.936578 17
-43.400494 -739.634155 10.779053 17
-45.159225 -744.841370 25.389378 17
-42.202770 -739.495667 7.209536 17
-43.857883 -742.330933 11.918063 17
-48.441799 -743.384277 25.208784 17
-48.259499 -741.797119 23.315979 17
-44.081757 -739.385376 0.578200 17
-42.873978 -743.175415 15.292693 17
-42.065731 -739.336365 8.595787 17
-43.237873 -739.280396 2.705774 17
-44.100945 -737.901184 1.366082 17
-46.852032 -738.299866 14.791054 17
-43.305119 -739.439453 8.014112 17
-44.423985 -740.702576 8.783010 17
-48.155106 -744.045410 24.676470 17
-42.529655 -741.816650 12.691637 17
-47.973499 -743.347107 22.354193 17
-47.809681 -741.118530 18.291199 17
-44.927349 -744.731079 18.725077 17
-42.355782 -743.616028 19.313440 17
-41.677540 -741.589478 13.182625 17
-45.239582 -740.457397 8.067325 17
-43.130756 -739.240479 18.502628 17
-44.684307 -738.274536 -1.396482 17
-47.095135 -738.943420 13.399990 17
-44.457848 -739.950684 15.806429 17
-44.200485 -742.471619 12.564226 17
-43.809105 -739.273193 -0.415061 17
-44.800770 -739.442505 14.705439 17
-46.212555 -743.265259 17.511942 17
-42.345741 -743.082581 17.216806 17
-41.681942 -739.552368 9.840856 17
-45.657429 -745.038635 20.884439 17
-42.111992 -738.076660 -0.515990 17
-42.450531 -738.080872 2.973058 17
-44.113823 -739.418640 16.670719 17
-41.680950 -741.831787 13.909446 17
-42.174191 -737.972961 4.971788 17
-47.506729 -742.339783 18.465670 17
-41.915508 -738.949158 7.547178 17
-42.722870 -738.304382 -1.787820 17
-45.718388 -744.599976 19.767462 17
-46.065624 -738.064453 11.163211 17
-47.750370 -743.906250 23.631826 17
-44.312431 -738.162048 0.274467 17
-46.326859 -746.140564 25.188295 17
-44.675175 -745.344360 22.849874 17
-43.472027 -740.389404 22.154102 17
-47.585857 -745.224243 24.912085 17
-44.263260 -740.705505 22.801971 17
-41.844318 -741.810669 15.596079 17
-46.312199 -737.814453 18.715038 17
-43.769493 -737.405762 2.416141 17
-46.872105 -745.304993 23.417608 17
-44.304611 -740.017517 17.219246 17
-47.417500 -744.456238 22.567966 17
-44.532021 -738.855103 1.086964 17
-45.923145 -745.758118 22.649778 17
-47.088509 -739.805908 23.130659 17
-47.010372 -743.147766 18.653818 17
-44.733406 -739.519043 3.969761 17
-43.701267 -744.625732 20.426302 17
-43.316219 -737.229919 -0.661434 17
-43.567265 -740.745972 8.009084 17
-43.856682 -739.201233 17.710155 17
-48.057728 -743.462097 23.224684 17
-42.044380 -740.218384 9.361686 17
-44.035049 -737.327515 10.918393 17
-42.741646 -740.845154 9.031270 17
-43.048393 -743.585938 16.403120 17
-46.043903 -745.923279 23.813334 17
-43.128391 -739.698059 15.786448 17
-46.087711 -739.957092 11.166566 17
-43.062241 -741.666138 10.973877 17
-43.103111 -739.173523 -1.447312 17
-47.920910 -744.432800 25.213078 17
-47.608196 -744.413391 27.333298 17
-43.202030 -739.495667 19.184887 17
-45.122169 -739.719055 6.782774 17
-46.769825 -737.993530 17.495508 17
-46.568604 -744.823120 21.710609 17
-43.794281 -739.540527 3.202762 17
-46.051701 -737.128235 16.019163 17
-47.932339 -741.457703 19.524315 17
-47.474789 -739.411560 15.310089 17
-44.528248 -738.213501 0.939202 17
-44.679211 -737.272217 7.139707 17
-43.865269 -737.410889 5.383262 17
-43.219856 -739.802185 21.926113 17
-46.087357 -744.716797 20.475143 17
-43.379810 -737.645752 6.335650 17
-43.210754 -739.234985 11.822415 17
-44.940052 -741.610352 11.716938 17
-42.004051 -739.991821 8.647935 17
-43.902504 -737.296448 1.185404 17
-43.435463 -738.021667 10.957139 17
-43.262695 -739.497375 16.754099 17
-44.103703 -737.001648 9.649158 17
-47.272545 -740.135498 22.602217 17
-43.087261 -737.645996 2.500833 17
-43.731457 -739.125000 15.411262 17
-42.287487 -738.285339 0.622423 17
-46.281933 -740.387268 12.104309 17
-48.301579 -742.525024 22.335882 17
-42.849430 -738.021179 -0.136729 17
-44.808346 -739.778870 5.041555 17
-47.863960 -739.632446 16.492252 17
-42.946220 -738.643066 8.826259 17
-44.587128 -737.345947 7.798003 17
-42.496967 -742.339783 13.933508 17
-47.042252 -739.416443 13.816086 17
-46.260529 -742.661133 15.410872 17
-44.885307 -738.026855 5.048739 17
-45.308891 -738.389221 7.577214 17
-42.048916 -742.419800 15.360588 17
-46.611023 -743.789185 19.631359 17
-46.966511 -743.960205 20.396173 17
-42.859257 -738.770935 14.842324 17
-44.346191 -738.301147 -0.768807 17
-43.045757 -738.629944 11.728294 17
-46.049671 -742.920776 16.476238 17
-44.880630 -745.445068 21.936634 17
-45.856514 -745.120483 21.579845 17
-46.624496 -745.296387 22.832594 17
-45.424271 -740.812927 10.198715 17
-47.200851 -741.918640 17.059471 17
-41.387463 -739.906128 10.434764 17
-46.580795 -741.255676 14.161905 17
-44.219971 -737.339294 -0.725781 17
-43.290379 -737.489868 0.528197 17
-43.618515 -743.421082 15.204044 17
-42.894577 -738.473328 6.841120 17
-42.649387 -738.403809 5.610426 17
-44.131882 -737.273926 -1.873458 17
-43.013630 -737.886414 -1.419973 17
-45.061359 -737.219116 9.458588 17
-43.608837 -738.481995 12.202763 17
-47.098316 -738.661865 20.293539 17
-47.563900 -742.307068 25.591227 17
-45.607346 -737.914246 9.816758 17
-45.953026 -744.660400 26.569729 17
-47.818928 -740.276245 17.271273 17
-44.085346 -739.911011 14.403348 17
-48.554405 -742.273926 23.032038 17
-44.517021 -740.250061 18.793322 17
-45.119907 -738.123474 6.301026 17
-43.348206 -739.993530 20.975674 17
-45.530708 -740.206604 9.146658 17
-47.784706 -744.824524 26.430061 17
-44.595745 -737.312195 10.094281 17
-46.969208 -741.443176 15.399668 17
-42.833515 -738.323792 12.680377 17
-43.281590 -738.050903 10.306113 17
-47.448414 -739.172180 20.083481 17
-45.066051 -737.202637 12.722371 17
-44.854706 -744.939148 24.798801 17
-47.595757 -740.784973 17.013136 17
-42.693180 -739.088623 3.008289 17
-42.853134 -738.890259 1.436901 17
-43.380234 -737.038696 4.386490 17
-45.545055 -743.507141 16.213551 17
-42.409298 -737.991028 3.590806 17
-43.743198 -737.514709 8.058262 17
-47.327606 -740.876892 16.445763 17
-44.916805 -740.733032 9.264691 17
-47.556587 -739.061951 19.099819 17
-48.528393 -744.172974 25.861179 17
-41.936169 -742.073853 16.433212 17
-47.599819 -745.008789 24.123398 17
-46.860233 -744.424927 21.340761 17
-43.232533 -739.413208 12.471002 17
-48.165165 -741.621094 23.907703 17
-41.699390 -740.441223 11.461287 17
-46.390820 -737.648376 16.140865 17
-47.125233 -743.396240 19.283121 17
-44.078403 -744.563293 23.422245 17
-45.946716 -742.240356 14.144133 17
-46.814388 -744.931580 22.367535 17
-45.642788 -738.697937 9.252398 17
-44.111694 -739.551270 23.684475 17
-42.976364 -739.406860 3.994762 17
-45.695587 -737.657959 11.838478 17
-46.811497 -743.016968 17.556646 17
-42.698528 -738.039734 4.583144 17
-46.043522 -745.963806 26.421658 17
-44.459614 -739.746765 2.277394 17
-45.565937 -737.342957 13.753172 17
-47.160625 -738.626099 15.731934 17
-46.723244 -738.859924 12.916995 17
-43.854187 -739.270569 21.100637 17
-43.434151 -739.693970 11.471805 17
-44.041340 -739.807434 4.515158 17
-43.195286 -742.029419 11.856639 17
-44.845222 -737.283875 11.386982 17
-42.307987 -739.976807 7.572313 17
-44.649113 -737.627014 5.508182 17
-42.485874 -738.369019 1.831195 17
-45.517845 -742.981873 15.229880 17
-45.887222 -737.550659 14.303785 17
-46.150433 -738.934631 11.016253 17
-47.380226 -740.496765 15.951600 17
-43.560951 -739.081665 20.305294 17
-47.007000 -738.166992 19.604963 17
-43.991623 -740.255310 24.495985 17
-47.455379 -743.259949 20.372410 17
-44.431797 -739.916687 22.136093 17
-47.925453 -740.317017 17.930138 17
-44.183300 -737.891968 -1.821491 17
-42.660110 -739.090454 7.403699 17
-47.378147 -743.053833 19.720604 17
-44.878414 -742.507507 13.780838 17
-47.054066 -740.174194 14.487416 17
-48.345406 -742.300415 24.588583 17
-44.388699 -737.345093 6.570072 17
-47.506012 -743.650696 21.312674 17
-43.165607 -743.816345 21.072172 17
-43.826477 -740.126526 19.932364 17
-46.550114 -737.906494 15.183528 17
-43.400230 -737.195923 2.915517 17
-48.400982 -743.487183 24.614235 17
-44.940681 -745.419861 23.542631 17
-46.516556 -745.307983 26.841911 17
-43.040306 -738.956299 13.536117 17
-42.576763 -738.951843 6.649269 17
-44.318489 -739.366577 15.521482 17
-47.351616 -745.536804 26.928572 17
-45.309448 -742.649231 14.678007 17
-43.910549 -740.432739 23.438908 17
-44.696606 -740.089355 7.279730 17
-48.608051 -742.768494 24.112379 17
-46.698551 -740.372253 23.380632 17
-42.072353 -741.522522 11.856725 17
-43.483826 -738.614258 16.275620 17
-46.743984 -740.311157 13.373081 17
-45.539074 -745.766052 23.156340 17
-44.595287 -737.969238 4.523483 17
-44.488720 -743.279846 14.630559 17
-44.016064 -744.947876 21.782639 17
-47.285076 -740.129639 23.748631 17
-43.632374 -739.986389 19.341770 17
-43.542442 -736.771667 0.137443 17
-43.043812 -738.815308 12.963802 17
-42.652985 -742.705872 14.429156 17
-47.185291 -738.364380 18.506918 17
-45.737389 -745.926880 24.314598 17
-46.384224 -740.910278 13.058099 17
-43.629395 -740.032349 22.588964 17
-45.552319 -739.564758 9.072216 17
-45.407837 -737.393250 10.722205 17
-44.752323 -738.508423 4.023007 17
-43.738857 -743.837585 22.576300 17
-43.356003 -739.439148 13.700437 17
-47.323185 -744.138062 21.564014 17
-47.754169 -744.224365 24.118437 17
-43.122826 -738.756287 16.766157 17
-47.390846 -745.091675 23.596842 17
-47.437462 -741.293579 17.390741 17
-46.128727 -737.688049 18.073696 17
-42.339745 -740.752563 9.476522 17
-44.392654 -740.245544 6.447315 17
-45.173786 -744.797913 19.689735 17
-47.942142 -743.191162 26.122080 17
-48.392460 -744.472412 26.367336 17
-43.578518 -739.856995 18.314857 17
-47.786800 -740.765869 23.045851 17
-46.504391 -739.184326 11.975929 17
-47.840366 -744.989441 25.392801 17
-47.787148 -744.914246 27.067177 17
-44.434250 -739.084351 0.234976 17
-45.596420 -737.983398 8.714428 17
-47.799274 -740.363831 21.925138 17
-45.899475 -741.135742 11.592923 17
-42.840733 -738.077332 4.007127 17
-42.615856 -739.119202 3.664842 17
-43.228569 -737.444275 5.365002 17
-44.062511 -737.507141 9.904620 17
-46.706955 -745.732910 23.766691 17
-44.705772 -742.210144 12.665554 17
-44.745163 -738.836914 3.131214 17
-42.962193 -742.535034 13.299371 17
-42.865063 -743.160034 16.047482 17
-44.803120 -737.365967 8.725546 17
-44.697540 -738.419373 -0.059977 17
-47.627235 -744.471008 23.108223 17
-45.302895 -737.691406 8.159077 17
-42.871689 -738.244507 11.338519 17
-45.169022 -745.701721 24.585394 17
-44.308971 -739.242188 -0.724843 17
-43.522293 -742.978760 14.045260 17
-42.862965 -737.811218 1.093900 17
-47.770504 -743.919250 27.115196 17
-43.200077 -739.592834 -1.077436 17
-42.730549 -743.398926 18.939819 17
-47.384636 -739.047852 14.631772 17
-47.129833 -738.685242 18.980198 17
-43.725876 -736.873291 3.256830 17
-46.263836 -737.945251 13.280597 17
-44.349800 -737.527771 0.194776 17
-45.526337 -743.833191 17.339672 17
-43.184326 -739.148804 8.671861 17
-42.037449 -740.739258 10.120842 17
-42.424782 -738.499390 -0.704594 17
-47.974949 -742.756836 20.678680 17
-43.291180 -744.020203 18.434206 17
-43.509708 -740.316589 6.624695 17
-48.169655 -741.804199 20.853853 17
-44.243633 -740.661743 7.526469 17
-44.253532 -737.739441 3.474874 17
-47.192322 -740.874084 15.309155 17
-42.706989 -739.561096 -1.819314 17
-42.786579 -737.961731 5.136215 17
-44.182751 -741.861084 11.588635 17
-42.886723 -743.457031 16.985241 17
-42.740387 -737.479736 1.893261 17
-45.969090 -737.801758 12.313856 17
-42.322582 -738.653015 4.539401 17
-46.842171 -745.742249 24.386520 17
-46.034790 -739.510254 10.827450 17
-45.635769 -741.589478 12.446954 17
-44.536556 -744.776062 24.127033 17
-44.915478 -738.551270 5.235822 17
-46.568905 -746.034363 26.239807 17
-46.351460 -739.908630 11.735541 17
-44.669186 -738.255127 2.647319 17
-42.209465 -742.817566 16.304485 17
-43.275352 -739.039673 17.538349 17
-43.475300 -737.322021 -1.804590 17
-41.729717 -741.304504 13.744317 17
-43.926895 -737.299561 8.981634 17
-48.230705 -741.226501 20.213718 17
-42.272633 -738.776245 -2.198813 17
-44.030094 -736.867249 0.583163 17
-42.817184 -738.917114 15.723599 17
-44.192036 -739.173340 14.165393 17
-44.996349 -738.676086 5.788803 17
-41.728760 -740.901917 12.180331 17
-43.840988 -739.123840 13.031750 17
-43.859848 -739.362671 1.148777 17
-43.085388 -738.099304 6.477760 17
-47.737457 -742.643372 19.554150 17
-44.894714 -738.709900 2.009013 17
-44.151962 -737.065613 4.805607 17
-46.275192 -741.323181 13.494837 17
-45.415104 -738.762329 7.970356 17
-47.103958 -745.739685 27.415966 17
-44.580372 -744.316040 17.538334 17
-44.713669 -737.652893 6.110300 17
-42.863060 -738.131104 8.374056 17
-42.900997 -741.210693 9.877807 17
-43.685398 -737.351868 -1.022559 17
-47.633968 -739.278931 18.168846 17
-43.317688 -737.997192 9.316664 17
-42.550838 -738.546997 1.087338 17
-44.062729 -739.899048 16.180489 17
-47.908287 -742.156799 19.986929 17
-46.597164 -741.740784 15.097910 17
-43.659107 -737.469238 5.906171 17
-41.698257 -741.136292 12.885658 17
-47.689945 -745.734802 26.168587 17
-44.459183 -739.698303 20.271137 17
-43.198074 -739.282776 14.652691 17
-42.464897 -739.063965 -1.554715 17
-47.869995 -745.160034 25.992563 17
-43.518814 -739.799316 12.848693 17
-44.114887 -740.511719 23.992403 17
-42.196190 -738.020386 0.108886 17
-44.127312 -739.452393 19.069233 17
-41.895027 -740.078491 10.555335 17
-42.467113 -740.530823 8.487348 17
-45.253315 -737.171936 14.850619 17
-41.776291 -741.493225 14.857552 17
-45.054264 -741.912659 12.152533 17
-43.496185 -744.179260 21.906528 17
-47.591579 -741.639648 18.127882 17
-43.894569 -739.923401 16.723740 17
-42.285900 -738.937256 5.584435 17
-45.180843 -745.323608 20.808973 17
-42.325111 -738.833984 0.457324 17
-47.902451 -741.279663 24.230127 17
-48.029053 -743.912231 26.607845 17
-44.735737 -739.323853 3.427744 17
-42.984837 -740.276794 6.913174 17
-47.111191 -741.368103 24.969976 17
-44.787342 -740.178223 6.077530 17
-48.205879 -740.994080 21.156515 17
-43.917805 -740.187683 20.845882 17
-44.117958 -739.821716 22.954966 17
-44.392082 -742.757629 13.484106 17
-47.913113 -740.660889 19.869612 17
-42.334179 -742.669739 17.978331 17
-48.183212 -742.601135 23.278269 17
-44.732685 -743.758728 15.934047 17
-47.019817 -740.796936 14.800809 17
-47.694839 -741.447815 24.812431 17
-43.225708 -739.564148 17.319637 17
-48.394646 -743.718079 25.615719 17
-45.050362 -738.911682 4.261506 17
-43.366512 -739.730530 20.147856 17
-44.678658 -741.356812 10.777763 17
-47.390072 -743.687195 20.666830 17
-43.841846 -744.293823 22.853142 17
-47.164085 -741.742737 16.486744 17
-45.201183 -742.161072 13.154348 17
-46.979309 -738.304749 15.327149 17
-45.703087 -740.380310 10.072613 17
-46.379917 -738.531860 12.013906 17
-44.571526 -737.713745 -0.951404 17
-43.610550 -741.345642 9.746837 17
-43.322895 -738.184387 13.486515 17
-43.338230 -736.992310 1.337551 17
-46.049938 -745.178345 27.018873 17
-43.122246 -739.423340 9.572609 17
-46.851357 -739.203674 21.253777 17
-44.812523 -740.228638 22.285370 17
-43.719852 -737.335022 -0.351755 17
-47.678959 -739.928345 16.876026 17
-44.223927 -737.130432 12.256635 17
-45.314571 -739.860718 8.074915 17
-42.215805 -743.406799 18.631193 17
-46.477573 -742.627747 16.530684 17
-45.195927 -739.488586 7.264426 17
-43.161407 -739.130737 -0.194656 17
-42.837502 -743.632629 19.528454 17
-45.256157 -745.036560 25.945614 17
-48.056232 -740.346619 20.668859 17
-43.078217 -739.107361 -0.921850 17
-42.290287 -741.177490 10.658942 17
-46.228481 -742.216858 15.102907 17
-48.091965 -740.984558 22.437891 17
-46.781021 -739.357605 12.498350 17
-42.520214 -743.197449 18.193441 17
-44.308025 -739.801025 4.047162 17
-46.302231 -737.473145 16.917496 17
-45.551456 -737.447205 13.224155 17
-46.074951 -741.875488 13.157216 17
-43.926720 -739.622437 21.587591 17
-47.422386 -744.202148 22.072023 17
-46.788776 -738.629089 13.665833 17
-43.630146 -739.991516 5.549020 17
-45.808105 -739.568970 10.043192 17
-47.010712 -741.970032 25.328278 17
-42.366974 -738.967651 -0.419820 17
-43.063644 -738.672791 10.745811 17
-46.897202 -738.160400 16.361769 17
-45.344734 -741.135193 9.763288 17
-43.355991 -739.849426 5.056170 17
-45.633080 -741.260376 10.818789 17
-47.594578 -740.678894 23.646536 17
-45.154583 -737.384399 11.787459 17
-48.315422 -741.959900 21.340923 17
-46.746410 -738.092346 18.492125 17
-46.604118 -739.879761 12.711051 17
-43.793724 -737.343262 7.205867 17
-47.673580 -742.257507 18.938377 17
-42.636761 -739.579773 5.303278 17
-44.616234 -737.765076 -1.569514 17
-45.145893 -740.306458 8.546468 17
-47.284531 -742.305420 17.972607 17
-43.737175 -742.552246 12.764708 17
-44.017704 -739.385498 17.243504 17
-43.698471 -739.138245 16.588058 17
-47.859898 -743.328247 21.613438 17
-44.081532 -740.033386 18.258842 17
-43.179764 -737.378845 3.486603 17
-41.950836 -739.034424 8.063736 17
-43.628529 -736.816284 -0.952592 17
-42.902588 -738.263428 12.087204 17
-44.330002 -739.605286 1.668861 17
-43.055660 -738.643127 14.366824 17
-42.788738 -737.920959 1.591914 17
-43.588562 -738.959412 15.895155 17
-44.924107 -739.709229 5.624764 17
-44.701893 -736.875916 13.108848 17
-43.553707 -737.891052 8.327896 17
-43.523438 -744.600525 20.908182 17
-46.646244 -742.144653 15.999562 17
-43.190739 -739.189270 10.665525 17
-43.330952 -737.162659 2.340846 17
-42.498363 -738.686646 3.978333 17
-43.634346 -739.152466 18.468142 17
-44.082203 -740.064209 5.763496 17
-48.039730 -742.289673 20.508831 17
-43.406410 -739.542297 15.033063 17
-47.367805 -739.886292 15.077213 17
-42.101353 -741.956116 12.467089 17
-43.516537 -739.384583 20.752523 17
-43.204609 -738.089661 7.368222 17
-46.041962 -738.192505 10.310297 17
-43.861610 -739.574036 -1.466115 17
-42.810944 -738.149231 10.145545 17
-45.612507 -745.843506 25.409290 17
-45.545940 -738.494263 8.689985 17
-46.461536 -738.146606 19.424246 17
-42.692802 -737.588013 -0.368716 17
-47.783295 -743.834656 22.380039 17
-43.260849 -740.960449 8.782842 17
-45.222805 -743.920471 16.954905 17
-42.706470 -738.724854 2.118553 17
-43.433701 -738.739624 15.273889 17
-46.856327 -739.822510 13.402517 17
-43.839409 -739.780090 24.360981 17
-48.336575 -742.827698 25.158125 17
-43.093624 -739.446411 1.614590 17
-47.254719 -745.358948 24.513948 17
-43.505619 -739.319641 2.217744 17
-42.144543 -741.668640 13.008450 17
-48.467033 -741.687805 21.802553 17
-44.255226 -736.924316 -2.212115 17
-43.643379 -744.786499 19.100452 17
-47.625565 -739.956604 16.163235 17
-46.888798 -742.752136 26.005486 17
-43.711742 -737.245178 0.706779 17
-45.409920 -744.038513 17.819265 17
-45.529350 -737.422852 12.617908 17
-43.996342 -739.830994 15.522265 17
-44.744736 -739.800110 21.049742 17
-43.134342 -739.351501 -1.961092 17
-46.174198 -737.578186 15.035776 17
-42.920830 -739.237732 17.832293 17
-44.345253 -737.598694 4.331914 17
-43.223801 -739.481506 16.224035 17
-44.381310 -737.413818 11.277225 17
-44.567322 -738.923706 1.566067 17
-44.775745 -740.372253 7.903336 17
-45.121346 -737.091125 13.829054 17
-43.861538 -739.416931 20.058487 17
-45.006744 -739.230286 5.913120 17
-42.846676 -743.723755 20.015610 17
-43.519547 -737.644165 8.836189 17
-44.998718 -737.869324 7.012271 17
-42.292271 -739.786987 6.202616 17
-43.598637 -739.510193 22.498117 17
-42.713764 -740.499084 8.039242 17
-48.079338 -742.746460 21.278202 17
-43.595585 -737.679016 7.620119 17
-46.939476 -739.706482 22.035238 17
-48.035172 -739.995361 18.913635 17
-43.663712 -736.857117 -1.804880 17
-41.801861 -741.768616 14.403880 17
-45.326458 -737.638062 9.515142 17
-44.027893 -743.265259 14.160971 17
-43.112572 -739.066284 7.761042 17
-42.798882 -737.518311 2.994112 17
-46.109917 -743.656189 18.248461 17
-44.495770 -739.307068 15.077764 17
-43.783829 -741.189636 9.242470 17
-41.938450 -740.812561 11.186484 17
-48.266941 -741.338440 20.781378 17
-42.174202 -742.774475 16.814157 17
-43.573521 -739.097229 19.460335 17
-44.739269 -743.350464 15.250405 17
-42.679520 -739.217224 2.165984 17
-48.262241 -740.740723 20.237610 17
-47.324635 -742.744324 18.663364 17
-42.767059 -738.837036 0.011779 17
-43.049797 -743.620483 17.403816 17
-46.985668 -738.684937 14.532736 17
-45.311768 -742.366760 13.638590 17
-43.697418 -740.109863 23.074699 17
-44.674221 -739.114990 13.576986 17
-47.618641 -741.225159 17.846615 17
-43.688202 -739.784302 23.465124 17
-47.516808 -745.442078 27.495703 17
-43.306812 -740.602417 7.609152 17
-45.915588 -740.282959 10.868257 17
-45.849545 -744.120056 18.138741 17
-43.840416 -737.404602 2.917291 17
-48.364899 -743.158691 24.258743 17
-43.748158 -743.816895 22.091333 17
-48.204845 -742.065979 24.161634 17
-44.017818 -741.419739 9.975543 17
-47.515312 -743.127014 26.346960 17
-44.907413 -739.000549 4.963901 17
-46.881470 -738.098450 17.004007 17
-43.086437 -737.596558 -0.993026 17
-45.393852 -740.719666 9.058597 17
-47.916660 -740.542175 18.974325 17
-42.675800 -739.782715 5.852970 17
-47.955421 -740.389648 21.447277 17
-44.014709 -736.862061 -0.010623 17
-42.763592 -738.188843 -1.146052 17
-43.909336 -739.346375 0.129340 17
-43.915722 -739.795837 14.849200 17
-41.997261 -742.258057 14.908099 17
-47.679939 -739.995789 21.526678 17
-44.975651 -741.537842 11.148442 17
-47.158733 -739.697449 14.184909 17
-43.323872 -738.104431 12.290672 17
-45.152252 -739.234070 6.717233 17
-45.697544 -745.108276 26.129091 17
-46.749825 -743.531677 18.537741 17
-48.114563 -740.769043 19.362810 17
-47.184208 -740.731567 24.251999 17
-47.603291 -739.247131 17.262161 17
-43.053471 -738.538818 9.795200 17
-43.120476 -739.951721 19.175562 17
-42.908615 -738.056396 2.845478 17
-47.286346 -745.653931 25.316599 17
-46.455208 -741.582825 14.473652 17
-42.822754 -738.671753 13.858951 17
-44.510227 -739.581116 19.320614 17
-42.578972 -738.268555 6.059297 17
-47.304028 -738.606384 17.556837 17
-44.066532 -743.570679 15.126727 17
-45.814594 -740.950073 11.157929 17
-44.711910 -744.195984 17.071524 17
-44.762035 -740.539612 8.346800 17
-43.267914 -737.355469 1.051607 17
-45.867764 -739.015564 9.916365 17
-43.548145 -739.715881 4.414223 17
-42.582642 -743.210571 19.427620 17
-47.492565 -739.489197 20.884647 17
-43.223869 -744.201111 17.484047 17
-45.411934 -737.943970 7.766207 17
-47.996849 -740.000671 19.713556 17
-42.555183 -737.724426 0.176413 17
-47.437519 -739.002991 15.534278 17
-43.620312 -738.634277 12.864159 17
-41.689579 -740.409363 10.834786 17
-44.129910 -744.070618 23.713455 17
-44.118946 -741.012207 8.970467 17
-47.903137 -743.531555 22.778778 17
-42.737568 -738.278625 2.425442 17
-47.202915 -741.379395 16.198961 17
-47.508865 -739.213867 19.550797 17
-47.840515 -741.626831 19.098295 17
-44.147530 -737.861938 -0.771488 17
-46.192303 -741.013367 12.642016 17
-42.536491 -742.255615 13.374655 17
-43.928513 -744.706421 20.020838 17
-44.185806 -739.581848 2.893535 17
-43.654755 -739.182007 0.659589 17
-43.661327 -738.531860 11.740805 17
-47.561111 -745.879578 26.666395 17
-46.873951 -740.520813 13.820420 17
-45.709576 -742.429382 14.553070 17
-43.788048 -737.340027 4.706886 17
-46.620663 -738.532532 20.635296 17
-44.693737 -738.488342 -0.538045 17
-43.801083 -737.048096 1.578381 17
-45.040348 -744.827271 19.168516 17
-42.905968 -738.942932 0.966232 17
-43.337921 -738.692200 17.197813 17
-44.141663 -738.023804 0.697298 17
-44.344410 -736.996033 11.022529 17
-44.351372 -738.716736 -1.597429 17
-45.697666 -737.795898 11.060311 17
-44.165161 -737.107605 6.937599 17
-42.408001 -743.071655 17.725233 17
-45.666157 -745.624695 26.117188 17
-44.363697 -739.834595 21.624075 17
-43.108204 -739.045837 9.879596 17
-41.828770 -739.290222 9.036367 17
-42.742493 -741.001526 9.466093 17
-44.856266 -745.497986 22.446970 17
-43.684647 -737.207397 2.019007 17
-42.156628 -742.025452 13.965055 17
-41.968277 -739.651672 9.494578 17
-43.284271 -737.402161 -2.257257 17
-44.277939 -739.145203 12.527798 17
-44.099915 -739.498596 2.071980 17
-43.408020 -739.171997 -0.591088 17
-41.431538 -739.936218 9.938324 17
-43.571953 -739.699707 13.388872 17
-46.762417 -742.492432 16.863129 17
-43.620087 -739.723206 15.776248 17
-44.238369 -737.051941 8.760912 17
-43.846886 -744.899597 22.423645 17
-46.565536 -739.741028 22.428427 17
-45.801289 -742.639771 15.484780 17
-42.274876 -738.459473 -1.831217 17
-42.823322 -738.960754 2.570728 17
-48.215286 -744.328491 25.555889 17
-46.344250 -738.436829 11.142486 17
-44.242180 -741.478699 10.840649 17
-42.115486 -739.925781 8.185088 17
-45.135235 -740.097595 7.033028 17
-43.108318 -737.213318 1.931947 17
-42.056908 -742.294373 16.860737 17
-44.161842 -737.611755 3.897039 17
-47.375748 -738.723083 18.003019 17
-42.326923 -738.235779 5.318500 17
-44.656784 -739.087952 2.390696 17
-48.267334 -743.272827 25.637972 17
-44.251827 -739.581482 19.856792 17
-44.584747 -738.414124 2.190479 17
-45.880695 -737.332458 15.300142 17
-45.088650 -744.348389 17.891109 17
-45.296547 -744.475708 18.671812 17
-42.220734 -739.171143 6.886755 17
-46.910271 -745.635315 26.935896 17
-44.076393 -737.582642 -0.167555 17
-47.355251 -738.745789 16.782129 17
-42.737724 -739.365295 0.429736 17
-46.083443 -742.658264 15.842312 17
-42.669121 -739.327332 0.911294 17
-42.724144 -737.312073 1.428030 17
-43.486343 -739.543762 3.637135 17
-47.872765 -739.810974 19.293690 17
-42.562141 -737.992432 -2.140739 17
-47.518555 -738.986328 16.377155 17
-43.002605 -738.263550 9.140681 17
-47.893894 -741.784485 25.065418 17
-42.347633 -739.000122 4.813323 17
-44.351364 -741.076599 9.876290 17
-45.001144 -737.402222 10.436331 17
-42.757786 -742.081177 12.406919 17
-46.475147 -737.734558 17.774019 17
-46.224072 -737.878967 14.132094 17
-42.972183 -738.327942 7.904161 17
-43.108181 -739.824829 18.248810 17
-44.432167 -739.227112 0.854319 17
-44.679352 -738.538025 -1.025794 17
-47.908066 -740.671936 18.223698 17
-46.752041 -745.028259 27.090523 17
-44.064606 -737.800171 1.914382 17
-45.474964 -739.449768 8.548077 17
-42.097076 -740.450989 9.754990 17
-42.683598 -739.367737 4.544722 17
-43.842548 -737.565491 8.527248 17
-43.445683 -736.727600 2.397089 17
-44.363045 -739.916443 4.818294 17
-45.172337 -738.788208 6.879938 17
-48.398003 -743.786560 24.973862 17
-43.918629 -737.181946 6.202984 17
-43.093319 -737.758972 0.212601 17
-42.248077 -738.077332 -0.976564 17
-43.369587 -739.521667 14.148924 17
-42.958473 -737.111511 2.773878 17
-44.232815 -744.783691 23.784039 17
-42.982319 -737.527954 -1.732703 17
-44.976883 -737.345032 7.514460 17
-47.006359 -738.529663 19.866222 17
-42.758076 -743.245178 14.828374 17
-43.681118 -741.720032 10.582771 17
-45.371563 -743.633179 16.606583 17
-45.647034 -739.129883 9.088469 17
-45.023830 -745.219727 20.384871 17
-43.434208 -737.290466 3.842765 17
-43.117310 -737.627991 -0.496293 17
-43.089432 -738.637451 11.201193 17
-43.070759 -737.643250 6.009597 17
-47.795536 -739.858032 20.092752 17
-44.285732 -737.514282 1.232200 17
-42.634144 -738.488831 -2.171152 17
-47.743549 -739.464722 17.747231 17
-41.997406 -741.268677 10.982255 17
-44.027668 -737.792114 2.419234 17
-46.229755 -743.981873 18.981609 17
-44.673344 -736.954041 12.360371 17
-47.972740 -740.633911 21.062149 17
-45.898762 -743.571716 17.332981 17
-44.305363 -738.150024 -1.214521 17
-42.425728 -741.701660 11.598225 17
-47.163700 -746.041016 25.906572 17
-47.803711 -741.273621 18.730997 17
-43.940804 -742.811707 13.078609 17
-48.086491 -739.942444 17.746216 17
-44.192432 -737.457153 10.459897 17
-47.685005 -740.901794 24.041397 17
-46.275105 -745.633911 26.634615 17
-46.483822 -744.802429 20.682407 17
-46.133976 -743.266541 16.963120 17
-43.382282 -744.460083 20.169275 17
-43.291969 -737.092224 0.702921 17
-48.120197 -741.364014 23.324322 17
-48.264256 -741.292358 21.671207 17
-48.198257 -742.444153 22.751341 17
-42.680023 -738.245056 0.256057 17
-46.142914 -745.321350 21.846807 17
-42.231441 -740.315796 8.821950 17
-48.010654 -741.743530 19.879377 17
-44.360718 -738.515991 0.573828 17
-42.279064 -738.201660 4.587813 17
-42.623501 -738.598999 2.942552 17
-45.365299 -744.506042 25.589605 17
-42.320885 -739.305969 -1.881586 17
-42.686993 -737.877197 -1.719303 17
-44.450027 -739.430359 -1.628676 17
-47.550896 -740.220581 22.247231 17
-45.250092 -742.802307 14.167193 17
-42.193588 -738.039185 1.788584 17
-43.465927 -740.084473 17.895216 17
-43.024418 -738.592041 15.222367 17
-45.883167 -737.742065 13.331901 17
-43.583195 -737.101746 9.149742 17
-44.350166 -738.089661 1.684856 17
-45.713528 -741.760742 12.926019 17
-41.818268 -740.541748 11.866951 17
-48.103043 -742.929199 22.268879 17
-43.307926 -739.672974 19.604116 17
-46.305653 -743.613037 18.651423 17
-46.766140 -738.065979 17.957375 17
-44.869308 -745.088135 19.800320 17
-43.849243 -744.809814 21.364796 17
-43.686268 -739.013306 15.007907 17
-44.015491 -737.639160 0.460810 17
-44.486240 -738.031921 -2.095580 17
-45.082787 -743.587646 16.132204 17
-41.663406 -742.182983 15.450753 17
-45.731834 -741.240723 11.976870 17
-44.196640 -739.819458 22.531044 17
-43.502083 -739.873108 18.914852 17
-43.110474 -738.287781 5.911234 17
-48.176838 -743.432312 23.645870 17
-42.630676 -738.123230 0.887996 17
-43.474228 -739.243103 1.490116 17
-46.531292 -737.817139 15.654930 17
-46.028973 -744.549744 20.056360 17
-42.231133 -739.246155 6.072035 17
-45.931690 -737.862854 11.509865 17
-43.443928 -737.454956 6.781310 17
-44.304752 -740.072876 17.677025 17
-45.946697 -745.510803 22.288235 17
-43.525021 -739.796692 17.536011 17
-41.379890 -740.916870 12.432389 17
-45.001274 -740.046936 6.520448 17
-44.709385 -738.200928 3.622661 17
-44.988956 -745.589783 24.014982 17
-46.023884 -742.081909 13.663034 17
-46.513515 -739.761719 21.965351 17
-46.806728 -743.981934 19.959671 17
-47.425629 -738.855164 17.200010 17
-43.960472 -739.628296 3.584141 17
-44.347382 -742.653625 13.077001 17
-43.959049 -737.130005 5.739130 17
-43.232746 -744.278076 21.075010 17
-47.246258 -740.514343 15.536491 17
-47.067215 -742.621643 17.671827 17
-46.628613 -738.454529 12.792078 17
-47.433830 -744.038452 22.599424 17
-47.225742 -744.854675 22.438667 17
-44.365444 -737.432495 -1.539067 17
-48.180172 -744.072083 24.249052 17
-46.020123 -741.417664 12.343938 17
-46.505623 -738.168701 13.608904 17
-46.315868 -745.579712 22.687975 17
-46.003487 -738.733459 10.285518 17
-42.624531 -742.796387 15.379463 17
-42.395290 -739.158386 5.229045 17
-42.216343 -739.987183 6.567134 17
-47.621555 -739.203308 18.684921 17
-43.880878 -739.941711 17.254345 17
-43.818218 -742.410217 12.361523 17
-46.875641 -743.157349 18.247078 17
-43.442699 -737.241150 7.967666 17
-42.370113 -742.390076 14.668737 17
-43.121346 -739.270508 15.775038 17
-43.708004 -738.883362 12.089170 17
-47.870049 -739.856750 18.502874 17
-43.452694 -737.199585 0.047259 17
-43.169312 -738.118469 9.883790 17
-48.217491 -741.676880 22.913065 17
-44.122375 -737.194214 -1.153779 17
-43.509098 -739.279480 -1.559897 17
-43.987274 -740.861084 8.015595 17
-45.701946 -738.315613 9.550666 17
-43.987461 -736.874390 1.010327 17
-45.679241 -743.235168 16.527880 17
-45.932438 -737.531982 16.117079 17
-43.426365 -739.858276 20.576601 17
-43.222576 -738.458435 13.099952 17
-42.749607 -738.184814 -0.520216 17
-43.098804 -737.882507 4.428918 17
-44.777134 -737.213989 6.463135 17
-44.504047 -740.789856 9.197446 17
-43.485283 -736.978577 -0.334808 17
-43.970028 -740.422913 22.684994 17
-42.835304 -738.069885 3.581558 17
-48.290314 -742.432983 24.987257 17
-42.262440 -741.679932 12.199943 17
-47.817963 -744.824768 24.998400 17
-45.671200 -742.220337 13.838485 17
-42.359081 -738.669067 1.530376 17
-44.321644 -739.293518 -0.296115 17
-43.188168 -737.431458 4.404574 17
-42.293461 -738.446350 -1.174182 17
-47.511490 -740.362732 22.856771 17
-45.734116 -745.850220 23.534241 17
-42.919415 -739.699585 4.996221 17
-42.796844 -739.481995 -0.965709 17
-45.685600 -741.537354 11.514454 17
-47.924335 -740.841064 18.604046 17
-42.499439 -741.895630 13.160465 17
-41.914352 -741.640259 13.544875 17
-45.099339 -737.384033 11.020975 17
-44.290363 -737.367920 -2.266081 17
-43.473087 -739.620056 9.719442 17
-45.948692 -738.258240 10.768936 17
-44.778687 -741.149902 10.417031 17
-47.093605 -738.356628 16.735147 17
-47.833820 -742.592407 25.814009 17
-47.689205 -739.445007 19.241096 17
-45.181587 -737.564819 8.563293 17
-45.599064 -737.689514 10.165803 17
-43.563457 -739.988708 22.121342 17
-47.006512 -738.736389 21.027079 17
-45.141350 -740.363403 7.595550 17
-42.606430 -738.715088 5.866015 17
-42.987774 -738.804321 7.176447 17
-48.543190 -742.035278 22.169939 17
-43.540718 -736.999329 -1.430543 17
-42.247684 -738.991699 7.295694 17
-45.476154 -737.911072 9.149585 17
-46.191925 -741.838684 14.274533 17
-47.862465 -740.997192 22.088089 17
-42.929417 -737.862671 1.986934 17
-42.535374 -738.256592 4.919126 17
-47.499237 -744.859375 23.255823 17
-47.106525 -738.499756 19.354752 17
-48.272408 -742.510437 24.122276 17
-47.391331 -743.879944 26.785721 17
-44.643639 -745.137695 23.814539 17
-44.980827 -745.585144 23.000242 17
-43.215294 -737.879822 5.254863 17
-45.225883 -741.015625 9.307368 17
-45.234436 -738.411926 6.006853 17
-44.465710 -742.938110 13.856361 17
-44.167492 -739.201111 -1.322083 17
-45.945293 -745.818726 23.064209 17
-47.014774 -741.067261 24.552650 17
-45.453117 -740.262146 9.560330 17
-43.293541 -738.273010 11.252027 17
-44.752281 -737.353455 9.698486 17
-41.731232 -739.596130 8.744636 17
-43.528244 -739.408997 21.752525 17
-47.224602 -742.255005 17.503962 17
-46.657284 -738.173584 14.431248 17
-42.591263 -742.703064 13.754295 17
-46.151394 -742.421753 14.624891 17
-47.102394 -738.330566 16.039961 17
-45.857140 -744.236938 18.971321 17
-43.436939 -739.865234 21.577232 17
-43.189159 -739.140625 18.908043 17
-46.228401 -737.527527 16.489845 17
-43.324547 -739.571167 15.445709 17
-47.694420 -745.072571 24.518869 17
-43.495647 -744.337952 19.378500 17
-41.818981 -740.452942 10.429809 17
-46.406227 -742.374084 15.759725 17
-44.306526 -737.389587 5.520425 17
-45.342705 -745.814453 24.205034 17
-44.986263 -737.247559 12.286615 17
-43.982101 -744.907959 19.631144 17
-44.430016 -739.222351 14.536928 17
-47.719028 -739.443359 15.687227 17
-45.703205 -744.369934 19.402054 17
-43.351391 -742.513306 12.894905 17
-46.196918 -737.935730 12.860061 17
-46.202133 -743.424255 17.905468 17
-43.891148 -737.180359 7.860599 17
-48.157295 -742.010559 23.726973 17
-48.166245 -741.401978 22.492630 17
-48.234692 -744.195984 25.088772 17
-43.257664 -739.071167 0.637676 17
-42.535465 -738.769653 -1.855540 17
-42.368275 -738.313721 2.217934 17
-47.596272 -739.770630 21.166088 17
-41.856892 -741.864990 15.169724 17
-43.203064 -738.837219 15.912352 17
-44.407719 -737.997192 3.188720 17
-41.849289 -739.997253 9.657959 17
-47.834053 -744.141113 23.306635 17
-45.926136 -737.092346 15.624557 17
-43.270451 -740.085510 5.963223 17
-44.993908 -737.555054 7.868718 17
-43.715046 -739.717529 14.277614 17
-45.734371 -744.787292 20.292845 17
-46.655159 -742.770935 17.268694 17
-44.424976 -739.499390 0.408486 17
-43.084663 -741.403076 10.257833 17
-47.821651 -739.494568 16.994608 17
-45.408718 -738.576965 7.216362 17
-43.308357 -743.247070 14.995258 17
-41.304100 -740.323914 10.914039 17
-47.562798 -739.165833 14.990253 17
-43.037762 -739.069580 0.205358 17
-44.786964 -738.134033 4.187462 17
-44.068439 -739.115234 12.108964 17
-45.435268 -741.216919 10.223147 17
-45.443108 -744.771667 19.332630 17
-44.108322 -737.146912 -0.285062 17
-48.250134 -740.351013 18.821177 17
-43.010834 -742.874329 14.292233 17
-45.164055 -743.146179 15.319801 17
-46.626469 -737.802673 17.114824 17
-46.974895 -739.386414 13.416396 17
-43.442848 -739.386169 3.032490 17
-44.344421 -738.248535 -1.607641 17
-45.369091 -740.997681 10.667451 17
-42.570339 -738.576355 0.655866 17
-45.650085 -739.647095 9.459609 17
-45.692734 -740.403992 10.488233 17
-43.402649 -744.103943 21.465370 17
-42.337322 -738.309326 3.319861 17
-44.847290 -738.641663 0.949775 17
-44.936954 -742.779114 14.581639 17
-42.300831 -739.696533 6.850260 17
-43.339291 -739.586121 4.049653 17
-47.105892 -739.548706 21.675335 17
-43.646397 -738.216553 10.169301 17
-41.601185 -740.505249 12.248294 17
-42.851093 -742.288513 12.741752 17
-42.600567 -737.824402 3.254343 17
-42.964428 -743.713135 18.103256 17
-45.492222 -743.378967 15.843461 17
-44.150864 -739.584412 0.934078 17
-43.586811 -744.553589 18.585144 17
-44.352867 -738.710571 -0.826603 17
-47.095154 -740.145264 23.411180 17
-42.156834 -739.008545 6.475652 17
-46.205894 -744.943176 21.516460 17
-46.995049 -743.733032 19.516403 17
-46.009357 -741.644714 13.484620 17
-43.407013 -737.340576 4.899119 17
-46.949654 -738.841370 20.607834 17
-45.992912 -746.027649 24.770037 17
-43.259811 -738.238342 10.679414 17
-43.136707 -740.221802 6.432006 17
-42.990322 -743.967285 20.298456 17
-43.753399 -739.247375 18.967360 17
-41.469105 -741.306152 13.422219 17
-47.705566 -740.384460 16.893814 17
-46.714127 -741.009277 14.474114 17
-43.421234 -736.798584 2.985712 17
-42.823982 -743.840027 18.837259 17
-42.912777 -743.420044 15.730763 17
-43.169270 -739.162659 12.780788 17
-44.783611 -739.675781 4.428207 17
-44.292046 -739.731750 20.660122 17
-44.136868 -740.322388 21.356262 17
-48.269318 -744.076050 26.275103 17
-42.352520 -738.916626 -0.808930 17
-48.150547 -740.140808 18.269457 17
-48.486244 -742.148987 23.406729 17
-41.975136 -741.930237 16.047688 17
-42.725018 -739.446228 -1.428260 17
-42.639194 -737.860413 2.605455 17
-45.230854 -745.344238 25.434675 17
-46.629772 -740.035400 23.151506 17
-45.068008 -744.544312 18.283220 17
-42.420719 -738.073120 -0.248798 17
-43.207733 -739.202393 9.106774 17
-42.016567 -739.334106 7.557149 17
-44.793926 -739.425964 20.119957 17
-47.402878 -738.834412 15.976218 17
-44.247704 -745.111511 20.567423 17
-46.815445 -741.772888 15.587428 17
-45.609200 -737.584534 12.255150 17
-44.439144 -740.776855 23.158146 17
-46.375584 -746.169495 25.593918 17
-42.038822 -742.469971 16.441111 17
-42.363720 -738.332703 2.657221 17
-46.555302 -743.111023 17.855740 17
-45.090012 -738.466736 6.528489 17
-43.219971 -739.553223 18.787430 17
-43.862499 -737.173035 8.326357 17
-47.764626 -743.009033 20.405203 17
-44.715340 -738.582703 3.533670 17
-43.856819 -738.929993 11.364294 17
-42.535713 -738.361633 3.737180 17
-44.123913 -740.795227 8.382374 17
-45.243832 -741.585938 12.026660 17
-47.275547 -742.584351 25.756809 17
-44.512676 -738.689758 0.177022 17
-42.873207 -737.174255 3.679604 17
-47.835144 -744.239441 24.536064 17
-45.942959 -746.023987 25.220051 17
-44.164722 -737.466125 4.660981 17
-48.174026 -742.011536 24.819008 17
-47.023762 -738.306641 17.557444 17
-43.339035 -738.356384 11.942590 17
-46.925350 -738.448303 14.191149 17
-47.796608 -744.625854 24.144592 17
-43.466934 -743.140808 14.439450 17
-46.596188 -737.981140 16.165880 17
-42.876369 -739.094421 16.762888 17
-48.079987 -744.068726 23.864201 17
-41.933491 -739.584534 8.318566 17
-47.915489 -745.788452 27.403931 17
-48.240154 -742.515869 21.814569 17
-43.486153 -739.839661 16.762598 17
-45.608589 -745.671936 22.416969 17
-47.938267 -743.165405 21.258654 17
-46.954514 -743.468506 18.926741 17
-46.486092 -738.570923 12.434085 17
-43.387714 -740.841309 8.418735 17
-44.327450 -742.095093 12.424525 17
-41.826721 -739.841187 10.162812 17
-44.397915 -738.286316 1.310438 17
-44.099094 -737.257629 0.834634 17
-45.002644 -740.769470 8.030617 17
-43.984600 -739.336121 15.195496 17
-47.268353 -740.492065 23.941629 17
-41.427246 -741.645813 14.151907 17
-42.662914 -739.253479 -0.413148 17
-46.601864 -744.683838 21.088034 17
-44.229671 -740.123474 19.063999 17
-42.047073 -741.287170 11.386995 17
-45.340282 -739.296875 7.577823 17
-46.580685 -740.571594 13.114502 17
-42.752884 -740.074768 6.600716 17
-44.373539 -737.915100 2.587579 17
-47.179977 -739.239319 14.149330 17
-42.858128 -738.953979 -1.706550 17
-43.177753 -738.519714 13.638077 17
-44.310020 -737.207153 11.888127 17
-45.937012 -739.543640 10.449195 17
-42.650482 -738.287842 1.424573 17
-44.199688 -739.144897 13.198103 17
-44.309467 -737.116516 7.920466 17
-43.770241 -739.160889 18.091896 17
-46.249001 -738.225952 11.495159 17
-42.960636 -738.908264 6.794443 17
-47.029537 -745.316162 27.338879 17
-43.673004 -738.325745 10.911893 17
-42.689137 -737.899353 5.517683 17
-42.456821 -740.250977 7.862917 17
-47.866699 -740.062012 20.486645 17
-48.258133 -743.117554 23.192104 17
-42.416557 -742.775085 18.333530 17
-42.231621 -742.779602 17.426352 17
-44.390854 -742.268555 12.879555 17
-48.187862 -742.331604 21.387672 17
-47.367702 -741.702087 17.349926 17
-43.834007 -740.313293 22.239861 17
-46.423435 -744.513306 20.411861 17
-43.879997 -737.324890 3.798282 17
-44.665455 -737.349670 8.364575 17
-44.102673 -736.941101 -0.801802 17
-44.809387 -745.308289 21.268532 17
-46.691143 -740.166931 12.958659 17
-43.271500 -739.156494 18.060331 17
-43.198971 -738.436768 12.431079 17
-44.913425 -739.402527 5.110410 17
-46.270733 -738.988342 11.396150 17
-42.276562 -738.496643 5.629300 17
-45.923698 -744.973389 21.236069 17
-45.901958 -740.565918 11.151350 17
-43.383797 -738.911377 16.524488 17
-43.579350 -738.786072 17.553747 17
-48.165226 -740.358948 19.720573 17
-42.585468 -741.381409 10.856198 17
-48.055588 -742.475952 25.488256 17
-43.174442 -739.786560 16.505865 17
-45.789944 -738.760376 9.629317 17
-47.338554 -745.732666 25.752794 17
-48.140125 -741.356628 19.841198 17
-44.802055 -745.262085 23.203060 17
-44.366081 -740.179626 24.692188 17
-44.010517 -737.658997 1.004894 17
-43.427166 -737.541443 7.201636 17
-42.547119 -742.239868 14.308271 17
-45.454483 -739.010803 8.270238 17
-45.257668 -741.589233 11.492845 17
-45.294617 -738.139832 7.267812 17
-43.123260 -738.188049 6.973118 17
-42.717236 -741.639404 11.206245 17
-43.728550 -739.328125 -1.875361 17
-46.449703 -740.148560 12.351634 17
-45.987309 -744.336426 19.736370 17
-42.612507 -737.687561 5.846900 17
-43.821724 -737.341309 -1.399379 17
-44.051308 -737.424072 5.033154 17
-44.710129 -739.036804 2.797382 17
-44.138023 -737.024597 10.694521 17
-46.509377 -743.909241 19.247173 17
-46.940533 -739.884460 22.663439 17
-44.334000 -745.134216 22.827888 17
-45.528248 -745.344177 21.628946 17
-43.867012 -737.381775 -2.154566 17
-44.250164 -741.803223 11.064377 17
-43.360195 -739.395203 8.440285 17
-46.164810 -740.745850 11.957367 17
-42.685047 -740.212158 7.212337 17
-42.262749 -737.992432 0.903756 17
-44.561863 -741.703064 11.588793 17
-42.152214 -742.565552 15.700194 17
-44.828293 -739.127930 3.985182 17
-45.939442 -744.823242 26.187944 17
-46.915207 -745.051880 22.732018 17
-46.780781 -745.878113 26.592123 17
-44.396343 -738.202026 -0.164832 17
-47.715595 -742.014587 25.327957 17
-43.423840 -738.832520 18.470505 17
-45.539997 -737.087769 15.137714 17
-45.247208 -745.511780 22.084923 17
-47.064209 -741.113708 15.022835 17
-42.257725 -739.708435 5.418491 17
-42.887032 -737.388611 0.556738 17
-46.431004 -738.061096 18.981163 17
-47.863323 -743.464722 22.004595 17
-45.561497 -745.000671 25.674213 17
-46.263340 -745.339844 27.288372 17
-47.481602 -739.322693 20.486887 17
-46.997501 -745.290588 23.054647 17
-44.011307 -744.920959 23.220760 17
-47.175526 -739.865723 22.277458 17
-42.563408 -739.095398 -1.150879 17
-46.680431 -745.596252 23.222878 17
-45.942894 -738.151062 9.808700 17
-46.156277 -744.955444 26.716915 17
-44.800282 -737.238464 13.156330 17
-47.597095 -743.058655 20.035002 17
-46.744652 -740.930786 14.011882 17
-43.998039 -739.394470 -0.971303 17
-46.727177 -742.416809 16.267544 17
-47.062759 -740.142761 22.949205 17
-47.731224 -745.097656 27.406660 17
-44.861591 -737.261719 9.092902 17
-42.771694 -737.494751 2.329397 17
-46.296562 -738.103210 12.231306 17
-45.058453 -741.233765 10.914158 17
-43.953217 -737.629089 3.250693 17
-47.646675 -739.501709 20.100647 17
-47.207546 -743.642517 20.346680 17
-45.718609 -737.222351 14.450893 17
-42.335110 -740.931152 10.257140 17
-43.741413 -737.180603 9.708858 17
-43.276096 -739.368896 20.256884 17
-45.695557 -744.234619 18.586428 17
-42.010132 -741.103088 10.413210 17
-43.922802 -744.605530 19.297462 17
-43.510796 -737.134766 3.433433 17
-45.365894 -745.058533 20.581318 17
-45.374092 -745.720154 25.106510 17
-43.668564 -741.206116 8.866609 17
-42.254093 -740.493042 9.173157 17
-46.985355 -740.360596 14.160574 17
-44.654968 -739.331665 15.689458 17
-44.417263 -740.105225 18.400015 17
-41.975819 -739.990295 9.028072 17
-43.489594 -742.845520 13.680712 17
-47.507618 -741.996216 18.254578 17
-43.313622 -740.219360 21.273079 17
-42.607700 -737.794556 -1.370603 17
-42.931171 -744.026428 19.597605 17
-44.145885 -737.507996 2.161253 17
-48.288479 -741.754517 22.142111 17
-42.936272 -738.532043 9.406037 17
-43.423439 -737.809265 5.955039 17
-44.572956 -739.598145 3.107850 17
-44.495579 -739.894714 15.409990 17
-43.584137 -739.251648 -0.128617 17
-44.365440 -738.517456 -1.274344 17
-48.165932 -744.795959 26.249035 17
-47.936771 -743.505493 26.345152 17
-44.634098 -738.295776 0.416374 17
-44.751156 -744.055237 16.712969 17
-46.975723 -739.044861 13.737947 17
-44.348705 -743.092163 14.265450 17
-42.257977 -739.877625 7.172204 17
-46.246487 -740.285583 11.709953 17
-45.155861 -744.480530 25.258076 17
-42.587944 -738.762939 6.311869 17
-43.140377 -737.779785 3.627004 17
-45.563072 -738.268372 8.986408 17
-46.701744 -744.232605 20.408577 17
-46.886852 -738.669861 13.189969 17
-46.428970 -741.371704 13.853033 17
-43.463634 -737.182983 1.669368 17
-47.207077 -738.893127 19.995401 17
-43.604183 -736.752319 0.513019 17
-46.050659 -737.374390 17.184631 17
-43.998589 -743.949280 22.857628 17
-45.074608 -740.513428 8.992263 17
-47.598812 -739.348572 16.450291 17
-43.500675 -736.694824 1.516374 17
-46.320309 -745.996887 24.072285 17
-46.365139 -739.512573 11.800241 17
-44.661415 -738.246216 -1.796393 17
-46.816265 -744.781799 22.002771 17
-47.329617 -740.163635 15.422036 17
-47.646420 -745.309448 26.988092 17
-42.939945 -737.313477 -0.644998 17
-48.076092 -741.148193 19.371796 17
-41.482967 -741.805725 14.581453 17
-44.385128 -737.837341 0.467941 17
-43.046364 -737.719238 0.757607 17
-43.498371 -739.580322 22.095861 17
-45.108177 -737.151489 9.887716 17
-43.396172 -739.925415 22.935762 17
-42.391254 -739.226562 0.396344 17
-47.961395 -744.633301 25.560144 17
-43.225376 -740.114624 20.338869 17
-45.008400 -738.185059 5.376519 17
-44.379673 -744.445435 17.819218 17
-44.806530 -738.539062 2.910667 17
-45.431023 -740.411499 8.844812 17
-43.349411 -741.613403 10.745064 17
-46.369305 -737.832947 18.323174 17
-43.045921 -739.237366 3.045362 17
-48.525879 -743.213806 24.838642 17
-47.063564 -740.408142 14.766886 17
-46.915691 -744.113464 20.783747 17
-43.310028 -737.382080 -0.296992 17
-45.113445 -741.005920 10.290679 17
-43.077656 -738.884155 11.485214 17
-43.041512 -740.683716 8.049595 17
-41.720966 -741.041504 12.533548 17
-44.384552 -737.325134 7.457186 17
-44.559631 -744.716492 24.798920 17
-46.008568 -737.557495 14.651643 17
-45.172363 -745.675293 23.310768 17
-44.473557 -737.893433 0.044132 17
-43.121426 -738.362488 8.617607 17
-42.207245 -740.269836 8.457379 17
-43.019764 -739.595764 -1.603459 17
-43.537743 -737.215942 5.232234 17
-44.981289 -737.890564 6.024901 17
-43.135586 -739.072083 1.599978 17
-46.353733 -740.734924 12.466108 17
-44.919460 -740.013367 22.002197 17
-48.011520 -740.661133 22.040438 17
-44.443031 -738.906067 0.567325 17
-46.462673 -745.036804 22.017269 17
-45.983318 -744.860291 20.812098 17
-42.246986 -739.039978 7.695286 17
-43.666260 -739.818726 4.793144 17
-46.622772 -745.311523 22.449932 17
-44.224640 -737.628845 1.614508 17
-46.604767 -738.029785 14.821702 17
-43.119453 -739.695801 21.180199 17
-42.158051 -738.060364 -1.902420 17
-46.877094 -744.582336 21.668167 17
-43.904949 -740.136719 20.290625 17
-44.133255 -737.094788 9.216756 17
-42.443913 -738.905273 3.292639 17
-43.604813 -744.541260 21.945932 17
-43.487206 -740.138489 18.532003 17
-43.484745 -740.198792 20.038933 17
-44.826553 -739.464233 15.093740 17
-42.728485 -738.738647 1.746568 17
-42.534496 -739.007935 0.735205 17
-47.944908 -741.042236 23.278439 17
-46.389267 -743.004456 16.545397 17
-47.175522 -743.152344 18.998304 17
-43.290836 -743.359070 15.425317 17
-44.443535 -739.799072 2.730568 17
-43.330814 -739.513184 10.416754 17
-48.303257 -742.616577 23.742064 17
-45.183880 -745.433594 21.709230 17
-43.372742 -739.435486 11.211402 17
-41.906521 -741.428467 14.066046 17
-43.449791 -738.415955 14.519520 17
-48.335079 -742.044189 22.854231 17
-44.471867 -743.445190 15.007801 17
-47.059898 -738.578796 14.946959 17
-45.170723 -740.795471 9.765957 17
-43.341240 -744.156921 18.091301 17
-47.736176 -739.490173 18.447210 17
-43.005634 -738.394714 10.449953 17
-43.734867 -740.404663 6.943792 17
-47.181213 -741.442627 15.831074 17
-44.507420 -737.268066 10.455629 17
-48.474731 -743.339111 23.958559 17
-43.228214 -738.064270 8.381199 17
-43.612186 -737.362122 6.325137 17
-45.525043 -745.242798 21.170671 17
-42.573288 -742.992554 16.213449 17
-47.867165 -743.778015 23.170916 17
-42.834148 -738.897644 15.347709 17
-46.379898 -744.175720 19.727381 17
-47.296238 -744.186829 27.352922 17
-42.596844 -739.058472 7.029603 17
-46.946278 -745.372925 23.774416 17
-42.711361 -739.223572 1.466598 17
-43.163830 -739.220459 19.468801 17
-47.206406 -739.009949 20.341593 17
-44.503834 -739.949158 16.203747 17
-45.256634 -737.295959 13.020902 17
-47.577850 -745.254883 25.284122 17
-46.054981 -738.798157 10.696577 17
-43.475426 -738.692810 16.827980 17
-43.866684 -742.857971 13.423894 17
-42.741669 -738.818237 -0.868930 17
-44.890907 -737.271851 6.856449 17
-43.524563 -739.026001 19.817135 17
-47.765411 -739.838928 20.838671 17
-44.778526 -743.578064 15.622013 17
-47.831139 -744.284729 27.065619 17
-44.341854 -745.237854 20.895643 17
-42.021820 -741.625488 12.661707 17
-43.897388 -744.760132 22.094515 17
-44.734241 -741.780273 11.989391 17
-48.344730 -743.796753 24.426317 17
-44.379086 -738.921631 -1.917764 17
-43.303997 -737.460815 5.727136 17
-45.048702 -745.076660 25.120554 17
-43.126163 -739.228027 12.172904 17
-47.217934 -739.232361 21.061623 17
-47.072617 -741.604004 25.240248 17
-47.938644 -740.808777 22.720852 17
-43.069321 -739.161377 2.387781 17
-45.560970 -743.117126 15.586786 17
-44.805706 -738.314697 4.839128 17
-46.780281 -743.522766 19.288078 17
-44.465519 -739.269714 1.453849 17
-45.280220 -742.788879 15.009382 17
-44.543015 -739.919800 3.696910 17
-43.149853 -739.223328 7.386841 17
-42.817574 -743.034729 15.704006 17
-47.194344 -743.359070 19.639616 17
-41.964203 -741.207764 12.081128 17
-44.007252 -736.901367 -1.907529 17
-45.678043 -745.909912 23.881762 17
-43.365940 -739.858398 22.398970 17
-44.681038 -740.102234 5.182129 17
-41.465611 -740.661926 11.631604 17
-42.126598 -740.895874 9.722451 17
-44.876648 -738.722534 1.634200 17
-44.006935 -744.826172 20.537449 17
-42.950188 -738.488342 8.300562 17
-46.190926 -742.768066 16.171986 17
-47.876823 -744.405457 24.847816 17
-43.497139 -737.374146 4.186264 17
-44.240742 -744.403687 23.799952 17
-45.819061 -743.952271 17.556889 17
-43.474236 -737.691956 5.478644 17
-42.549385 -738.594116 -1.548127 17
-44.751747 -740.312195 6.415763 17
-45.898865 -737.230469 16.350250 17
-48.098110 -743.184265 21.988747 17
-44.695629 -741.966675 12.368937 17
-43.274582 -741.322754 9.898672 17
-42.380348 -740.916687 9.030482 17
-45.801479 -739.938171 10.069866 17
-43.919964 -739.358154 15.655988 17
-44.654758 -741.195129 10.071704 17
-47.714882 -742.453613 19.249241 17
-42.757164 -742.862000 14.821141 17
-44.141376 -739.445190 1.370516 17
-46.599476 -745.705078 27.099867 17
-45.430347 -738.593384 8.358377 17
-44.940670 -737.516602 7.183171 17
-43.576565 -742.203674 12.095626 17
-46.965759 -741.938721 16.251343 17
-45.330898 -737.934937 8.472401 17
-44.037830 -737.171265 11.246214 17
-42.574543 -738.653625 -0.411057 17
-47.357403 -738.795166 19.234554 17
-43.147572 -739.297485 17.047373 17
-42.480488 -740.598816 8.841832 17
-42.514446 -743.718262 19.871387 17
-43.672077 -737.125732 2.642492 17
-46.969452 -746.194336 26.186617 17
-47.184582 -742.926208 26.098240 17
-44.630871 -740.914978 9.607353 17
-42.588875 -738.626892 0.292670 17
-43.865692 -737.303589 -0.681569 17
-44.483082 -737.189392 11.587044 17
-43.104870 -739.091187 13.206138 17
-45.430645 -741.406677 11.752641 17
-45.343277 -739.609863 7.805498 17
-48.057365 -740.978699 20.035019 17
-42.924507 -738.708374 7.758747 17
-44.802914 -740.609619 8.698603 17
-47.812618 -744.706116 26.773188 17
-47.056580 -742.185059 16.853558 17
-47.448360 -741.345520 25.058561 17
-44.177990 -740.193848 19.799070 17
-43.121967 -739.771851 16.934870 17
-46.208199 -741.522583 13.191608 17
-42.061867 -739.706421 7.618031 17
-47.768105 -745.101135 26.713062 17
-43.074825 -738.962585 14.568805 17
-47.659477 -744.310547 22.757456 17
-46.546619 -739.347778 21.413620 17
-44.442455 -739.165710 13.917945 17
-44.456688 -737.305420 8.649586 17
-45.588448 -745.708557 22.801840 17
-42.636482 -743.535400 18.119040 17
-42.582146 -743.354919 18.599724 17
-43.542210 -739.954773 19.781166 17
-47.835484 -740.438293 17.609982 17
-46.711487 -737.855225 18.764339 17
-48.082226 -743.253296 22.888184 17
-43.527378 -737.319885 8.290832 17
-47.347874 -742.096985 25.355211 17
-43.061180 -742.153137 12.222827 17
-47.974957 -742.998474 20.948570 17
-47.161674 -740.055786 14.804951 17
-44.926014 -737.954041 6.545416 17
-43.041046 -738.876404 11.996311 17
-44.319622 -737.932861 1.040305 17
-43.142113 -739.844543 17.528183 17
-43.727436 -739.374573 21.424013 17
-44.395191 -737.625122 -0.629314 17
-45.094543 -737.177307 8.622066 17
-43.435127 -739.512085 11.785896 17
-46.420441 -745.817566 23.573936 17
-43.188114 -737.092896 5.508471 17
-44.693424 -745.051636 24.489994 17
-46.659748 -739.024475 12.598389 17
-44.430420 -740.591797 24.141703 17
-41.641861 -740.792786 12.986370 17
-43.996788 -737.307251 9.480471 17
-46.424725 -740.729431 13.387334 17
-44.803383 -745.378296 24.821520 17
-42.695221 -743.683838 19.165121 17
-47.426987 -739.531189 14.949687 17
-42.582668 -743.190369 16.974171 17
-47.776466 -745.377380 26.239323 17
-45.338676 -738.963074 7.671213 17
-47.411045 -740.992981 16.789942 17
-43.076553 -737.663086 -0.118670 17
-43.885521 -739.677612 23.962980 17
-47.163620 -745.133301 23.310553 17
-44.063030 -737.535217 2.659255 17
-43.259811 -736.934692 4.064836 17
-43.291737 -737.498108 -1.558474 17
-45.648991 -743.776611 16.945723 17
-45.462097 -744.797058 19.935715 17
-46.737514 -738.082520 15.454841 17
-45.080189 -737.074890 11.996862 17
-47.500565 -742.562927 18.967628 17
-42.642307 -743.158875 17.399630 17
-42.091595 -742.565735 16.051064 17
-47.298157 -743.099670 19.379496 17
-43.372829 -737.124329 -1.049303 17
-47.438908 -744.656799 22.849953 17
-45.082127 -739.481445 6.473320 17
-44.068829 -737.260559 0.475103 17
-43.570248 -739.875061 14.907768 17
-44.886257 -742.252991 12.956745 17
-47.850300 -740.909180 17.956564 17
-44.600430 -737.778015 5.182952 17
-41.708874 -739.416138 9.457539 17
-42.690891 -738.252991 3.304585 17
-44.549881 -740.567017 7.277026 17
-47.284939 -742.598938 18.332666 17
-45.564457 -740.814758 9.864336 17
-43.168690 -739.142822 10.321529 17
-45.349064 -737.514099 10.369540 17
-47.811855 -740.045410 17.544697 17
-43.762310 -743.573669 15.497431 17
-44.132835 -739.738831 21.882338 17
-47.384327 -745.512634 24.896896 17
-46.567013 -743.160889 17.389174 17
-44.158482 -737.835327 0.192453 17
-46.472260 -742.390076 15.279465 17
-43.406582 -739.241272 1.846698 17
-48.165157 -744.219910 26.601912 17
-41.900562 -741.998840 14.683164 17
-41.566967 -740.203247 10.517505 17
-42.106052 -739.505798 8.962068 17
-48.360130 -741.068542 20.505951 17
-45.833950 -743.103027 16.237852 17
-45.524128 -739.895935 8.960394 17
-46.959644 -738.225403 18.213623 17
-47.026722 -742.857849 18.475454 17
-43.902988 -737.395813 10.190480 17
-45.621525 -737.845398 9.470345 17
-44.864582 -739.415405 14.363817 17
-45.644207 -737.346375 14.137871 17
-44.828472 -738.648499 4.333434 17
-48.339153 -742.210510 22.433968 17
-46.684288 -738.243958 19.711012 17
-44.209473 -737.594055 -2.018195 17
-46.058155 -739.154907 10.777114 17
-47.431103 -741.546143 17.698961 17
-42.560909 -739.851685 6.434887 17
-42.984467 -738.648621 12.665712 17
-42.541794 -743.096497 19.023172 17
-45.990395 -741.785583 12.708195 17
-44.508881 -745.282349 21.945612 17
-47.259708 -740.831848 16.086475 17
-43.191944 -738.233704 9.563500 17
-47.724476 -739.943909 16.539673 17
-42.979031 -738.860962 8.554111 17
-44.550419 -738.618042 1.330134 17
-46.452785 -738.187683 12.910254 17
-43.098782 -739.089783 14.918291 17
-42.371090 -743.487976 18.928183 17
-47.743420 -741.724792 19.412428 17
-41.637962 -739.879517 10.709779 17
-43.767590 -739.261353 -0.755507 17
-43.140457 -737.479858 2.978068 17
-47.335896 -745.137390 23.937815 17
-44.741371 -744.928223 19.027092 17
-42.546352 -742.130981 12.901167 17
-41.819729 -739.205078 8.330304 17
-45.475185 -741.903320 13.135376 17
-43.617104 -739.463196 2.746807 17
-44.308922 -737.286194 9.829437 17
-44.567604 -740.591187 7.705589 17
-43.785156 -740.144897 23.608755 17
-42.850357 -738.269775 11.686278 17
-46.173367 -739.564392 11.148783 17
-47.385544 -743.469482 26.367249 17
-47.629601 -739.600220 16.166998 17
-42.282108 -741.835388 11.892399 17
-42.470753 -738.008972 -0.640153 17
-42.329521 -737.919861 4.023097 17
-43.667164 -738.689941 12.539880 17
-41.849575 -741.137268 13.421561 17
-45.683907 -745.144226 26.656845 17
-47.940601 -740.682678 20.419744 17
-47.569031 -743.872864 21.564098 17
-43.508640 -739.697815 16.155285 17
-47.447262 -739.719116 21.567923 17
-47.879967 -744.918335 25.732435 17
-44.185162 -740.599487 23.297869 17
-42.373627 -742.572327 15.280791 17
-42.745163 -738.134949 -1.485754 17
-42.862282 -738.097839 5.786729 17
-43.770500 -739.167664 20.639866 17
-46.244110 -745.994812 26.051096 17
-42.857536 -738.067139 -1.975912 17
-45.312462 -740.171692 8.273159 17
-43.050842 -740.463623 7.391734 17
-45.086800 -740.683533 8.364742 17
-44.348118 -737.482117 -1.079248 17
-41.867783 -742.116821 15.783063 17
-42.946854 -739.513428 4.364805 17
-43.738564 -740.209656 21.925018 17
-47.184647 -744.495483 21.564997 17
-42.430882 -738.032104 0.379145 17
-47.402721 -743.320374 20.020067 17
-42.840294 -737.307739 3.371207 17
-47.658550 -744.242615 23.665199 17
-43.225037 -739.502258 18.263361 17
-46.753422 -737.942200 19.356758 17
-45.107563 -741.190125 10.000790 17
-43.033066 -739.487671 19.632086 17
-47.377071 -740.576050 16.278999 17
-48.147007 -740.699585 21.353270 17
-45.953728 -741.943359 13.962826 17
-45.720863 -740.721375 10.338509 17
-43.864811 -739.751709 22.649279 17
-42.761780 -738.969604 16.073935 17
-42.875359 -738.947937 -1.312778 17
-44.526211 -737.661072 4.648472 17
-42.802002 -739.058411 3.312164 17
-43.479481 -739.791626 12.432768 17
-44.207958 -736.964905 -1.635315 17
-43.434326 -739.663757 21.002512 17
-44.551399 -740.084290 16.895765 17
-43.095150 -738.766174 15.517507 17
-45.007668 -737.153259 14.237186 17
-46.380768 -738.969910 11.718681 17
-44.195618 -739.427795 16.259546 17
-43.654354 -736.946350 2.235647 17
-45.480663 -737.047180 13.966792 17
-42.906006 -738.393127 6.451150 17
-43.931980 -737.483093 1.526369 17
-45.404453 -737.499451 11.972404 17
-45.576740 -738.785400 8.939026 17
-44.296799 -736.890625 12.024059 17
-47.525978 -743.565125 20.958212 17
-46.825138 -742.867859 17.880266 17
-48.361259 -742.902039 23.906603 17
-46.774590 -738.472229 20.321733 17
-48.628605 -743.198059 24.512125 17
-46.717468 -738.227234 15.139577 17
-42.450562 -738.893799 0.098350 17
-43.290752 -741.918579 11.548323 17
-44.472790 -737.369446 6.241614 17
-47.550732 -740.644531 16.717178 17
-42.373989 -742.160156 12.466480 17
-43.928143 -740.280884 24.158886 17
-43.096928 -739.149292 8.178278 17
-44.853870 -737.896362 5.394084 17
-45.008060 -740.208740 8.089449 17
-42.938145 -740.852600 8.733811 17
-48.085571 -743.779541 23.689230 17
-43.318310 -736.982788 2.631050 17
-45.667301 -737.662842 11.470536 17
-42.731495 -742.480835 13.540997 17
-45.276905 -740.390503 9.254656 17
-46.388645 -741.523499 14.150559 17
-46.395454 -737.504028 18.010914 17
-43.965557 -744.314941 23.162153 17
-48.285362 -741.615662 20.602846 17
-45.154224 -738.470154 5.466772 17
-46.479351 -738.825195 12.133238 17
-42.945736 -738.622559 5.852723 17
-44.970776 -738.806274 5.491870 17
-42.158421 -738.680176 6.500162 17
-42.821095 -737.662109 3.801207 17
-46.076065 -737.621704 17.744843 17
-44.506439 -738.551941 0.922417 17
-42.845592 -737.426208 2.658210 17
-47.392555 -738.907288 18.842161 17
-45.983593 -739.898804 10.842254 17
-43.280880 -739.233704 -1.155323 17
-43.682369 -737.265015 7.551833 17
-43.965271 -739.827087 15.201715 17
-45.078369 -744.904785 19.994564 17
-42.301716 -738.362549 -0.445890 17
-45.842232 -737.987366 10.093678 17
-46.102959 -738.549561 10.922515 17
-47.330673 -743.805237 21.066288 17
-43.013016 -738.710571 13.285837 17
-46.531498 -741.770752 14.758300 17
-45.228657 -741.711060 12.356181 17
-47.291920 -744.546936 22.199226 17
-47.760742 -743.284973 26.516642 17
-47.256027 -738.645447 18.667124 17
-42.504665 -742.027039 13.646709 17
-43.094643 -739.365295 17.576633 17
-43.707596 -736.731201 1.205738 17
-48.629318 -742.589050 23.837069 17
-46.929638 -739.376831 22.138720 17
-46.819767 -745.639465 24.077873 17
-47.790257 -742.371948 19.748262 17
-47.639664 -744.747192 27.384796 17
-44.676037 -738.753906 2.304034 17
-43.583862 -737.242126 1.293282 17
-48.055454 -743.076660 22.565485 17
-43.162262 -738.545471 14.677983 17
-44.495323 -738.056580 -0.550226 17
-42.515976 -739.124329 2.550081 17
-43.896835 -741.945801 11.143218 17
-42.681786 -738.289917 -0.159586 17
-42.547146 -738.445862 4.265052 17
-45.307632 -742.956421 14.537250 17
-43.829132 -740.653442 7.806027 17
-46.906727 -738.293823 18.718657 17
-42.101238 -743.276611 18.287119 17
-44.647545 -737.245850 11.115547 17
-45.078564 -740.929749 9.019876 17
-41.459473 -740.235352 11.214663 17
-47.324028 -740.478699 23.606012 17
-48.310448 -740.518921 19.216211 17
-44.259190 -737.897156 -1.496395 17
-43.670395 -739.422302 20.443344 17
-46.509106 -742.087402 15.036573 17
-43.320202 -737.906067 9.672195 17
-44.887222 -738.660156 4.877393 17
-44.372276 -741.389343 10.040397 17
-43.540146 -739.085632 17.857792 17
-44.232506 -740.430420 24.374741 17
-44.929298 -744.660400 24.941734 17
-46.947983 -738.389648 15.664200 17
-43.545197 -739.339355 19.684914 17
-44.903221 -740.149902 7.697868 17
-44.151924 -737.232971 1.503657 17
-44.140213 -737.321533 0.039202 17
-43.203693 -739.004944 17.203373 17
-45.707100 -741.331055 11.137621 17
-44.992088 -742.614563 14.226552 17
-45.086948 -737.471436 9.248247 17
-47.105808 -744.221558 21.283777 17
-42.327293 -741.279114 10.226068 17
-46.909000 -740.331970 23.633808 17
-47.321850 -741.731506 16.814571 17
-46.284885 -738.001221 13.785680 17
-44.817158 -739.354980 4.243285 17
-41.822311 -740.260925 11.206185 17
-43.881287 -744.548279 22.640381 17
-43.901291 -740.401733 23.015232 17
-45.786095 -741.765198 13.266164 17
-45.280365 -738.233704 7.873407 17
-43.024242 -743.818298 20.648912 17
-44.576897 -741.665100 10.928080 17
-42.928818 -739.970886 5.906844 17
-46.718369 -739.875977 13.088426 17
-47.976429 -741.338989 19.003567 17
-47.487198 -739.026611 17.983940 17
-42.350197 -737.905396 5.282105 17
-44.856796 -741.705933 11.410490 17
-43.648540 -743.339355 14.880263 17
-47.907455 -741.412781 24.534929 17
-44.553543 -737.961487 -1.324056 17
-43.786854 -738.660278 10.953443 17
-41.843826 -739.934814 9.338366 17
-43.035641 -737.115601 1.283279 17
-43.183132 -739.455505 3.711592 17
-43.296032 -739.515930 12.829773 17
-44.903324 -739.920898 5.891026 17
-48.005859 -741.961548 20.620584 17
-47.175194 -738.986450 14.384533 17
-47.747341 -740.677368 21.692471 17
-43.514351 -740.247131 19.515438 17
-47.342945 -741.198914 16.506014 17
-44.685852 -739.580994 3.620968 17
-47.498585 -743.376404 20.684534 17
-43.895592 -739.572571 21.224922 17
-46.078209 -745.826416 23.511753 17
-47.319241 -741.294861 24.728325 17
-44.372658 -737.279907 9.512641 17
-48.130890 -742.379883 22.102898 17
-42.537216 -739.841797 5.545406 17
-46.396919 -745.086243 27.052759 17
-44.592789 -737.508057 5.820289 17
-47.036774 -738.925354 13.056437 17
-44.418457 -737.302795 6.926234 17
-47.726803 -740.628784 17.262939 17
-43.479671 -737.331970 4.520248 17
-47.147911 -743.916016 20.673590 17
-42.256577 -742.961548 15.936201 17
-45.513569 -741.007141 10.984243 17
-45.465458 -744.455933 25.924736 17
-45.326443 -740.565735 8.583333 17
-43.717697 -739.141296 16.256958 17
-42.126915 -740.983032 10.905602 17
-42.777035 -738.724976 14.185220 17
-45.987423 -738.493286 10.490081 17
-42.911655 -737.918396 -0.488810 17
-47.866138 -742.838562 26.036705 17
-46.461414 -744.774719 21.383192 17
-41.351761 -741.022461 12.748675 17
-44.055855 -737.559448 -0.906239 17
-43.635807 -740.042542 20.739925 17
-44.204731 -737.106262 6.356784 17
-45.697971 -744.551086 26.174465 17
-43.435085 -738.353210 11.538040 17
-46.422791 -740.025085 12.040387 17
-43.480354 -737.930420 8.980803 17
-43.486969 -737.133606 0.978590 17
-43.140354 -744.054932 18.940475 17
-44.282471 -739.397461 15.934922 17
-46.179493 -745.324097 26.715124 17
-42.398586 -739.519226 6.025962 17
-44.280182 -739.602966 2.514319 17
-43.224052 -743.932068 17.317425 17
-46.139507 -737.491943 15.857733 17
-44.125450 -740.588745 23.665390 17
-47.758533 -739.948181 17.191515 17
-44.145821 -739.581482 -0.749765 17
-45.075081 -738.163757 6.767540 17
-43.267891 -737.840942 6.601506 17
-44.516651 -738.011169 2.867812 17
-46.920425 -739.216797 21.591080 17
-43.681854 -737.283386 3.185050 17
-47.505127 -740.686584 24.272305 17
-42.709457 -739.205200 4.030435 17
-47.629204 -740.650818 23.327986 17
-43.679497 -739.108948 17.407972 17
-44.162243 -739.926636 16.519476 17
-45.233456 -739.094910 6.992079 17
-44.933067 -741.981262 12.702082 17
-43.471718 -739.185852 18.765882 17
-45.671177 -741.006226 10.573105 17
-43.891796 -739.517334 20.895575 17
-42.304237 -738.324341 1.087706 17
-48.576973 -743.731750 25.233955 17
-43.136871 -737.998108 6.080416 17
-47.144047 -738.611389 18.243017 17
-46.058823 -742.159607 14.472792 17
-43.036087 -738.429688 7.167449 17
-44.150330 -739.582214 20.223715 17
-43.220806 -739.259094 13.465034 17
-46.258350 -741.186279 13.182686 17
-42.346897 -738.966675 3.877787 17
-45.762505 -745.800659 25.725113 17
-48.349571 -743.917358 25.936945 17
-47.142101 -739.852783 14.488046 17
-42.772209 -738.137207 1.960375 17
-43.912430 -740.105835 19.614256 17
-45.263004 -740.137939 7.826587 17
-44.529221 -737.928955 3.582181 17
-44.404911 -738.397583 -0.429054 17
-43.374165 -739.162354 19.181351 17
-46.299030 -746.100952 24.877426 17
-46.116405 -740.265381 11.266792 17
-42.596100 -738.229919 -0.853828 17
-48.396614 -740.976562 20.064865 17
-46.005936 -742.588318 15.209291 17
-44.765415 -737.197144 12.592329 17
-44.016987 -740.069336 24.797140 17
-45.514431 -745.805725 24.624329 17
-45.873623 -737.549988 13.946174 17
-43.354095 -737.645386 5.077239 17
-47.575871 -745.573730 26.479650 17
-43.097435 -738.713135 16.356777 17
-44.796928 -738.812073 3.921041 17
-47.861160 -744.599609 27.145382 17
-48.322098 -741.653748 21.440529 17
-42.581768 -737.766235 1.391550 17
-44.893444 -744.377197 17.624737 17
-44.012394 -739.508667 22.946896 17
-47.000576 -739.737793 13.869195 17
-45.477604 -737.625793 9.821696 17
-44.173283 -737.306335 7.210816 17
-41.986668 -738.824585 7.174616 17
-46.809464 -739.184937 12.915025 17
-43.270519 -739.987793 5.639051 17
-44.604572 -738.704773 1.820793 17
-44.540962 -738.165405 1.926584 17
-43.645931 -740.961670 8.264736 17
-45.903046 -741.515869 12.061057 17
-47.992863 -741.075562 21.471924 17
-45.060009 -737.080688 11.255041 17
-42.827869 -743.325928 16.663301 17
-43.005127 -738.061829 5.435194 17
-48.226627 -740.590637 19.939547 17
-44.229671 -745.195923 21.756538 17
-45.570099 -740.482483 9.781777 17
-44.384701 -739.851440 4.385988 17
-41.896465 -741.402893 12.892481 17
-43.263401 -740.110779 20.680645 17
-42.454102 -740.388184 8.199354 17
-44.645020 -739.376221 15.352270 17
-43.402218 -739.763306 18.629576 17
-45.649639 -737.595459 10.671939 17
-43.868656 -739.301514 16.837431 17
-42.373238 -739.419922 4.486526 17
-43.429531 -737.960449 10.036962 17
-47.450012 -739.773438 15.431397 17
-42.369671 -739.261597 -0.540059 17
-44.537785 -739.374878 2.294728 17
-45.549038 -737.037170 14.834162 17
-42.989796 -737.459778 1.173803 17
-46.258823 -744.624146 20.781223 17
-47.200893 -738.610413 15.384514 17
-45.411976 -737.490112 11.650696 17
-47.623501 -745.475342 25.983278 17
-44.292892 -739.363342 0.113348 17
-47.591312 -740.998230 17.405346 17
-41.698246 -740.578918 11.152793 17
-48.024647 -741.340027 23.922651 17
-47.938087 -742.400208 20.226379 17
-48.041206 -742.663269 20.974600 17
-46.661983 -738.644348 11.897368 17
-43.432922 -739.955017 15.898095 17
-44.920414 -738.982056 4.552930 17
-47.506599 -742.879211 19.477844 17
-42.324112 -738.247437 1.576121 17
-43.000633 -742.413940 12.999273 17
-43.454163 -739.537720 9.341342 17
-43.789700 -740.380737 6.477058 17
-43.705791 -738.958069 12.804972 17
-44.069862 -737.629028 -0.564981 17
-46.481136 -745.573669 22.973335 17
-47.617241 -741.142273 24.886675 17
-44.778107 -743.136963 14.691651 17
-48.571011 -743.526733 24.887850 17
-43.124802 -738.391724 10.067651 17
-47.042412 -745.480713 24.298275 17
-45.362755 -737.752563 8.750364 17
-44.050137 -739.140381 12.797310 17
-43.928158 -740.063110 19.258450 17
-43.977791 -741.328796 9.667806 17
-43.150944 -738.969849 17.812820 17
-47.460869 -743.856934 27.093817 17
-42.329029 -738.441467 5.947981 17
-42.646870 -739.410645 4.927564 17
-43.253860 -743.630493 21.317034 17
-45.567051 -742.681458 14.882101 17
-44.113743 -744.977661 23.513077 17
-44.867519 -737.843506 5.727152 17
-44.354343 -742.092224 11.732568 17
-42.492161 -740.236267 7.487601 17
-43.758114 -743.235229 14.346133 17
-46.513809 -739.351501 12.249887 17
-46.380192 -742.704346 15.710529 17
-44.193008 -736.981934 10.016217 17
-42.902542 -738.001038 2.454837 17
-42.302212 -741.511047 10.901472 17
-43.976223 -737.055115 -2.192162 17
-45.960209 -745.059875 26.389687 17
-43.297588 -736.891296 3.489109 17
-43.227646 -738.543701 16.033655 17
-43.020531 -743.872742 18.544979 17
-42.921143 -737.895508 -1.110685 17
-45.013397 -745.756470 23.718269 17
-47.492641 -740.153503 15.933115 17
-46.758736 -738.663025 12.590961 17
-42.506966 -739.099121 4.559885 17
-44.239140 -740.312561 20.636091 17
-43.628284 -739.228821 0.975118 17
-42.782814 -742.698120 14.127614 17
-45.841579 -745.890503 26.154638 17
-43.129795 -738.244629 10.961987 17
-44.286755 -739.042358 -1.565567 17
-42.911167 -738.945435 2.194844 17
-48.526409 -744.324768 25.486238 17
-42.070667 -740.587463 8.645012 17
-44.148319 -744.986511 22.424688 17
-43.608524 -739.587463 13.923504 17
-42.518753 -738.113342 5.704761 17
-44.937157 -744.940430 19.461386 17
-41.485874 -741.500488 13.882336 17
-46.226700 -738.684692 11.308681 17
-43.938492 -737.235107 2.195362 17
-43.311974 -744.309448 19.731215 17
-43.259441 -739.443604 -0.764921 17
-47.983871 -744.393494 24.293444 17
-45.646088 -739.978088 9.422702 17
-43.609135 -738.813477 15.538393 17
-45.215836 -743.879944 17.327698 17
-43.164860 -738.205750 7.671651 17
-43.075367 -743.642883 16.795990 17
-45.748665 -737.698181 12.530925 17
-45.861355 -737.966370 10.842594 17
-43.000957 -737.461304 2.105409 17
-45.578659 -739.291870 8.792817 17
-43.849922 -736.827515 0.319086 17
-47.277740 -739.325195 14.482825 17
-46.866070 -738.105042 16.677021 17
-43.087730 -737.874817 4.018631 17
-43.312141 -744.471375 20.479343 17
-48.281616 -744.398315 25.932131 17
-44.811726 -737.257812 11.695453 17
-43.033970 -737.964661 4.736629 17
-47.597263 -742.014526 18.688845 17
-48.114998 -743.416565 26.000912 17
-43.336285 -737.817139 7.507425 17
-42.640945 -738.216370 5.279181 17
-44.576851 -745.328125 22.345150 17
-48.123749 -741.543579 23.590168 17
-42.679291 -737.834473 2.919390 17
-42.971825 -743.070251 15.014320 17
-48.279404 -740.652283 19.604897 17
-46.865116 -738.987427 20.883606 17
-48.313660 -743.039673 25.431147 17
-44.737305 -739.882629 4.682969 17
-44.729263 -740.327637 7.512821 17
-45.782948 -739.518005 9.723301 17
-48.436562 -742.602722 24.513052 17
-48.493816 -742.194580 24.114595 17
-48.231842 -740.799683 20.901714 17
-44.009998 -739.359253 -0.178771 17
-43.736610 -737.348022 5.013972 17
-44.462112 -738.115112 0.612546 17
-48.208782 -741.754639 24.193460 17
-45.809227 -737.023438 15.299886 17
-48.109097 -743.071960 25.835623 17
-43.000088 -739.058533 10.898869 17
-42.767765 -737.588440 1.578679 17
-42.799099 -737.172607 1.860782 17
-46.146744 -739.253784 11.083491 17
-42.976093 -739.377869 18.969967 17
-46.433033 -738.408997 11.729606 17
-45.022243 -737.163147 10.734335 17
-47.616234 -744.918640 23.740698 17