-47.649784 -741.700317 18.672766 17
-42.191929 -738.232483 -2.228586 17
-41.657177 -739.714966 9.128226 17
-47.577297 -746.004700 27.363934 17
-44.001358 -739.735107 24.856550 17
-45.327766 -737.058044 14.278779 17
-41.770061 -742.410645 15.936754 17
-45.009212 -738.869690 3.634839 17
-44.323887 -745.190857 22.228937 17
-48.452091 -742.284424 23.802790 17
-45.634800 -741.675232 11.908891 17
-43.223774 -739.242065 19.831833 17
-45.842896 -738.112488 9.203487 17
-44.730030 -744.596497 18.050327 17
-46.696102 -737.684326 18.167679 17
-46.695709 -739.406738 21.731297 17
-47.167423 -740.347473 15.128746 17
-43.579395 -736.796753 0.902824 17
-41.979038 -741.370422 12.410297 17
-42.286709 -737.875305 5.786951 17
-43.058216 -739.016663 16.258574 17
-44.877392 -740.388855 6.763552 17
-43.322216 -738.049988 11.629142 17
-47.198936 -745.462952 24.022278 17
-45.016914 -743.108032 14.930245 17
-47.249546 -744.125488 20.960207 17
-44.326073 -739.644897 -0.039086 17
-42.616817 -743.296143 19.885288 17
-46.993416 -743.114075 26.340450 17
-46.798542 -738.806458 12.303099 17
-44.227146 -741.139526 9.449496 17
-44.941429 -737.601746 6.610263 17
-42.436237 -738.706543 2.555259 17
-44.128723 -740.532776 22.077677 17
-48.480659 -741.468689 21.220547 17
-44.920540 -744.330322 24.880484 17
-43.795967 -739.836975 13.845631 17
-43.503544 -737.145386 8.644479 17
-44.633648 -737.596985 -2.112003 17
-43.435017 -736.803101 3.796760 17
-46.510632 -743.020447 16.916243 17
-47.897789 -739.638367 17.380301 17
-44.517170 -740.218567 18.036781 17
-42.488548 -740.072754 6.898772 17
-46.859962 -740.541260 23.923813 17
-46.831108 -738.116882 15.794841 17
-47.743263 -739.606689 19.692122 17
-43.104343 -739.674561 4.611953 17
-43.018909 -742.747864 13.860455 17
-45.851864 -739.949951 10.469106 17
-42.424747 -738.493042 -0.039976 17
-42.683266 -743.491455 17.683348 17
-45.326939 -744.927734 20.242102 17
-46.019852 -745.983765 25.793070 17
-48.604809 -744.073792 25.248119 17
-45.404934 -737.503784 11.307853 17
-46.587490 -743.635559 18.974915 17
-46.250965 -741.732788 13.882316 17
-44.695869 -738.377991 1.616865 17
-43.613327 -741.880920 11.318310 17
-43.369335 -739.387878 10.083771 17
-44.914448 -739.551208 15.456628 17
-47.784931 -743.977600 22.855675 17
-46.285042 -745.221863 22.263315 17
-43.494190 -739.671326 -1.790213 17
-41.713848 -741.299866 14.352131 17
-45.447742 -739.897095 8.582245 17
-41.611401 -739.989990 11.028945 17
-43.334175 -743.478638 15.778555 17
-44.907532 -739.701660 20.582335 17
-45.318718 -745.804810 23.781912 17
-47.368252 -741.363159 16.817793 17
-43.387112 -743.700134 21.650301 17
-42.981285 -738.836304 8.204152 17
-47.132000 -738.829163 14.090773 17
-47.440853 -741.699524 25.210888 17
-44.411217 -737.839661 -0.318272 17
-43.350460 -738.778992 18.023785 17
-44.983303 -739.156006 5.410635 17
-46.367954 -744.753784 27.011156 17
-44.440845 -737.101501 12.737157 17
-42.350597 -741.155090 9.886024 17
-42.866734 -738.399597 13.354712 17
-43.521187 -739.801270 12.099458 17
-44.708149 -742.447388 13.180264 17
-47.844257 -742.726196 20.091988 17
-44.045059 -737.065430 10.297782 17
-44.976887 -743.818787 16.506931 17
-46.595081 -738.359985 20.048256 17
-46.504654 -740.432678 12.744556 17
-43.732334 -744.584106 19.624594 17
-44.384193 -737.612488 4.958477 17
-47.808353 -740.520081 22.507807 17
-48.088097 -744.459839 26.853237 17
-46.590302 -742.109253 15.487538 17
-42.302341 -738.243652 4.152595 17
-43.202835 -737.253418 -1.327435 17
-42.983707 -740.771423 8.400292 17
-43.888645 -739.514526 2.495621 17
-42.809162 -737.098877 2.296567 17
-47.540882 -745.410217 25.648985 17
-44.059238 -743.961304 23.259951 17
-43.387287 -737.854919 6.958450 17
-45.278927 -738.968506 7.306537 17
-45.870869 -737.261230 16.711914 17
-48.093262 -742.895874 21.752823 17
-43.317493 -739.111633 1.094160 17
-45.049057 -737.191711 8.227079 17
-44.390091 -740.751038 23.605440 17
-45.868099 -737.694092 12.858743 17
-43.407143 -738.428833 14.881308 17
-44.174419 -737.782654 2.917386 17
-43.341782 -739.463440 21.368176 17
-47.845020 -740.097351 21.087070 17
-46.299141 -738.467163 10.656678 17
-48.328693 -740.973694 19.737944 17
-45.178627 -741.361816 10.513619 17
-42.069107 -739.811584 -1.916042 17
-42.828571 -738.150513 9.590126 17
-47.367130 -738.920044 18.480789 17
-44.369938 -740.708557 8.076604 17
-42.391861 -738.039978 1.300744 17
-43.672562 -740.140503 6.054474 17
-43.624714 -739.610168 23.010519 17
-43.387897 -737.000854 5.784117 17
-42.053799 -738.742004 6.871405 17
-43.554913 -739.941772 15.324086 17
-47.546059 -739.294373 16.039955 17
-44.180222 -740.196472 19.437059 17
-47.123119 -738.516479 17.133394 17
-43.444939 -740.021667 17.152441 17
-44.624748 -740.056152 4.423117 17
-48.142536 -742.832153 25.620094 17
-44.486824 -739.084412 12.924112 17
-45.802380 -743.741394 17.846581 17
-47.945663 -740.344360 18.535933 17
-43.195530 -742.327637 12.522143 17
-42.311058 -739.465820 5.714553 17
-44.413155 -738.890930 -1.176006 17
-44.115780 -744.910950 20.923986 17
-43.406887 -744.519409 18.206163 17
-47.070690 -742.752930 18.105305 17
-48.233391 -743.598877 24.048538 17
-43.084209 -739.546204 -0.511989 17
-45.667198 -744.701172 25.890947 17
-48.444382 -741.875000 22.550322 17
-46.288986 -737.897278 14.616953 17
-43.122231 -739.928467 18.712868 17
-42.398331 -741.400208 11.198502 17
-42.103710 -742.411194 17.293028 17
-45.553452 -744.519592 19.044853 17
-46.924118 -740.059570 13.872049 17
-45.490353 -737.078125 15.524877 17
-47.923973 -741.119202 23.645720 17
-46.403992 -744.322449 20.063597 17
-44.231007 -736.933960 11.524560 17
-43.823952 -738.320007 10.534041 17
-42.565475 -742.609558 14.990064 17
-46.041481 -740.566650 11.519047 17
-41.992073 -739.526123 7.911030 17
-44.465527 -739.529968 1.175832 17
-45.764198 -743.005066 15.896071 17
-45.467735 -740.680664 9.542369 17
-46.596050 -740.088806 22.750639 17
-45.208244 -737.475525 10.047060 17
-43.029572 -737.325867 -0.043682 17
-43.855167 -743.346741 14.634659 17
-43.177948 -737.648438 4.783973 17
-43.095798 -739.358398 3.406703 17
-43.529110 -740.308350 20.455753 17
-46.264435 -746.083496 24.483114 17
-43.024147 -737.846191 3.273427 17
-44.129799 -737.041809 7.439158 17
-46.303154 -744.940674 21.107267 17
-47.261578 -739.110718 20.712929 17
-44.491142 -740.001160 16.576252 17
-45.212414 -745.319580 21.341324 17
-44.514385 -742.068237 12.068322 17
-42.227707 -741.928772 13.482985 17
-44.099632 -737.343079 1.810895 17
-42.465553 -742.956421 18.713987 17
-42.644268 -738.696472 -1.214042 17
-47.262676 -745.021240 22.938812 17
-44.480633 -745.036438 23.455776 17
-45.716469 -739.241455 9.537674 17
-45.003490 -745.468323 25.085508 17
-43.125568 -739.108276 11.183422 17
-47.822754 -744.671997 24.601864 17
-43.194168 -744.239807 20.647072 17
-44.787453 -739.227234 14.037338 17
-44.769695 -738.651062 0.477762 17
-46.507435 -745.975464 26.840715 17
-46.258057 -739.380371 11.467746 17
-43.506771 -741.529297 10.229270 17
-45.356625 -742.386902 14.129877 17
-42.608654 -743.105042 16.556337 17
-45.255779 -745.650330 22.655409 17
-44.472050 -737.305664 9.193399 17
-47.575974 -740.298767 16.514635 17
-43.121986 -739.171997 7.022611 17
-41.308395 -740.547791 11.947968 17
-45.411606 -738.256226 8.195886 17
-44.333790 -737.600830 0.773019 17
-48.244217 -742.921204 22.842821 17
-46.341713 -745.762085 23.233006 17
-47.151413 -743.935364 27.147762 17
-46.792721 -741.311096 14.764555 17
-44.588810 -737.906799 3.928401 17
-43.028694 -738.825623 12.361590 17
-43.768250 -736.781738 2.694947 17
-47.196552 -743.587524 19.916323 17
-46.134438 -738.091187 11.839154 17
-47.177757 -744.677734 21.917591 17
-44.391201 -739.744202 3.416201 17
-43.448372 -740.488342 7.152070 17
-43.859276 -736.840881 -0.482341 17
-47.320412 -742.823669 19.163206 17
-43.665424 -737.048279 -2.268473 17
-44.659130 -740.163086 5.553508 17
-44.941521 -738.752563 2.573435 17
-43.478455 -739.483948 9.018933 17
-44.873249 -739.900696 21.634439 17
-46.671135 -738.347656 13.245538 17
-44.115246 -739.365295 18.516026 17
-41.628223 -740.867432 13.397314 17
-46.028870 -741.423401 12.898295 17
-47.313042 -745.011230 27.467081 17
-41.843227 -740.212646 10.037244 17
-42.936653 -743.995544 19.187593 17
-43.106567 -739.093506 14.118990 17
-47.265560 -738.801025 15.144576 17
-42.090046 -740.729248 8.933080 17
-47.751060 -740.827209 17.615009 17
-44.877670 -738.152161 5.727080 17
-46.794350 -738.223145 19.051023 17
-42.914066 -738.615051 6.191709 17
-47.244366 -741.088074 15.825660 17
-42.354927 -738.627136 5.101869 17
-44.104496 -739.275757 14.774723 17
-47.406677 -741.892700 17.687618 17
-46.783077 -739.472107 13.045644 17
-45.004303 -738.506470 4.596750 17
-48.167820 -741.796814 20.290777 17
-48.178532 -743.719971 26.117622 17
-43.757603 -744.367798 22.339178 17
-48.497589 -742.871460 24.694696 17
-42.832817 -738.205017 10.762211 17
-41.489235 -741.991028 15.027573 17
-44.031933 -739.046997 11.710917 17
-43.220016 -743.925232 16.963303 17
-44.630383 -744.893188 19.356558 17
-44.318974 -740.467957 21.020704 17
-47.624954 -743.771729 21.899019 17
-46.870293 -742.187988 16.526249 17
-45.767502 -742.466614 15.023654 17
-45.226326 -739.948059 7.568185 17
-42.334911 -739.047668 1.053660 17
-44.137547 -737.685364 -1.251987 17
-47.842415 -745.438721 26.604650 17
-46.926651 -742.450623 25.604504 17
-43.810055 -740.016968 23.927059 17
-43.620304 -739.041931 17.103552 17
-45.087986 -738.861938 6.359322 17
-48.143726 -744.689697 25.879774 17
-47.746365 -743.282837 20.891958 17
-43.962914 -739.383606 16.001722 17
-43.321468 -739.368225 13.122534 17
-44.438065 -743.629944 15.509995 17
-48.146107 -741.714294 24.521420 17
-44.031113 -743.079895 13.729247 17
-44.271748 -737.336609 5.970413 17
-42.742161 -739.057251 -2.082915 17
-47.429165 -741.071716 24.473856 17
-43.048431 -737.775574 -2.113950 17
-43.281609 -741.130615 9.384452 17
-44.557819 -739.964050 22.721376 17
-45.411938 -737.187805 12.192060 17
-45.123470 -740.815002 8.677461 17
-44.510319 -741.554016 11.241980 17
-43.279686 -737.920349 7.897911 17
-47.693623 -744.591797 23.665678 17
-43.981312 -739.485657 20.543156 17
-46.619240 -737.845032 16.683144 17
-43.153042 -737.449890 1.511841 17
-43.864983 -739.914001 5.089785 17
-46.608814 -740.897766 13.637968 17
-44.444210 -744.237427 24.062040 17
-45.151642 -737.112854 13.337018 17
-47.305359 -738.781189 19.622425 17
-43.600288 -740.534058 22.888842 17
-44.579845 -740.367432 24.424717 17
-43.112000 -739.115356 1.987935 17
-44.410328 -738.501160 -2.005731 17
-42.719357 -737.838928 -0.809614 17
-47.051285 -745.678589 24.904877 17
-48.005951 -742.325928 21.027420 17
-45.901649 -745.369019 26.491062 17
-47.435490 -739.924622 21.935276 17
-45.054073 -737.771912 7.502511 17
-43.855526 -739.660522 22.106091 17
-42.623878 -741.826538 11.972975 17
-45.992352 -737.776855 13.759272 17
-43.097061 -739.162476 15.319220 17
-45.685841 -743.429749 16.922422 17
-48.048241 -740.811462 21.672365 17
-42.456848 -739.130981 4.236638 17
-47.307045 -739.602600 14.636218 17
-48.068676 -740.906799 20.652712 17
-43.512852 -738.912598 19.001486 17
-45.266773 -741.974243 12.675307 17
-43.159683 -737.918091 5.675498 17
-43.224789 -738.032715 8.774646 17
-47.265350 -746.039490 26.340910 17
-45.077579 -744.161682 17.367680 17
-42.124191 -740.387085 8.105547 17
-45.511787 -739.005920 8.652115 17
-47.812733 -742.114624 19.426702 17
-46.519192 -739.724243 12.225112 17
-42.004868 -740.743530 10.701830 17
-43.456482 -739.174988 0.226259 17
-42.829105 -737.938965 0.548053 17
-42.614075 -738.596741 3.419367 17
-46.222763 -737.605103 17.421251 17
-43.876350 -737.398621 4.242013 17
-46.211769 -737.547729 15.540817 17
-47.390537 -740.411255 23.242474 17
-42.539669 -737.909241 2.207774 17
-44.756367 -745.315796 24.264988 17
-44.020893 -744.278320 17.651838 17
-42.118271 -742.151978 14.411380 17
-43.663998 -737.441956 9.460918 17
-43.748566 -739.659729 3.994415 17
-44.723465 -737.274780 10.783162 17
-47.824200 -739.567505 18.828695 17
-44.728199 -739.607056 19.755737 17
-44.350899 -741.269775 10.362413 17
-42.999306 -739.905396 5.484473 17
-43.437576 -738.225586 12.765177 17
-43.250362 -739.601929 17.874805 17
-42.873821 -737.005127 3.196050 17
-48.064774 -740.237061 20.156914 17
-45.055977 -739.672607 6.130415 17
-44.417233 -738.828674 -0.330641 17
-44.568516 -739.233582 1.966886 17
-43.069359 -739.594299 20.572758 17
-45.742271 -740.730408 10.743867 17
-45.322376 -737.504211 8.952760 17
-43.618073 -736.969666 4.963780 17
-43.560181 -744.478455 21.423567 17
-45.850670 -738.488770 9.958211 17
-46.491676 -743.346375 18.170898 17
-45.712803 -737.902222 10.542631 17
-43.945496 -736.888916 -1.402857 17
-42.500916 -742.769714 15.810561 17
-48.112671 -740.259827 19.334093 17
-43.666576 -739.275208 -1.101860 17
-46.347637 -742.050781 14.618799 17
-44.782036 -739.213928 18.083315 17
-42.511059 -742.463684 12.939444 17
-43.807495 -740.992310 8.588746 17
-45.657543 -742.069214 13.422529 17
-42.179535 -738.051331 -1.413018 17
-44.260662 -737.289062 8.358130 17
-42.515373 -739.288940 0.043768 17
-44.912029 -739.312317 4.589211 17
-43.808041 -737.226624 6.667688 17
-43.848103 -737.278442 0.201091 17
-46.033485 -741.013123 12.204035 17
-42.041431 -743.109192 18.002880 17
-47.028004 -738.438843 17.931442 17
-43.044979 -738.925598 9.412613 17
-43.449688 -736.811646 1.904209 17
-43.812199 -739.419434 1.700037 17
-48.085854 -741.029236 18.949900 17
-43.628235 -738.698486 13.447148 17
-43.489376 -739.976196 16.363550 17
-43.727238 -740.161682 21.483507 17
-45.955708 -739.152222 10.391912 17
-46.954456 -742.491333 17.278471 17
-45.986813 -743.985168 18.585833 17
-43.773006 -739.046143 12.503083 17
-42.753033 -743.716064 18.441656 17
-47.193867 -738.603516 16.343126 17
-47.579578 -738.978455 17.650753 17
-43.280594 -738.484436 15.703300 17
-42.897800 -738.481995 7.486979 17
-47.622803 -739.114319 16.796709 17
-43.213024 -740.070068 19.764856 17
-48.123142 -741.245728 22.883472 17
-48.022228 -745.363586 27.377245 17
-46.801067 -746.168091 25.698727 17
-41.851540 -741.015442 11.625213 17
-42.232010 -739.419250 6.498760 17
-43.126511 -743.067139 14.623895 17
-44.703377 -742.889465 14.231661 17
-43.078796 -737.540283 3.990976 17
-45.624912 -745.924927 24.912703 17
-48.244659 -742.113770 21.826124 17
-43.349075 -737.257690 7.493764 17
-46.510193 -742.700562 16.004827 17
-46.597767 -738.821228 21.029873 17
-45.429230 -741.237488 11.289373 17
-44.749603 -738.240906 3.183194 17
-42.859879 -737.150574 0.851954 17
-46.652592 -745.425110 27.411610 17
-47.652912 -740.427673 24.106609 17
-43.952194 -739.391052 19.568630 17
-43.441475 -739.768066 14.574523 17
-48.072697 -742.158020 25.238310 17
-42.846611 -739.126221 17.151291 17
-45.449238 -745.471008 25.739065 17
-43.674061 -737.468018 3.501673 17
-43.579689 -738.158325 9.770050 17
-42.767956 -740.385254 7.571153 17
-45.611305 -745.569885 21.987236 17
-47.618290 -743.559509 26.614067 17
-43.372913 -738.355286 14.090042 17
-42.358456 -738.983459 1.823491 17
-44.369022 -737.984314 2.196775 17
-44.117023 -739.225525 -1.826313 17
-41.627434 -740.635742 12.645561 17
-42.836903 -740.014282 6.218579 17
-46.616383 -738.284119 14.037323 17
-41.723602 -742.633728 16.680389 17
-44.084991 -745.140259 20.196077 17
-45.774570 -737.307190 14.848413 17
-43.061283 -738.710449 10.230550 17
-46.093800 -744.122437 19.400925 17
-44.831745 -740.632996 7.474501 17
-45.704372 -739.981140 9.730426 17
-44.602921 -739.422241 2.779123 17
-42.902721 -743.519836 20.553194 17
-43.911297 -740.060669 18.741291 17
-43.070274 -744.208496 19.902639 17
-45.418587 -744.303223 18.241737 17
-46.341816 -738.221985 12.587403 17
-46.519863 -738.631592 11.522511 17
-45.323246 -738.369507 6.875294 17
-42.404758 -739.321472 -0.884097 17
-47.960285 -739.736206 18.104563 17
-44.263470 -739.979736 15.122606 17
-44.868645 -740.955750 9.865400 17
-42.750134 -741.351318 10.484520 17
-42.863953 -738.815125 0.479778 17
-45.117558 -743.379700 15.672578 17
-46.915512 -740.713806 14.289547 17
-43.712063 -738.542542 11.247816 17
-48.374947 -742.985352 23.589838 17
-45.363155 -739.305542 7.995655 17
-47.482113 -739.942932 15.682659 17
-44.265144 -739.743469 21.178596 17
-47.675091 -739.683105 20.498371 17
-47.307915 -739.514893 21.330385 17
-42.344990 -739.471436 4.872589 17
-47.546532 -742.705261 26.098211 17
-44.174267 -739.148010 13.611691 17
-44.505432 -745.217957 21.475203 17
-44.265274 -740.247559 20.331747 17
-44.147697 -740.378723 6.958077 17
-42.194790 -738.799377 6.105478 17
-43.534069 -742.712463 13.314084 17
-42.871422 -738.845398 -0.526435 17
-44.002289 -744.816833 22.843916 17
-43.530056 -744.328552 18.921049 17
-44.290291 -739.615906 -1.187339 17
-46.971210 -739.524353 22.503714 17
-44.705441 -737.210205 12.003237 17
-43.242931 -743.922668 17.854574 17
-43.866901 -739.956604 17.746542 17
-48.281170 -741.340515 22.104427 17
-46.596100 -744.366333 20.755445 17
-47.043247 -741.773804 15.935297 17
-43.393940 -739.636597 10.788008 17
-45.162186 -744.837585 25.389339 17
-42.193138 -739.495972 7.221602 17
-43.860146 -742.324524 11.919527 17
-48.439137 -743.379333 25.197792 17
-48.256119 -741.804565 23.321909 17
-44.085117 -739.384033 0.573977 17
-42.872181 -743.183533 15.285031 17
-42.067787 -739.337891 8.596645 17
-43.240528 -739.272400 2.701851 17
-44.117672 -737.897705 1.378135 17
-46.852612 -738.301270 14.795591 17
-43.312210 -739.427368 8.005200 17
-44.428062 -740.693054 8.798802 17
-48.145367 -744.041748 24.682522 17
-42.530495 -741.807678 12.686193 17
-47.977337 -743.346436 22.343712 17
-47.798641 -741.117371 18.292162 17
-44.923389 -744.729309 18.727543 17
-42.361248 -743.616821 19.311676 17
-41.678013 -741.595032 13.188945 17
-45.248646 -740.449097 8.061930 17
-43.134686 -739.244690 18.509781 17
-44.692333 -738.278076 -1.391483 17
-47.094810 -738.936401 13.397645 17
-44.451462 -739.959351 15.808235 17
-44.198372 -742.470337 12.559542 17
-43.823196 -739.271301 -0.412430 17
-44.797104 -739.445312 14.700154 17
-46.213478 -743.260620 17.512293 17
-42.334202 -743.089111 17.213589 17
-41.688213 -739.561218 9.842802 17
-45.650364 -745.046692 20.889112 17
-42.114086 -738.087708 -0.501574 17
-42.447849 -738.081116 2.964322 17
-44.112797 -739.424438 16.686195 17
-41.687828 -741.833435 13.920085 17
-42.163845 -737.963318 4.968136 17
-47.495861 -742.341309 18.464539 17
-41.922153 -738.947388 7.550202 17
-42.729382 -738.316223 -1.776838 17
-45.708103 -744.605774 19.763968 17
-46.067459 -738.069458 11.157606 17
-47.761276 -743.909546 23.629925 17
-44.302696 -738.167480 0.283661 17
-46.327637 -746.145142 25.188787 17
-44.672104 -745.338074 22.838728 17
-43.459560 -740.380676 22.149754 17
-47.575043 -745.216431 24.920143 17
-44.262280 -740.702881 22.792582 17
-41.841080 -741.815125 15.594159 17
-46.316074 -737.806641 18.704187 17
-43.767010 -737.399597 2.421407 17
-46.863983 -745.306213 23.414171 17
-44.305099 -740.017761 17.223555 17
-47.415817 -744.462036 22.570126 17
-44.525421 -738.857117 1.080153 17
-45.923397 -745.755310 22.652901 17
-47.091187 -739.798157 23.140978 17
-47.011032 -743.154968 18.650099 17
-44.744602 -739.515381 3.970303 17
-43.697605 -744.623474 20.423826 17
-43.307060 -737.233398 -0.658540 17
-43.567257 -740.742981 8.005128 17
-43.865154 -739.210815 17.699116 17
-48.054745 -743.464417 23.208403 17
-42.037426 -740.214233 9.360104 17
-44.038525 -737.327881 10.917521 17
-42.740967 -740.856750 9.032058 17
-43.054691 -743.596863 16.407013 17
-46.044430 -745.925354 23.814775 17
-43.136425 -739.709900 15.801991 17
-46.090645 -739.962219 11.171286 17
-43.060425 -741.660278 10.974857 17
-43.108788 -739.191467 -1.459651 17
-47.928600 -744.440369 25.214258 17
-47.605946 -744.415833 27.334749 17
-43.214642 -739.484314 19.190144 17
-45.126354 -739.714111 6.785449 17
-46.768536 -737.979004 17.487329 17
-46.556984 -744.830017 21.709333 17
-43.795559 -739.539429 3.194427 17
-46.053646 -737.131897 16.020185 17
-47.941036 -741.463257 19.521194 17
-47.478649 -739.411804 15.311480 17
-44.532440 -738.209717 0.938852 17
-44.672829 -737.274536 7.150401 17
-43.868679 -737.410278 5.381917 17
-43.213612 -739.799927 21.919125 17
-46.083111 -744.709290 20.483252 17
-43.385754 -737.642395 6.334810 17
-43.215656 -739.230896 11.818130 17
-44.942635 -741.610413 11.723083 17
-42.011299 -739.983337 8.644106 17
-43.905567 -737.290588 1.187110 17
-43.434765 -738.013550 10.961061 17
-43.262562 -739.500305 16.748682 17
-44.097942 -737.001526 9.653533 17
-47.260830 -740.137573 22.604752 17
-43.077354 -737.642578 2.497895 17
-43.747864 -739.116943 15.407374 17
-42.284805 -738.282776 0.622536 17
-46.279640 -740.385742 12.093767 17
-48.308174 -742.531860 22.335953 17
-42.852268 -738.022400 -0.141205 17
-44.807777 -739.788269 5.050447 17
-47.853645 -739.625427 16.486631 17
-42.947262 -738.649536 8.821280 17
-44.594795 -737.345825 7.800910 17
-42.480633 -742.354736 13.936396 17
-47.028637 -739.415466 13.822779 17
-46.268490 -742.659119 15.407513 17
-44.876896 -738.027649 5.045661 17
-45.314812 -738.385864 7.574025 17
-42.043259 -742.414062 15.348056 17
-46.601910 -743.799988 19.632885 17
-46.968845 -743.965881 20.388174 17
-42.862591 -738.771484 14.836396 17
-44.343681 -738.286682 -0.778874 17
-43.028072 -738.617126 11.743358 17
-46.041527 -742.923279 16.474970 17
-44.875629 -745.433228 21.935516 17
-45.858101 -745.120667 21.581383 17
-46.618332 -745.293884 22.821304 17
-45.432423 -740.817627 10.194463 17
-47.203461 -741.942627 17.066143 17
-41.391357 -739.908020 10.441749 17
-46.573692 -741.248779 14.168270 17
-44.208649 -737.344177 -0.731850 17
-43.291752 -737.503906 0.525947 17
-43.613201 -743.408020 15.217225 17
-42.895924 -738.483582 6.839804 17
-42.646660 -738.388306 5.602211 17
-44.141258 -737.271179 -1.883298 17
-43.021706 -737.884338 -1.409493 17
-45.052834 -737.210327 9.463624 17
-43.615490 -738.482178 12.213659 17
-47.101219 -738.656555 20.297752 17
-47.547062 -742.307129 25.594090 17
-45.610645 -737.928589 9.809548 17
-45.945763 -744.666321 26.559525 17
-47.823505 -740.266296 17.267065 17
-44.076523 -739.913330 14.405649 17
-48.568886 -742.275391 23.026752 17
-44.506737 -740.257507 18.794050 17
-45.118786 -738.128906 6.302833 17
-43.354141 -739.999573 20.971125 17
-45.532764 -740.205566 9.142489 17
-47.798111 -744.815552 26.424116 17
-44.593884 -737.318787 10.090714 17
-46.968937 -741.440063 15.402379 17
-42.840378 -738.334961 12.690999 17
-43.282528 -738.041870 10.316545 17
-47.443729 -739.165405 20.087435 17
-45.058022 -737.214050 12.728014 17
-44.852402 -744.935974 24.788109 17
-47.594532 -740.791504 17.017017 17
-42.691292 -739.088989 3.000298 17
-42.847687 -738.893860 1.434984 17
-43.386875 -737.042542 4.380964 17
-45.547256 -743.499329 16.215246 17
-42.403835 -737.982605 3.603205 17
-43.742420 -737.517212 8.072424 17
-47.326336 -740.868713 16.451487 17
-44.918995 -740.727600 9.268847 17
-47.566765 -739.068665 19.097260 17
-48.528313 -744.183655 25.861053 17
-41.944038 -742.070190 16.435438 17
-47.603245 -745.010742 24.127094 17
-46.857117 -744.427246 21.341908 17
-43.238579 -739.417969 12.465687 17
-48.169315 -741.621765 23.893789 17
-41.691723 -740.448120 11.460672 17
-46.372250 -737.633911 16.120426 17
-47.116817 -743.394531 19.277266 17
-44.076801 -744.556824 23.431826 17
-45.953606 -742.237732 14.142787 17
-46.818668 -744.943542 22.369539 17
-45.639942 -738.701050 9.255781 17
-44.120289 -739.545593 23.682348 17
-42.962349 -739.403320 3.993401 17
-45.697975 -737.654602 11.829353 17
-46.825138 -743.016968 17.572910 17
-42.692570 -738.041870 4.587256 17
-46.038506 -745.968567 26.416563 17
-44.458054 -739.743164 2.282562 17
-45.576485 -737.344238 13.744393 17
-47.165581 -738.636108 15.720619 17
-46.720089 -738.864563 12.915219 17
-43.864891 -739.270020 21.102911 17
-43.430897 -739.679321 11.474191 17
-44.036369 -739.807800 4.505719 17
-43.185028 -742.038147 11.861967 17
-44.852764 -737.287231 11.378522 17
-42.323311 -739.981873 7.565507 17
-44.646366 -737.622009 5.524239 17
-42.470402 -738.380188 1.824345 17
-45.528297 -742.984680 15.226305 17
-45.873272 -737.550232 14.312096 17
-46.149479 -738.942078 11.020761 17
-47.371021 -740.490967 15.950438 17
-43.558983 -739.079407 20.311361 17
-46.989838 -738.158203 19.609638 17
-43.994961 -740.249939 24.498894 17
-47.459770 -743.246277 20.359144 17
-44.437370 -739.909363 22.120161 17
-47.928036 -740.325867 17.942568 17
-44.178181 -737.890564 -1.820374 17
-42.652721 -739.090088 7.395841 17
-47.375912 -743.042114 19.725233 17
-44.874554 -742.510925 13.792007 17
-47.061184 -740.164429 14.486077 17
-48.349609 -742.298462 24.569376 17
-44.386539 -737.339355 6.567429 17
-47.509979 -743.659668 21.314426 17
-43.162743 -743.820435 21.062895 17
-43.834969 -740.117859 19.928148 17
-46.537216 -737.902527 15.185893 17
-43.393982 -737.202087 2.906934 17
-48.402901 -743.473816 24.608442 17
-44.941391 -745.423950 23.530331 17
-46.517555 -745.315857 26.824821 17
-43.037601 -738.959778 13.528851 17
-42.580975 -738.951538 6.658951 17
-44.328690 -739.372803 15.526676 17
-47.355919 -745.551819 26.917540 17
-45.314831 -742.653809 14.673434 17
-43.927570 -740.430359 23.442251 17
-44.692894 -740.093567 7.273062 17
-48.624107 -742.765259 24.118759 17
-46.702423 -740.374451 23.378479 17
-42.072014 -741.535095 11.857534 17
-43.487316 -738.626221 16.267908 17
-46.742313 -740.317566 13.383072 17
-45.547920 -745.764587 23.157681 17
-44.595066 -737.971802 4.531477 17
-44.495377 -743.272766 14.630420 17
-44.029594 -744.944824 21.779039 17
-47.268852 -740.139343 23.756157 17
-43.633724 -739.976318 19.341578 17
-43.541023 -736.768555 0.128540 17
-43.044113 -738.828674 12.957402 17
-42.657017 -742.704346 14.416567 17
-47.186180 -738.362366 18.522030 17
-45.736763 -745.925598 24.316761 17
-46.383453 -740.917664 13.046760 17
-43.625092 -740.029724 22.583853 17
-45.556934 -739.564941 9.069391 17
-45.413425 -737.400696 10.717649 17
-44.746605 -738.504761 4.013738 17
-43.740654 -743.831116 22.574869 17
-43.363144 -739.443604 13.707821 17
-47.321220 -744.144409 21.570234 17
-47.763645 -744.219543 24.130709 17
-43.113487 -738.762085 16.771017 17
-47.385380 -745.089294 23.585064 17
-47.445435 -741.286560 17.381090 17
-46.128273 -737.694702 18.073563 17
-42.335594 -740.746216 9.468108 17
-44.387196 -740.255798 6.453101 17
-45.175411 -744.791138 19.691830 17
-47.942924 -743.191101 26.128033 17
-48.395115 -744.462097 26.362585 17
-43.572441 -739.844177 18.314522 17
-47.787064 -740.755920 23.042286 17
-46.507099 -739.177673 11.979595 17
-47.835670 -744.976318 25.388374 17
-47.796730 -744.940125 27.061983 17
-44.438385 -739.089050 0.229940 17
-45.586872 -737.988831 8.716592 17
-47.800632 -740.368103 21.931522 17
-45.895332 -741.126526 11.592269 17
-42.841057 -738.077087 4.008007 17
-42.610043 -739.114380 3.661046 17
-43.237057 -737.427673 5.381269 17
-44.058098 -737.506287 9.897030 17
-46.708622 -745.718140 23.765768 17
-44.695404 -742.210815 12.662770 17
-44.747105 -738.828491 3.131273 17
-42.964546 -742.540405 13.299728 17
-42.858566 -743.164917 16.053661 17
-44.813324 -737.364258 8.729201 17
-44.707699 -738.408569 -0.048650 17
-47.629749 -744.460632 23.111063 17
-45.304768 -737.700684 8.152487 17
-42.871315 -738.251282 11.338696 17
-45.166355 -745.694031 24.585217 17
-44.315212 -739.243774 -0.710046 17
-43.505180 -742.983398 14.050073 17
-42.861557 -737.812927 1.091276 17
-47.779572 -743.928528 27.112064 17
-43.190334 -739.606140 -1.067145 17
-42.729912 -743.417542 18.940500 17
-47.397999 -739.042969 14.620178 17
-47.138241 -738.676697 18.981535 17
-43.732944 -736.880310 3.251962 17
-46.255402 -737.941162 13.288247 17
-44.351749 -737.532104 0.196402 17
-45.544064 -743.830383 17.333797 17
-43.179935 -739.151855 8.660933 17
-42.035873 -740.735352 10.120807 17
-42.430080 -738.507629 -0.716550 17
-47.968407 -742.767944 20.673910 17
-43.290096 -744.004822 18.433012 17
-43.507526 -740.307556 6.624593 17
-48.163082 -741.800598 20.858387 17
-44.225178 -740.667297 7.528114 17
-44.253902 -737.733459 3.475747 17
-47.184017 -740.887024 15.299554 17
-42.701832 -739.565430 -1.807188 17
-42.781101 -737.965088 5.132147 17
-44.179207 -741.852112 11.597233 17
-42.894493 -743.464661 16.985229 17
-42.739868 -737.480591 1.893582 17
-45.960300 -737.813782 12.318616 17
-42.323418 -738.653015 4.546866 17
-46.848141 -745.752258 24.394241 17
-46.038620 -739.509155 10.834476 17
-45.633705 -741.599609 12.451995 17
-44.537079 -744.778564 24.135258 17
-44.913986 -738.554565 5.241420 17
-46.577400 -746.030151 26.245142 17
-46.351685 -739.909729 11.728825 17
-44.673710 -738.251892 2.644129 17
-42.205463 -742.815369 16.304213 17
-43.268822 -739.037720 17.523588 17
-43.469818 -737.320618 -1.802472 17
-41.734089 -741.299866 13.738480 17
-43.932915 -737.304504 8.992264 17
-48.241173 -741.235779 20.217636 17
-42.268299 -738.788391 -2.189950 17
-44.031944 -736.875488 0.575587 17
-42.814487 -738.927063 15.728915 17
-44.188313 -739.180054 14.173079 17
-45.001873 -738.696716 5.802410 17
-41.729240 -740.909790 12.180638 17
-43.839405 -739.124939 13.041016 17
-43.859440 -739.366394 1.147952 17
-43.091469 -738.095276 6.481804 17
-47.731411 -742.636230 19.563337 17
-44.902382 -738.703735 2.013218 17
-44.138889 -737.064514 4.806002 17
-46.284615 -741.326416 13.500689 17
-45.417667 -738.764954 7.959011 17
-47.105442 -745.742188 27.423733 17
-44.575745 -744.309509 17.530212 17
-44.709484 -737.646179 6.097852 17
-42.862534 -738.131836 8.377512 17
-42.901623 -741.209595 9.875711 17
-43.701500 -737.344116 -1.037132 17
-47.617149 -739.281250 18.160610 17
-43.324238 -737.993225 9.310804 17
-42.548550 -738.540100 1.102132 17
-44.055222 -739.908264 16.179272 17
-47.895855 -742.165283 19.980581 17
-46.601997 -741.731323 15.094769 17
-43.669365 -737.460693 5.909185 17
-41.710175 -741.133484 12.888022 17
-47.678753 -745.725464 26.171404 17
-44.471695 -739.698792 20.267246 17
-43.202385 -739.301453 14.648697 17
-42.473358 -739.058044 -1.553915 17
-47.875721 -745.151794 25.989162 17
-43.519913 -739.796143 12.840730 17
-44.105900 -740.514587 23.994867 17
-42.202568 -738.025879 0.118509 17
-44.132687 -739.452576 19.064968 17
-41.896187 -740.080688 10.558845 17
-42.467693 -740.524048 8.495752 17
-45.242092 -737.172546 14.850315 17
-41.774326 -741.500305 14.867654 17
-45.059429 -741.914490 12.156367 17
-43.496017 -744.198608 21.898314 17
-47.582417 -741.631836 18.129648 17
-43.891811 -739.936768 16.706478 17
-42.285625 -738.928772 5.585076 17
-45.172112 -745.324097 20.810310 17
-42.327145 -738.840210 0.463976 17
-47.898960 -741.282227 24.227972 17
-48.028217 -743.916931 26.623676 17
-44.733948 -739.324402 3.408965 17
-42.987171 -740.282715 6.909493 17
-47.100342 -741.362549 24.976917 17
-44.777859 -740.164429 6.073349 17
-48.208828 -741.000610 21.163187 17
-43.919720 -740.174194 20.846170 17
-44.111523 -739.832092 22.959152 17
-44.389870 -742.764404 13.491933 17
-47.917316 -740.661194 19.875061 17
-42.339691 -742.668030 17.967554 17
-48.185532 -742.599731 23.275335 17
-44.729156 -743.762207 15.935587 17
-47.021561 -740.795654 14.800019 17
-47.674713 -741.448425 24.808559 17
-43.225609 -739.564514 17.324217 17
-48.378910 -743.727905 25.607704 17
-45.047726 -738.918030 4.256270 17
-43.371979 -739.724976 20.157982 17
-44.672493 -741.358276 10.785753 17
-47.390499 -743.683105 20.674053 17
-43.842785 -744.291626 22.859453 17
-47.169632 -741.747864 16.493855 17
-45.194588 -742.164062 13.141522 17
-46.982044 -738.315735 15.331894 17
-45.704235 -740.392334 10.064225 17
-46.376690 -738.532593 12.009187 17
-44.569088 -737.710327 -0.958705 17
-43.608192 -741.341858 9.741488 17
-43.323048 -738.174316 13.492080 17
-43.341278 -736.988953 1.349636 17
-46.037224 -745.169312 27.015154 17
-43.131390 -739.415710 9.565849 17
-46.841480 -739.216125 21.269295 17
-44.814281 -740.248047 22.292255 17
-43.721043 -737.337769 -0.348602 17
-47.677639 -739.926697 16.876957 17
-44.227093 -737.130066 12.258469 17
-45.326263 -739.871643 8.086456 17
-42.206848 -743.404541 18.627119 17
-46.478519 -742.636108 16.526255 17
-45.217205 -739.500366 7.265699 17
-43.153847 -739.130188 -0.202849 17
-42.838432 -743.618469 19.533678 17
-45.257488 -745.032837 25.952648 17
-48.065403 -740.364807 20.673809 17
-43.078167 -739.108215 -0.932161 17
-42.287479 -741.185242 10.670086 17
-46.214512 -742.205383 15.111250 17
-48.103012 -740.980286 22.448254 17
-46.782333 -739.355896 12.499838 17
-42.521801 -743.203674 18.195314 17
-44.309566 -739.799866 4.046319 17
-46.302708 -737.467102 16.917727 17
-45.547611 -737.438538 13.236662 17
-46.082226 -741.870605 13.163707 17
-43.922684 -739.620300 21.587425 17
-47.405582 -744.218079 22.081894 17
-46.797466 -738.630005 13.672415 17
-43.621136 -739.999329 5.534609 17
-45.806583 -739.577576 10.033363 17
-47.014175 -741.962036 25.336868 17
-42.377731 -738.969910 -0.412331 17
-43.068481 -738.665466 10.747734 17
-46.896351 -738.166870 16.368557 17
-45.335701 -741.139404 9.758589 17
-43.357479 -739.845703 5.056546 17
-45.630642 -741.271729 10.820756 17
-47.588646 -740.692017 23.650743 17
-45.135864 -737.379456 11.792268 17
-48.312138 -741.953369 21.346889 17
-46.759113 -738.092346 18.487371 17
-46.601822 -739.878906 12.710959 17
-43.795765 -737.351257 7.188568 17
-47.671730 -742.245850 18.933802 17
-42.641994 -739.582520 5.313803 17
-44.616325 -737.765076 -1.572965 17
-45.136398 -740.299500 8.546307 17
-47.283806 -742.304199 17.982952 17
-43.735126 -742.554993 12.773946 17
-44.006535 -739.380737 17.240339 17
-43.707142 -739.131653 16.591105 17
-47.863174 -743.337830 21.610714 17
-44.064312 -740.036072 18.259159 17
-43.172325 -737.380188 3.490940 17
-41.957104 -739.034851 8.067610 17
-43.625763 -736.822266 -0.955428 17
-42.920223 -738.257263 12.082766 17
-44.325523 -739.601074 1.676045 17
-43.056030 -738.647705 14.380392 17
-42.795841 -737.911133 1.592521 17
-43.597389 -738.952881 15.902115 17
-44.913193 -739.699829 5.633248 17
-44.708080 -736.875977 13.115995 17
-43.551525 -737.896545 8.341218 17
-43.526363 -744.614075 20.901245 17
-46.641075 -742.149719 16.004721 17
-43.198635 -739.185547 10.663092 17
-43.330772 -737.159668 2.339594 17
-42.496517 -738.687012 3.979648 17
-43.642101 -739.166321 18.467178 17
-44.074188 -740.072937 5.750052 17
-48.036911 -742.280701 20.510990 17
-43.415394 -739.544739 15.032911 17
-47.362465 -739.885010 15.072320 17
-42.097382 -741.959595 12.474034 17
-43.505745 -739.381104 20.761276 17
-43.206989 -738.091553 7.376887 17
-46.041878 -738.182251 10.309334 17
-43.858402 -739.568604 -1.464141 17
-42.825962 -738.154419 10.144862 17
-45.606789 -745.848083 25.408222 17
-45.542492 -738.491455 8.681692 17
-46.472832 -738.145081 19.420975 17
-42.691296 -737.595459 -0.372245 17
-47.785183 -743.820923 22.374426 17
-43.262035 -740.963928 8.784515 17
-45.216492 -743.920105 16.955353 17
-42.704323 -738.731995 2.129297 17
-43.427402 -738.742126 15.261525 17
-46.862747 -739.824036 13.401907 17
-43.844860 -739.786682 24.371305 17
-48.330662 -742.833801 25.163530 17
-43.102661 -739.435974 1.619166 17
-47.254356 -745.358704 24.505781 17
-43.516483 -739.323303 2.217640 17
-42.136246 -741.681030 13.005658 17
-48.465393 -741.682800 21.782738 17
-44.263710 -736.908569 -2.201308 17
-43.640957 -744.789490 19.096550 17
-47.645725 -739.955078 16.158220 17
-46.895512 -742.754578 25.999739 17
-43.703560 -737.226501 0.706834 17
-45.415867 -744.038635 17.811909 17
-45.526150 -737.421997 12.618038 17
-43.990936 -739.843994 15.533071 17
-44.741524 -739.802490 21.057053 17
-43.131073 -739.342041 -1.957131 17
-46.170033 -737.582397 15.047377 17
-42.919098 -739.231812 17.818031 17
-44.341709 -737.596191 4.326971 17
-43.234329 -739.483643 16.221180 17
-44.362392 -737.406860 11.287057 17
-44.571606 -738.917908 1.572176 17
-44.776577 -740.377808 7.898119 17
-45.115395 -737.087952 13.818575 17
-43.854275 -739.419250 20.058567 17
-45.013866 -739.233337 5.909187 17
-42.837208 -743.725952 20.009710 17
-43.513763 -737.642883 8.825292 17
-44.990005 -737.864075 7.014918 17
-42.305096 -739.791321 6.203007 17
-43.599113 -739.505188 22.494059 17
-42.703266 -740.498962 8.040915 17
-48.078049 -742.726807 21.298449 17
-43.600925 -737.680603 7.624971 17
-46.929512 -739.701538 22.033131 17
-48.022800 -739.997925 18.911610 17
-43.659668 -736.865417 -1.804162 17
-41.805340 -741.776611 14.411055 17
-45.328754 -737.646973 9.511476 17
-44.029861 -743.274170 14.171575 17
-43.096878 -739.070251 7.754582 17
-42.797806 -737.510254 2.996435 17
-46.105549 -743.659546 18.253279 17
-44.497807 -739.299500 15.081782 17
-43.789867 -741.181824 9.245095 17
-41.936398 -740.813293 11.185532 17
-48.269279 -741.331116 20.775633 17
-42.180859 -742.772522 16.798632 17
-43.574989 -739.094849 19.451668 17
-44.739449 -743.341064 15.246879 17
-42.680206 -739.226685 2.174905 17
-48.265553 -740.728394 20.241179 17
-47.325226 -742.750000 18.656311 17
-42.768417 -738.842651 0.007120 17
-43.057178 -743.631836 17.412474 17
-46.992893 -738.700989 14.529178 17
-45.311462 -742.366760 13.625872 17
-43.710575 -740.105103 23.071606 17
-44.688141 -739.108398 13.578547 17
-47.603085 -741.228088 17.850977 17
-43.695686 -739.782410 23.455610 17
-47.509995 -745.441223 27.491480 17
-43.305275 -740.607117 7.593078 17
-45.912182 -740.281555 10.871264 17
-45.855824 -744.118530 18.135845 17
-43.834770 -737.401062 2.905210 17
-48.368950 -743.152161 24.257479 17
-43.749554 -743.811035 22.099810 17
-48.195770 -742.068604 24.149767 17
-44.019806 -741.414001 9.976235 17
-47.514538 -743.124268 26.336306 17
-44.912170 -738.988403 4.954255 17
-46.880527 -738.109863 16.988529 17
-43.088036 -737.593262 -1.002936 17
-45.401451 -740.723999 9.054788 17
-47.922443 -740.549194 18.974722 17
-42.666824 -739.776855 5.836386 17
-47.956924 -740.384583 21.445351 17
-44.033581 -736.882568 -0.003125 17
-42.762100 -738.184998 -1.150325 17
-43.905563 -739.347046 0.133307 17
-43.908054 -739.794312 14.845947 17
-41.993855 -742.263000 14.905362 17
-47.669056 -740.004944 21.525745 17
-44.973694 -741.530640 11.160218 17
-47.150970 -739.709534 14.192947 17
-43.319294 -738.096985 12.276325 17
-45.149357 -739.246582 6.711168 17
-45.707909 -745.119385 26.130495 17
-46.755116 -743.530701 18.527676 17
-48.122726 -740.752625 19.364901 17
-47.181171 -740.740051 24.256245 17
-47.613010 -739.237671 17.263311 17
-43.044212 -738.542358 9.787687 17
-43.125530 -739.940002 19.192503 17
-42.900940 -738.057678 2.849132 17
-47.284119 -745.650452 25.327183 17
-46.463326 -741.588440 14.479196 17
-42.829098 -738.675903 13.850080 17
-44.507710 -739.585876 19.316755 17
-42.572613 -738.270264 6.048498 17
-47.306923 -738.603455 17.569040 17
-44.057274 -743.570007 15.114009 17
-45.820557 -740.956482 11.170006 17
-44.704575 -744.192261 17.083939 17
-44.772102 -740.543213 8.351016 17
-43.265408 -737.344971 1.066643 17
-45.869358 -738.993042 9.919709 17
-43.545204 -739.702942 4.402856 17
-42.579712 -743.218262 19.424862 17
-47.489872 -739.488342 20.893274 17
-43.241756 -744.205566 17.479559 17
-45.408268 -737.954285 7.774013 17
-47.990509 -740.001465 19.724863 17
-42.552097 -737.723083 0.177125 17
-47.438438 -738.995056 15.538765 17
-43.621307 -738.652893 12.874496 17
-41.696793 -740.412659 10.833550 17
-44.125771 -744.064575 23.712059 17
-44.130085 -741.012512 8.965292 17
-47.905056 -743.523071 22.784906 17
-42.729282 -738.271729 2.433087 17
-47.207104 -741.378357 16.190126 17
-47.507423 -739.213074 19.552174 17
-47.834385 -741.627380 19.096476 17
-44.159607 -737.868774 -0.759277 17
-46.182667 -741.026611 12.650410 17
-42.529480 -742.257080 13.375154 17
-43.943146 -744.705872 20.025724 17
-44.184387 -739.586121 2.902590 17
-43.650169 -739.191589 0.657244 17
-43.664959 -738.529297 11.744240 17
-47.560513 -745.872986 26.662197 17
-46.878948 -740.521423 13.813641 17
-45.711082 -742.440002 14.550994 17
-43.778923 -737.353516 4.702430 17
-46.612957 -738.544312 20.638168 17
-44.703087 -738.488525 -0.546347 17
-43.799953 -737.044861 1.560804 17
-45.056820 -744.831360 19.187815 17
-42.908749 -738.933594 0.966616 17
-43.348984 -738.697815 17.196198 17
-44.143921 -738.022705 0.699091 17
-44.346756 -737.011230 11.010322 17
-44.353806 -738.727722 -1.611242 17
-45.703640 -737.788025 11.068758 17
-44.157330 -737.117065 6.956991 17
-42.415134 -743.068359 17.722647 17
-45.666351 -745.623291 26.118202 17
-44.354496 -739.840515 21.627171 17
-43.106644 -739.048340 9.878345 17
-41.832298 -739.293701 9.027461 17
-42.742065 -741.003479 9.470857 17
-44.851997 -745.503113 22.447769 17
-43.676605 -737.210938 2.022031 17
-42.157406 -742.033325 13.956403 17
-41.975712 -739.644287 9.490664 17
-43.279530 -737.404785 -2.258178 17
-44.271446 -739.135010 12.515306 17
-44.095638 -739.509583 2.052666 17
-43.399410 -739.168640 -0.581290 17
-41.436108 -739.951111 9.930802 17
-43.563435 -739.696167 13.394622 17
-46.761673 -742.497864 16.871887 17
-43.617352 -739.718872 15.779041 17
-44.239140 -737.055298 8.755322 17
-43.846863 -744.904114 22.422922 17
-46.569042 -739.738037 22.431675 17
-45.806816 -742.640686 15.476708 17
-42.264408 -738.443909 -1.826848 17
-42.818832 -738.972046 2.564049 17
-48.209549 -744.328674 25.551563 17
-46.332722 -738.433167 11.153164 17
-44.243076 -741.479431 10.841137 17
-42.122704 -739.927856 8.194220 17
-45.126541 -740.103394 7.039300 17
-43.107498 -737.208557 1.930874 17
-42.048172 -742.281982 16.867365 17
-44.163910 -737.604736 3.900187 17
-47.370422 -738.721375 18.009020 17
-42.326401 -738.232910 5.319740 17
-44.643013 -739.095337 2.387721 17
-48.262062 -743.276428 25.637516 17
-44.257542 -739.577576 19.855177 17
-44.588787 -738.415222 2.198384 17
-45.876347 -737.334229 15.305037 17
-45.085026 -744.356018 17.898041 17
-45.303471 -744.484131 18.658049 17
-42.217876 -739.179199 6.881513 17
-46.905674 -745.639282 26.946802 17
-44.073772 -737.581970 -0.166122 17
-47.359257 -738.741394 16.795076 17
-42.727123 -739.356323 0.437312 17
-46.072853 -742.669495 15.850979 17
-42.678806 -739.332153 0.908832 17
-42.718700 -737.306763 1.434114 17
-43.490875 -739.537476 3.641720 17
-47.872177 -739.820374 19.287931 17
-42.569721 -737.999512 -2.130623 17
-47.518211 -738.986389 16.366350 17
-42.996155 -738.267700 9.140016 17
-47.896725 -741.776184 25.081841 17
-42.353577 -739.005249 4.826519 17
-44.333450 -741.071045 9.890112 17
-44.994118 -737.402344 10.441983 17
-42.759651 -742.085205 12.408085 17
-46.472866 -737.734802 17.774042 17
-46.231926 -737.890686 14.127930 17
-42.974739 -738.334961 7.897044 17
-43.114712 -739.835449 18.240635 17
-44.449120 -739.229980 0.856334 17
-44.677307 -738.544922 -1.024020 17
-47.911865 -740.679138 18.216789 17
-46.758198 -745.036133 27.093882 17
-44.054432 -737.807983 1.912481 17
-45.454777 -739.450317 8.541077 17
-42.098396 -740.455322 9.758225 17
-42.676201 -739.352173 4.548907 17
-43.836903 -737.565918 8.519775 17
-43.435131 -736.719177 2.398356 17
-44.353817 -739.910828 4.815214 17
-45.178928 -738.790894 6.889926 17
-48.387463 -743.790100 24.977428 17
-43.931614 -737.188843 6.205105 17
-43.082283 -737.748108 0.222381 17
-42.259274 -738.076416 -0.977249 17
-43.358711 -739.534485 14.137116 17
-42.963440 -737.121948 2.776261 17
-44.230724 -744.778320 23.784872 17
-42.983089 -737.521912 -1.739829 17
-44.979904 -737.337219 7.503248 17
-47.010193 -738.543213 19.862972 17
-42.753227 -743.239197 14.821753 17
-43.682552 -741.739502 10.583750 17
-45.389721 -743.629700 16.606314 17
-45.647591 -739.121033 9.074287 17
-45.018513 -745.224976 20.381781 17
-43.443470 -737.287781 3.840885 17
-43.116096 -737.623352 -0.492146 17
-43.079044 -738.638977 11.204091 17
-43.068157 -737.640259 6.019799 17
-47.789707 -739.855530 20.097752 17
-44.296772 -737.510864 1.228926 17
-42.634083 -738.485840 -2.178984 17
-47.747108 -739.454407 17.743635 17
-42.007938 -741.287537 10.990953 17
-44.032116 -737.798340 2.410933 17
-46.212940 -743.968201 18.995512 17
-44.674660 -736.954041 12.365641 17
-47.982918 -740.630554 21.058630 17
-45.909550 -743.581238 17.340437 17
-44.298531 -738.164795 -1.218038 17
-42.415943 -741.693726 11.590764 17
-47.155418 -746.048645 25.913246 17
-47.801521 -741.262634 18.734066 17
-43.937885 -742.802979 13.067090 17
-48.091614 -739.944153 17.747303 17
-44.185429 -737.461243 10.458914 17
-47.687862 -740.899963 24.036819 17
-46.274918 -745.615662 26.633215 17
-46.483192 -744.801270 20.672497 17
-46.130981 -743.259216 16.958467 17
-43.392780 -744.451172 20.162651 17
-43.300030 -737.085571 0.705504 17
-48.112015 -741.367798 23.331272 17
-48.260918 -741.290039 21.666653 17
-48.193474 -742.441528 22.765882 17
-42.689949 -738.246765 0.263878 17
-46.133827 -745.330261 21.848328 17
-42.225716 -740.329285 8.827628 17
-48.015331 -741.750000 19.882309 17
-44.356770 -738.515320 0.565775 17
-42.274464 -738.201111 4.595987 17
-42.619915 -738.594849 2.941025 17
-45.378086 -744.516846 25.587181 17
-42.322262 -739.308960 -1.880509 17
-42.693756 -737.876038 -1.727590 17
-44.456680 -739.423584 -1.632750 17
-47.553337 -740.218079 22.265142 17
-45.248154 -742.798218 14.173675 17
-42.203342 -738.028748 1.789737 17
-43.449272 -740.081604 17.904402 17
-43.021957 -738.600403 15.222297 17
-45.888866 -737.724670 13.342652 17
-43.576939 -737.103088 9.161506 17
-44.349442 -738.078247 1.679520 17
-45.705444 -741.762817 12.926654 17
-41.822266 -740.547180 11.867636 17
-48.106888 -742.944824 22.253124 17
-43.313450 -739.679321 19.607397 17
-46.301121 -743.614563 18.645266 17
-46.760250 -738.062317 17.956135 17
-44.875862 -745.083008 19.807081 17
-43.855053 -744.797058 21.353971 17
-43.686428 -739.015320 15.003327 17
-44.017502 -737.639954 0.468780 17
-44.485973 -738.028198 -2.094419 17
-45.079887 -743.586731 16.136137 17
-41.671310 -742.193909 15.444601 17
-45.721573 -741.244507 11.978733 17
-44.191624 -739.829468 22.524740 17
-43.500229 -739.868591 18.919781 17
-43.121601 -738.285767 5.909094 17
-48.183025 -743.448914 23.642143 17
-42.629005 -738.119873 0.896663 17
-43.479366 -739.242676 1.493085 17
-46.546093 -737.813843 15.654790 17
-46.023964 -744.548828 20.059317 17
-42.222992 -739.243103 6.071523 17
-45.921623 -737.864136 11.515261 17
-43.456085 -737.457581 6.788241 17
-44.307911 -740.081116 17.674068 17
-45.936356 -745.500671 22.281502 17
-43.534771 -739.793274 17.535667 17
-41.373219 -740.924377 12.430899 17
-44.983753 -740.039124 6.528267 17
-44.712566 -738.196106 3.615287 17
-44.988659 -745.588013 24.003632 17
-46.022930 -742.080627 13.659169 17
-46.511086 -739.764221 21.969860 17
-46.818653 -743.990051 19.964396 17
-47.433075 -738.855896 17.198109 17
-43.965237 -739.631531 3.593339 17
-44.342632 -742.649536 13.072329 17
-43.964211 -737.130859 5.737002 17
-43.232426 -744.281372 21.070761 17
-47.244957 -740.523499 15.541315 17
-47.070992 -742.621338 17.679152 17
-46.638149 -738.460632 12.804613 17
-47.419193 -744.032288 22.600859 17
-47.223526 -744.853638 22.441132 17
-44.355522 -737.422546 -1.538171 17
-48.185783 -744.066650 24.247332 17
-46.019104 -741.417114 12.345307 17
-46.514256 -738.158936 13.619087 17
-46.321140 -745.574463 22.692596 17
-46.000530 -738.746643 10.284802 17
-42.634377 -742.783936 15.392550 17
-42.401287 -739.157043 5.212776 17
-42.229202 -739.986755 6.577455 17
-47.624779 -739.204224 18.673336 17
-43.884090 -739.940125 17.265339 17
-43.814140 -742.397034 12.373298 17
-46.884480 -743.160706 18.246658 17
-43.440765 -737.237122 7.967583 17
-42.357613 -742.398743 14.666477 17
-43.128769 -739.273254 15.784661 17
-43.713436 -738.887512 12.102191 17
-47.861404 -739.842102 18.505621 17
-43.455593 -737.210144 0.056301 17
-43.170906 -738.117920 9.883354 17
-48.230118 -741.676636 22.905416 17
-44.139038 -737.184937 -1.158893 17
-43.498241 -739.269104 -1.557764 17
-43.973915 -740.868103 8.005696 17
-45.698109 -738.319763 9.549045 17
-43.994957 -736.855957 1.021901 17
-45.695965 -743.244995 16.536049 17
-45.930653 -737.530334 16.123833 17
-43.424519 -739.855286 20.566423 17
-43.231167 -738.456055 13.090373 17
-42.756390 -738.199219 -0.509480 17
-43.095032 -737.886047 4.434200 17
-44.791679 -737.208008 6.475725 17
-44.508965 -740.778809 9.206191 17
-43.483162 -736.984924 -0.347088 17
-43.977669 -740.425049 22.683008 17
-42.835743 -738.071716 3.578507 17
-48.281517 -742.429932 24.986311 17
-42.266556 -741.666138 12.201035 17
-47.819061 -744.832520 24.988342 17
-45.663605 -742.226318 13.832883 17
-42.361034 -738.662720 1.527158 17
-44.319962 -739.295044 -0.303016 17
-43.190025 -737.421753 4.395623 17
-42.283669 -738.447388 -1.171277 17
-47.526306 -740.359497 22.854948 17
-45.734756 -745.843079 23.535591 17
-42.922638 -739.703491 5.003933 17
-42.784966 -739.477417 -0.960660 17
-45.687397 -741.535461 11.499602 17
-47.915993 -740.831360 18.612038 17
-42.496521 -741.891479 13.160718 17
-41.915497 -741.643494 13.545056 17
-45.083431 -737.389648 11.006265 17
-44.299301 -737.372620 -2.263731 17
-43.476967 -739.615845 9.727097 17
-45.953629 -738.259766 10.769230 17
-44.779884 -741.156128 10.424212 17
-47.092583 -738.369385 16.737560 17
-47.841702 -742.594971 25.809431 17
-47.680038 -739.457336 19.238977 17
-45.191505 -737.566345 8.564092 17
-45.589893 -737.694153 10.162004 17
-43.577782 -739.988159 22.126574 17
-47.013470 -738.746155 21.039051 17
-45.142487 -740.364624 7.596638 17
-42.598362 -738.706482 5.871836 17
-42.989635 -738.805603 7.184743 17
-48.545593 -742.036255 22.172800 17
-43.537552 -737.009827 -1.428580 17
-42.242535 -738.990295 7.294430 17
-45.474613 -737.912170 9.151880 17
-46.190666 -741.841492 14.281257 17
-47.868008 -740.997253 22.094532 17
-42.928196 -737.861206 1.976026 17
-42.541374 -738.274353 4.907328 17
-47.505642 -744.864502 23.255875 17
-47.112701 -738.511108 19.351734 17
-48.269421 -742.505493 24.117270 17
-47.398869 -743.874451 26.791992 17
-44.644844 -745.129517 23.819834 17
-44.982048 -745.592529 22.992107 17
-43.213104 -737.885498 5.265950 17
-45.230068 -741.013367 9.310340 17
-45.236240 -738.408020 6.001444 17
-44.463177 -742.937256 13.858292 17
-44.168606 -739.197693 -1.324710 17
-45.939102 -745.819519 23.060402 17
-47.016315 -741.066589 24.547167 17
-45.456367 -740.261841 9.558484 17
-43.291142 -738.272522 11.240137 17
-44.751877 -737.351562 9.699511 17
-41.730991 -739.591614 8.736330 17
-43.524952 -739.403320 21.742094 17
-47.219521 -742.256775 17.513596 17
-46.659679 -738.185974 14.432626 17
-42.591938 -742.712036 13.765572 17
-46.160286 -742.424500 14.617422 17
-47.106018 -738.330872 16.041517 17
-45.853634 -744.238770 18.967472 17
-43.447464 -739.862061 21.575447 17
-43.181320 -739.139404 18.898308 17
-46.219624 -737.513733 16.495872 17
-43.306019 -739.553467 15.436092 17
-47.686630 -745.076904 24.524023 17
-43.509319 -744.333923 19.367296 17
-41.821949 -740.457520 10.427991 17
-46.401230 -742.373352 15.755318 17
-44.304562 -737.389587 5.523494 17
-45.342850 -745.812927 24.206968 17
-44.989521 -737.248169 12.284771 17
-43.984478 -744.910217 19.620743 17
-44.427216 -739.233154 14.544189 17
-47.729179 -739.450134 15.683112 17
-45.710987 -744.366699 19.399757 17
-43.353504 -742.508789 12.899563 17
-46.195530 -737.934448 12.855327 17
-46.192165 -743.435181 17.909548 17
-43.880665 -737.189941 7.863782 17
-48.164963 -742.015076 23.727852 17
-48.161514 -741.403503 22.500925 17
-48.234905 -744.200562 25.101664 17
-43.262024 -739.068848 0.640817 17
-42.535805 -738.769470 -1.854769 17
-42.365665 -738.307007 2.215561 17
-47.601395 -739.768127 21.165777 17
-41.854523 -741.868225 15.166113 17
-43.198738 -738.847229 15.911022 17
-44.411083 -737.992432 3.177476 17
-41.849243 -740.005737 9.651779 17
-47.831692 -744.142517 23.306988 17
-45.918949 -737.096680 15.618833 17
-43.269714 -740.095825 5.964887 17
-44.998688 -737.550537 7.878291 17
-43.715981 -739.703491 14.268203 17
-45.721588 -744.784241 20.292242 17
-46.657536 -742.773743 17.272573 17
-44.435932 -739.503418 0.407277 17
-43.099117 -741.399658 10.257508 17
-47.822441 -739.499084 17.000692 17
-45.413059 -738.568054 7.214364 17
-43.308895 -743.256897 14.996095 17
-41.305443 -740.327942 10.921552 17
-47.557934 -739.167358 14.984622 17
-43.039379 -739.069031 0.201416 17
-44.788708 -738.142029 4.185087 17
-44.071449 -739.127747 12.111112 17
-45.430283 -741.232239 10.225958 17
-45.441559 -744.771667 19.329067 17
-44.115746 -737.158264 -0.294724 17
-48.247501 -740.353455 18.816971 17
-43.003700 -742.865295 14.284884 17
-45.173641 -743.146912 15.324924 17
-46.627567 -737.810791 17.109995 17
-46.981792 -739.390503 13.415918 17
-43.436863 -739.389038 3.035979 17
-44.340919 -738.253845 -1.621654 17
-45.362194 -740.999084 10.664872 17
-42.581165 -738.570618 0.655354 17
-45.651352 -739.648438 9.461475 17
-45.687725 -740.405029 10.489932 17
-43.405159 -744.098083 21.476913 17
-42.339325 -738.309509 3.330827 17
-44.854988 -738.640991 0.946296 17
-44.937256 -742.783875 14.584746 17
-42.294628 -739.698303 6.852767 17
-43.336159 -739.586975 4.049828 17
-47.109402 -739.564087 21.681358 17
-43.635719 -738.218384 10.173942 17
-41.604725 -740.506470 12.238182 17
-42.857738 -742.288696 12.749316 17
-42.589397 -737.840881 3.261058 17
-42.967308 -743.719299 18.104715 17
-45.500931 -743.368042 15.833936 17
-44.150150 -739.586426 0.921549 17
-43.583927 -744.559265 18.590227 17
-44.356354 -738.722046 -0.825158 17
-47.088291 -740.155212 23.391266 17
-42.158405 -739.004822 6.466871 17
-46.208824 -744.946777 21.517538 17
-46.996716 -743.734009 19.525089 17
-46.005417 -741.650879 13.493164 17
-43.411358 -737.340027 4.897684 17
-46.957428 -738.830566 20.621357 17
-45.994061 -746.031067 24.779827 17
-43.267822 -738.255615 10.675051 17
-43.125175 -740.219299 6.422667 17
-42.992821 -743.962708 20.305624 17
-43.739647 -739.246643 18.962614 17
-41.464409 -741.306946 13.420231 17
-47.700226 -740.387329 16.905174 17
-46.719299 -741.023987 14.459415 17
-43.408882 -736.800293 2.980470 17
-42.831657 -743.840637 18.845949 17
-42.929119 -743.404907 15.742793 17
-43.178600 -739.153259 12.780383 17
-44.783745 -739.675964 4.438601 17
-44.288612 -739.721252 20.658573 17
-44.138718 -740.328308 21.354143 17
-48.274200 -744.087280 26.274935 17
-42.366203 -738.901550 -0.813858 17
-48.162449 -740.151611 18.261557 17
-48.480808 -742.148193 23.409420 17
-41.967129 -741.939819 16.057194 17
-42.717815 -739.442566 -1.427341 17
-42.642540 -737.866760 2.614826 17
-45.220600 -745.342407 25.428122 17
-46.624138 -740.032104 23.142876 17
-45.064102 -744.536804 18.286333 17
-42.431358 -738.074646 -0.253333 17
-43.212517 -739.205322 9.093011 17
-42.023281 -739.343201 7.561616 17
-44.785847 -739.418884 20.124670 17
-47.410069 -738.821228 15.981562 17
-44.239281 -745.101074 20.576283 17
-46.817562 -741.775940 15.581814 17
-45.606247 -737.580078 12.256698 17
-44.433891 -740.765198 23.143532 17
-46.388256 -746.163513 25.588272 17
-42.032558 -742.474243 16.433891 17
-42.369518 -738.330933 2.656178 17
-46.540783 -743.117371 17.852709 17
-45.100136 -738.478271 6.520566 17
-43.223148 -739.553894 18.791904 17
-43.864502 -737.178650 8.330484 17
-47.758076 -743.000488 20.391905 17
-44.721306 -738.585571 3.520974 17
-43.857826 -738.935791 11.358159 17
-42.549988 -738.359802 3.731032 17
-44.130245 -740.794250 8.385910 17
-45.244759 -741.586853 12.027362 17
-47.279297 -742.591309 25.766989 17
-44.511036 -738.679443 0.182131 17
-42.871071 -737.171570 3.676272 17
-47.830841 -744.231201 24.530676 17
-45.958832 -746.010986 25.208021 17
-44.164501 -737.464355 4.660806 17
-48.186451 -742.013123 24.804995 17
-47.028843 -738.299255 17.555202 17
-43.337772 -738.345581 11.944997 17
-46.926025 -738.455872 14.197867 17
-47.780823 -744.645691 24.147402 17
-43.473179 -743.136414 14.447451 17
-46.588642 -737.980652 16.161867 17
-42.872696 -739.087158 16.759441 17
-48.070423 -744.071350 23.866032 17
-41.939331 -739.583496 8.317139 17
-47.906147 -745.799500 27.410862 17
-48.234867 -742.524597 21.810856 17
-43.493252 -739.826416 16.762794 17
-45.605293 -745.673584 22.419683 17
-47.940056 -743.165100 21.255959 17
-46.958504 -743.464355 18.917747 17
-46.498035 -738.569885 12.419568 17
-43.388813 -740.851379 8.424200 17
-44.320656 -742.093323 12.426313 17
-41.820412 -739.835266 10.157975 17
-44.399147 -738.284973 1.312668 17
-44.101009 -737.250977 0.823223 17
-45.001411 -740.765564 8.026471 17
-43.989296 -739.331665 15.190654 17
-47.264439 -740.493591 23.937899 17
-41.428993 -741.644836 14.144142 17
-42.660789 -739.241394 -0.413980 17
-46.600014 -744.678406 21.090927 17
-44.231556 -740.122620 19.062180 17
-42.058125 -741.283508 11.384667 17
-45.338676 -739.306702 7.590434 17
-46.573971 -740.568848 13.109115 17
-42.762897 -740.086487 6.602713 17
-44.367641 -737.919128 2.583596 17
-47.179729 -739.238220 14.147273 17
-42.866714 -738.954102 -1.709103 17
-43.172840 -738.517395 13.637506 17
-44.307434 -737.224182 11.879722 17
-45.934547 -739.548706 10.443981 17
-42.658710 -738.293335 1.425398 17
-44.198997 -739.151733 13.201618 17
-44.314999 -737.117981 7.907589 17
-43.766907 -739.164673 18.089518 17
-46.245319 -738.233765 11.488993 17
-42.972637 -738.899780 6.790527 17
-47.028946 -745.320618 27.348852 17
-43.674652 -738.323975 10.905540 17
-42.687813 -737.905884 5.512278 17
-42.455059 -740.240173 7.849576 17
-47.881817 -740.052856 20.485235 17
-48.263302 -743.114929 23.209034 17
-42.416992 -742.763550 18.339493 17
-42.226112 -742.770691 17.421869 17
-44.389751 -742.271667 12.878732 17
-48.192791 -742.341125 21.385565 17
-47.364609 -741.691772 17.345362 17
-43.838268 -740.312012 22.238132 17
-46.421249 -744.501709 20.413227 17
-43.873325 -737.327393 3.810947 17
-44.664902 -737.351624 8.361828 17
-44.077480 -736.941589 -0.796907 17
-44.813660 -745.298584 21.270111 17
-46.704052 -740.179382 12.958549 17
-43.282711 -739.153931 18.054602 17
-43.191620 -738.437439 12.431314 17
-44.924736 -739.405457 5.106539 17
-46.270515 -738.992249 11.391830 17
-42.271160 -738.506104 5.631528 17
-45.933510 -744.963806 21.222710 17
-45.899620 -740.562378 11.149297 17
-43.388889 -738.905579 16.518669 17
-43.578186 -738.798462 17.556850 17
-48.149136 -740.357666 19.726288 17
-42.594925 -741.391724 10.851346 17
-48.069202 -742.485474 25.487089 17
-43.169754 -739.789795 16.516161 17
-45.791332 -738.759705 9.633021 17
-47.339752 -745.729797 25.747196 17
-48.134815 -741.354858 19.849541 17
-44.795860 -745.264893 23.212130 17
-44.372196 -740.180115 24.689074 17
-44.002613 -737.666504 1.011512 17
-43.431366 -737.556091 7.210923 17
-42.545097 -742.229065 14.302803 17
-45.447296 -739.016174 8.262076 17
-45.254780 -741.599609 11.493988 17
-45.297791 -738.139221 7.267497 17
-43.126568 -738.186646 6.966058 17
-42.713749 -741.629333 11.210032 17
-43.734406 -739.329895 -1.863004 17
-46.454708 -740.141724 12.338300 17
-45.993057 -744.338257 19.730192 17
-42.624077 -737.692993 5.839778 17
-43.818031 -737.344299 -1.401660 17
-44.042980 -737.413452 5.031243 17
-44.700375 -739.031616 2.790103 17
-44.140160 -737.034668 10.687858 17
-46.510155 -743.912964 19.246353 17
-46.949104 -739.890015 22.665144 17
-44.340511 -745.141541 22.827623 17
-45.548012 -745.345215 21.624855 17
-43.873608 -737.378174 -2.151427 17
-44.249744 -741.804993 11.062331 17
-43.350040 -739.396118 8.440929 17
-46.162628 -740.748230 11.958817 17
-42.686817 -740.207947 7.207546 17
-42.265224 -738.001404 0.900936 17
-44.564144 -741.703552 11.596173 17
-42.147625 -742.573120 15.696480 17
-44.832119 -739.143677 3.981982 17
-45.940708 -744.809998 26.206223 17
-46.903191 -745.047241 22.718008 17
-46.797379 -745.888245 26.593937 17
-44.383213 -738.206726 -0.164594 17
-47.725418 -742.013977 25.338079 17
-43.422325 -738.826904 18.463596 17
-45.533493 -737.079895 15.144136 17
-45.245922 -745.510010 22.088154 17
-47.053329 -741.119812 15.021718 17
-42.250763 -739.720337 5.419844 17
-42.883999 -737.385193 0.537965 17
-46.437595 -738.055664 18.982399 17
-47.870754 -743.477600 21.996983 17
-45.557194 -745.006592 25.680033 17
-46.265186 -745.323059 27.297373 17
-47.490269 -739.326172 20.482475 17
-46.995403 -745.291687 23.047606 17
-44.022827 -744.924500 23.225557 17
-47.185368 -739.870483 22.280134 17
-42.572807 -739.089233 -1.155997 17
-46.689083 -745.605896 23.231043 17
-45.945583 -738.141113 9.799711 17
-46.145199 -744.946350 26.717211 17
-44.804905 -737.249512 13.166624 17
-47.607300 -743.046753 20.041924 17
-46.742382 -740.928406 14.014538 17
-44.013397 -739.396545 -0.973161 17
-46.732292 -742.426025 16.266924 17
-47.058445 -740.137634 22.952648 17
-47.729282 -745.089417 27.417782 17
-44.867229 -737.259460 9.098150 17
-42.778027 -737.494080 2.333222 17
-46.291916 -738.087952 12.222239 17
-45.061218 -741.234314 10.927122 17
-43.955620 -737.639893 3.247180 17
-47.652332 -739.499146 20.096874 17
-47.199757 -743.647583 20.345768 17
-45.730778 -737.229614 14.443081 17
-42.323681 -740.934387 10.254769 17
-43.753132 -737.185059 9.721389 17
-43.290039 -739.369995 20.251055 17
-45.690529 -744.228821 18.588387 17
-42.012096 -741.095825 10.408467 17
-43.932674 -744.600159 19.302689 17
-43.502605 -737.136108 3.426442 17
-45.365067 -745.068970 20.591434 17
-45.376724 -745.711853 25.117144 17
-43.665516 -741.200073 8.866953 17
-42.247517 -740.493408 9.177109 17
-46.992641 -740.358582 14.158032 17
-44.662548 -739.328613 15.690061 17
-44.413834 -740.112549 18.388582 17
-41.977222 -740.001526 9.024932 17
-43.491135 -742.844971 13.676967 17
-47.511547 -741.988953 18.253584 17
-43.315212 -740.232239 21.281363 17
-42.597057 -737.793274 -1.369970 17
-42.922348 -744.032593 19.590752 17
-44.138744 -737.515808 2.152539 17
-48.300682 -741.753723 22.138988 17
-42.935925 -738.541504 9.399024 17
-43.402931 -737.808655 5.947042 17
-44.574738 -739.605591 3.099781 17
-44.493301 -739.892578 15.410715 17
-43.580631 -739.261475 -0.124691 17
-44.367874 -738.527954 -1.279911 17
-48.163929 -744.794495 26.243315 17
-47.941956 -743.491821 26.334557 17
-44.637318 -738.301636 0.439125 17
-44.752655 -744.052734 16.708691 17
-46.977562 -739.037109 13.743083 17
-44.354141 -743.101807 14.269776 17
-42.262875 -739.872192 7.178147 17
-46.259926 -740.280273 11.714734 17
-45.155548 -744.476807 25.255293 17
-42.590771 -738.763855 6.317698 17
-43.130486 -737.785034 3.625576 17
-45.568356 -738.257568 8.988619 17
-46.695351 -744.245117 20.418358 17
-46.886616 -738.663147 13.189390 17
-46.422241 -741.371460 13.838402 17
-43.454842 -737.183777 1.670753 17
-47.216675 -738.877380 19.997900 17
-43.598118 -736.755249 0.517415 17
-46.055569 -737.361145 17.185408 17
-43.990475 -743.941528 22.864933 17
-45.076775 -740.513916 8.989968 17
-47.606449 -739.342041 16.447285 17
-43.483871 -736.697388 1.532698 17
-46.315376 -745.996216 24.059328 17
-46.370342 -739.519958 11.806498 17
-44.669598 -738.248413 -1.800127 17
-46.810253 -744.779114 21.982687 17
-47.320309 -740.157837 15.420330 17
-47.652157 -745.305298 26.988609 17
-42.943291 -737.298950 -0.635389 17
-48.081615 -741.145264 19.372784 17
-41.470390 -741.810486 14.590431 17
-44.386845 -737.828125 0.469884 17
-43.050755 -737.723389 0.760522 17
-43.497952 -739.581726 22.088596 17
-45.098259 -737.160461 9.889036 17
-43.397892 -739.926331 22.934368 17
-42.388119 -739.226746 0.402346 17
-47.952259 -744.629883 25.562065 17
-43.231541 -740.105652 20.346327 17
-45.010010 -738.196777 5.369371 17
-44.372475 -744.447205 17.817341 17
-44.805206 -738.536255 2.905266 17
-45.423149 -740.403809 8.859434 17
-43.345421 -741.605835 10.745418 17
-46.370083 -737.834290 18.322512 17
-43.049088 -739.238892 3.044340 17
-48.516548 -743.211487 24.844255 17
-47.062160 -740.419434 14.771315 17
-46.914051 -744.116028 20.788317 17
-43.311493 -737.381958 -0.279609 17
-45.105942 -740.998291 10.288042 17
-43.082794 -738.894531 11.488163 17
-43.041481 -740.682739 8.041612 17
-41.724094 -741.038757 12.534860 17
-44.385674 -737.320007 7.459278 17
-44.559086 -744.723145 24.795118 17
-46.017021 -737.554199 14.652324 17
-45.160538 -745.676270 23.302557 17
-44.461498 -737.888000 0.046322 17
-43.109512 -738.358887 8.611006 17
-42.219017 -740.266663 8.455086 17
-43.001953 -739.607971 -1.607247 17
-43.536423 -737.206604 5.240088 17
-44.983486 -737.900513 6.024086 17
-43.129307 -739.056396 1.600342 17
-46.355068 -740.742981 12.477904 17
-44.916641 -740.027527 22.008461 17
-48.007580 -740.655029 22.041588 17
-44.448936 -738.910950 0.545550 17
-46.452347 -745.021362 22.025450 17
-45.980732 -744.858765 20.818855 17
-42.250660 -739.032593 7.702816 17
-43.670273 -739.830200 4.789018 17
-46.628410 -745.306824 22.450489 17
-44.225327 -737.640137 1.607450 17
-46.595612 -738.034180 14.830878 17
-43.130413 -739.700378 21.187151 17
-42.155506 -738.055420 -1.908187 17
-46.872463 -744.587036 21.672741 17
-43.907436 -740.144714 20.294024 17
-44.131966 -737.085205 9.212456 17
-42.435390 -738.895813 3.288180 17
-43.602283 -744.544373 21.939199 17
-43.482601 -740.135498 18.538868 17
-43.484486 -740.205322 20.043310 17
-44.830185 -739.467651 15.099325 17
-42.735203 -738.743103 1.755331 17
-42.534042 -739.014343 0.742157 17
-47.954720 -741.043579 23.271736 17
-46.391960 -743.009521 16.543924 17
-47.169914 -743.139343 19.004618 17
-43.295532 -743.360596 15.428057 17
-44.442371 -739.786560 2.743450 17
-43.335072 -739.511719 10.418165 17
-48.302139 -742.608154 23.752592 17
-45.184742 -745.424866 21.727554 17
-43.371441 -739.434265 11.207991 17
-41.910408 -741.429810 14.067868 17
-43.455032 -738.414978 14.518914 17
-48.327682 -742.046753 22.859394 17
-44.477139 -743.451660 15.000341 17
-47.051491 -738.577026 14.954166 17
-45.174545 -740.786438 9.765161 17
-43.350380 -744.168213 18.093985 17
-47.738251 -739.491272 18.443941 17
-43.015007 -738.393799 10.454428 17
-43.735451 -740.405640 6.935466 17
-47.177467 -741.444824 15.825356 17
-44.507225 -737.267029 10.442283 17
-48.480286 -743.344116 23.960873 17
-43.231220 -738.069031 8.393559 17
-43.606991 -737.350403 6.330818 17
-45.506756 -745.241699 21.169380 17
-42.573814 -742.990234 16.213163 17
-47.870033 -743.778870 23.170317 17
-42.830231 -738.915833 15.343376 17
-46.364342 -744.174255 19.730352 17
-47.305599 -744.192139 27.357128 17
-42.590519 -739.059998 7.030785 17
-46.941383 -745.376892 23.783533 17
-42.721611 -739.231201 1.469429 17
-43.161633 -739.219849 19.460472 17
-47.194485 -739.007324 20.341732 17
-44.500805 -739.940979 16.208168 17
-45.255932 -737.294861 13.016116 17
-47.588905 -745.247803 25.272961 17
-46.060516 -738.804626 10.696010 17
-43.480602 -738.689453 16.822329 17
-43.852718 -742.856323 13.428234 17
-42.755199 -738.805542 -0.861109 17
-44.897060 -737.263855 6.857695 17
-43.519207 -739.023682 19.825932 17
-47.759632 -739.847595 20.838898 17
-44.792213 -743.572449 15.611822 17
-47.849251 -744.290833 27.069529 17
-44.351250 -745.226196 20.892105 17
-42.029026 -741.630981 12.662356 17
-43.883305 -744.749268 22.107229 17
-44.726608 -741.796204 11.984095 17
-48.343525 -743.791626 24.424759 17
-44.369507 -738.918579 -1.919645 17
-43.306061 -737.456482 5.734606 17
-45.039955 -745.074036 25.129549 17
-43.124756 -739.236023 12.163216 17
-47.219788 -739.230713 21.068073 17
-47.078671 -741.609497 25.237518 17
-47.934643 -740.803101 22.721924 17
-43.077759 -739.165527 2.384202 17
-45.566982 -743.109070 15.580949 17
-44.811321 -738.305603 4.827726 17
-46.760769 -743.518066 19.277512 17
-44.467297 -739.279114 1.443738 17
-45.286327 -742.788574 15.014580 17
-44.541248 -739.914062 3.689766 17
-43.146603 -739.225403 7.386390 17
-42.817608 -743.032410 15.711476 17
-47.188122 -743.354858 19.633423 17
-41.955532 -741.211121 12.097664 17
-44.005600 -736.897095 -1.906569 17
-45.675236 -745.910583 23.898289 17
-43.360775 -739.853333 22.393829 17
-44.686283 -740.093384 5.188623 17
-41.465363 -740.659363 11.646856 17
-42.128185 -740.888123 9.728492 17
-44.875160 -738.726807 1.619461 17
-44.012699 -744.825378 20.538782 17
-42.952477 -738.480591 8.303963 17
-46.190418 -742.765930 16.171280 17
-47.880405 -744.414062 24.852278 17
-43.493820 -737.382507 4.181202 17
-44.244061 -744.402954 23.799322 17
-45.827412 -743.954102 17.560192 17
-43.471565 -737.687317 5.481232 17
-42.540569 -738.596375 -1.539085 17
-44.754429 -740.302307 6.430881 17
-45.892952 -737.219421 16.350784 17
-48.097073 -743.180359 21.996031 17
-44.686562 -741.965088 12.369165 17
-43.279110 -741.318359 9.896863 17
-42.382912 -740.921753 9.037110 17
-45.796726 -739.931702 10.068901 17
-43.923000 -739.357056 15.656159 17
-44.641338 -741.193054 10.084563 17
-47.709728 -742.451904 19.251898 17
-42.766685 -742.859192 14.809300 17
-44.146881 -739.441956 1.366851 17
-46.597225 -745.705139 27.096577 17
-45.432331 -738.601929 8.363151 17
-44.931049 -737.528503 7.183921 17
-43.560257 -742.196411 12.105828 17
-46.969379 -741.939392 16.247902 17
-45.328197 -737.932861 8.460450 17
-44.044899 -737.191711 11.250588 17
-42.579624 -738.652100 -0.421962 17
-47.365009 -738.797180 19.236261 17
-43.141331 -739.295166 17.038158 17
-42.484398 -740.609924 8.854916 17
-42.514050 -743.712708 19.877506 17
-43.671394 -737.119812 2.640856 17
-46.980400 -746.188477 26.188148 17
-47.192814 -742.929993 26.103575 17
-44.631592 -740.913208 9.599118 17
-42.601082 -738.634338 0.297904 17
-43.862694 -737.296814 -0.686569 17
-44.493355 -737.210205 11.575205 17
-43.103230 -739.090515 13.203460 17
-45.424438 -741.399414 11.737267 17
-45.343948 -739.615967 7.806346 17
-48.055653 -740.980347 20.038790 17
-42.924076 -738.712036 7.761862 17
-44.797375 -740.603821 8.697445 17
-47.812031 -744.702576 26.763927 17
-47.057014 -742.183777 16.856733 17
-47.441856 -741.344604 25.053825 17
-44.175823 -740.191467 19.800613 17
-43.127728 -739.772766 16.936890 17
-46.200642 -741.525024 13.192524 17
-42.066586 -739.713074 7.616970 17
-47.770256 -745.102478 26.714161 17
-43.082325 -738.965637 14.559329 17
-47.671150 -744.310486 22.771400 17
-46.530975 -739.344116 21.407776 17
-44.446892 -739.161743 13.925764 17
-44.465519 -737.306152 8.651275 17
-45.582504 -745.703918 22.803030 17
-42.651257 -743.526123 18.110815 17
-42.584393 -743.341553 18.618227 17
-43.566410 -739.944336 19.784819 17
-47.847160 -740.434753 17.603502 17
-46.706120 -737.858337 18.767632 17
-48.081558 -743.238892 22.870041 17
-43.516788 -737.326843 8.303116 17
-47.349529 -742.096680 25.343933 17
-43.068691 -742.145996 12.228356 17
-47.983944 -743.006226 20.932768 17
-47.183109 -740.065491 14.808016 17
-44.916893 -737.960510 6.549248 17
-43.048748 -738.879822 11.997171 17
-44.318108 -737.947571 1.043907 17
-43.133091 -739.833435 17.533306 17
-43.722889 -739.374146 21.417721 17
-44.391575 -737.628174 -0.625805 17
-45.102665 -737.189575 8.610356 17
-43.434467 -739.506714 11.794445 17
-46.412933 -745.821472 23.588322 17
-43.186501 -737.094421 5.512520 17
-44.693672 -745.053711 24.490395 17
-46.655090 -739.018555 12.593539 17
-44.428585 -740.592346 24.130770 17
-41.627750 -740.792358 12.991590 17
-43.995770 -737.300781 9.480443 17
-46.408352 -740.723206 13.399268 17
-44.800301 -745.383362 24.802103 17
-42.694721 -743.679871 19.164942 17
-47.430668 -739.525391 14.953145 17
-42.584682 -743.179932 16.975916 17
-47.773190 -745.378540 26.250263 17
-45.346775 -738.967834 7.671476 17
-47.407097 -740.990417 16.788845 17
-43.085056 -737.673828 -0.121926 17
-43.874531 -739.666992 23.972954 17
-47.166954 -745.123718 23.330708 17
-44.061363 -737.530334 2.661133 17
-43.254192 -736.943054 4.066197 17
-43.301819 -737.510742 -1.552489 17
-45.653362 -743.772888 16.947220 17
-45.466034 -744.785828 19.942688 17
-46.738338 -738.083618 15.445859 17
-45.091778 -737.071899 11.995790 17
-47.497154 -742.564331 18.969049 17
-42.646172 -743.152893 17.389383 17
-42.102077 -742.577026 16.057610 17
-47.301395 -743.101868 19.391132 17
-43.375942 -737.112183 -1.050263 17
-47.443760 -744.657471 22.860941 17
-45.081383 -739.487183 6.472042 17
-44.080135 -737.245605 0.477063 17
-43.576710 -739.877991 14.909016 17
-44.893997 -742.255310 12.967925 17
-47.838245 -740.911987 17.956161 17
-44.603928 -737.783447 5.184787 17
-41.708382 -739.411865 9.452772 17
-42.680176 -738.250916 3.308643 17
-44.552032 -740.561890 7.276441 17
-47.286869 -742.601135 18.328506 17
-45.575947 -740.819336 9.860210 17
-43.171059 -739.134521 10.309337 17
-45.347885 -737.515869 10.363149 17
-47.811119 -740.036560 17.543373 17
-43.753632 -743.572388 15.488417 17
-44.125092 -739.743164 21.882275 17
-47.379486 -745.517883 24.890247 17
-46.559338 -743.156860 17.374329 17
-44.159969 -737.836304 0.200260 17
-46.463924 -742.388977 15.262556 17
-43.412472 -739.247437 1.840999 17
-48.174549 -744.227234 26.605564 17
-41.908070 -742.000793 14.681601 17
-41.564293 -740.208313 10.535661 17
-42.106915 -739.512939 8.960498 17
-48.364513 -741.071533 20.499409 17
-45.840809 -743.099304 16.235060 17
-45.514931 -739.904907 8.957718 17
-46.956188 -738.227234 18.216579 17
-47.024750 -742.854553 18.468239 17
-43.900867 -737.395264 10.190918 17
-45.632359 -737.847778 9.463298 17
-44.864159 -739.420227 14.361921 17
-45.642426 -737.341980 14.122307 17
-44.842171 -738.647278 4.336565 17
-48.333260 -742.201721 22.422647 17
-46.673042 -738.245728 19.724354 17
-44.213924 -737.579346 -2.006683 17
-46.052715 -739.162781 10.779338 17
-47.431805 -741.543091 17.686392 17
-42.560253 -739.855225 6.432728 17
-42.986370 -738.634338 12.654678 17
-42.531227 -743.105713 19.026104 17
-45.984787 -741.777405 12.702863 17
-44.510914 -745.279541 21.957201 17
-47.260872 -740.835327 16.075235 17
-43.190643 -738.228149 9.562065 17
-47.727406 -739.937927 16.526070 17
-42.970844 -738.872925 8.556793 17
-44.555950 -738.627380 1.340413 17
-46.449928 -738.186768 12.909461 17
-43.098755 -739.081970 14.923971 17
-42.382793 -743.495239 18.917124 17
-47.734787 -741.725464 19.414505 17
-41.643269 -739.884949 10.704523 17
-43.768330 -739.258789 -0.756720 17
-43.139114 -737.481506 2.972194 17
-47.332344 -745.141052 23.925501 17
-44.740330 -744.911377 19.030210 17
-42.552128 -742.128357 12.903488 17
-41.817711 -739.210205 8.335237 17
-45.482109 -741.901611 13.144465 17
-43.614182 -739.467346 2.741894 17
-44.312294 -737.286621 9.833562 17
-44.572594 -740.596375 7.700319 17
-43.785545 -740.147644 23.599890 17
-42.861832 -738.269653 11.681387 17
-46.172562 -739.559326 11.138957 17
-47.389271 -743.483948 26.369488 17
-47.625957 -739.607300 16.167597 17
-42.292221 -741.839050 11.879581 17
-42.474575 -738.002991 -0.650336 17
-42.335876 -737.916443 4.019336 17
-43.656921 -738.687439 12.528457 17
-41.842960 -741.131531 13.424430 17
-45.688717 -745.159424 26.648003 17
-47.943619 -740.688110 20.420200 17
-47.571346 -743.867249 21.566820 17
-43.507828 -739.708252 16.153563 17
-47.453575 -739.727295 21.554924 17
-47.876839 -744.920288 25.725037 17
-44.193913 -740.599487 23.299635 17
-42.373020 -742.571228 15.275826 17
-42.745487 -738.132019 -1.481322 17
-42.856808 -738.090271 5.783968 17
-43.763329 -739.176208 20.646049 17
-46.249931 -745.999084 26.049356 17
-42.861893 -738.054565 -1.969910 17
-45.308178 -740.169250 8.281344 17
-43.058643 -740.467041 7.408384 17
-45.080162 -740.696411 8.351954 17
-44.354294 -737.475342 -1.077722 17
-41.875366 -742.114441 15.771638 17
-42.946598 -739.516541 4.357213 17
-43.737629 -740.214050 21.935785 17
-47.187893 -744.489136 21.566687 17
-42.437641 -738.037048 0.377871 17
-47.399361 -743.320557 20.021839 17
-42.834267 -737.309021 3.362804 17
-47.656906 -744.251404 23.656488 17
-43.222515 -739.498596 18.264177 17
-46.737530 -737.939819 19.358744 17
-45.098301 -741.198425 10.002243 17
-43.025890 -739.484192 19.634315 17
-47.377598 -740.581604 16.284199 17
-48.152786 -740.696167 21.348309 17
-45.956184 -741.943481 13.976442 17
-45.717197 -740.725708 10.353675 17
-43.871544 -739.756531 22.651245 17
-42.769512 -738.978333 16.061024 17
-42.877827 -738.949280 -1.324121 17
-44.515095 -737.661560 4.650342 17
-42.803875 -739.062317 3.320522 17
-43.480648 -739.786682 12.441524 17
-44.212311 -736.965698 -1.641358 17
-43.437210 -739.664124 20.995691 17
-44.546940 -740.083191 16.892382 17
-43.089748 -738.765076 15.527098 17
-45.003746 -737.143494 14.233017 17
-46.373909 -738.963074 11.710212 17
-44.201176 -739.426025 16.261662 17
-43.650726 -736.949341 2.231171 17
-45.473583 -737.042480 13.963684 17
-42.916954 -738.397644 6.455000 17
-43.930851 -737.475769 1.518914 17
-45.425713 -737.501587 11.969602 17
-45.579193 -738.784363 8.943215 17
-44.292271 -736.898865 12.012889 17
-47.525257 -743.549683 20.954100 17
-46.831108 -742.878601 17.874197 17
-48.358562 -742.897095 23.908445 17
-46.773376 -738.465393 20.324663 17
-48.627827 -743.197693 24.502510 17
-46.714314 -738.223206 15.134780 17
-42.452747 -738.883057 0.097817 17
-43.284492 -741.931091 11.544293 17
-44.467724 -737.372742 6.237817 17
-47.546940 -740.642578 16.714245 17
-42.368294 -742.157532 12.471647 17
-43.926258 -740.279907 24.168036 17
-43.098015 -739.140747 8.182658 17
-44.847698 -737.901367 5.396466 17
-45.000248 -740.214172 8.092495 17
-42.944733 -740.852600 8.732022 17
-48.089233 -743.776733 23.684855 17
-43.305416 -736.964233 2.629937 17
-45.666817 -737.663757 11.466267 17
-42.722191 -742.493469 13.543622 17
-45.271633 -740.395630 9.248855 17
-46.389912 -741.538208 14.155263 17
-46.400070 -737.498169 18.017181 17
-43.971382 -744.323547 23.161612 17
-48.283390 -741.631042 20.608248 17
-45.152832 -738.486328 5.482030 17
-46.489944 -738.831909 12.133468 17
-42.958820 -738.632996 5.852048 17
-44.972496 -738.806702 5.475348 17
-42.153931 -738.678162 6.495601 17
-42.826099 -737.668579 3.797168 17
-46.071732 -737.614380 17.740740 17
-44.508965 -738.550903 0.919460 17
-42.843056 -737.422302 2.651711 17
-47.393021 -738.899902 18.847639 17
-45.992268 -739.888184 10.846524 17
-43.278305 -739.228027 -1.159917 17
-43.681767 -737.266968 7.546363 17
-43.964169 -739.821045 15.205846 17
-45.073090 -744.912903 19.985489 17
-42.303299 -738.359253 -0.442543 17
-45.856068 -737.980835 10.090115 17
-46.107597 -738.561829 10.928775 17
-47.328449 -743.807068 21.068699 17
-43.022160 -738.725220 13.283764 17
-46.530106 -741.778564 14.761718 17
-45.222847 -741.714905 12.357625 17
-47.277462 -744.558777 22.206417 17
-47.755219 -743.273682 26.510649 17
-47.255112 -738.645264 18.663843 17
-42.511559 -742.022522 13.657306 17
-43.102821 -739.366333 17.578886 17
-43.714890 -736.727844 1.208310 17
-48.621677 -742.583313 23.831625 17
-46.924255 -739.376465 22.138002 17
-46.823238 -745.642761 24.074249 17
-47.793865 -742.374023 19.741867 17
-47.652088 -744.751221 27.376778 17
-44.666683 -738.768066 2.316251 17
-43.591511 -737.237122 1.285598 17
-48.055660 -743.068176 22.567934 17
-43.161045 -738.544250 14.677428 17
-44.486614 -738.064697 -0.543425 17
-42.523605 -739.117188 2.545232 17
-43.895535 -741.950500 11.141271 17
-42.674797 -738.297058 -0.165044 17
-42.556641 -738.437317 4.257151 17
-45.311794 -742.953613 14.552125 17
-43.822540 -740.654358 7.800231 17
-46.903694 -738.282410 18.723053 17
-42.097412 -743.268372 18.296154 17
-44.642311 -737.248169 11.113968 17
-45.070797 -740.927979 9.022248 17
-41.472363 -740.241028 11.209403 17
-47.328167 -740.482483 23.600260 17
-48.311317 -740.532715 19.218958 17
-44.264542 -737.906860 -1.496325 17
-43.679344 -739.418518 20.433012 17
-46.519241 -742.093201 15.036365 17
-43.319695 -737.907043 9.675558 17
-44.884556 -738.652100 4.872550 17
-44.371227 -741.394958 10.035073 17
-43.535172 -739.083679 17.864838 17
-44.235012 -740.433411 24.375967 17
-44.934792 -744.650940 24.936087 17
-46.942055 -738.394836 15.664549 17
-43.544048 -739.345337 19.681501 17
-44.896500 -740.137634 7.694423 17
-44.155960 -737.236328 1.506264 17
-44.132347 -737.327271 0.029846 17
-43.198074 -739.008667 17.210897 17
-45.712681 -741.330933 11.147779 17
-44.992989 -742.625610 14.231145 17
-45.089081 -737.457947 9.246365 17
-47.106762 -744.215820 21.285547 17
-42.336323 -741.269836 10.222794 17
-46.924053 -740.328369 23.633101 17
-47.306026 -741.747986 16.824902 17
-46.292820 -737.996765 13.782419 17
-44.814957 -739.348755 4.246100 17
-41.835510 -740.257629 11.215116 17
-43.880516 -744.541809 22.640377 17
-43.887455 -740.407166 23.009155 17
-45.788502 -741.761414 13.262487 17
-45.280846 -738.240173 7.875452 17
-43.019402 -743.811951 20.643032 17
-44.592434 -741.665405 10.930984 17
-42.926281 -739.973328 5.913071 17
-46.722172 -739.868591 13.083657 17
-47.968613 -741.338989 19.004997 17
-47.487980 -739.038696 17.982771 17
-42.354942 -737.912903 5.270288 17
-44.842331 -741.705444 11.417129 17
-43.643227 -743.345764 14.875142 17
-47.906284 -741.418152 24.541063 17
-44.546364 -737.958008 -1.315139 17
-43.799873 -738.658630 10.949783 17
-41.838360 -739.930115 9.337966 17
-43.050930 -737.108521 1.276075 17
-43.177109 -739.452332 3.722303 17
-43.308319 -739.515564 12.836473 17
-44.888664 -739.925903 5.889862 17
-47.997692 -741.949890 20.623058 17
-47.175358 -738.979126 14.391246 17
-47.753551 -740.676392 21.698034 17
-43.517529 -740.241211 19.505949 17
-47.327374 -741.212280 16.505646 17
-44.684742 -739.570007 3.626808 17
-47.504414 -743.367981 20.686420 17
-43.901608 -739.573975 21.218546 17
-46.057316 -745.817993 23.496269 17
-47.314079 -741.282104 24.744646 17
-44.378178 -737.280396 9.511833 17
-48.129322 -742.393677 22.107649 17
-42.551502 -739.858398 5.544811 17
-46.398876 -745.082947 27.039917 17
-44.583599 -737.504333 5.817322 17
-47.030537 -738.929199 13.056912 17
-44.419022 -737.307068 6.925094 17
-47.753307 -740.628723 17.265854 17
-43.481968 -737.338989 4.523440 17
-47.151745 -743.916382 20.674013 17
-42.262096 -742.965820 15.917643 17
-45.511612 -741.009644 10.987940 17
-45.472130 -744.457581 25.899929 17
-45.324997 -740.567322 8.579006 17
-43.717674 -739.136780 16.277693 17
-42.133617 -740.968323 10.902635 17
-42.781811 -738.711853 14.176126 17
-45.990005 -738.485901 10.492482 17
-42.901592 -737.907410 -0.486189 17
-47.856777 -742.825073 26.029686 17
-46.458874 -744.764771 21.384607 17
-41.346111 -741.021851 12.746512 17
-44.054779 -737.563232 -0.902745 17
-43.625923 -740.037903 20.741222 17
-44.195454 -737.089966 6.363546 17
-45.710514 -744.553040 26.189741 17
-43.446400 -738.338806 11.538915 17
-46.432175 -740.026428 12.035701 17
-43.479115 -737.943176 8.971778 17
-43.493595 -737.134888 0.992866 17
-43.147236 -744.050354 18.935207 17
-44.279606 -739.402710 15.937985 17
-46.196571 -745.330200 26.718712 17
-42.398140 -739.516296 6.019838 17
-44.287636 -739.601257 2.522299 17
-43.229202 -743.939270 17.319502 17
-46.141888 -737.486450 15.871462 17
-44.126537 -740.589844 23.660656 17
-47.769447 -739.939941 17.194727 17
-44.152870 -739.585266 -0.743705 17
-45.071915 -738.170288 6.777617 17
-43.265537 -737.841309 6.599326 17
-44.511002 -738.012268 2.864920 17
-46.930580 -739.226257 21.583914 17
-43.692501 -737.285706 3.188246 17
-47.507099 -740.697571 24.266230 17
-42.708202 -739.207153 4.033998 17
-47.639877 -740.653870 23.329842 17
-43.664253 -739.115601 17.404955 17
-44.174629 -739.928528 16.514378 17
-45.248119 -739.093994 6.982953 17
-44.933758 -741.979736 12.689854 17
-43.471470 -739.191284 18.769150 17
-45.673725 -741.008118 10.559331 17
-43.896511 -739.530212 20.898962 17
-42.303616 -738.324707 1.080178 17
-48.584610 -743.730408 25.228750 17
-43.127590 -737.998230 6.075818 17
-47.173088 -738.612244 18.227554 17
-46.046474 -742.141724 14.474975 17
-43.035236 -738.430725 7.162281 17
-44.149380 -739.594116 20.213099 17
-43.221436 -739.249023 13.461967 17
-46.250313 -741.183716 13.179374 17
-42.348904 -738.962830 3.862233 17
-45.764439 -745.806335 25.723398 17
-48.345016 -743.913879 25.938295 17
-47.143654 -739.853027 14.482265 17
-42.770386 -738.143311 1.963998 17
-43.905014 -740.101013 19.615822 17
-45.272858 -740.142517 7.820007 17
-44.538300 -737.921570 3.581935 17
-44.404301 -738.401123 -0.433819 17
-43.380035 -739.151672 19.180754 17
-46.303925 -746.098022 24.871714 17
-46.116249 -740.267517 11.262961 17
-42.590267 -738.224121 -0.846905 17
-48.402931 -740.975952 20.051014 17
-46.007427 -742.600464 15.207078 17
-44.766644 -737.197693 12.595397 17
-44.014973 -740.061890 24.793846 17
-45.507755 -745.798401 24.627390 17
-45.859264 -737.545410 13.937207 17
-43.356544 -737.647705 5.085360 17
-47.591057 -745.577515 26.481960 17
-43.102936 -738.713867 16.360523 17
-44.792316 -738.812256 3.920631 17
-47.851295 -744.591187 27.152012 17
-48.324478 -741.657410 21.450138 17
-42.580730 -737.782959 1.390817 17
-44.891251 -744.368713 17.634647 17
-44.022743 -739.516602 22.951777 17
-47.000084 -739.738281 13.866041 17
-45.469181 -737.614624 9.824907 17
-44.167820 -737.301514 7.212799 17
-41.983551 -738.838318 7.175154 17
-46.809124 -739.179321 12.908725 17
-43.271065 -740.000122 5.628616 17
-44.623363 -738.719910 1.817732 17
-44.543297 -738.175537 1.939892 17
-43.651157 -740.961975 8.273513 17
-45.912258 -741.515198 12.052739 17
-47.991924 -741.065979 21.462513 17
-45.058128 -737.084473 11.250868 17
-42.811169 -743.329529 16.654619 17
-43.004795 -738.069763 5.434921 17
-48.226845 -740.582703 19.935427 17
-44.235126 -745.192444 21.753019 17
-45.564823 -740.482178 9.793749 17
-44.399323 -739.841736 4.372513 17
-41.865219 -741.393494 12.888513 17
-43.258270 -740.121277 20.684292 17
-42.464325 -740.375122 8.210466 17
-44.631992 -739.377258 15.363807 17
-43.411491 -739.765198 18.629120 17
-45.658226 -737.599854 10.672665 17
-43.864647 -739.296143 16.848797 17
-42.371758 -739.414124 4.479991 17
-43.432785 -737.959473 10.042691 17
-47.443951 -739.753601 15.423404 17
-42.362072 -739.273132 -0.540098 17
-44.532520 -739.376038 2.305180 17
-45.540363 -737.044434 14.831542 17
-42.992950 -737.455383 1.173640 17
-46.256523 -744.612976 20.784079 17
-47.195129 -738.603149 15.386991 17
-45.416542 -737.482727 11.649305 17
-47.618496 -745.474426 25.984085 17
-44.294796 -739.358093 0.121910 17
-47.582802 -740.997864 17.395744 17
-41.698318 -740.587219 11.148883 17
-48.023243 -741.339172 23.936262 17
-47.937260 -742.406250 20.231777 17
-48.024208 -742.658264 20.979628 17
-46.652473 -738.649597 11.900131 17
-43.431782 -739.943970 15.897329 17
-44.921860 -739.000244 4.550390 17
-47.510124 -742.871887 19.479258 17
-42.333485 -738.269592 1.566352 17
-42.998291 -742.416016 13.003537 17
-43.455326 -739.536194 9.331141 17
-43.788700 -740.371216 6.494051 17
-43.697544 -738.952332 12.806267 17
-44.077576 -737.622131 -0.552266 17
-46.483631 -745.566772 22.958664 17
-47.617077 -741.137329 24.889542 17
-44.779026 -743.140747 14.680646 17
-48.562267 -743.529358 24.890215 17
-43.117775 -738.392273 10.078383 17
-47.033272 -745.499023 24.293787 17
-45.370430 -737.754150 8.760468 17
-44.045792 -739.134583 12.803843 17
-43.935097 -740.066162 19.245518 17
-43.971447 -741.321228 9.672764 17
-43.159565 -738.965698 17.818169 17
-47.464039 -743.860535 27.091185 17
-42.321156 -738.441833 5.942241 17
-42.655617 -739.407715 4.916145 17
-43.251781 -743.634888 21.321157 17
-45.556850 -742.676147 14.882673 17
-44.122879 -744.973816 23.512133 17
-44.862167 -737.825989 5.729151 17
-44.357208 -742.096802 11.723713 17
-42.491577 -740.244873 7.488124 17
-43.760227 -743.222534 14.351567 17
-46.518921 -739.355652 12.243655 17
-46.367695 -742.702393 15.722967 17
-44.189552 -736.984619 10.027714 17
-42.896736 -738.002197 2.469723 17
-42.294006 -741.515686 10.902194 17
-43.980370 -737.067322 -2.188054 17
-45.957458 -745.079346 26.389807 17
-43.288860 -736.893188 3.496809 17
-43.235256 -738.544983 16.031080 17
-43.021503 -743.868958 18.536226 17
-42.920517 -737.902588 -1.107517 17
-45.019688 -745.768188 23.727076 17
-47.492821 -740.146973 15.933770 17
-46.761768 -738.665100 12.589672 17
-42.511650 -739.101257 4.558245 17
-44.252392 -740.317322 20.650627 17
-43.621803 -739.226318 0.978532 17
-42.783123 -742.702698 14.124576 17
-45.864960 -745.878906 26.177645 17
-43.124283 -738.253906 10.967217 17
-44.290447 -739.031616 -1.572527 17
-42.923931 -738.959473 2.197968 17
-48.515884 -744.325500 25.477228 17
-42.070396 -740.594421 8.646894 17
-44.152596 -744.992554 22.412201 17
-43.602695 -739.588928 13.929052 17
-42.515327 -738.114868 5.707536 17
-44.927551 -744.923096 19.447491 17
-41.502666 -741.503052 13.871318 17
-46.227993 -738.687134 11.310561 17
-43.947311 -737.220154 2.207842 17
-43.318344 -744.298523 19.722166 17
-43.256584 -739.438538 -0.765667 17
-47.980892 -744.371948 24.289021 17
-45.644802 -739.969849 9.411330 17
-43.598061 -738.810303 15.529425 17
-45.226803 -743.872009 17.324268 17
-43.145836 -738.200623 7.663600 17
-43.074951 -743.639099 16.798946 17
-45.754730 -737.698730 12.528362 17
-45.869713 -737.962769 10.846366 17
-42.993336 -737.462524 2.112604 17
-45.586155 -739.295410 8.789115 17
-43.841648 -736.816711 0.328990 17
-47.280666 -739.311401 14.491894 17
-46.859962 -738.106445 16.684155 17
-43.085754 -737.882080 3.999759 17
-43.310352 -744.475647 20.469664 17
-48.277489 -744.387390 25.938082 17
-44.810963 -737.261841 11.701277 17
-43.033203 -737.965210 4.730321 17
-47.590591 -742.014526 18.682011 17
-48.116310 -743.424072 26.000357 17
-43.339500 -737.808533 7.511347 17
-42.624027 -738.212585 5.281091 17
-44.577351 -745.328064 22.351040 17
-48.120975 -741.538208 23.591785 17
-42.666965 -737.836121 2.927104 17
-42.959473 -743.063049 15.007348 17
-48.272133 -740.641846 19.613899 17
-46.855824 -738.989380 20.888140 17
-48.313263 -743.039307 25.437174 17
-44.740959 -739.871887 4.674811 17
-44.721119 -740.338318 7.520054 17
-45.775864 -739.525574 9.711686 17
-48.431709 -742.610962 24.509644 17
-48.485901 -742.189575 24.116848 17
-48.233093 -740.804810 20.898300 17
-44.013920 -739.355957 -0.171430 17
-43.734417 -737.350098 5.010547 17
-44.467659 -738.115234 0.619879 17
-48.216301 -741.747437 24.189909 17
-45.792896 -737.030396 15.305333 17
-48.107082 -743.069763 25.829464 17
-42.997795 -739.068481 10.909843 17
-42.766808 -737.592041 1.565688 17
-42.807896 -737.176941 1.862247 17
-46.147652 -739.250793 11.073327 17
-42.973194 -739.389526 18.971684 17
-46.446194 -738.410217 11.722978 17
-45.015007 -737.164185 10.723677 17
-47.616337 -744.912964 23.732903 17