-47.649349 -741.709717 18.670187 17
-42.188915 -738.238403 -2.221142 17
-41.637714 -739.707458 9.121444 17
-47.579365 -746.011353 27.363138 17
-44.003799 -739.751953 24.860331 17
-45.335781 -737.069336 14.279433 17
-41.765873 -742.414307 15.931825 17
-45.006218 -738.863159 3.638353 17
-44.314842 -745.189514 22.230423 17
-48.468456 -742.297729 23.811615 17
-45.631725 -741.675293 11.902419 17
-43.229343 -739.239563 19.828159 17
-45.843365 -738.108337 9.210908 17
-44.734879 -744.591125 18.065990 17
-46.701572 -737.687500 18.162107 17
-46.690830 -739.397827 21.742197 17
-47.162571 -740.339111 15.122679 17
-43.575195 -736.789917 0.893103 17
-41.963989 -741.362732 12.406148 17
-42.286568 -737.880493 5.787184 17
-43.056686 -739.018372 16.256876 17
-44.869354 -740.389038 6.765162 17
-43.329693 -738.049988 11.639694 17
-47.200329 -745.461792 24.021835 17
-45.028011 -743.100403 14.922595 17
-47.238949 -744.126221 20.960438 17
-44.320499 -739.652710 -0.048312 17
-42.605530 -743.303894 19.891935 17
-46.989487 -743.111816 26.334867 17
-46.803249 -738.801147 12.294047 17
-44.230518 -741.143066 9.440260 17
-44.923904 -737.598145 6.606864 17
-42.441906 -738.709900 2.547921 17
-44.137131 -740.538818 22.086245 17
-48.471306 -741.477783 21.211025 17
-44.923229 -744.327637 24.872101 17
-43.799297 -739.841187 13.839773 17
-43.500961 -737.133850 8.639792 17
-44.638683 -737.602478 -2.105433 17
-43.433758 -736.801575 3.795760 17
-46.501270 -743.021484 16.914619 17
-47.902294 -739.641052 17.367800 17
-44.508850 -740.222046 18.033976 17
-42.489559 -740.068726 6.908344 17
-46.864204 -740.526733 23.933723 17
-46.827385 -738.114014 15.802505 17
-47.738991 -739.603943 19.678650 17
-43.093906 -739.675110 4.629735 17
-43.025780 -742.760254 13.860262 17
-45.851341 -739.935242 10.466147 17
-42.418762 -738.503052 -0.041331 17
-42.684467 -743.488586 17.678598 17
-45.323261 -744.937683 20.230286 17
-46.034340 -745.993591 25.791737 17
-48.604336 -744.077637 25.248468 17
-45.402637 -737.505432 11.302658 17
-46.587116 -743.630188 18.988819 17
-46.248314 -741.732605 13.877870 17
-44.693920 -738.383240 1.611375 17
-43.615181 -741.881531 11.303931 17
-43.361156 -739.381104 10.073260 17
-44.925655 -739.549316 15.461263 17
-47.787891 -743.983765 22.870523 17
-46.278210 -745.236511 22.273920 17
-43.484402 -739.672852 -1.799298 17
-41.711552 -741.293579 14.361773 17
-45.453445 -739.900696 8.586128 17
-41.608337 -740.007935 11.041108 17
-43.336742 -743.490112 15.778945 17
-44.902714 -739.701355 20.583700 17
-45.324394 -745.816467 23.781370 17
-47.381954 -741.379700 16.820215 17
-43.387241 -743.706848 21.662441 17
-42.973694 -738.839294 8.202914 17
-47.153862 -738.840210 14.090603 17
-47.436203 -741.696350 25.216562 17
-44.418358 -737.832947 -0.322351 17
-43.354698 -738.777771 18.019325 17
-44.993034 -739.155518 5.415478 17
-46.379986 -744.747742 27.024158 17
-44.446537 -737.097595 12.728495 17
-42.347744 -741.142090 9.885218 17
-42.859013 -738.402039 13.348753 17
-43.525898 -739.809814 12.109456 17
-44.716690 -742.455200 13.204049 17
-47.835236 -742.727295 20.093119 17
-44.051735 -737.052490 10.291734 17
-44.978458 -743.817566 16.507389 17
-46.592129 -738.355835 20.048023 17
-46.500626 -740.435730 12.736693 17
-43.726295 -744.575073 19.629171 17
-44.385830 -737.608765 4.965294 17
-47.798313 -740.531738 22.500607 17
-48.080891 -744.456055 26.855061 17
-46.600933 -742.111084 15.493187 17
-42.310757 -738.235962 4.165050 17
-43.205872 -737.250061 -1.325331 17
-42.978256 -740.788452 8.407016 17
-43.896461 -739.506348 2.491080 17
-42.801903 -737.090027 2.309104 17
-47.554764 -745.414185 25.641451 17
-44.044079 -743.962708 23.255671 17
-43.384159 -737.855957 6.962761 17
-45.284683 -738.966797 7.312719 17
-45.859955 -737.255554 16.704693 17
-48.094364 -742.900208 21.758751 17
-43.323200 -739.109375 1.097820 17
-45.059917 -737.190918 8.237011 17
-44.394329 -740.760437 23.609436 17
-45.869801 -737.686829 12.864268 17
-43.407795 -738.432007 14.883562 17
-44.184601 -737.779846 2.911511 17
-43.349850 -739.466125 21.373611 17
-47.847435 -740.099854 21.077765 17
-46.295536 -738.484802 10.653857 17
-48.315155 -740.970825 19.745987 17
-45.193703 -741.363220 10.528887 17
-42.062256 -739.806946 -1.917943 17
-42.833084 -738.147034 9.587688 17
-47.367710 -738.924622 18.479443 17
-44.366364 -740.704956 8.070058 17
-42.384029 -738.036438 1.307465 17
-43.667709 -740.145996 6.037394 17
-43.622646 -739.612854 23.015182 17
-43.391331 -737.005554 5.790909 17
-42.050148 -738.733276 6.873138 17
-43.547348 -739.941101 15.336308 17
-47.530384 -739.291199 16.020454 17
-44.167702 -740.186096 19.441805 17
-47.125534 -738.513123 17.124863 17
-43.439507 -740.017578 17.164188 17
-44.633915 -740.050964 4.423156 17
-48.145817 -742.840515 25.632261 17
-44.478107 -739.097473 12.939140 17
-45.816280 -743.742981 17.852186 17
-47.941669 -740.342224 18.544012 17
-43.193695 -742.334045 12.523798 17
-42.309605 -739.452148 5.702273 17
-44.410263 -738.889099 -1.178669 17
-44.098042 -744.917786 20.926083 17
-43.406311 -744.525208 18.213633 17
-47.078739 -742.760437 18.109554 17
-48.231167 -743.596436 24.049511 17
-43.079762 -739.545959 -0.517975 17
-45.678413 -744.705811 25.886665 17
-48.447277 -741.892456 22.547737 17
-46.294643 -737.904480 14.618382 17
-43.124519 -739.932800 18.703405 17
-42.398880 -741.399353 11.200042 17
-42.100052 -742.399902 17.300732 17
-45.558372 -744.514587 19.036003 17
-46.931931 -740.051880 13.876959 17
-45.487110 -737.076111 15.526053 17
-47.920559 -741.122131 23.632370 17
-46.404678 -744.314148 20.070152 17
-44.223377 -736.940369 11.521675 17
-43.820374 -738.323242 10.536265 17
-42.557632 -742.621033 14.999887 17
-46.039707 -740.566650 11.528320 17
-41.992031 -739.524231 7.925333 17
-44.470551 -739.537598 1.194204 17
-45.757492 -743.011902 15.905622 17
-45.486198 -740.688171 9.549988 17
-46.590038 -740.076538 22.758978 17
-45.208202 -737.486267 10.043901 17
-43.006962 -737.327087 -0.048711 17
-43.857449 -743.342224 14.635027 17
-43.174469 -737.659363 4.790875 17
-43.098324 -739.352966 3.400820 17
-43.529720 -740.300232 20.449892 17
-46.273766 -746.083801 24.473513 17
-43.022652 -737.852539 3.275147 17
-44.132423 -737.042969 7.439890 17
-46.311333 -744.941528 21.108786 17
-47.259701 -739.109802 20.721306 17
-44.491802 -739.999512 16.577269 17
-45.211025 -745.332825 21.351063 17
-44.501125 -742.065979 12.075395 17
-42.221294 -741.929626 13.490991 17
-44.094704 -737.344116 1.813065 17
-42.469883 -742.945923 18.711580 17
-42.647442 -738.688293 -1.199900 17
-47.257839 -745.029602 22.928135 17
-44.484459 -745.034241 23.442774 17
-45.709126 -739.237976 9.545614 17
-45.010025 -745.475830 25.092930 17
-43.118206 -739.109009 11.185635 17
-47.824718 -744.665039 24.599268 17
-43.194324 -744.237793 20.647699 17
-44.796036 -739.218933 14.036602 17
-44.769230 -738.648682 0.484124 17
-46.499638 -745.971252 26.842600 17
-46.263096 -739.375793 11.452900 17
-43.504707 -741.516846 10.227354 17
-45.354553 -742.376221 14.125673 17
-42.603069 -743.098694 16.555607 17
-45.254868 -745.643860 22.667568 17
-44.471584 -737.305237 9.190320 17
-47.578259 -740.302673 16.506460 17
-43.125481 -739.171753 7.033921 17
-41.321449 -740.541931 11.950960 17
-45.426670 -738.250549 8.194268 17
-44.329788 -737.597351 0.762455 17
-48.259079 -742.927795 22.838583 17
-46.334114 -745.760925 23.226973 17
-47.154942 -743.928772 27.133499 17
-46.795189 -741.309448 14.762783 17
-44.585464 -737.902527 3.929928 17
-43.031246 -738.819275 12.362787 17
-43.769463 -736.781616 2.692466 17
-47.210262 -743.578857 19.921795 17
-46.126980 -738.079102 11.848543 17
-47.165993 -744.675232 21.914324 17
-44.390884 -739.729492 3.411720 17
-43.455086 -740.485107 7.148766 17
-43.864079 -736.857178 -0.487803 17
-47.319538 -742.826172 19.164749 17
-43.670216 -737.051270 -2.277725 17
-44.657681 -740.168701 5.561472 17
-44.944576 -738.753601 2.578760 17
-43.483498 -739.490234 9.014608 17
-44.886909 -739.907166 21.625589 17
-46.670338 -738.349182 13.235437 17
-44.112778 -739.370544 18.517780 17
-41.630722 -740.870239 13.394627 17
-46.023968 -741.417419 12.904395 17
-47.313465 -745.006653 27.455858 17
-41.846260 -740.209595 10.036390 17
-42.940273 -744.014160 19.182955 17
-43.108273 -739.095459 14.121577 17
-47.264668 -738.815002 15.148673 17
-42.084728 -740.736633 8.931425 17
-47.746326 -740.828186 17.612494 17
-44.872688 -738.146301 5.720564 17
-46.788971 -738.219238 19.051056 17
-42.909729 -738.614319 6.183693 17
-47.251686 -741.073914 15.816483 17
-42.346916 -738.628479 5.096454 17
-44.095993 -739.275635 14.765123 17
-47.400116 -741.889038 17.699583 17
-46.769363 -739.481873 13.053830 17
-45.013714 -738.498291 4.601462 17
-48.151920 -741.790649 20.306557 17
-48.176414 -743.718445 26.116508 17
-43.760349 -744.364136 22.335560 17
-48.491924 -742.876587 24.689358 17
-42.840206 -738.204834 10.774761 17
-41.490261 -741.991150 15.028447 17
-44.035145 -739.039795 11.709167 17
-43.221462 -743.918091 16.967897 17
-44.635300 -744.895630 19.361538 17
-44.324806 -740.474426 21.027985 17
-47.622959 -743.775330 21.896307 17
-46.868500 -742.175842 16.533558 17
-45.769527 -742.474670 15.027848 17
-45.226833 -739.954407 7.564872 17
-42.338867 -739.048645 1.058156 17
-44.136616 -737.683838 -1.257659 17
-47.858982 -745.436218 26.610886 17
-46.939522 -742.437683 25.597439 17
-43.815083 -740.007935 23.928438 17
-43.611549 -739.050964 17.090782 17
-45.102695 -738.869812 6.358236 17
-48.149857 -744.675476 25.873028 17
-47.751553 -743.283569 20.891855 17
-43.960232 -739.375427 16.009922 17
-43.303490 -739.381653 13.129554 17
-44.438713 -743.640198 15.509579 17
-48.143726 -741.709778 24.513344 17
-44.019848 -743.078491 13.720373 17
-44.276756 -737.333557 5.963146 17
-42.737022 -739.064880 -2.073228 17
-47.426208 -741.074646 24.474279 17
-43.050137 -737.773132 -2.113485 17
-43.280056 -741.131226 9.374894 17
-44.559177 -739.968567 22.716766 17
-45.422630 -737.175232 12.182535 17
-45.114101 -740.820801 8.679650 17
-44.501968 -741.559204 11.232555 17
-43.274479 -737.922729 7.892754 17
-47.685032 -744.583191 23.672161 17
-43.984760 -739.490784 20.547007 17
-46.624081 -737.858459 16.682537 17
-43.146721 -737.452332 1.506518 17
-43.866428 -739.914368 5.088367 17
-46.609550 -740.894531 13.639659 17
-44.441406 -744.234558 24.059517 17
-45.151039 -737.129333 13.329250 17
-47.301838 -738.796997 19.616257 17
-43.609459 -740.535950 22.887419 17
-44.573582 -740.354797 24.415112 17
-43.120918 -739.116882 2.006773 17
-44.417213 -738.489624 -2.004434 17
-42.718357 -737.834778 -0.819676 17
-47.048615 -745.679810 24.912706 17
-48.001251 -742.328979 21.031759 17
-45.909916 -745.361572 26.480856 17
-47.431095 -739.923340 21.926668 17
-45.063465 -737.788330 7.498545 17
-43.857555 -739.664673 22.098143 17
-42.631142 -741.831909 11.964345 17
-45.990295 -737.786560 13.757359 17
-43.105446 -739.160767 15.313581 17
-45.697739 -743.424744 16.917761 17
-48.040035 -740.812073 21.662504 17
-42.455368 -739.120178 4.238460 17
-47.302841 -739.612183 14.634617 17
-48.070549 -740.919250 20.655437 17
-43.505871 -738.908142 18.993048 17
-45.270653 -741.967590 12.667160 17
-43.170017 -737.915710 5.675518 17
-43.224838 -738.040100 8.777016 17
-47.273701 -746.048157 26.332113 17
-45.075558 -744.163513 17.367281 17
-42.121170 -740.382019 8.098749 17
-45.503948 -739.007874 8.654425 17
-47.801800 -742.122192 19.432306 17
-46.520794 -739.720520 12.228050 17
-42.003712 -740.739685 10.714486 17
-43.461311 -739.170288 0.238053 17
-42.834782 -737.946960 0.545626 17
-42.619068 -738.598572 3.421669 17
-46.228596 -737.610779 17.420584 17
-43.876694 -737.392334 4.248957 17
-46.212753 -737.552490 15.537320 17
-47.380932 -740.403748 23.245378 17
-42.540928 -737.907959 2.225195 17
-44.773186 -745.321350 24.268829 17
-44.019127 -744.269958 17.673555 17
-42.116913 -742.152588 14.422871 17
-43.658329 -737.449036 9.451736 17
-43.760143 -739.666565 3.992560 17
-44.724823 -737.262695 10.785090 17
-47.828594 -739.559387 18.826403 17
-44.728355 -739.604797 19.768887 17
-44.358044 -741.273254 10.348485 17
-43.005554 -739.902100 5.474618 17
-43.451801 -738.219543 12.764212 17
-43.248852 -739.596680 17.870911 17
-42.890625 -737.010132 3.207084 17
-48.071651 -740.220642 20.160402 17
-45.051662 -739.669373 6.132339 17
-44.408398 -738.823303 -0.330838 17
-44.571224 -739.226746 1.962798 17
-43.069210 -739.591187 20.572649 17
-45.744717 -740.729370 10.741666 17
-45.328918 -737.517212 8.955201 17
-43.612690 -736.968384 4.956991 17
-43.579063 -744.474609 21.427517 17
-45.846966 -738.492676 9.945440 17
-46.492901 -743.340881 18.174099 17
-45.711498 -737.892883 10.557544 17
-43.947601 -736.892761 -1.408287 17
-42.508053 -742.766479 15.806775 17
-48.114849 -740.267151 19.333332 17
-43.653316 -739.259521 -1.096334 17
-46.346069 -742.054565 14.624900 17
-44.789906 -739.218506 18.083380 17
-42.515095 -742.469727 12.946168 17
-43.811310 -740.979004 8.578014 17
-45.672153 -742.053711 13.419634 17
-42.170486 -738.061279 -1.416825 17
-44.245785 -737.285583 8.352153 17
-42.520382 -739.290222 0.043547 17
-44.915550 -739.298157 4.591725 17
-43.807655 -737.229065 6.670370 17
-43.851295 -737.278809 0.199985 17
-46.033497 -741.014526 12.198320 17
-42.037277 -743.104187 18.000465 17
-47.029003 -738.434265 17.928949 17
-43.052761 -738.921875 9.413647 17
-43.441769 -736.811951 1.906539 17
-43.807491 -739.419189 1.704907 17
-48.082138 -741.020813 18.956909 17
-43.627357 -738.700073 13.451541 17
-43.478317 -739.968933 16.351624 17
-43.736431 -740.166809 21.483923 17
-45.957405 -739.157532 10.383224 17
-46.960339 -742.492737 17.291348 17
-46.005596 -743.992371 18.588377 17
-43.782299 -739.049622 12.502000 17
-42.752399 -743.734131 18.437611 17
-47.175659 -738.596924 16.342165 17
-47.577484 -738.981018 17.652061 17
-43.276585 -738.492065 15.701641 17
-42.900360 -738.481079 7.480828 17
-47.614891 -739.115295 16.795116 17
-43.206223 -740.072571 19.772911 17
-48.127518 -741.252136 22.889570 17
-48.021229 -745.351257 27.383886 17
-46.785896 -746.169128 25.704670 17
-41.865894 -741.013794 11.617949 17
-42.218693 -739.408569 6.506909 17
-43.120853 -743.067871 14.639399 17
-44.703403 -742.892090 14.238811 17
-43.065987 -737.536560 3.992639 17
-45.623100 -745.922668 24.902216 17
-48.240711 -742.131165 21.825590 17
-43.343857 -737.264160 7.481482 17
-46.509079 -742.705505 15.998693 17
-46.594578 -738.814392 21.013517 17
-45.422436 -741.243958 11.292984 17
-44.750504 -738.233643 3.189837 17
-42.849094 -737.163513 0.848995 17
-46.655663 -745.427673 27.397751 17
-47.655190 -740.425232 24.107796 17
-43.945377 -739.391479 19.568954 17
-43.452557 -739.771606 14.577746 17
-48.069695 -742.168701 25.233902 17
-42.839622 -739.117310 17.146286 17
-45.445019 -745.467834 25.732082 17
-43.671806 -737.480469 3.486771 17
-43.581234 -738.156677 9.775325 17
-42.760559 -740.378296 7.563801 17
-45.620514 -745.565613 21.997332 17
-47.619171 -743.564331 26.619501 17
-43.369450 -738.354553 14.089017 17
-42.363655 -738.989807 1.831520 17
-44.369633 -737.973083 2.190030 17
-44.117371 -739.221802 -1.832100 17
-41.618408 -740.638550 12.660398 17
-42.827606 -740.026978 6.219483 17
-46.603489 -738.282349 14.045127 17
-41.728611 -742.634338 16.688189 17
-44.082451 -745.150452 20.204494 17
-45.778030 -737.302856 14.852963 17
-43.054340 -738.718750 10.230069 17
-46.094322 -744.116638 19.397106 17
-44.826553 -740.634399 7.485100 17
-45.700138 -739.978333 9.726370 17
-44.601398 -739.416443 2.770172 17
-42.897762 -743.516724 20.555117 17
-43.917244 -740.050476 18.742258 17
-43.073345 -744.196899 19.907627 17
-45.416481 -744.302673 18.235157 17
-46.337158 -738.211182 12.591375 17
-46.539154 -738.630798 11.514891 17
-45.326496 -738.369629 6.872622 17
-42.394466 -739.330322 -0.884864 17
-47.943752 -739.740906 18.112385 17
-44.260803 -739.983459 15.120951 17
-44.859184 -740.958252 9.862547 17
-42.748741 -741.339233 10.483239 17
-42.858910 -738.820740 0.472804 17
-45.116760 -743.379883 15.664499 17
-46.927479 -740.715088 14.270165 17
-43.708485 -738.549072 11.242587 17
-48.379131 -742.993530 23.589489 17
-45.366234 -739.309448 8.003051 17
-47.472244 -739.947754 15.681933 17
-44.271114 -739.740051 21.184946 17
-47.667164 -739.692261 20.509485 17
-47.295628 -739.515442 21.330091 17
-42.345360 -739.470398 4.880585 17
-47.549313 -742.703003 26.100435 17
-44.181564 -739.151855 13.617862 17
-44.491230 -745.226318 21.479074 17
-44.270390 -740.250427 20.328854 17
-44.144421 -740.382019 6.954788 17
-42.195347 -738.796204 6.100243 17
-43.533791 -742.712463 13.322410 17
-42.856236 -738.855286 -0.520313 17
-44.009010 -744.820679 22.844965 17
-43.530869 -744.325928 18.920721 17
-44.286934 -739.615356 -1.183694 17
-46.971798 -739.509888 22.500996 17
-44.706848 -737.202515 11.998345 17
-43.249512 -743.912537 17.850847 17
-43.868835 -739.954346 17.756315 17
-48.278450 -741.331299 22.110683 17
-46.592178 -744.352234 20.757452 17
-47.040009 -741.775696 15.935669 17
-43.405937 -739.638062 10.778699 17
-45.165089 -744.837341 25.391985 17
-42.189938 -739.497070 7.214001 17
-43.857773 -742.327698 11.919656 17
-48.428753 -743.380188 25.215364 17
-48.258476 -741.802307 23.318487 17
-44.083439 -739.387573 0.585659 17
-42.876308 -743.187988 15.294477 17
-42.074032 -739.332275 8.603515 17
-43.240345 -739.287537 2.711826 17
-44.104671 -737.890442 1.361046 17
-46.853268 -738.312256 14.792785 17
-43.300949 -739.426514 8.013453 17
-44.429794 -740.695984 8.791418 17
-48.151287 -744.040771 24.689178 17
-42.527481 -741.810730 12.687752 17
-47.978691 -743.348145 22.350834 17
-47.799469 -741.109070 18.299686 17
-44.927166 -744.735291 18.725824 17
-42.362148 -743.630188 19.319380 17
-41.676788 -741.592834 13.182293 17
-45.246342 -740.461853 8.061931 17
-43.138294 -739.242310 18.499273 17
-44.684418 -738.266052 -1.397165 17
-47.094070 -738.948853 13.398190 17
-44.453369 -739.963318 15.812663 17
-44.203091 -742.471008 12.560536 17
-43.818722 -739.273499 -0.408305 17
-44.798588 -739.448059 14.713049 17
-46.218582 -743.267700 17.502878 17
-42.339684 -743.084167 17.222240 17
-41.687080 -739.557068 9.838238 17
-45.656666 -745.050598 20.882254 17
-42.118671 -738.079407 -0.505850 17
-42.441032 -738.079102 2.956784 17
-44.115177 -739.429260 16.694664 17
-41.684818 -741.826050 13.909452 17
-42.172848 -737.968506 4.972745 17
-47.506226 -742.345032 18.470837 17
-41.920605 -738.938232 7.554186 17
-42.718525 -738.314697 -1.779312 17
-45.721077 -744.592163 19.755789 17
-46.077168 -738.059875 11.151127 17
-47.764679 -743.898438 23.629168 17
-44.306393 -738.165039 0.280162 17
-46.324905 -746.151123 25.190704 17
-44.659229 -745.341614 22.848835 17
-43.466427 -740.385803 22.155979 17
-47.593559 -745.227966 24.904089 17
-44.258762 -740.715332 22.796782 17
-41.854916 -741.823975 15.589251 17
-46.306156 -737.815308 18.713650 17
-43.773220 -737.404480 2.429970 17
-46.877728 -745.309631 23.415077 17
-44.302929 -740.017090 17.218281 17
-47.414967 -744.458008 22.566645 17
-44.537529 -738.856506 1.088405 17
-45.924728 -745.754761 22.649107 17
-47.088505 -739.802856 23.130548 17
-47.017555 -743.141541 18.665096 17
-44.740597 -739.523804 3.967071 17
-43.702229 -744.626160 20.431410 17
-43.305969 -737.222656 -0.661699 17
-43.569279 -740.740784 8.012523 17
-43.849308 -739.205261 17.701797 17
-48.067837 -743.458740 23.217514 17
-42.039894 -740.214966 9.354047 17
-44.032829 -737.330933 10.916344 17
-42.744003 -740.848389 9.034605 17
-43.053734 -743.598511 16.397385 17
-46.041973 -745.928833 23.817783 17
-43.125702 -739.706360 15.780192 17
-46.087540 -739.960205 11.163863 17
-43.062473 -741.669312 10.979326 17
-43.112122 -739.178162 -1.453169 17
-47.916653 -744.441467 25.220728 17
-47.602268 -744.424622 27.340155 17
-43.214588 -739.486084 19.189201 17
-45.114819 -739.711853 6.781781 17
-46.761627 -737.995117 17.485687 17
-46.577549 -744.824280 21.704401 17
-43.794575 -739.548340 3.202312 17
-46.042263 -737.128723 16.008425 17
-47.940903 -741.460144 19.527788 17
-47.481541 -739.402344 15.310747 17
-44.529732 -738.203064 0.940176 17
-44.668964 -737.268005 7.144383 17
-43.871094 -737.402527 5.380561 17
-43.215927 -739.803528 21.921637 17
-46.089043 -744.718506 20.481937 17
-43.383549 -737.638367 6.349136 17
-43.205303 -739.237061 11.825988 17
-44.938004 -741.608948 11.718577 17
-42.018604 -739.988159 8.643834 17
-43.896305 -737.293701 1.181171 17
-43.440342 -738.013123 10.966144 17
-43.269814 -739.501892 16.748463 17
-44.108627 -737.001282 9.641844 17
-47.267139 -740.118774 22.597422 17
-43.082787 -737.642334 2.502628 17
-43.745152 -739.128052 15.417267 17
-42.286713 -738.280029 0.628385 17
-46.282253 -740.395752 12.100288 17
-48.297314 -742.537598 22.340067 17
-42.851238 -738.026001 -0.140676 17
-44.807220 -739.777039 5.048172 17
-47.865520 -739.626648 16.482437 17
-42.944443 -738.646179 8.828499 17
-44.598015 -737.357239 7.795229 17
-42.494942 -742.340393 13.931765 17
-47.030262 -739.410645 13.827981 17
-46.255047 -742.651367 15.407233 17
-44.875072 -738.025940 5.050698 17
-45.308285 -738.385620 7.575397 17
-42.052078 -742.422180 15.345240 17
-46.608852 -743.804260 19.626932 17
-46.979286 -743.960022 20.394928 17
-42.863476 -738.774902 14.853669 17
-44.347996 -738.286255 -0.773486 17
-43.025169 -738.617310 11.738575 17
-46.042133 -742.918762 16.465944 17
-44.879379 -745.442688 21.934816 17
-45.852203 -745.120789 21.581942 17
-46.612740 -745.296326 22.817795 17
-45.426327 -740.812012 10.187282 17
-47.193699 -741.935181 17.076410 17
-41.384155 -739.903870 10.459886 17
-46.573166 -741.247498 14.161951 17
-44.222149 -737.338501 -0.721679 17
-43.290859 -737.479675 0.517054 17
-43.614269 -743.412537 15.218143 17
-42.895752 -738.477844 6.843676 17
-42.651855 -738.385742 5.597963 17
-44.141846 -737.276123 -1.887224 17
-43.025127 -737.885498 -1.407150 17
-45.060703 -737.217468 9.456888 17
-43.612911 -738.487915 12.207252 17
-47.104313 -738.645447 20.293932 17
-47.573624 -742.309814 25.591749 17
-45.604103 -737.918213 9.811666 17
-45.947506 -744.663208 26.567736 17
-47.822128 -740.265930 17.269117 17
-44.075214 -739.912964 14.406163 17
-48.568943 -742.274170 23.031992 17
-44.511932 -740.249512 18.797417 17
-45.125977 -738.125488 6.301928 17
-43.354206 -739.992065 20.966728 17
-45.528103 -740.207886 9.149723 17
-47.789257 -744.821777 26.426785 17
-44.598389 -737.302246 10.106064 17
-46.965092 -741.444214 15.411714 17
-42.830650 -738.335144 12.701894 17
-43.284111 -738.041504 10.321026 17
-47.452770 -739.168884 20.089926 17
-45.070930 -737.209839 12.715041 17
-44.848499 -744.944702 24.785023 17
-47.595844 -740.790527 17.018612 17
-42.691105 -739.094666 3.001438 17
-42.845711 -738.875549 1.431291 17
-43.380772 -737.037659 4.381097 17
-45.548576 -743.507568 16.214151 17
-42.388748 -737.986267 3.592917 17
-43.750031 -737.520081 8.070094 17
-47.317516 -740.872681 16.443531 17
-44.920589 -740.729736 9.261084 17
-47.562363 -739.075623 19.097137 17
-48.527222 -744.179749 25.869926 17
-41.934441 -742.081238 16.423977 17
-47.601624 -744.994385 24.126982 17
-46.847809 -744.428711 21.334541 17
-43.228882 -739.423706 12.472874 17
-48.160351 -741.622498 23.916969 17
-41.690731 -740.445190 11.456573 17
-46.378307 -737.635010 16.127884 17
-47.115376 -743.397339 19.282057 17
-44.073498 -744.566467 23.415045 17
-45.954571 -742.246948 14.141931 17
-46.810944 -744.933533 22.360542 17
-45.632561 -738.691956 9.259135 17
-44.121841 -739.550476 23.672771 17
-42.968143 -739.411255 4.009696 17
-45.699936 -737.653809 11.841901 17
-46.822063 -743.013916 17.573534 17
-42.700050 -738.040588 4.587059 17
-46.045692 -745.963318 26.414454 17
-44.459511 -739.750610 2.280553 17
-45.571705 -737.335388 13.750892 17
-47.168190 -738.634460 15.727431 17
-46.724586 -738.868713 12.908933 17
-43.865871 -739.271240 21.105051 17
-43.438541 -739.693115 11.477688 17
-44.039970 -739.806030 4.501932 17
-43.185970 -742.023254 11.856238 17
-44.842476 -737.276184 11.380099 17
-42.310192 -739.981628 7.574766 17
-44.659534 -737.619690 5.511238 17
-42.482155 -738.372986 1.832538 17
-45.526241 -742.982178 15.247552 17
-45.883690 -737.554138 14.312322 17
-46.152843 -738.924683 11.026362 17
-47.367744 -740.492004 15.950706 17
-43.556789 -739.084167 20.306671 17
-46.994576 -738.165222 19.612181 17
-43.981945 -740.259216 24.498211 17
-47.458652 -743.255310 20.373520 17
-44.445282 -739.913879 22.117676 17
-47.931408 -740.323669 17.942108 17
-44.173660 -737.890991 -1.824889 17
-42.653561 -739.085327 7.394553 17
-47.373638 -743.045532 19.726145 17
-44.872303 -742.509705 13.780807 17
-47.060215 -740.165894 14.488825 17
-48.344486 -742.299500 24.571737 17
-44.391533 -737.336609 6.568480 17
-47.503536 -743.638000 21.308306 17
-43.158966 -743.811340 21.076134 17
-43.826481 -740.125122 19.929922 17
-46.540932 -737.905029 15.179244 17
-43.404072 -737.201294 2.914366 17
-48.404835 -743.483215 24.612923 17
-44.942402 -745.413025 23.530766 17
-46.512932 -745.311523 26.831955 17
-43.032612 -738.950928 13.534856 17
-42.586590 -738.941589 6.655567 17
-44.312805 -739.372864 15.527008 17
-47.349991 -745.536499 26.914206 17
-45.301762 -742.658997 14.680920 17
-43.918941 -740.425537 23.440819 17
-44.692509 -740.089111 7.275236 17
-48.621891 -742.766418 24.120346 17
-46.695404 -740.362122 23.381500 17
-42.069607 -741.535706 11.847433 17
-43.491737 -738.624207 16.270407 17
-46.741241 -740.326782 13.380287 17
-45.541824 -745.763733 23.166887 17
-44.594112 -737.976807 4.524879 17
-44.494770 -743.272034 14.624494 17
-44.028690 -744.949341 21.785189 17
-47.273251 -740.133606 23.757914 17
-43.627884 -739.993286 19.338366 17
-43.541615 -736.770386 0.128526 17
-43.039604 -738.820618 12.964497 17
-42.658161 -742.695679 14.421803 17
-47.183586 -738.343018 18.508348 17
-45.737736 -745.924561 24.317856 17
-46.396019 -740.916687 13.063609 17
-43.631229 -740.030334 22.593868 17
-45.559299 -739.555542 9.064104 17
-45.411823 -737.393738 10.733150 17
-44.758160 -738.509399 4.011715 17
-43.735073 -743.838867 22.574186 17
-43.369053 -739.440430 13.708933 17
-47.311409 -744.140625 21.573086 17
-47.760288 -744.224670 24.120661 17
-43.115761 -738.760376 16.766722 17
-47.389080 -745.086060 23.588383 17
-47.437164 -741.290039 17.386194 17
-46.121651 -737.680603 18.072832 17
-42.344032 -740.745117 9.467669 17
-44.395241 -740.246155 6.454731 17
-45.166233 -744.793884 19.685900 17
-47.939400 -743.191406 26.130377 17
-48.392097 -744.469910 26.365412 17
-43.583065 -739.851746 18.319639 17
-47.785187 -740.770081 23.049507 17
-46.506435 -739.187195 11.971311 17
-47.836758 -744.973389 25.384550 17
-47.795803 -744.928955 27.067390 17
-44.429886 -739.091187 0.230076 17
-45.586884 -737.987854 8.715708 17
-47.819592 -740.371094 21.927420 17
-45.900192 -741.133545 11.591592 17
-42.838654 -738.079529 4.003313 17
-42.600670 -739.107239 3.665569 17
-43.235340 -737.436768 5.372758 17
-44.064419 -737.511963 9.898856 17
-46.713268 -745.716003 23.768946 17
-44.711395 -742.209595 12.661798 17
-44.737782 -738.831909 3.120902 17
-42.963947 -742.539429 13.293151 17
-42.863373 -743.167847 16.048925 17
-44.810345 -737.362732 8.727901 17
-44.695915 -738.407104 -0.054118 17
-47.641499 -744.477722 23.115755 17
-45.296780 -737.693970 8.169741 17
-42.866047 -738.245972 11.335734 17
-45.165096 -745.699463 24.582724 17
-44.314758 -739.245544 -0.717409 17
-43.514790 -742.982727 14.041755 17
-42.873898 -737.815186 1.093859 17
-47.774467 -743.926453 27.117399 17
-43.203506 -739.596069 -1.079269 17
-42.727474 -743.405945 18.928936 17
-47.391899 -739.046082 14.628524 17
-47.126255 -738.679626 18.969822 17
-43.728481 -736.874695 3.259136 17
-46.250374 -737.937317 13.282994 17
-44.343658 -737.542725 0.198814 17
-45.540268 -743.829651 17.332449 17
-43.182777 -739.140076 8.674365 17
-42.032326 -740.730957 10.112311 17
-42.419098 -738.497192 -0.702246 17
-47.981640 -742.762695 20.683092 17
-43.289520 -744.014160 18.429163 17
-43.510632 -740.312744 6.617521 17
-48.155174 -741.805786 20.855759 17
-44.247177 -740.652588 7.524582 17
-44.254879 -737.735596 3.463059 17
-47.185673 -740.878235 15.294838 17
-42.712788 -739.567383 -1.818968 17
-42.779648 -737.958252 5.130541 17
-44.187729 -741.853577 11.594342 17
-42.890018 -743.466614 16.982058 17
-42.735260 -737.482910 1.893064 17
-45.965622 -737.800842 12.324057 17
-42.320492 -738.646362 4.546894 17
-46.841225 -745.740112 24.392406 17
-46.044010 -739.513916 10.826394 17
-45.637745 -741.588135 12.453770 17
-44.536903 -744.773804 24.130037 17
-44.912083 -738.549072 5.235360 17
-46.577492 -746.025208 26.238138 17
-46.349133 -739.915405 11.731538 17
-44.667328 -738.245605 2.637188 17
-42.218788 -742.810120 16.301151 17
-43.274776 -739.043396 17.532211 17
-43.474747 -737.319641 -1.814996 17
-41.738937 -741.293335 13.738543 17
-43.927696 -737.299377 8.994112 17
-48.240879 -741.226379 20.226936 17
-42.263397 -738.794617 -2.198835 17
-44.035912 -736.866943 0.583595 17
-42.821625 -738.926392 15.737857 17
-44.200405 -739.178284 14.163046 17
-45.001492 -738.689392 5.796565 17
-41.732033 -740.895325 12.182262 17
-43.840328 -739.130615 13.042427 17
-43.856499 -739.353821 1.156784 17
-43.085827 -738.087585 6.480490 17
-47.726032 -742.649902 19.550117 17
-44.887386 -738.699890 2.013357 17
-44.144203 -737.066650 4.810762 17
-46.282337 -741.325134 13.487744 17
-45.430996 -738.764221 7.971921 17
-47.112560 -745.737732 27.420856 17
-44.581974 -744.328918 17.527983 17
-44.719879 -737.653809 6.107899 17
-42.855186 -738.129639 8.383498 17
-42.901215 -741.212769 9.869595 17
-43.691341 -737.330566 -1.039445 17
-47.623981 -739.277466 18.164949 17
-43.308163 -737.995667 9.315928 17
-42.543442 -738.542358 1.082198 17
-44.057205 -739.906921 16.178339 17
-47.898361 -742.159485 19.972250 17
-46.601006 -741.740784 15.094607 17
-43.663403 -737.463013 5.903565 17
-41.704945 -741.130493 12.884750 17
-47.682030 -745.736145 26.175159 17
-44.460098 -739.696289 20.273159 17
-43.198151 -739.297119 14.651534 17
-42.474167 -739.070679 -1.561738 17
-47.877842 -745.141663 25.989563 17
-43.513641 -739.795349 12.849889 17
-44.113071 -740.510254 23.996407 17
-42.201450 -738.026062 0.119429 17
-44.135960 -739.453064 19.072813 17
-41.894268 -740.059937 10.550566 17
-42.469883 -740.525757 8.489142 17
-45.241928 -737.170349 14.844153 17
-41.756969 -741.501221 14.859989 17
-45.061214 -741.907898 12.157295 17
-43.494621 -744.190491 21.895605 17
-47.588703 -741.637268 18.134974 17
-43.893250 -739.932373 16.711283 17
-42.292221 -738.945007 5.572609 17
-45.180775 -745.322754 20.815884 17
-42.316452 -738.835571 0.449648 17
-47.894245 -741.291870 24.229595 17
-48.024307 -743.900940 26.617435 17
-44.745590 -739.312683 3.412257 17
-42.989811 -740.275330 6.901866 17
-47.112675 -741.359497 24.974316 17
-44.790276 -740.177551 6.079410 17
-48.214252 -740.998352 21.155235 17
-43.909424 -740.185364 20.842440 17
-44.109829 -739.823181 22.960503 17
-44.387379 -742.751038 13.490819 17
-47.911263 -740.672852 19.880547 17
-42.334503 -742.667542 17.961000 17
-48.182049 -742.601135 23.277679 17
-44.733547 -743.771484 15.939124 17
-47.017338 -740.792114 14.793478 17
-47.689651 -741.450378 24.819433 17
-43.223751 -739.558350 17.317188 17
-48.393105 -743.723816 25.615238 17
-45.041248 -738.905334 4.269283 17
-43.368595 -739.725342 20.143917 17
-44.682411 -741.358582 10.783915 17
-47.393242 -743.678894 20.663595 17
-43.841625 -744.291199 22.853762 17
-47.158783 -741.741394 16.480560 17
-45.197990 -742.169067 13.145744 17
-46.980747 -738.308167 15.338600 17
-45.706226 -740.378906 10.072277 17
-46.376232 -738.522461 12.008474 17
-44.565815 -737.716919 -0.960379 17
-43.595573 -741.350464 9.743712 17
-43.326000 -738.174805 13.485232 17
-43.349949 -736.989258 1.353558 17
-46.041969 -745.170715 27.012249 17
-43.135963 -739.419678 9.565987 17
-46.841900 -739.207825 21.266392 17
-44.814224 -740.246521 22.298281 17
-43.732052 -737.336792 -0.353003 17
-47.671707 -739.925842 16.888622 17
-44.229584 -737.131104 12.252696 17
-45.327675 -739.860596 8.077535 17
-42.207500 -743.397278 18.630207 17
-46.484131 -742.635376 16.528465 17
-45.210407 -739.494263 7.271341 17
-43.172646 -739.129272 -0.201374 17
-42.824596 -743.625549 19.530525 17
-45.254837 -745.031921 25.963333 17
-48.064465 -740.351257 20.663822 17
-43.081829 -739.099670 -0.924839 17
-42.298706 -741.190430 10.661399 17
-46.221367 -742.208984 15.103162 17
-48.094196 -740.984131 22.431595 17
-46.786034 -739.354675 12.495009 17
-42.521664 -743.206787 18.185104 17
-44.306667 -739.794312 4.040236 17
-46.294582 -737.471375 16.913893 17
-45.553520 -737.447021 13.232841 17
-46.067368 -741.880127 13.144623 17
-43.925499 -739.624268 21.582451 17
-47.417068 -744.213928 22.070963 17
-46.788368 -738.628174 13.671078 17
-43.615280 -739.998596 5.543242 17
-45.811169 -739.563049 10.031164 17
-47.019684 -741.964478 25.334063 17
-42.387474 -738.964478 -0.409529 17
-43.076679 -738.669373 10.746688 17
-46.892700 -738.162231 16.363173 17
-45.355476 -741.137817 9.759446 17
-43.353401 -739.841858 5.053517 17
-45.628712 -741.263489 10.805615 17
-47.601097 -740.679016 23.658403 17
-45.143681 -737.371582 11.792820 17
-48.323437 -741.962708 21.327965 17
-46.758575 -738.083618 18.497183 17
-46.607697 -739.884888 12.712223 17
-43.790905 -737.344299 7.189349 17
-47.672672 -742.253967 18.937382 17
-42.635406 -739.568848 5.295476 17
-44.614159 -737.764709 -1.575510 17
-45.131927 -740.307434 8.542196 17
-47.290405 -742.308655 17.966372 17
-43.738434 -742.560791 12.765278 17
-44.010761 -739.377441 17.245430 17
-43.698048 -739.127075 16.584734 17
-47.850925 -743.327515 21.604202 17
-44.062962 -740.037659 18.253963 17
-43.183231 -737.364380 3.487870 17
-41.955357 -739.034546 8.069847 17
-43.624836 -736.822388 -0.940522 17
-42.906841 -738.264893 12.094769 17
-44.330509 -739.606506 1.671070 17
-43.051315 -738.638367 14.373338 17
-42.786713 -737.912781 1.594148 17
-43.594364 -738.957581 15.903371 17
-44.927845 -739.706787 5.628706 17
-44.710659 -736.877747 13.112738 17
-43.548645 -737.898254 8.340907 17
-43.526394 -744.610413 20.906374 17
-46.645592 -742.154419 15.993827 17
-43.177483 -739.187988 10.655005 17
-43.321335 -737.177185 2.351358 17
-42.491425 -738.693909 3.983390 17
-43.632080 -739.159302 18.456837 17
-44.083828 -740.083069 5.746222 17
-48.032677 -742.286682 20.512690 17
-43.416050 -739.543091 15.034648 17
-47.367245 -739.892517 15.076321 17
-42.097572 -741.959900 12.471324 17
-43.510773 -739.376160 20.749535 17
-43.195259 -738.083740 7.377695 17
-46.036049 -738.195801 10.313941 17
-43.855095 -739.563599 -1.459253 17
-42.825909 -738.141235 10.140515 17
-45.600094 -745.856262 25.406483 17
-45.552383 -738.492188 8.681415 17
-46.458355 -738.150269 19.416275 17
-42.698967 -737.595276 -0.379095 17
-47.775162 -743.829224 22.377249 17
-43.272930 -740.962341 8.779387 17
-45.215050 -743.911926 16.954227 17
-42.702137 -738.725403 2.124508 17
-43.429203 -738.743286 15.273454 17
-46.858128 -739.832275 13.394282 17
-43.840336 -739.772766 24.381069 17
-48.325600 -742.831177 25.159023 17
-43.106903 -739.431885 1.614292 17
-47.256985 -745.367065 24.515669 17
-43.508747 -739.320435 2.214501 17
-42.135098 -741.669495 13.003965 17
-48.478821 -741.691956 21.808876 17
-44.261787 -736.928467 -2.207151 17
-43.644165 -744.783142 19.100185 17
-47.633591 -739.960632 16.153944 17
-46.892704 -742.747192 26.006767 17
-43.712658 -737.242493 0.715853 17
-45.404247 -744.035217 17.814838 17
-45.528133 -737.421143 12.622374 17
-43.988098 -739.843567 15.531459 17
-44.735031 -739.803101 21.059322 17
-43.127159 -739.349182 -1.969171 17
-46.165585 -737.578796 15.041500 17
-42.916561 -739.232117 17.830187 17
-44.341625 -737.606323 4.338338 17
-43.240063 -739.487000 16.231436 17
-44.372906 -737.415894 11.283479 17
-44.573948 -738.915405 1.575111 17
-44.771626 -740.370117 7.912224 17
-45.113499 -737.089050 13.831035 17
-43.845467 -739.419495 20.055042 17
-45.013527 -739.237000 5.913041 17
-42.843887 -743.731140 20.014284 17
-43.518837 -737.646545 8.824484 17
-44.995426 -737.865540 7.009759 17
-42.295460 -739.788025 6.203051 17
-43.612480 -739.521179 22.498985 17
-42.698975 -740.494019 8.034811 17
-48.076538 -742.750366 21.293119 17
-43.598919 -737.677795 7.622998 17
-46.936256 -739.704163 22.036589 17
-48.033325 -739.988953 18.907835 17
-43.657997 -736.862122 -1.799441 17
-41.804836 -741.777222 14.408458 17
-45.330166 -737.646118 9.508008 17
-44.028988 -743.275208 14.166192 17
-43.109383 -739.067566 7.748011 17
-42.798592 -737.514404 2.991148 17
-46.106346 -743.660339 18.261129 17
-44.500774 -739.304932 15.081402 17
-43.780071 -741.189880 9.246445 17
-41.924561 -740.813965 11.187923 17
-48.273716 -741.328064 20.784285 17
-42.169708 -742.776550 16.803415 17
-43.574383 -739.096436 19.444265 17
-44.732536 -743.346680 15.246047 17
-42.680546 -739.220215 2.168591 17
-48.260128 -740.728088 20.249510 17
-47.325729 -742.753723 18.661039 17
-42.769733 -738.834595 0.003043 17
-43.054291 -743.630554 17.402527 17
-46.986244 -738.705811 14.528604 17
-45.314537 -742.374573 13.638187 17
-43.702389 -740.098450 23.079268 17
-44.686234 -739.105835 13.574305 17
-47.614887 -741.226440 17.851511 17
-43.701645 -739.785706 23.452190 17
-47.521549 -745.449036 27.509111 17
-43.299362 -740.608582 7.603343 17
-45.912594 -740.278748 10.866773 17
-45.846478 -744.117065 18.134541 17
-43.831818 -737.398499 2.912342 17
-48.362679 -743.153564 24.268560 17
-43.741127 -743.813171 22.100876 17
-48.191387 -742.078369 24.149406 17
-44.015266 -741.421753 9.966421 17
-47.515732 -743.118225 26.337582 17
-44.903206 -738.996887 4.952638 17
-46.877197 -738.109192 16.996342 17
-43.077293 -737.588135 -0.981226 17
-45.391098 -740.722656 9.057770 17
-47.913757 -740.539429 18.979261 17
-42.669468 -739.781616 5.842474 17
-47.958992 -740.380920 21.447412 17
-44.030472 -736.881042 -0.003668 17
-42.754044 -738.185303 -1.137281 17
-43.905357 -739.357300 0.130386 17
-43.914677 -739.790588 14.852486 17
-41.994934 -742.255859 14.903271 17
-47.667702 -740.011658 21.523573 17
-44.978336 -741.531067 11.150155 17
-47.146748 -739.696716 14.188114 17
-43.316341 -738.099487 12.280588 17
-45.147289 -739.241699 6.716864 17
-45.707386 -745.118896 26.126455 17
-46.744762 -743.528198 18.522417 17
-48.121521 -740.759216 19.353338 17
-47.185387 -740.739014 24.244614 17
-47.604023 -739.244019 17.267817 17
-43.051113 -738.537170 9.799905 17
-43.122433 -739.956482 19.191467 17
-42.905567 -738.058105 2.860063 17
-47.276539 -745.644836 25.323284 17
-46.458324 -741.593689 14.468376 17
-42.830711 -738.674561 13.858532 17
-44.515926 -739.575317 19.319595 17
-42.577988 -738.264709 6.062745 17
-47.294071 -738.595703 17.556049 17
-44.066998 -743.570618 15.131925 17
-45.823711 -740.950684 11.172887 17
-44.708466 -744.196228 17.076607 17
-44.762165 -740.535095 8.353855 17
-43.265255 -737.374756 1.065227 17
-45.863636 -738.992432 9.917060 17
-43.556328 -739.716309 4.411942 17
-42.589844 -743.213989 19.420216 17
-47.493488 -739.485962 20.887396 17
-43.227364 -744.209229 17.482569 17
-45.415527 -737.944885 7.764700 17
-47.999233 -739.999390 19.714199 17
-42.561966 -737.728394 0.170048 17
-47.439774 -738.999634 15.545360 17
-43.625923 -738.645386 12.875444 17
-41.697895 -740.408752 10.825070 17
-44.133965 -744.069458 23.713696 17
-44.131439 -740.997742 8.971586 17
-47.900894 -743.533813 22.785900 17
-42.727043 -738.275696 2.420600 17
-47.208412 -741.383667 16.201157 17
-47.506317 -739.208557 19.551102 17
-47.848843 -741.631531 19.095739 17
-44.155762 -737.869568 -0.768053 17
-46.178730 -741.010559 12.648753 17
-42.538715 -742.259766 13.381883 17
-43.935154 -744.708740 20.019098 17
-44.190113 -739.589722 2.899429 17
-43.652611 -739.194824 0.663460 17
-43.653992 -738.534058 11.748178 17
-47.558853 -745.875305 26.663443 17
-46.870922 -740.517395 13.825377 17
-45.716328 -742.434326 14.561632 17
-43.781971 -737.350769 4.707838 17
-46.619328 -738.536377 20.646589 17
-44.695992 -738.491516 -0.540734 17
-43.807854 -737.053162 1.572435 17
-45.054230 -744.822205 19.182415 17
-42.906170 -738.942688 0.964922 17
-43.340004 -738.696228 17.199694 17
-44.161743 -738.028503 0.697719 17
-44.349350 -737.003662 11.024587 17
-44.363724 -738.722229 -1.610043 17
-45.692184 -737.796997 11.068387 17
-44.163353 -737.112061 6.947045 17
-42.402386 -743.066528 17.718788 17
-45.669994 -745.630798 26.122244 17
-44.350273 -739.835876 21.628033 17
-43.106556 -739.044495 9.895131 17
-41.844818 -739.303284 9.045098 17
-42.747692 -741.007996 9.468237 17
-44.851139 -745.500122 22.448738 17
-43.670151 -737.207581 2.021806 17
-42.147888 -742.032288 13.971125 17
-41.976143 -739.648132 9.497749 17
-43.286385 -737.404724 -2.260630 17
-44.271183 -739.133362 12.513251 17
-44.084671 -739.511353 2.068143 17
-43.407772 -739.172607 -0.597921 17
-41.440521 -739.947327 9.933405 17
-43.565388 -739.701599 13.398020 17
-46.747787 -742.496948 16.872683 17
-43.613194 -739.713379 15.774215 17
-44.243805 -737.054871 8.758349 17
-43.842983 -744.907715 22.430777 17
-46.578880 -739.732361 22.425125 17
-45.809837 -742.650391 15.479292 17
-42.281982 -738.457031 -1.831392 17
-42.821220 -738.975952 2.569367 17
-48.203106 -744.335449 25.567923 17
-46.337994 -738.433105 11.149134 17
-44.238308 -741.482666 10.846807 17
-42.120838 -739.930908 8.188564 17
-45.121273 -740.104126 7.033419 17
-43.112957 -737.214661 1.925982 17
-42.059528 -742.295715 16.862339 17
-44.160797 -737.618652 3.900556 17
-47.372383 -738.719666 18.009809 17
-42.325237 -738.235718 5.320280 17
-44.654831 -739.090454 2.400924 17
-48.262699 -743.278809 25.634199 17
-44.258888 -739.567627 19.854250 17
-44.595875 -738.412537 2.187310 17
-45.873920 -737.343445 15.305133 17
-45.087231 -744.345154 17.886030 17
-45.302513 -744.479004 18.668610 17
-42.226173 -739.173584 6.889507 17
-46.911228 -745.641724 26.944546 17
-44.076664 -737.572205 -0.170368 17
-47.359310 -738.725891 16.780941 17
-42.740005 -739.358521 0.428204 17
-46.080135 -742.656982 15.844827 17
-42.677444 -739.321533 0.900028 17
-42.725471 -737.305237 1.436901 17
-43.493332 -739.538147 3.641007 17
-47.863758 -739.826233 19.296213 17
-42.563824 -738.002563 -2.131009 17
-47.514942 -738.991577 16.363379 17
-42.995857 -738.275513 9.144921 17
-47.898006 -741.783936 25.072800 17
-42.352219 -739.005554 4.816364 17
-44.343903 -741.068848 9.888194 17
-44.999577 -737.397278 10.440986 17
-42.759686 -742.081665 12.406416 17
-46.475266 -737.742493 17.768015 17
-46.236298 -737.885925 14.139743 17
-42.979492 -738.335693 7.896735 17
-43.109749 -739.823608 18.244650 17
-44.441837 -739.226135 0.850926 17
-44.668747 -738.529480 -1.021227 17
-47.909824 -740.659119 18.218847 17
-46.753735 -745.039429 27.092922 17
-44.063309 -737.802124 1.921272 17
-45.453091 -739.451538 8.537227 17
-42.098282 -740.435364 9.746325 17
-42.682899 -739.355652 4.551517 17
-43.832359 -737.561829 8.530766 17
-43.437531 -736.725220 2.412349 17
-44.364120 -739.922119 4.813285 17
-45.177456 -738.797058 6.887403 17
-48.389214 -743.787292 24.974339 17
-43.920628 -737.180908 6.211964 17
-43.087147 -737.753967 0.220772 17
-42.260548 -738.074646 -0.975666 17
-43.355167 -739.523987 14.145658 17
-42.953472 -737.102478 2.767432 17
-44.230057 -744.781677 23.785749 17
-42.975307 -737.516357 -1.730132 17
-44.980530 -737.335938 7.518507 17
-47.009144 -738.548096 19.864307 17
-42.756649 -743.226318 14.815197 17
-43.684963 -741.735840 10.582519 17
-45.387016 -743.626953 16.612606 17
-45.644314 -739.129944 9.076487 17
-45.027584 -745.224487 20.391607 17
-43.434006 -737.287109 3.845904 17
-43.122608 -737.617920 -0.495117 17
-43.087399 -738.638611 11.201022 17
-43.069859 -737.642212 6.013477 17
-47.796375 -739.850159 20.086796 17
-44.290295 -737.498413 1.218717 17
-42.626236 -738.490845 -2.183652 17
-47.750504 -739.457947 17.747641 17
-42.002090 -741.282532 10.983345 17
-44.033920 -737.798096 2.410486 17
-46.217293 -743.973877 18.983128 17
-44.673794 -736.959717 12.368643 17
-47.983116 -740.618835 21.064629 17
-45.905010 -743.573914 17.338108 17
-44.289585 -738.152527 -1.222049 17
-42.427917 -741.701660 11.593314 17
-47.160732 -746.044861 25.910517 17
-47.804058 -741.273254 18.731247 17
-43.924679 -742.798645 13.072929 17
-48.083920 -739.954102 17.744360 17
-44.179802 -737.458923 10.461728 17
-47.677277 -740.889160 24.038744 17
-46.272274 -745.629883 26.629721 17
-46.475433 -744.808228 20.667267 17
-46.142857 -743.268677 16.959988 17
-43.385937 -744.457214 20.168436 17
-43.298725 -737.082642 0.706300 17
-48.121483 -741.362244 23.329193 17
-48.249809 -741.281982 21.670517 17
-48.195732 -742.447083 22.751736 17
-42.688869 -738.246887 0.252621 17
-46.131687 -745.335144 21.844004 17
-42.232670 -740.330566 8.828439 17
-48.016411 -741.744385 19.890020 17
-44.361908 -738.512024 0.582185 17
-42.283298 -738.203003 4.586207 17
-42.623989 -738.608704 2.936773 17
-45.377605 -744.516235 25.582298 17
-42.322372 -739.317688 -1.877329 17
-42.692657 -737.874756 -1.735698 17
-44.456226 -739.431030 -1.616265 17
-47.549709 -740.206482 22.251270 17
-45.254864 -742.812256 14.168858 17
-42.200153 -738.033569 1.792280 17
-43.465706 -740.083862 17.901711 17
-43.028885 -738.596130 15.211224 17
-45.870281 -737.735596 13.339541 17
-43.579510 -737.110413 9.163238 17
-44.347603 -738.097961 1.678506 17
-45.721859 -741.772400 12.932298 17
-41.821400 -740.556458 11.862774 17
-48.102077 -742.929016 22.261131 17
-43.307327 -739.674683 19.604179 17
-46.296524 -743.621704 18.646652 17
-46.765568 -738.076111 17.960089 17
-44.864594 -745.088318 19.801956 17
-43.851284 -744.795349 21.360128 17
-43.681004 -739.002625 15.003268 17
-44.022865 -737.636047 0.463335 17
-44.485714 -738.035278 -2.098051 17
-45.085411 -743.583069 16.127663 17
-41.659313 -742.187012 15.442780 17
-45.722809 -741.243896 11.970691 17
-44.193035 -739.821167 22.531628 17
-43.504639 -739.879761 18.924931 17
-43.127632 -738.282898 5.912167 17
-48.172928 -743.436523 23.633593 17
-42.634087 -738.125427 0.898009 17
-43.469383 -739.233887 1.492686 17
-46.535164 -737.827332 15.666574 17
-46.034595 -744.538330 20.058792 17
-42.219608 -739.245911 6.063089 17
-45.930325 -737.861877 11.518716 17
-43.455490 -737.448669 6.792069 17
-44.311752 -740.077148 17.676659 17
-45.943798 -745.508789 22.299942 17
-43.522804 -739.799072 17.526461 17
-41.376205 -740.913452 12.439692 17
-44.989777 -740.049805 6.526140 17
-44.706009 -738.189087 3.622727 17
-44.985886 -745.596802 24.015011 17
-46.029541 -742.089661 13.664019 17
-46.508987 -739.773315 21.974842 17
-46.804821 -743.979797 19.955294 17
-47.424000 -738.859009 17.201267 17
-43.960346 -739.623108 3.588974 17
-44.334858 -742.655029 13.073720 17
-43.969131 -737.131531 5.743033 17
-43.224533 -744.281128 21.079651 17
-47.249348 -740.522278 15.533911 17
-47.078449 -742.620544 17.674061 17
-46.634869 -738.460876 12.800186 17
-47.426132 -744.036499 22.600300 17
-47.236378 -744.851807 22.436090 17
-44.361137 -737.419189 -1.546304 17
-48.183769 -744.084229 24.247852 17
-46.010902 -741.422180 12.346453 17
-46.511761 -738.177673 13.602378 17
-46.305801 -745.563599 22.688065 17
-46.004753 -738.740051 10.287609 17
-42.626274 -742.789917 15.397029 17
-42.400688 -739.158325 5.222903 17
-42.226997 -739.985840 6.585014 17
-47.629322 -739.198364 18.686062 17
-43.878479 -739.942749 17.257296 17
-43.819904 -742.408020 12.377131 17
-46.882782 -743.159668 18.248859 17
-43.445541 -737.234558 7.960797 17
-42.371868 -742.406982 14.670835 17
-43.123344 -739.283997 15.768024 17
-43.711456 -738.881897 12.082570 17
-47.851814 -739.855591 18.510410 17
-43.452381 -737.207947 0.057209 17
-43.167885 -738.104248 9.901226 17
-48.227352 -741.674194 22.921263 17
-44.130581 -737.181580 -1.141551 17
-43.503536 -739.271545 -1.556492 17
-43.982513 -740.860840 8.010990 17
-45.701519 -738.313232 9.554337 17
-43.989986 -736.864807 1.015298 17
-45.701748 -743.244568 16.532644 17
-45.932484 -737.531189 16.112801 17
-43.414646 -739.853088 20.575315 17
-43.232384 -738.452209 13.088641 17
-42.748402 -738.201843 -0.520494 17
-43.094677 -737.889038 4.436223 17
-44.788086 -737.214417 6.461571 17
-44.497406 -740.801697 9.217090 17
-43.484016 -736.973572 -0.341553 17
-43.967949 -740.407654 22.684393 17
-42.843140 -738.071655 3.578422 17
-48.285980 -742.435120 24.998234 17
-42.268539 -741.675293 12.206683 17
-47.807281 -744.823364 24.998522 17
-45.662983 -742.225098 13.835759 17
-42.353561 -738.669250 1.526438 17
-44.315060 -739.305298 -0.291604 17
-43.189919 -737.425171 4.401865 17
-42.285389 -738.453125 -1.177790 17
-47.531586 -740.360657 22.847862 17
-45.735062 -745.841370 23.539488 17
-42.919918 -739.704285 5.003990 17
-42.782730 -739.479675 -0.975168 17
-45.691246 -741.534607 11.509656 17
-47.920902 -740.843506 18.615942 17
-42.488224 -741.894165 13.164083 17
-41.907883 -741.651855 13.545389 17
-45.092941 -737.386108 11.011372 17
-44.298969 -737.378784 -2.260890 17
-43.476604 -739.616272 9.725968 17
-45.953766 -738.260559 10.781490 17
-44.782547 -741.158875 10.414043 17
-47.095356 -738.353027 16.744450 17
-47.834629 -742.577820 25.810366 17
-47.675968 -739.445862 19.234133 17
-45.184254 -737.562622 8.553596 17
-45.593536 -737.694092 10.176216 17
-43.570099 -739.983337 22.124863 17
-47.005524 -738.735291 21.041483 17
-45.142544 -740.358154 7.601478 17
-42.596943 -738.701477 5.867812 17
-42.980080 -738.800903 7.180086 17
-48.545853 -742.028748 22.176588 17
-43.535110 -736.998962 -1.427663 17
-42.250462 -738.982056 7.301300 17
-45.473083 -737.906555 9.151022 17
-46.189449 -741.841431 14.276178 17
-47.860199 -740.996948 22.091795 17
-42.929737 -737.859619 1.985754 17
-42.541988 -738.259399 4.915675 17
-47.504673 -744.860046 23.260370 17
-47.102764 -738.507324 19.360794 17
-48.275810 -742.505127 24.115320 17
-47.379402 -743.888794 26.784851 17
-44.646519 -745.141113 23.818266 17
-44.969891 -745.597412 22.996393 17
-43.215916 -737.883362 5.264148 17
-45.219440 -741.001160 9.301888 17
-45.243031 -738.415039 5.998925 17
-44.461163 -742.936279 13.863438 17
-44.170631 -739.202942 -1.320596 17
-45.943005 -745.806396 23.057398 17
-47.020901 -741.064026 24.545683 17
-45.452656 -740.270508 9.559048 17
-43.293175 -738.269470 11.265623 17
-44.765499 -737.355530 9.716231 17
-41.727222 -739.584595 8.734106 17
-43.518131 -739.407349 21.738159 17
-47.227940 -742.265381 17.503159 17
-46.667576 -738.181335 14.435529 17
-42.599266 -742.699829 13.756304 17
-46.166721 -742.411133 14.622263 17
-47.101395 -738.324402 16.047480 17
-45.859192 -744.235107 18.966270 17
-43.445412 -739.863770 21.583149 17
-43.189709 -739.151123 18.914576 17
-46.227970 -737.524109 16.497389 17
-43.313545 -739.560242 15.437622 17
-47.699318 -745.078491 24.517210 17
-43.502838 -744.339111 19.366045 17
-41.828178 -740.459351 10.426415 17
-46.397884 -742.385864 15.756325 17
-44.312756 -737.392700 5.527793 17
-45.349323 -745.822266 24.210506 17
-44.994850 -737.247070 12.290627 17
-43.978962 -744.915161 19.626947 17
-44.425316 -739.235718 14.536068 17
-47.711803 -739.442505 15.698863 17
-45.701584 -744.378967 19.389772 17
-43.344868 -742.526245 12.900929 17
-46.202576 -737.938232 12.868002 17
-46.189728 -743.435730 17.902868 17
-43.892345 -737.175293 7.860766 17
-48.160789 -742.012146 23.723843 17
-48.153423 -741.403625 22.497129 17
-48.221210 -744.191589 25.093828 17
-43.254894 -739.058350 0.640082 17
-42.536705 -738.777649 -1.849926 17
-42.364464 -738.314819 2.224100 17
-47.586918 -739.771667 21.174625 17
-41.845898 -741.869690 15.170096 17
-43.199791 -738.849609 15.903017 17
-44.411903 -737.994751 3.177580 17
-41.848866 -740.006958 9.658468 17
-47.843422 -744.147034 23.303619 17
-45.928856 -737.087036 15.638494 17
-43.274399 -740.090820 5.960663 17
-44.993729 -737.547058 7.877621 17
-43.712852 -739.713379 14.271305 17
-45.737610 -744.786804 20.297800 17
-46.657364 -742.787109 17.261349 17
-44.437748 -739.500916 0.405675 17
-43.090088 -741.402405 10.256992 17
-47.806732 -739.496582 17.010094 17
-45.403973 -738.572144 7.204185 17
-43.312038 -743.246704 15.007747 17
-41.299725 -740.317017 10.918307 17
-47.561111 -739.165283 14.979649 17
-43.038380 -739.073547 0.211139 17
-44.796825 -738.124878 4.179485 17
-44.074722 -739.126099 12.106853 17
-45.438576 -741.220703 10.231481 17
-45.443459 -744.768127 19.334951 17
-44.107849 -737.148865 -0.283180 17
-48.260063 -740.359924 18.828993 17
-43.012650 -742.864685 14.282866 17
-45.156414 -743.141052 15.311618 17
-46.621758 -737.803223 17.114817 17
-46.973347 -739.391418 13.411440 17
-43.445431 -739.385010 3.036466 17
-44.339809 -738.259277 -1.620875 17
-45.363754 -740.998413 10.673978 17
-42.570583 -738.561890 0.663774 17
-45.643623 -739.646484 9.463954 17
-45.685047 -740.403564 10.486663 17
-43.410065 -744.099426 21.462862 17
-42.340679 -738.312561 3.338372 17
-44.839172 -738.641846 0.949499 17
-44.935471 -742.781372 14.576382 17
-42.298336 -739.681396 6.844702 17
-43.336929 -739.584656 4.046290 17
-47.119839 -739.560913 21.685392 17
-43.637054 -738.223267 10.182792 17
-41.604687 -740.505859 12.242095 17
-42.856674 -742.280640 12.744969 17
-42.587845 -737.837097 3.258156 17
-42.958256 -743.727478 18.095255 17
-45.496296 -743.373535 15.840370 17
-44.152020 -739.572266 0.927233 17
-43.576962 -744.560730 18.594620 17
-44.359921 -738.710205 -0.824048 17
-47.082565 -740.158508 23.403563 17
-42.154270 -739.018494 6.467388 17
-46.212353 -744.950073 21.518002 17
-46.987984 -743.736572 19.513363 17
-46.008301 -741.653442 13.488737 17
-43.405998 -737.345276 4.894284 17
-46.943371 -738.838135 20.616247 17
-45.994255 -746.022339 24.771351 17
-43.268806 -738.250732 10.677847 17
-43.122818 -740.226318 6.424196 17
-42.996861 -743.960205 20.308395 17
-43.747120 -739.250305 18.960787 17
-41.470531 -741.301208 13.431654 17
-47.705452 -740.387756 16.902874 17
-46.714531 -741.015808 14.470147 17
-43.406403 -736.799866 2.976952 17
-42.826462 -743.843445 18.832806 17
-42.922569 -743.417542 15.738998 17
-43.175507 -739.154846 12.782493 17
-44.780457 -739.686157 4.424617 17
-44.289345 -739.722046 20.655504 17
-44.150013 -740.320984 21.363512 17
-48.266376 -744.080078 26.282282 17
-42.368736 -738.907654 -0.811110 17
-48.151073 -740.144104 18.266014 17
-48.478035 -742.147705 23.405622 17
-41.977753 -741.934509 16.056162 17
-42.721581 -739.438477 -1.431210 17
-42.634727 -737.866699 2.606472 17
-45.217533 -745.334900 25.437948 17
-46.640865 -740.027588 23.132912 17
-45.064381 -744.536804 18.285450 17
-42.426163 -738.076172 -0.254103 17
-43.204403 -739.197083 9.091923 17
-42.004982 -739.340881 7.558222 17
-44.792831 -739.424683 20.105495 17
-47.415882 -738.829956 15.984958 17
-44.237671 -745.100220 20.575903 17
-46.821205 -741.780884 15.586313 17
-45.599667 -737.583191 12.257998 17
-44.450710 -740.773071 23.151529 17
-46.374352 -746.171021 25.586548 17
-42.035343 -742.478760 16.429081 17
-42.364532 -738.328674 2.653631 17
-46.545856 -743.111389 17.849272 17
-45.102192 -738.459961 6.522930 17
-43.221546 -739.544617 18.788465 17
-43.866802 -737.171936 8.325477 17
-47.777130 -743.009399 20.391619 17
-44.724422 -738.577332 3.525849 17
-43.854031 -738.918335 11.363797 17
-42.533684 -738.372070 3.741922 17
-44.133270 -740.791748 8.372445 17
-45.243073 -741.580688 12.031549 17
-47.284485 -742.582092 25.757135 17
-44.507862 -738.689758 0.179116 17
-42.870766 -737.184631 3.672338 17
-47.824837 -744.244141 24.541086 17
-45.949787 -746.024597 25.219414 17
-44.159344 -737.462830 4.673061 17
-48.188152 -742.019409 24.809933 17
-47.015553 -738.302307 17.562456 17
-43.340263 -738.355530 11.954507 17
-46.932217 -738.456665 14.200280 17
-47.792416 -744.634583 24.142889 17
-43.466999 -743.133057 14.442635 17
-46.588482 -737.985291 16.162983 17
-42.868118 -739.090149 16.758268 17
-48.070919 -744.067627 23.856873 17
-41.944763 -739.578491 8.309108 17
-47.912659 -745.791504 27.404467 17
-48.236694 -742.524963 21.808815 17
-43.487225 -739.829895 16.767551 17
-45.607044 -745.674988 22.415602 17
-47.933960 -743.164856 21.258627 17
-46.953194 -743.474731 18.909262 17
-46.495106 -738.581055 12.423038 17
-43.379398 -740.851501 8.421968 17
-44.330700 -742.089233 12.425522 17
-41.819878 -739.843506 10.178909 17
-44.407345 -738.290405 1.306557 17
-44.097607 -737.253662 0.833450 17
-44.997429 -740.753357 8.034249 17
-43.994434 -739.336731 15.187076 17
-47.258724 -740.502502 23.934164 17
-41.420742 -741.647278 14.156420 17
-42.664440 -739.235474 -0.411175 17
-46.599674 -744.677124 21.090912 17
-44.230869 -740.124329 19.057644 17
-42.062973 -741.278687 11.391538 17
-45.336590 -739.304932 7.590575 17
-46.570599 -740.567566 13.119152 17
-42.764530 -740.080505 6.609910 17
-44.377396 -737.909607 2.589465 17
-47.179020 -739.231995 14.151652 17
-42.850990 -738.953613 -1.706414 17
-43.177628 -738.511963 13.634233 17
-44.299965 -737.222473 11.879270 17
-45.934231 -739.543579 10.450340 17
-42.643246 -738.292358 1.429439 17
-44.193253 -739.159485 13.207881 17
-44.303490 -737.113647 7.926762 17
-43.763916 -739.156799 18.081312 17
-46.243984 -738.221924 11.491423 17
-42.965466 -738.907715 6.783196 17
-47.016331 -745.315308 27.348110 17
-43.667263 -738.316223 10.915729 17
-42.690651 -737.889893 5.514699 17
-42.445080 -740.252563 7.864714 17
-47.864754 -740.066711 20.475647 17
-48.258343 -743.113892 23.199030 17
-42.420170 -742.763123 18.340185 17
-42.230885 -742.773193 17.423449 17
-44.385719 -742.266785 12.886621 17
-48.199474 -742.332825 21.384985 17
-47.364651 -741.700317 17.344606 17
-43.844711 -740.315674 22.238176 17
-46.429729 -744.512573 20.414953 17
-43.881664 -737.336853 3.801950 17
-44.663044 -737.344360 8.363935 17
-44.086197 -736.933960 -0.796487 17
-44.813183 -745.309326 21.265009 17
-46.696365 -740.182312 12.957255 17
-43.264561 -739.148621 18.059729 17
-43.191624 -738.432617 12.429210 17
-44.930592 -739.400757 5.114370 17
-46.267876 -738.991516 11.398791 17
-42.271545 -738.492310 5.627333 17
-45.937000 -744.970703 21.227959 17
-45.897797 -740.562744 11.155206 17
-43.382336 -738.899048 16.523548 17
-43.575054 -738.790955 17.552742 17
-48.160698 -740.366699 19.727125 17
-42.591267 -741.388916 10.852874 17
-48.056637 -742.481018 25.483557 17
-43.174702 -739.799927 16.512503 17
-45.785248 -738.761963 9.626274 17
-47.341820 -745.735352 25.754679 17
-48.144260 -741.361694 19.839855 17
-44.801662 -745.258301 23.209879 17
-44.361820 -740.165894 24.698879 17
-44.010487 -737.657776 1.016050 17
-43.421337 -737.547119 7.202610 17
-42.554935 -742.245178 14.303408 17
-45.444828 -739.020447 8.258752 17
-45.259846 -741.597839 11.496689 17
-45.305069 -738.145142 7.263472 17
-43.130959 -738.193665 6.974000 17
-42.715347 -741.624695 11.188865 17
-43.734619 -739.324524 -1.877437 17
-46.454353 -740.144165 12.334369 17
-45.992043 -744.329712 19.733713 17
-42.621922 -737.689819 5.839501 17
-43.829899 -737.345093 -1.400392 17
-44.039764 -737.426208 5.035225 17
-44.702026 -739.026184 2.794651 17
-44.138004 -737.023621 10.688579 17
-46.505768 -743.913574 19.244528 17
-46.952881 -739.883728 22.649162 17
-44.338757 -745.134033 22.826141 17
-45.527500 -745.350342 21.629908 17
-43.877907 -737.384827 -2.150830 17
-44.258671 -741.804260 11.059396 17
-43.356514 -739.397583 8.443843 17
-46.169033 -740.748291 11.960149 17
-42.689835 -740.210266 7.214857 17
-42.269718 -737.995544 0.906641 17
-44.560585 -741.694336 11.587317 17
-42.154129 -742.563538 15.698685 17
-44.829121 -739.143005 3.981158 17
-45.946255 -744.819153 26.196093 17
-46.910580 -745.045288 22.719439 17
-46.792286 -745.881470 26.592077 17
-44.393845 -738.214478 -0.151361 17
-47.719479 -742.000305 25.337831 17
-43.425507 -738.833496 18.471523 17
-45.541225 -737.092529 15.138619 17
-45.244644 -745.510681 22.080669 17
-47.056496 -741.116821 15.022521 17
-42.261105 -739.724915 5.426601 17
-42.892014 -737.396301 0.545973 17
-46.444164 -738.057983 18.976357 17
-47.872719 -743.470825 22.002846 17
-45.556469 -744.997437 25.671568 17
-46.260891 -745.322632 27.293909 17
-47.483940 -739.335510 20.493046 17
-46.998692 -745.287292 23.049322 17
-44.012394 -744.927185 23.223986 17
-47.186989 -739.869568 22.283222 17
-42.571140 -739.093018 -1.152061 17
-46.680473 -745.588867 23.226873 17
-45.945320 -738.145203 9.802792 17
-46.151688 -744.948303 26.709490 17
-44.800095 -737.242859 13.160815 17
-47.601402 -743.051208 20.041162 17
-46.727287 -740.925415 14.018033 17
-44.009682 -739.389771 -0.976947 17
-46.735065 -742.429138 16.267420 17
-47.053463 -740.135315 22.957533 17
-47.727242 -745.101379 27.411602 17
-44.855270 -737.265503 9.101043 17
-42.768887 -737.486938 2.337419 17
-46.299423 -738.095581 12.230692 17
-45.056789 -741.241577 10.912033 17
-43.950916 -737.639282 3.250595 17
-47.649197 -739.505249 20.089321 17
-47.190411 -743.641052 20.341105 17
-45.738285 -737.228699 14.439743 17
-42.331261 -740.933411 10.252641 17
-43.746689 -737.185181 9.713895 17
-43.280731 -739.366699 20.248201 17
-45.698673 -744.221802 18.586302 17
-42.021481 -741.097595 10.407473 17
-43.913971 -744.609741 19.298744 17
-43.502773 -737.135925 3.426038 17
-45.365482 -745.068298 20.577463 17
-45.376980 -745.724121 25.120161 17
-43.665825 -741.211304 8.861857 17
-42.246124 -740.495850 9.176792 17
-46.978901 -740.360046 14.163578 17
-44.659027 -739.323303 15.691556 17
-44.420738 -740.118835 18.403957 17
-41.969170 -740.006531 9.025971 17
-43.494598 -742.849915 13.682908 17
-47.518074 -741.989563 18.254301 17
-43.319752 -740.228149 21.283194 17
-42.596359 -737.798096 -1.364987 17
-42.921360 -744.031921 19.590448 17
-44.148293 -737.515564 2.141165 17
-48.298882 -741.747803 22.137167 17
-42.938435 -738.531250 9.406446 17
-43.398323 -737.802185 5.944016 17
-44.565617 -739.593567 3.102617 17
-44.482246 -739.888550 15.407864 17
-43.578938 -739.263611 -0.120426 17
-44.366360 -738.535095 -1.273410 17
-48.170525 -744.796875 26.244490 17
-47.941994 -743.498230 26.335794 17
-44.630413 -738.302917 0.424958 17
-44.757938 -744.054199 16.712542 17
-46.973591 -739.042358 13.736557 17
-44.354939 -743.101624 14.262854 17
-42.259918 -739.880615 7.184330 17
-46.249016 -740.283264 11.704452 17
-45.155087 -744.486328 25.269928 17
-42.594437 -738.781799 6.314044 17
-43.134506 -737.774475 3.629384 17
-45.571156 -738.248230 8.975543 17
-46.698776 -744.240173 20.418985 17
-46.878822 -738.668762 13.193537 17
-46.423473 -741.367065 13.846011 17
-43.453899 -737.185730 1.670063 17
-47.203232 -738.890747 19.989794 17
-43.606739 -736.760376 0.516109 17
-46.057617 -737.376648 17.181616 17
-44.001125 -743.949951 22.855179 17
-45.085629 -740.510742 8.993967 17
-47.603245 -739.348450 16.451365 17
-43.479897 -736.695251 1.525203 17
-46.313522 -745.996399 24.076254 17
-46.365028 -739.514038 11.798218 17
-44.662590 -738.252869 -1.796461 17
-46.806587 -744.789307 21.996181 17
-47.312870 -740.162598 15.421735 17
-47.651749 -745.311096 26.984138 17
-42.937740 -737.303955 -0.636251 17
-48.069519 -741.149292 19.363483 17
-41.475246 -741.818176 14.592123 17
-44.389668 -737.825745 0.468435 17
-43.046520 -737.728088 0.758858 17
-43.487007 -739.580933 22.096487 17
-45.103870 -737.160828 9.891149 17
-43.396557 -739.927063 22.932508 17
-42.391548 -739.224670 0.399301 17
-47.962074 -744.628479 25.563461 17
-43.221748 -740.113403 20.346170 17
-45.011169 -738.190857 5.375188 17
-44.381458 -744.442932 17.820745 17
-44.802147 -738.530273 2.905073 17
-45.433109 -740.405457 8.850232 17
-43.352856 -741.602234 10.747748 17
-46.363701 -737.823730 18.331366 17
-43.043476 -739.228638 3.041249 17
-48.527225 -743.209473 24.838280 17
-47.066826 -740.418823 14.763201 17
-46.912052 -744.107422 20.787233 17
-43.317448 -737.375671 -0.291753 17
-45.114929 -740.985291 10.287734 17
-43.083328 -738.896118 11.488026 17
-43.040298 -740.684326 8.054434 17
-41.723969 -741.037231 12.530891 17
-44.383522 -737.320251 7.454659 17
-44.555260 -744.730225 24.794184 17
-46.017776 -737.563843 14.650219 17
-45.168034 -745.674072 23.302082 17
-44.469242 -737.878540 0.050133 17
-43.113621 -738.360046 8.615024 17
-42.206944 -740.261353 8.460084 17
-43.013374 -739.590698 -1.605535 17
-43.532021 -737.206238 5.233760 17
-44.977055 -737.899109 6.034580 17
-43.128647 -739.072144 1.611133 17
-46.357025 -740.725525 12.478395 17
-44.914917 -740.030823 22.012312 17
-48.011063 -740.654114 22.043299 17
-44.452431 -738.917603 0.559596 17
-46.466503 -745.029053 22.022915 17
-45.995285 -744.867798 20.818121 17
-42.249210 -739.045105 7.688660 17
-43.675598 -739.823181 4.789237 17
-46.629272 -745.309082 22.447527 17
-44.217060 -737.629822 1.608945 17
-46.601170 -738.034912 14.822315 17
-43.126793 -739.705994 21.179808 17
-42.160717 -738.061707 -1.896738 17
-46.881477 -744.577698 21.670578 17
-43.906322 -740.145691 20.283186 17
-44.115047 -737.096741 9.224763 17
-42.433048 -738.899536 3.285992 17
-43.605698 -744.536072 21.944113 17
-43.494495 -740.135193 18.527397 17
-43.486115 -740.201355 20.038979 17
-44.813049 -739.480957 15.095737 17
-42.738274 -738.738953 1.741300 17
-42.539898 -739.010071 0.742894 17
-47.936451 -741.049255 23.267637 17
-46.390736 -743.001099 16.549557 17
-47.161823 -743.150269 19.004263 17
-43.298458 -743.347595 15.435467 17
-44.452877 -739.795837 2.737669 17
-43.335114 -739.517700 10.421735 17
-48.306023 -742.615540 23.739603 17
-45.196289 -745.420898 21.713783 17
-43.373398 -739.437805 11.209291 17
-41.916245 -741.418091 14.073915 17
-43.449314 -738.419312 14.510501 17
-48.319019 -742.044373 22.851400 17
-44.474533 -743.451416 15.005999 17
-47.047783 -738.579163 14.948545 17
-45.174919 -740.780823 9.765097 17
-43.347198 -744.177856 18.081736 17
-47.738190 -739.494690 18.443085 17
-43.012249 -738.386353 10.439167 17
-43.735077 -740.397827 6.936419 17
-47.186039 -741.445007 15.830182 17
-44.503761 -737.257324 10.446227 17
-48.479446 -743.339233 23.961008 17
-43.219719 -738.067444 8.384492 17
-43.601116 -737.342529 6.329871 17
-45.522522 -745.246826 21.164864 17
-42.581047 -742.993408 16.211092 17
-47.877964 -743.777527 23.174856 17
-42.833599 -738.904297 15.338749 17
-46.373093 -744.178223 19.727390 17
-47.299782 -744.193420 27.346930 17
-42.595833 -739.061768 7.030630 17
-46.939816 -745.378784 23.776764 17
-42.706001 -739.231384 1.470459 17
-43.179825 -739.209351 19.465065 17
-47.190582 -739.014099 20.342989 17
-44.499256 -739.942749 16.209509 17
-45.253315 -737.294434 13.013678 17
-47.587685 -745.260376 25.280144 17
-46.064331 -738.799744 10.695655 17
-43.470520 -738.681458 16.828426 17
-43.863926 -742.874268 13.422718 17
-42.747784 -738.813110 -0.872933 17
-44.893372 -737.263855 6.846120 17
-43.532776 -739.027039 19.811008 17
-47.756275 -739.836243 20.841597 17
-44.793907 -743.575195 15.617661 17
-47.829147 -744.286011 27.067928 17
-44.342922 -745.238892 20.899513 17
-42.022579 -741.638428 12.652228 17
-43.899200 -744.746277 22.096676 17
-44.717724 -741.799561 11.982589 17
-48.340652 -743.793640 24.424370 17
-44.371536 -738.910156 -1.918679 17
-43.302952 -737.467346 5.734165 17
-45.057690 -745.080627 25.138170 17
-43.124607 -739.236694 12.167117 17
-47.222168 -739.229492 21.064957 17
-47.071571 -741.608093 25.234640 17
-47.940731 -740.797241 22.714430 17
-43.080402 -739.155457 2.384542 17
-45.578976 -743.115845 15.595058 17
-44.809887 -738.314209 4.834002 17
-46.765427 -743.533020 19.285833 17
-44.453995 -739.276978 1.446360 17
-45.281296 -742.796021 15.011027 17
-44.547119 -739.915405 3.693957 17
-43.136063 -739.226379 7.377764 17
-42.811169 -743.028259 15.698421 17
-47.193741 -743.359192 19.634817 17
-41.959774 -741.204407 12.095005 17
-44.010948 -736.902466 -1.901914 17
-45.675816 -745.908630 23.894045 17
-43.361866 -739.856628 22.403240 17
-44.678391 -740.094971 5.193963 17
-41.455658 -740.667542 11.636825 17
-42.128647 -740.887268 9.728710 17
-44.871025 -738.719360 1.635253 17
-44.007027 -744.826477 20.546904 17
-42.947105 -738.484924 8.293173 17
-46.189728 -742.759949 16.166138 17
-47.875092 -744.415955 24.850103 17
-43.499977 -737.375061 4.178718 17
-44.242378 -744.401489 23.798029 17
-45.824131 -743.957031 17.560949 17
-43.485558 -737.679077 5.473801 17
-42.551643 -738.585938 -1.532556 17
-44.758583 -740.298157 6.419828 17
-45.902374 -737.228271 16.350386 17
-48.093678 -743.177185 21.998510 17
-44.695160 -741.967773 12.362536 17
-43.274162 -741.321899 9.892984 17
-42.386147 -740.928955 9.019341 17
-45.804752 -739.920227 10.069848 17
-43.931343 -739.362244 15.656163 17
-44.648117 -741.193237 10.080563 17
-47.710999 -742.448120 19.252241 17
-42.778858 -742.855713 14.823603 17
-44.145950 -739.445862 1.358755 17
-46.586945 -745.704224 27.099575 17
-45.428654 -738.604126 8.367538 17
-44.932255 -737.526855 7.187955 17
-43.574913 -742.203125 12.091859 17
-46.967674 -741.941406 16.255774 17
-45.328678 -737.926453 8.466249 17
-44.038143 -737.186768 11.247117 17
-42.579323 -738.653870 -0.418437 17
-47.366917 -738.795227 19.240883 17
-43.143581 -739.300598 17.049257 17
-42.483677 -740.604065 8.843146 17
-42.514713 -743.714417 19.863852 17
-43.678913 -737.125916 2.644586 17
-46.970604 -746.197144 26.183121 17
-47.189896 -742.942566 26.096134 17
-44.625175 -740.902710 9.604000 17
-42.593960 -738.632446 0.306942 17
-43.855320 -737.295044 -0.681440 17
-44.500999 -737.202271 11.572381 17
-43.097645 -739.094971 13.195251 17
-45.422977 -741.400330 11.750293 17
-45.346767 -739.619751 7.810769 17
-48.057526 -740.976746 20.038527 17
-42.923336 -738.711121 7.766195 17
-44.799725 -740.598694 8.688484 17
-47.810234 -744.714783 26.755938 17
-47.059601 -742.188354 16.854404 17
-47.441498 -741.345398 25.057974 17
-44.169460 -740.188904 19.790060 17
-43.121109 -739.768188 16.935135 17
-46.198219 -741.517700 13.188835 17
-42.082760 -739.695496 7.623933 17
-47.774647 -745.101013 26.716705 17
-43.077408 -738.959595 14.558537 17
-47.661556 -744.313904 22.765347 17
-46.539467 -739.341003 21.405905 17
-44.444000 -739.162415 13.923640 17
-44.453960 -737.308594 8.655558 17
-45.581959 -745.704163 22.804502 17
-42.649532 -743.523193 18.116991 17
-42.573750 -743.348633 18.614445 17
-43.551208 -739.945068 19.784756 17
-47.840282 -740.434570 17.615215 17
-46.713406 -737.861572 18.769487 17
-48.093323 -743.245911 22.881155 17
-43.524494 -737.325012 8.293837 17
-47.347767 -742.099365 25.348915 17
-43.069244 -742.148926 12.215465 17
-47.977726 -743.000000 20.945745 17
-47.177841 -740.064270 14.812028 17
-44.915821 -737.959106 6.556918 17
-43.042564 -738.873047 11.989852 17
-44.323910 -737.938110 1.041451 17
-43.139328 -739.834839 17.534586 17
-43.726768 -739.358093 21.414679 17
-44.396290 -737.629395 -0.629356 17
-45.097557 -737.194763 8.619785 17
-43.425488 -739.507019 11.779768 17
-46.417168 -745.818787 23.581453 17
-43.186733 -737.096741 5.509802 17
-44.688248 -745.051941 24.491377 17
-46.656670 -739.025208 12.592609 17
-44.426441 -740.592102 24.130375 17
-41.631161 -740.799011 12.989739 17
-43.992538 -737.298645 9.478790 17
-46.420307 -740.734009 13.400857 17
-44.807110 -745.377991 24.805227 17
-42.687744 -743.680908 19.161259 17
-47.431389 -739.511475 14.960721 17
-42.580482 -743.196350 16.979237 17
-47.769291 -745.377747 26.251614 17
-45.354755 -738.957397 7.667805 17
-47.402122 -741.000244 16.791033 17
-43.068958 -737.668335 -0.125528 17
-43.888935 -739.676086 23.972769 17
-47.161774 -745.126953 23.321890 17
-44.052017 -737.537842 2.661627 17
-43.250408 -736.943604 4.066889 17
-43.299747 -737.503845 -1.548894 17
-45.642078 -743.775574 16.947414 17
-45.463432 -744.786316 19.941116 17
-46.741913 -738.088989 15.467000 17
-45.087475 -737.059631 11.994431 17
-47.512241 -742.571350 18.965902 17
-42.645203 -743.158508 17.385582 17
-42.090588 -742.572327 16.057156 17
-47.307083 -743.097168 19.388186 17
-43.369740 -737.109619 -1.048027 17
-47.443974 -744.658936 22.859810 17
-45.080967 -739.489746 6.473645 17
-44.062805 -737.247986 0.480129 17
-43.575050 -739.879944 14.914374 17
-44.886028 -742.247803 12.967839 17
-47.849041 -740.914246 17.952579 17
-44.604794 -737.770752 5.187330 17
-41.704220 -739.417786 9.450974 17
-42.680584 -738.245911 3.307716 17
-44.562115 -740.553101 7.267241 17
-47.295464 -742.603638 18.336325 17
-45.565426 -740.821899 9.856639 17
-43.174816 -739.136230 10.308397 17
-45.347347 -737.519165 10.364838 17
-47.812847 -740.036743 17.552671 17
-43.758160 -743.568115 15.492932 17
-44.133678 -739.733093 21.883039 17
-47.385750 -745.512146 24.901615 17
-46.551857 -743.158508 17.370956 17
-44.152454 -737.827637 0.198467 17
-46.467327 -742.389771 15.263522 17
-43.404991 -739.236450 1.838375 17
-48.166817 -744.230164 26.595087 17
-41.903084 -742.010132 14.692060 17
-41.565804 -740.206665 10.514013 17
-42.108772 -739.498535 8.961102 17
-48.356667 -741.069214 20.500914 17
-45.841724 -743.096558 16.228094 17
-45.523685 -739.900452 8.966585 17
-46.949333 -738.229614 18.216402 17
-47.027271 -742.850220 18.477585 17
-43.901684 -737.406189 10.195983 17
-45.630379 -737.851135 9.472332 17
-44.867226 -739.421021 14.372544 17
-45.650925 -737.339539 14.133777 17
-44.827770 -738.641785 4.333945 17
-48.340244 -742.198730 22.431091 17
-46.666332 -738.235840 19.725090 17
-44.220558 -737.595581 -2.002614 17
-46.054192 -739.175232 10.778057 17
-47.428123 -741.544006 17.696598 17
-42.549984 -739.859985 6.426393 17
-42.997707 -738.647156 12.659192 17
-42.537628 -743.089966 19.027842 17
-45.985767 -741.780273 12.708098 17
-44.513920 -745.275208 21.949074 17
-47.257000 -740.844360 16.075563 17
-43.191761 -738.222839 9.557341 17
-47.731567 -739.947021 16.533646 17
-42.971497 -738.866089 8.558764 17
-44.561443 -738.633850 1.344944 17
-46.449528 -738.192688 12.922684 17
-43.090851 -739.103394 14.930119 17
-42.375381 -743.487305 18.923132 17
-47.733891 -741.722656 19.415298 17
-41.634579 -739.884155 10.699947 17
-43.758057 -739.251526 -0.760671 17
-43.136967 -737.472717 2.980254 17
-47.333885 -745.143799 23.933390 17
-44.745583 -744.911560 19.024065 17
-42.552021 -742.130859 12.892485 17
-41.819271 -739.209106 8.348585 17
-45.479660 -741.903748 13.141307 17
-43.625793 -739.477234 2.759561 17
-44.312042 -737.286072 9.845844 17
-44.563599 -740.602905 7.701478 17
-43.779423 -740.153870 23.603466 17
-42.855415 -738.270142 11.683663 17
-46.162903 -739.554993 11.147651 17
-47.394783 -743.486084 26.370218 17
-47.615669 -739.606384 16.162832 17
-42.291115 -741.834229 11.889975 17
-42.473442 -738.022827 -0.650272 17
-42.330410 -737.923706 4.027062 17
-43.655472 -738.691956 12.533785 17
-41.849613 -741.131653 13.428343 17
-45.685677 -745.157166 26.655807 17
-47.940792 -740.681213 20.427652 17
-47.572659 -743.869080 21.570860 17
-43.500771 -739.717590 16.155769 17
-47.445000 -739.720276 21.554497 17
-47.880409 -744.916504 25.730042 17
-44.176586 -740.611328 23.302828 17
-42.374325 -742.569214 15.282812 17
-42.744659 -738.138489 -1.481323 17
-42.867458 -738.091614 5.789165 17
-43.765930 -739.165649 20.639353 17
-46.242176 -745.988220 26.048992 17
-42.873184 -738.064880 -1.971623 17
-45.313152 -740.173035 8.277390 17
-43.062653 -740.463379 7.398280 17
-45.084816 -740.700256 8.353443 17
-44.342148 -737.478821 -1.075530 17
-41.872005 -742.116272 15.783387 17
-42.945656 -739.517456 4.357146 17
-43.731533 -740.210022 21.922001 17
-47.180405 -744.486267 21.569685 17
-42.441341 -738.033936 0.368387 17
-47.393230 -743.326416 20.015154 17
-42.847347 -737.318909 3.366437 17
-47.669552 -744.246155 23.657528 17
-43.223038 -739.498657 18.256945 17
-46.745026 -737.934021 19.373943 17
-45.100590 -741.187927 9.996773 17
-43.027634 -739.480957 19.644979 17
-47.375950 -740.579285 16.283184 17
-48.149891 -740.693359 21.348726 17
-45.958355 -741.947021 13.961779 17
-45.720985 -740.724731 10.344120 17
-43.865337 -739.765747 22.642767 17
-42.770306 -738.972900 16.071983 17
-42.889874 -738.952271 -1.327283 17
-44.528774 -737.671509 4.654377 17
-42.808899 -739.047241 3.320794 17
-43.463753 -739.784424 12.432668 17
-44.212006 -736.964539 -1.648784 17
-43.434464 -739.660095 20.997799 17
-44.547150 -740.087280 16.897291 17
-43.085369 -738.766052 15.519917 17
-44.991409 -737.145142 14.232100 17
-46.379700 -738.973511 11.714859 17
-44.202534 -739.428650 16.264595 17
-43.638939 -736.941223 2.237561 17
-45.467438 -737.034546 13.978663 17
-42.912090 -738.397827 6.448454 17
-43.921429 -737.476624 1.523511 17
-45.409847 -737.485779 11.976603 17
-45.574589 -738.782654 8.924308 17
-44.288113 -736.905823 12.017685 17
-47.524174 -743.559875 20.952122 17
-46.829433 -742.876770 17.878445 17
-48.361954 -742.899841 23.917145 17
-46.772079 -738.462097 20.323652 17
-48.629448 -743.200134 24.516861 17
-46.727631 -738.218079 15.144996 17
-42.455482 -738.891602 0.096609 17
-43.285961 -741.925842 11.540762 17
-44.465866 -737.373291 6.230649 17
-47.544041 -740.651245 16.704622 17
-42.363178 -742.169861 12.456128 17
-43.918941 -740.276550 24.171562 17
-43.109978 -739.146545 8.174130 17
-44.848862 -737.901306 5.388047 17
-45.009449 -740.211243 8.084907 17
-42.947296 -740.861755 8.741056 17
-48.083382 -743.788696 23.696550 17
-43.317150 -736.968262 2.628393 17
-45.667412 -737.668396 11.464245 17
-42.725994 -742.476135 13.540200 17
-45.271019 -740.399048 9.241802 17
-46.392479 -741.525940 14.154059 17
-46.392612 -737.503113 18.004539 17
-43.973278 -744.322205 23.160889 17
-48.288769 -741.615906 20.617134 17
-45.151035 -738.480652 5.479425 17
-46.474888 -738.828125 12.139178 17
-42.963093 -738.624207 5.846805 17
-44.976570 -738.809082 5.484841 17
-42.157757 -738.669434 6.497581 17
-42.822079 -737.654602 3.801755 17
-46.082012 -737.613770 17.747616 17
-44.505886 -738.557068 0.924855 17
-42.851810 -737.415405 2.658791 17
-47.384712 -738.912048 18.854397 17
-45.997223 -739.886597 10.849188 17
-43.277931 -739.235962 -1.175855 17
-43.676510 -737.273621 7.544618 17
-43.975513 -739.824158 15.189619 17
-45.074177 -744.896301 19.979364 17
-42.303318 -738.355774 -0.439806 17
-45.843220 -737.989990 10.094512 17
-46.102531 -738.562256 10.929830 17
-47.335098 -743.813477 21.071533 17
-43.035358 -738.726990 13.282838 17
-46.524216 -741.771606 14.746084 17
-45.220814 -741.714417 12.364148 17
-47.290585 -744.552917 22.204378 17
-47.752735 -743.274963 26.506020 17
-47.261658 -738.654358 18.668390 17
-42.505650 -742.017456 13.644097 17
-43.111397 -739.359497 17.578102 17
-43.706219 -736.732361 1.205210 17
-48.621700 -742.588440 23.826841 17
-46.919266 -739.380066 22.138752 17
-46.818745 -745.639587 24.072948 17
-47.790325 -742.373474 19.738604 17
-47.655579 -744.750122 27.380655 17
-44.677727 -738.765625 2.305731 17
-43.590004 -737.243530 1.284859 17
-48.062748 -743.071289 22.568502 17
-43.162903 -738.547241 14.678699 17
-44.503960 -738.069702 -0.554696 17
-42.518841 -739.110779 2.548685 17
-43.890499 -741.951233 11.144810 17
-42.674644 -738.306396 -0.157670 17
-42.551407 -738.449829 4.271924 17
-45.321690 -742.951904 14.543660 17
-43.829964 -740.654724 7.793713 17
-46.906284 -738.283447 18.720591 17
-42.110126 -743.268860 18.291246 17
-44.639782 -737.241211 11.119865 17
-45.069187 -740.921814 9.020845 17
-41.462482 -740.239929 11.208991 17
-47.325100 -740.479065 23.606312 17
-48.309757 -740.519409 19.218338 17
-44.262745 -737.899353 -1.497056 17
-43.672707 -739.427368 20.432983 17
-46.521946 -742.090088 15.030529 17
-43.315456 -737.908875 9.675118 17
-44.891903 -738.658508 4.867780 17
-44.372665 -741.395386 10.047853 17
-43.530174 -739.090698 17.856243 17
-44.250580 -740.448608 24.372627 17
-44.934578 -744.662354 24.938974 17
-46.950893 -738.394958 15.653617 17
-43.547070 -739.339600 19.675503 17
-44.899220 -740.155151 7.701326 17
-44.167946 -737.237793 1.507225 17
-44.140793 -737.327881 0.026186 17
-43.200813 -739.019714 17.216524 17
-45.705574 -741.331238 11.149545 17
-45.005657 -742.624817 14.230770 17
-45.094349 -737.466980 9.251455 17
-47.106659 -744.217896 21.287380 17
-42.319809 -741.270264 10.231913 17
-46.922512 -740.334534 23.631353 17
-47.310925 -741.743835 16.815475 17
-46.278133 -737.998840 13.785757 17
-44.815601 -739.349182 4.247164 17
-41.829998 -740.261047 11.209895 17
-43.887001 -744.550537 22.636314 17
-43.902817 -740.405273 23.002115 17
-45.788792 -741.777405 13.263556 17
-45.282200 -738.232361 7.870774 17
-43.025234 -743.807312 20.649988 17
-44.576519 -741.652954 10.926831 17
-42.932938 -739.983948 5.912640 17
-46.717266 -739.869629 13.093770 17
-47.965721 -741.348633 19.005030 17
-47.492569 -739.034851 17.968840 17
-42.347187 -737.906494 5.278047 17
-44.848373 -741.704346 11.418381 17
-43.645935 -743.344849 14.880670 17
-47.898254 -741.411438 24.529268 17
-44.555908 -737.961243 -1.316921 17
-43.791504 -738.662109 10.941900 17
-41.835060 -739.926270 9.325118 17
-43.051033 -737.115601 1.276241 17
-43.169056 -739.462708 3.714740 17
-43.303150 -739.515198 12.831558 17
-44.903885 -739.922791 5.889290 17
-48.013100 -741.966248 20.610037 17
-47.166843 -738.993225 14.386567 17
-47.749119 -740.686279 21.695673 17
-43.516365 -740.235229 19.517532 17
-47.341564 -741.198303 16.506876 17
-44.675926 -739.576233 3.626086 17
-47.502522 -743.374451 20.681002 17
-43.904900 -739.577576 21.219923 17
-46.066013 -745.815979 23.502569 17
-47.310608 -741.278015 24.736372 17
-44.376328 -737.285767 9.505936 17
-48.116806 -742.379333 22.107157 17
-42.548828 -739.848511 5.543791 17
-46.387196 -745.083496 27.044600 17
-44.588699 -737.507874 5.824210 17
-47.031265 -738.935913 13.048532 17
-44.408966 -737.317932 6.928332 17
-47.741131 -740.622620 17.261740 17
-43.479809 -737.337646 4.527335 17
-47.152645 -743.907104 20.679209 17
-42.268127 -742.963318 15.927345 17
-45.518471 -741.008972 10.987208 17
-45.457016 -744.459167 25.901865 17
-45.321747 -740.577454 8.582030 17
-43.711079 -739.139343 16.254257 17
-42.120174 -740.971497 10.908424 17
-42.779411 -738.722534 14.191249 17
-45.983356 -738.490723 10.484502 17
-42.917042 -737.903015 -0.489501 17
-47.867340 -742.825867 26.035620 17
-46.461285 -744.781982 21.381014 17
-41.340916 -741.014526 12.743277 17
-44.054840 -737.561096 -0.900333 17
-43.650093 -740.041565 20.747110 17
-44.206070 -737.093628 6.353914 17
-45.697708 -744.539612 26.183941 17
-43.446072 -738.346497 11.530643 17
-46.428127 -740.025818 12.040115 17
-43.478836 -737.938293 8.977531 17
-43.477722 -737.130005 0.979490 17
-43.151695 -744.063232 18.933741 17
-44.286255 -739.398071 15.943503 17
-46.179676 -745.335449 26.723923 17
-42.407883 -739.524475 6.026498 17
-44.292355 -739.600037 2.524568 17
-43.223228 -743.918030 17.309706 17
-46.131134 -737.486145 15.868656 17
-44.123432 -740.582703 23.658802 17
-47.757523 -739.941895 17.198725 17
-44.146408 -739.578735 -0.751843 17
-45.072224 -738.164551 6.775689 17
-43.265766 -737.842224 6.599205 17
-44.514725 -738.017578 2.863251 17
-46.923145 -739.222534 21.582859 17
-43.689804 -737.287659 3.187991 17
-47.514935 -740.697144 24.268532 17
-42.703671 -739.205933 4.045740 17
-47.628071 -740.650818 23.339312 17
-43.667606 -739.112000 17.408190 17
-44.162189 -739.919250 16.522518 17
-45.232807 -739.098572 6.992676 17
-44.946201 -741.977112 12.691006 17
-43.467819 -739.186523 18.763332 17
-45.678608 -741.004883 10.568752 17
-43.892780 -739.530396 20.898655 17
-42.295986 -738.319580 1.077037 17
-48.581047 -743.724976 25.234114 17
-43.121574 -737.999939 6.077814 17
-47.166069 -738.618652 18.239033 17
-46.054352 -742.152161 14.471519 17
-43.022766 -738.432373 7.163949 17
-44.155205 -739.587219 20.218067 17
-43.225235 -739.250122 13.462273 17
-46.261528 -741.189636 13.188981 17
-42.354282 -738.955383 3.864738 17
-45.766720 -745.803528 25.720476 17
-48.345585 -743.911499 25.923256 17
-47.146317 -739.848206 14.484199 17
-42.768196 -738.145386 1.962552 17
-43.910450 -740.101929 19.611597 17
-45.274971 -740.149475 7.827535 17
-44.537754 -737.918518 3.595563 17
-44.405888 -738.403442 -0.427693 17
-43.371593 -739.164673 19.177351 17
-46.304836 -746.104431 24.861334 17
-46.118328 -740.263672 11.276177 17
-42.596298 -738.230042 -0.839437 17
-48.408947 -740.966736 20.054972 17
-46.009224 -742.588562 15.206207 17
-44.755733 -737.204834 12.599092 17
-44.022900 -740.072144 24.793480 17
-45.500492 -745.801697 24.619326 17
-45.864227 -737.547546 13.947708 17
-43.361179 -737.649475 5.077872 17
-47.581142 -745.583801 26.487450 17
-43.087612 -738.712830 16.361946 17
-44.783752 -738.812744 3.921314 17
-47.857666 -744.607361 27.148094 17
-48.333889 -741.659424 21.446758 17
-42.585285 -737.778564 1.391941 17
-44.895668 -744.382263 17.636871 17
-44.017799 -739.517090 22.954109 17
-46.995110 -739.746765 13.878489 17
-45.482124 -737.617126 9.824290 17
-44.166370 -737.309082 7.214198 17
-41.982319 -738.836670 7.177842 17
-46.799603 -739.180969 12.919919 17
-43.272846 -739.998718 5.639145 17
-44.619877 -738.696655 1.824810 17
-44.539078 -738.172546 1.943845 17
-43.633602 -740.965820 8.264819 17
-45.907028 -741.518677 12.067144 17
-47.996571 -741.056763 21.460371 17
-45.059132 -737.083069 11.247133 17
-42.817776 -743.328857 16.666857 17
-43.006809 -738.059143 5.426114 17
-48.227600 -740.585999 19.944817 17
-44.235645 -745.191406 21.765459 17
-45.573856 -740.484985 9.787226 17
-44.380302 -739.844849 4.370550 17
-41.889282 -741.401794 12.891813 17
-43.257851 -740.118774 20.684315 17
-42.455368 -740.370300 8.198853 17
-44.633888 -739.375366 15.359238 17
-43.401150 -739.765747 18.635544 17
-45.656487 -737.589600 10.671334 17
-43.867290 -739.289978 16.852070 17
-42.370270 -739.404358 4.483395 17
-43.435436 -737.957153 10.036539 17
-47.444237 -739.762268 15.426519 17
-42.370445 -739.271301 -0.546357 17
-44.540413 -739.380188 2.296045 17
-45.545868 -737.032959 14.822783 17
-42.979092 -737.464294 1.185939 17
-46.254551 -744.607849 20.782171 17
-47.208664 -738.602722 15.391710 17
-45.409512 -737.499329 11.653621 17
-47.614471 -745.464233 25.971758 17
-44.295017 -739.347290 0.117620 17
-47.585835 -741.001526 17.409712 17
-41.708729 -740.587646 11.157234 17
-48.018158 -741.344788 23.933636 17
-47.943157 -742.413635 20.225285 17
-48.032574 -742.669983 20.973288 17
-46.656422 -738.640137 11.888489 17
-43.426517 -739.946716 15.904128 17
-44.914536 -738.983826 4.561903 17
-47.512272 -742.882874 19.471687 17
-42.336067 -738.249756 1.577017 17
-42.996532 -742.412292 12.997041 17
-43.454620 -739.528992 9.340569 17
-43.798000 -740.364685 6.484554 17
-43.699619 -738.961853 12.804240 17
-44.074249 -737.617310 -0.560718 17
-46.477882 -745.572205 22.968552 17
-47.617985 -741.131958 24.891275 17
-44.763954 -743.128601 14.686389 17
-48.571953 -743.526794 24.889059 17
-43.125320 -738.392578 10.069543 17
-47.029243 -745.491333 24.296518 17
-45.367630 -737.763977 8.754261 17
-44.050625 -739.137817 12.804250 17
-43.926937 -740.061157 19.254990 17
-43.981026 -741.319641 9.679624 17
-43.146656 -738.977478 17.820757 17
-47.464378 -743.863708 27.097002 17
-42.322796 -738.444214 5.940628 17
-42.656258 -739.403076 4.927600 17
-43.258125 -743.636414 21.319435 17
-45.563274 -742.679260 14.869404 17
-44.128086 -744.963684 23.524807 17
-44.864075 -737.832520 5.730441 17
-44.361355 -742.090759 11.725647 17
-42.501572 -740.245728 7.479201 17
-43.757462 -743.227478 14.342198 17
-46.520988 -739.367371 12.239496 17
-46.370426 -742.691589 15.704764 17
-44.185585 -736.985596 10.020261 17
-42.891357 -737.992493 2.452830 17
-42.299240 -741.506531 10.893400 17
-43.975124 -737.066223 -2.192644 17
-45.956432 -745.060852 26.385290 17
-43.305832 -736.897339 3.482309 17
-43.236801 -738.544922 16.029787 17
-43.016602 -743.872314 18.548851 17
-42.927399 -737.893616 -1.108397 17
-45.017433 -745.763733 23.718014 17
-47.496197 -740.161743 15.941969 17
-46.762917 -738.669312 12.582250 17
-42.510056 -739.097656 4.554967 17
-44.249672 -740.310242 20.646692 17
-43.621616 -739.242615 0.974905 17
-42.780689 -742.701782 14.117597 17
-45.854317 -745.879333 26.160755 17
-43.129116 -738.236633 10.954087 17
-44.283245 -739.031433 -1.566591 17
-42.931797 -738.948364 2.190909 17
-48.515732 -744.332153 25.475697 17
-42.064770 -740.592468 8.648738 17
-44.152714 -744.992554 22.424889 17
-43.604553 -739.585083 13.928088 17
-42.518013 -738.120361 5.703225 17
-44.928669 -744.921753 19.450285 17
-41.500790 -741.499817 13.874029 17
-46.228653 -738.686829 11.323425 17
-43.941856 -737.225464 2.202291 17
-43.310013 -744.299438 19.730530 17
-43.257622 -739.443787 -0.752341 17
-47.979134 -744.386047 24.285547 17
-45.638680 -739.962463 9.417253 17
-43.603817 -738.815430 15.523473 17
-45.232647 -743.882202 17.337597 17
-43.159966 -738.214661 7.669436 17
-43.079247 -743.652771 16.792978 17
-45.749359 -737.703125 12.529844 17
-45.866627 -737.963745 10.850399 17
-42.995098 -737.454346 2.109648 17
-45.574261 -739.304138 8.798861 17
-43.859344 -736.827026 0.324367 17
-47.276184 -739.331177 14.491954 17
-46.865482 -738.105652 16.679623 17
-43.087582 -737.887085 4.014914 17
-43.309025 -744.474792 20.475899 17
-48.271549 -744.402283 25.928450 17
-44.813000 -737.261047 11.700644 17
-43.046772 -737.954285 4.728976 17
-47.600418 -742.020325 18.685947 17
-48.119316 -743.417358 26.003197 17
-43.328869 -737.818481 7.509801 17
-42.637371 -738.212952 5.287880 17
-44.585793 -745.325623 22.342236 17
-48.124542 -741.546692 23.589190 17
-42.670238 -737.834717 2.929278 17
-42.964874 -743.072083 15.013187 17
-48.264164 -740.651184 19.601000 17
-46.859062 -738.982910 20.889347 17
-48.308582 -743.041565 25.437117 17
-44.733490 -739.884338 4.675773 17
-44.721149 -740.334106 7.510471 17
-45.775852 -739.529968 9.720881 17
-48.432575 -742.609619 24.505339 17
-48.494621 -742.194275 24.113850 17
-48.230911 -740.799316 20.894938 17
-44.008209 -739.358093 -0.176573 17
-43.738148 -737.347290 5.010056 17
-44.454262 -738.126282 0.629993 17
-48.210377 -741.747620 24.198622 17
-45.795986 -737.027039 15.306174 17
-48.094955 -743.075745 25.834337 17
-42.995796 -739.052612 10.896157 17
-42.766209 -737.600708 1.575516 17
-42.808250 -737.177917 1.867406 17
-46.150333 -739.243469 11.071727 17
-42.986420 -739.375244 18.968588 17
-46.446259 -738.412415 11.731833 17
-45.025345 -737.169434 10.721717 17
-47.616093 -744.909058 23.741068 17