-36.899246 -735.799072 38.636795 9
-38.896126 -738.879028 -0.853755 9
-36.526432 -741.820862 19.157297 9
-33.040733 -751.321594 46.277855 9
-41.910156 -744.304810 30.530546 9
-30.633373 -740.442261 29.482336 9
-36.762257 -736.046326 9.746777 9
-34.059845 -747.060303 36.821754 9
-38.254265 -737.030579 26.881037 9
-39.959534 -737.275635 46.363693 9
-38.419777 -749.144958 42.110722 9
-30.405375 -746.055298 42.629955 9
-35.844177 -743.483459 26.068897 9
-32.348377 -738.405579 23.229912 9
-40.684864 -747.529846 36.134163 9
-37.112736 -738.954468 32.950493 9
-41.179092 -741.454407 23.438765 9
-30.321838 -742.421082 35.310841 9
-35.657467 -737.495911 4.023274 9
-38.423889 -737.617554 15.419364 9
-36.223728 -745.402100 31.636711 9
-37.714260 -737.185425 21.520699 9
-34.255207 -737.678650 18.021523 9
-39.115669 -738.752625 41.829819 9
-36.617161 -740.192932 11.819887 9
-33.885319 -748.753662 41.194931 9
-33.212673 -747.154785 45.649776 9
-39.933437 -743.428040 26.936680 9
-30.993481 -744.730835 38.765202 9
-36.940063 -739.522217 7.575822 9
-32.650093 -743.231445 31.713570 9
-35.545719 -739.001831 29.103205 9
-39.141747 -738.184509 36.323563 9
-37.485893 -748.401001 38.336117 9
-36.428898 -736.009399 0.360057 9
-34.889961 -741.416748 22.859665 9
-32.811939 -740.903381 26.252373 9
-39.501034 -739.315613 18.793068 9
-36.308708 -740.732483 15.540238 9
-37.178619 -747.276489 34.768486 9
-35.932125 -749.609741 44.803562 9
-35.684208 -736.298523 35.033279 9
-39.962559 -745.896423 33.016960 9
-36.025059 -738.355896 24.400167 9
-37.824986 -736.533325 30.470226 9
-38.637020 -738.773010 2.807418 9
-39.384216 -735.749023 43.345882 9
-37.970390 -742.531372 23.618742 9
-32.649590 -744.801025 34.803719 9
-35.429508 -737.929382 13.996931 9
-34.797035 -743.585388 29.259140 9
-38.801750 -744.833862 29.637459 9
-38.342796 -737.216187 5.843297 9
-33.826485 -739.449768 20.657776 9
-38.017490 -739.346130 38.941685 9
-37.951828 -737.357300 12.343912 9
-37.301624 -737.262329 18.395485 9
-39.186672 -741.262024 21.062317 9
-30.518866 -741.305176 32.468109 9
-32.923809 -749.540405 43.885708 9
-35.756264 -736.869873 7.127884 9
-38.613930 -736.704651 33.885761 9
-32.643967 -746.964172 39.312702 9
-41.148106 -739.295959 21.465349 9
-39.247910 -736.929077 39.711197 9
-35.314342 -737.600403 31.446791 9
-37.878315 -738.529846 9.909557 9
-34.958035 -745.982727 33.963558 9
-35.843250 -738.394226 1.389458 9
-32.360580 -744.854614 44.696316 9
-32.802448 -741.982117 28.657974 9
-36.344254 -749.339844 40.482666 9
-41.750164 -742.416016 28.462585 9
-35.210037 -740.070190 17.794920 9
-30.921257 -747.979431 44.263496 9
-36.790913 -738.894592 35.478344 9
-36.336807 -739.383545 26.741640 9
-37.916813 -739.458374 13.823149 9
-36.910126 -739.374573 5.063168 9
-41.714951 -741.423645 25.859299 9
-36.124844 -738.105530 16.362902 9
-34.847694 -748.192993 38.877018 9
-31.552094 -738.901550 25.544359 9
-38.292110 -739.797119 16.665749 9
-37.785183 -736.107178 36.297653 9
-37.925625 -738.469543 28.955330 9
-37.040958 -744.065491 28.112202 9
-37.587311 -739.324097 22.671511 9
-37.391453 -736.716125 2.480910 9
-38.517323 -736.486938 -0.737617 9
-39.901947 -748.499756 38.289948 9
-36.844181 -742.003296 21.537764 9
-35.863266 -737.963989 11.401048 9
-38.068348 -737.193787 24.544886 9
-39.890118 -737.959351 43.945518 9
-32.012756 -747.371582 41.575932 9
-35.981361 -738.649292 20.925884 9
-35.358109 -749.888672 42.583736 9
-38.206947 -736.965759 8.123772 9
-34.265575 -749.032104 46.476498 9
-32.271221 -745.632263 37.105595 9
-38.358665 -735.537964 41.251392 9
-36.174553 -737.314697 27.736483 9
-33.221184 -740.389954 23.948208 9
-36.529781 -736.577148 33.001705 9
-38.039062 -743.282715 25.711966 9
-36.678600 -738.447449 -0.675997 9
-34.287945 -744.571106 32.365463 9
-36.168747 -747.804260 36.666630 9
-38.507137 -747.662903 36.487503 9
-37.804897 -746.292480 32.881485 9
-34.578434 -741.952454 24.976688 9
-31.378319 -739.561096 27.613783 9
-30.333473 -743.104919 37.370930 9
-39.923012 -742.647583 24.758432 9
-31.573427 -742.940857 33.575371 9
-38.759563 -738.081543 31.682470 9
-38.778400 -748.310181 40.152149 9
-30.247549 -744.911804 40.777073 9
-34.271187 -742.578918 27.268652 9
-36.095211 -737.906067 8.965535 9
-37.901886 -738.614014 19.963537 9
-38.257618 -737.791748 0.906058 9
-41.409000 -746.692017 34.300831 9
-39.065876 -737.783691 17.447178 9
-39.298714 -746.829285 34.744999 9
-37.086479 -738.891602 30.787401 9
-31.841002 -741.753784 30.495333 9
-35.167210 -740.969910 20.458071 9
-35.057884 -750.979431 46.033379 9
-40.539440 -743.998657 28.840784 9
-41.774139 -745.411255 32.209236 9
-31.567078 -750.081665 45.266888 9
-40.102634 -745.118591 31.191881 9
-36.027252 -742.957886 24.066229 9
-38.129646 -740.725769 18.545511 9
-38.894039 -736.827087 37.750885 9
-32.959656 -737.790039 21.274200 9
-36.090248 -737.197876 29.690792 9
-36.583580 -737.051880 25.846554 9
-38.448467 -738.577454 34.422482 9
-35.959766 -738.558899 18.901117 9
-36.013027 -739.816772 13.755772 9
-36.323929 -744.613403 29.820663 9
-31.477772 -744.117065 36.226444 9
-36.691948 -741.263245 17.333672 9
-37.145168 -749.889771 43.353771 9
-36.195366 -737.700012 22.562813 9
-39.504761 -736.909546 41.827869 9
-36.747604 -738.696289 2.982441 9
-37.394970 -739.263794 37.210812 9
-37.970879 -737.573853 4.066655 9
-38.105320 -745.559448 31.209009 9
-36.627453 -736.829407 5.427844 9
-36.676056 -739.817078 9.473878 9
-37.690586 -736.713318 28.620497 9
-37.221912 -737.382324 14.099325 9
-33.247421 -743.042664 30.042444 9
-39.598488 -741.866333 22.707338 9
-37.762615 -738.401978 25.819157 9
-33.864708 -745.994751 35.406784 9
-31.439640 -746.160461 40.352093 9
-34.157307 -739.191162 18.938419 9
-37.888927 -739.017273 11.676079 9
-33.730251 -740.281311 22.181305 9
-40.437241 -738.560608 20.041128 9
-35.377335 -746.835938 35.450806 9
-38.745499 -744.217285 27.985920 9
-39.954563 -736.299805 44.873775 9
-32.198307 -748.151123 43.083057 9
-34.303806 -750.186462 44.676830 9
-36.237267 -736.027222 37.033928 9
-38.156532 -738.482666 6.997469 9
-35.443459 -739.292847 15.339657 9
-33.625202 -737.784424 19.698793 9
-39.283779 -738.304993 38.556660 9
-34.968384 -744.340759 30.843235 9
-37.765179 -738.827637 18.113832 9
-37.806656 -741.309509 20.134878 9
-38.958717 -738.527893 40.175407 9
-37.152744 -739.577271 24.529875 9
-37.478867 -739.125122 1.521031 9
-36.145145 -738.275330 6.093070 9
-36.734257 -737.417114 19.942596 9
-37.258904 -737.317139 10.843971 9
-37.508514 -737.315308 16.753567 9
-34.722431 -738.810791 16.824141 9
-38.012661 -736.732239 32.328835 9
-35.479065 -743.582397 27.744274 9
-38.105160 -737.778564 23.019348 9
-33.049950 -744.175537 33.319454 9
-37.283474 -736.341858 34.702370 9
-41.185287 -739.947144 22.928102 9
-41.336689 -742.571411 26.881628 9
-39.928703 -740.020020 20.332401 9
-33.898529 -749.284790 42.686989 9
-37.236290 -735.747131 40.164120 9
-36.246082 -746.016296 33.071964 9
-37.536766 -738.634949 27.409309 9
-36.342426 -737.461548 12.804926 9
-38.480148 -739.198181 15.238435 9
-31.788530 -740.794617 28.472679 9
-32.098557 -746.372192 44.847462 9
-36.587013 -736.746826 31.398232 9
-37.261276 -736.781982 6.844983 9
-36.969563 -749.634949 41.856270 9
-38.813011 -737.028320 35.366543 9
-30.503998 -741.905762 33.887707 9
-33.641903 -747.436829 38.274914 9
-36.001278 -737.382080 2.504150 9
-36.213913 -748.837708 39.007217 9
-38.612465 -737.791260 30.188139 9
-33.574970 -748.071350 39.698185 9
-38.269733 -741.968506 22.039715 9
-37.607990 -749.122375 39.630787 9
-35.497108 -737.321106 33.751106 9
-31.536444 -742.236084 31.939066 9
-30.848984 -740.789246 31.030405 9
-36.246441 -737.011963 -0.720955 9
-35.892067 -738.988892 12.471633 9
-38.010490 -736.827942 9.608730 9
-36.791218 -737.120239 23.795700 9
-31.859673 -745.895691 38.589588 9
-38.333458 -736.032898 38.974236 9
-34.980450 -748.923767 40.165279 9
-37.782444 -738.681824 8.419195 9
-36.629463 -736.685669 8.281919 9
-36.019264 -739.356323 10.799083 9
-36.693413 -742.299744 22.952019 9
-36.082527 -738.292908 7.570707 9
-35.510784 -740.765137 19.024866 9
-38.205830 -739.792725 0.028372 9
-32.502129 -739.885010 25.094957 9
-38.642853 -738.522400 5.329701 9
-33.834641 -745.107666 34.065304 9
-38.619690 -738.042847 33.101830 9
-31.657682 -743.655151 34.883224 9
-32.972645 -750.389038 45.147160 9
-42.035706 -743.487793 29.354967 9
-37.447170 -736.963013 0.059075 9
-35.986546 -737.181458 10.228010 9
-36.867962 -736.693726 3.892006 9
-37.907890 -738.926575 21.364014 9
-38.125019 -739.004456 4.099585 9
-35.946823 -738.296875 25.841459 9
-33.163406 -739.006836 21.951010 9
-36.528759 -737.105530 1.230196 9
-36.742455 -738.283203 34.121712 9
-37.251396 -743.672302 26.791758 9
-40.703045 -741.045105 22.195459 9
-41.461933 -740.771790 24.648336 9
-36.448528 -737.964600 32.208187 9
-31.268127 -747.131775 42.830372 9
-35.120865 -747.734070 37.567566 9
-37.399357 -740.084656 15.007448 9
-39.758610 -747.799011 37.114784 9
-35.194843 -738.425415 30.357630 9
-36.807251 -743.017395 25.189327 9
-35.748905 -738.635742 27.797207 9
-36.298870 -737.781738 15.048504 9
-33.516937 -741.106384 25.106558 9
-33.922836 -742.819031 28.563517 9
-31.918770 -739.880798 26.397079 9
-35.621227 -740.059204 16.484648 9
-33.815208 -743.746033 31.162148 9
-35.545082 -741.504944 21.690941 9
-38.058384 -738.914978 35.988026 9
-37.306835 -735.752747 -0.618722 9
-40.623734 -744.419495 30.100246 9
-37.888927 -738.474487 24.139538 9
-38.623276 -738.687866 37.444263 9
-38.167274 -738.213623 13.408674 9
-33.225956 -741.725952 27.228683 9
-37.518169 -744.641357 29.219589 9
-37.737061 -736.161133 37.639500 9
-32.811134 -748.404785 41.935818 9
-38.802265 -738.590393 16.412745 9
-38.866222 -745.750916 32.287540 9
-31.347013 -744.542480 37.468475 9
-31.769009 -749.015137 44.305771 9
-36.268688 -737.944824 17.772963 9
-38.671200 -748.686707 38.845154 9
-31.015142 -745.687561 41.514282 9
-35.254444 -749.536255 41.298035 9
-39.713978 -737.986816 18.567051 9
-37.820354 -749.267334 40.933849 9
-39.240776 -739.225586 17.498869 9
-35.066269 -737.497437 16.998569 9
-38.711262 -743.886353 26.690395 9
-33.298702 -749.950073 46.348495 9
-36.102497 -746.593689 34.372787 9
-39.093788 -740.543091 19.407257 9
-38.139233 -746.625916 34.105686 9
-39.373886 -737.847778 42.736851 9
-37.293247 -739.582642 10.607808 9
-37.068638 -740.063904 13.044313 9
-33.929394 -741.885010 26.089558 9
-35.077446 -737.985291 15.385983 9
-37.302547 -747.621094 36.017258 9
-41.023056 -741.967346 24.711283 9
-35.132210 -745.492310 32.693768 9
-37.239098 -738.955200 6.231868 9
-35.967918 -737.796021 0.258466 9
-36.418766 -738.507935 4.255753 9
-38.725559 -743.064026 24.628016 9
-38.513119 -737.978455 27.901970 9
-35.281345 -750.109497 43.823414 9
-32.738163 -745.500793 35.928959 9
-36.239300 -741.687866 20.400301 9
-40.460331 -742.830383 25.887171 9
-32.679371 -747.613037 40.472534 9
-36.492855 -737.535583 21.281384 9
-34.126431 -741.293335 23.977716 9
-38.640549 -748.191772 37.640316 9
-36.257572 -748.335754 37.821487 9
-41.374142 -745.940125 33.300316 9
-41.028404 -743.285278 27.870552 9
-37.257637 -740.621216 16.404436 9
-32.069115 -738.525024 24.467299 9
-34.551670 -740.206970 19.634417 9
-37.025723 -745.268738 30.643482 9
-39.968967 -737.562073 45.129951 9
-37.757736 -736.162842 10.641150 9
-32.942600 -748.381836 45.680202 9
-32.901356 -746.508789 37.738056 9
-37.773575 -738.834351 31.911346 9
-37.493294 -748.778381 42.850811 9
-38.498581 -737.770752 -0.455901 9
-35.880562 -744.157593 28.772179 9
-38.668739 -736.104614 42.316017 9
-34.968464 -742.540955 26.085260 9
-33.072662 -739.514771 23.094921 9
-39.478714 -737.575256 40.739185 9
-37.442608 -738.778320 0.326538 9
-38.152996 -736.565735 0.975743 9
-38.197300 -737.556396 2.859106 9
-37.302471 -747.993713 37.183296 9
-32.311420 -740.854492 27.362652 9
-38.262810 -747.122864 35.318211 9
-40.465103 -746.914185 35.094341 9
-39.856049 -736.880737 43.323875 9
-35.245022 -742.034058 23.948158 9
-39.473400 -747.261292 35.875378 9
-36.619247 -736.150635 35.781490 9
-30.196625 -744.334656 39.697327 9
-36.121483 -739.074768 8.506989 9
-37.012661 -736.869568 26.978327 9
-39.261787 -743.211670 25.761583 9
-36.826324 -740.671448 14.056469 9
-36.447083 -737.810913 30.844814 9
-30.806353 -742.911438 36.279739 9
-30.333954 -743.714233 38.398064 9
-39.207409 -742.492981 23.644855 9
-38.802799 -736.922546 36.566242 9
-38.470211 -736.131531 40.166260 9
-35.600079 -737.167786 32.528175 9
-37.755623 -736.968628 25.702330 9
-40.186226 -746.339111 34.100887 9
-37.823692 -737.358215 19.512547 9
-35.709133 -737.609436 5.218609 9
-38.614410 -738.808838 1.583069 9
-37.579403 -736.298950 33.491520 9
-35.890747 -738.623413 23.260078 9
-34.265972 -740.463196 21.034227 9
-33.943741 -750.717163 45.722088 9
-37.314301 -737.291138 15.597366 9
-37.216908 -737.132996 22.619841 9
-37.049217 -738.933472 29.557463 9
-36.075455 -738.789490 9.723372 9
-41.239906 -744.712891 31.375854 9
-32.288399 -743.418884 32.800453 9
-37.682014 -736.885071 4.962168 9
-37.722191 -740.554321 17.475231 9
-32.061066 -741.477112 29.392790 9
-37.238586 -745.839417 31.953884 9
-31.033794 -745.212280 39.811348 9
-35.138653 -749.887024 45.664066 9
-35.776493 -737.810242 28.689074 9
-38.910248 -746.243652 33.335800 9
-35.702976 -742.711426 25.217573 9
-40.585720 -745.333679 32.198578 9
-38.655685 -738.789490 0.365648 9
-35.158730 -747.239868 36.491512 9
-38.306107 -737.355896 6.976072 9
-38.453991 -737.436768 29.098234 9
-38.501732 -737.030457 31.244347 9
-37.079411 -746.541870 33.746861 9
-37.771858 -738.752502 -0.759589 9
-38.343388 -738.294922 14.529346 9
-36.338383 -736.478882 34.100891 9
-37.962841 -738.342285 17.110977 9
-40.180626 -741.947021 23.793850 9
-37.053623 -736.646912 29.589680 9
-39.450817 -744.302368 28.889585 9
-34.375961 -738.833923 17.892426 9
-37.439720 -739.049438 34.561630 9
-35.619846 -737.138367 15.822421 9
-33.328041 -746.275757 36.496223 9
-34.108349 -749.824341 43.648647 9
-37.703869 -739.150024 12.750213 9
-39.850803 -743.886597 27.925753 9
-31.020824 -742.768066 34.544041 9
-35.962677 -738.753235 22.175041 9
-32.210655 -750.666199 45.946205 9
-37.876030 -737.671448 8.913746 9
-31.040213 -742.150574 32.935959 9
-32.187477 -743.865295 33.934254 9
-37.082245 -741.206055 18.352648 9
-35.087795 -745.003418 31.706093 9
-36.971169 -737.374634 11.871943 9
-36.707096 -739.564819 25.522720 9
-35.882385 -740.938782 17.987432 9
-39.030247 -745.269226 30.738342 9
-38.403645 -737.580200 10.268128 9
-37.101116 -738.933899 28.429554 9
-39.323299 -737.231567 38.665653 9
-36.839592 -739.070007 23.507158 9
-32.912395 -748.943787 42.915367 9
-38.710293 -740.028259 17.975187 9
-34.494106 -741.011353 21.949781 9
-39.068729 -738.071655 35.131161 9
-39.269001 -737.863586 37.591064 9
-37.930252 -737.960938 20.806742 9
-30.866356 -740.068848 28.416418 9
-30.593086 -747.015808 43.635700 9
-38.613312 -737.521973 16.514238 9
-34.272331 -743.712708 30.198959 9
-36.524681 -736.993286 28.684473 9
-33.477734 -738.449097 20.578007 9
-36.061062 -737.735107 26.756853 9
-37.791592 -738.212097 10.920231 9
-38.033615 -738.855896 33.481365 9
-32.495914 -742.633484 30.840179 9
-35.878540 -744.923462 30.724714 9
-36.321232 -747.318970 35.577381 9
-35.488991 -738.949768 14.296477 9
-36.371067 -737.374023 24.848577 9
-37.908154 -738.592896 30.144453 9
-39.030857 -736.382080 41.018906 9
-37.762562 -741.598389 21.137905 9
-35.989723 -740.091736 14.761550 9
-36.475075 -736.985168 9.308569 9
-38.515213 -737.968018 8.081487 9
-37.051357 -742.536804 24.120914 9
-37.964600 -745.133057 30.204382 9
-35.958504 -737.234375 6.162115 9
-36.168365 -737.194275 14.115325 9
-39.417458 -747.972961 39.051819 9
-37.825062 -738.083862 22.034351 9
-36.473972 -737.658691 18.894423 9
-35.333157 -744.296448 29.871044 9
-37.637054 -738.913208 2.517794 9
-33.809345 -740.696350 23.123320 9
-37.678120 -738.654602 4.976268 9
-38.886768 -737.659058 34.199249 9
-33.432365 -744.004578 32.287663 9
-37.793274 -738.261475 19.004738 9
-32.622711 -742.276733 29.763222 9
-38.291115 -748.413513 41.282875 9
-34.452381 -746.774353 35.903847 9
-31.227013 -741.119141 30.008717 9
-36.945530 -739.270447 3.818530 9
-35.746975 -742.014526 22.747307 9
-34.627129 -746.372986 34.854939 9
-32.104126 -744.663269 35.649971 9
-36.329319 -749.990845 43.952431 9
-36.402218 -749.852600 42.672165 9
-36.417988 -743.702759 27.367458 9
-36.462559 -736.104004 1.423979 9
-39.260986 -736.406250 44.139095 9
-35.171967 -743.002075 26.970865 9
-32.417698 -747.567749 45.172333 9
-38.060349 -738.912109 39.853996 9
-38.060333 -736.154236 35.328403 9
-32.676105 -738.098816 22.186909 9
-36.025864 -738.038757 3.269332 9
-41.566422 -740.539673 23.636166 9
-38.601231 -738.242249 3.657642 9
-31.449913 -746.554626 41.269535 9
-32.615112 -739.188110 23.908022 9
-39.682518 -744.767944 30.162916 9
-36.439697 -738.901184 6.840636 9
-37.684776 -743.033386 24.710110 9
-38.344971 -737.988098 26.587360 9
-37.089870 -739.345703 8.647375 9
-37.867203 -743.941223 27.515711 9
-36.251835 -740.829346 16.546736 9
-37.280926 -738.680786 25.025984 9
-35.651150 -738.139587 12.940689 9
-41.350201 -742.333374 25.735735 9
-39.382069 -737.897217 39.544666 9
-36.067596 -736.759583 3.265252 9
-36.002872 -737.417297 8.103657 9
-37.526443 -736.445496 31.519751 9
-40.364437 -736.763000 45.619934 9
-34.461388 -749.202393 41.885124 9
-37.289204 -737.311096 13.120558 9
-32.275520 -749.908264 44.630894 9
-32.983555 -746.266602 45.272346 9
-34.696945 -739.954407 18.661413 9
-35.247944 -750.414978 44.841259 9
-37.559364 -741.179504 19.201908 9
-39.973885 -740.638916 21.076904 9
-38.765228 -741.093872 20.192808 9
-32.074944 -746.874084 40.208061 9
-38.036495 -737.370789 1.748221 9
-37.659725 -742.125000 22.787157 9
-36.248482 -738.277832 2.252828 9
-37.956898 -739.134521 38.013920 9
-38.672527 -742.185364 22.894138 9
-36.583157 -738.445374 0.606605 9
-34.328770 -745.035156 33.243256 9
-39.516060 -737.892700 41.657898 9
-37.797211 -736.869812 3.406068 9
-38.017296 -738.280212 6.066531 9
-37.205345 -739.291748 36.267475 9
-40.425617 -739.317871 20.749094 9
-38.354515 -744.701416 28.708303 9
-33.828571 -738.887085 19.814230 9
-38.354984 -737.676941 4.964160 9
-37.452671 -737.164307 20.571331 9
-34.686474 -743.066589 28.020975 9
-37.367188 -736.668945 1.519395 9
-37.454300 -736.769104 8.777702 9
-36.990345 -738.964661 22.030714 9
-34.055210 -738.262939 18.775263 9
-31.931446 -744.914551 36.557224 9
-37.675701 -736.970581 27.657955 9
-36.635399 -736.801453 30.429913 9
-36.891090 -749.203491 43.953026 9
-38.154537 -738.086365 25.007383 9
-41.169960 -743.877808 29.554298 9
-35.967934 -738.093262 10.462355 9
-35.696705 -738.122314 29.616140 9
-37.459816 -739.356079 9.713023 9
-37.822571 -739.854431 15.792107 9
-38.159317 -738.433228 31.053329 9
-38.665192 -737.401917 32.351685 9
-36.615093 -737.561768 16.949209 9
-38.619934 -738.768677 41.027645 9
-40.025005 -737.006531 44.264729 9
-31.208235 -741.618896 31.274019 9
-37.767624 -737.124390 23.589109 9
-36.736507 -743.239685 26.115389 9
-33.363476 -745.394409 34.886948 9
-36.098644 -737.757507 23.687063 9
-30.912079 -743.769592 37.072945 9
-36.525646 -738.013123 33.140713 9
-36.019855 -749.648865 41.796566 9
-36.269226 -736.957031 4.548373 9
-36.529102 -737.030212 0.304650 9
-39.940678 -739.272766 19.732922 9
-41.194359 -740.066833 21.973167 9
-31.261185 -739.309265 26.739670 9
-36.197372 -742.478455 22.000977 9
-38.679867 -738.682190 39.150394 9
-39.711365 -745.528137 31.977606 9
-33.484226 -742.239929 27.941803 9
-33.365643 -748.220886 40.624443 9
-37.941113 -738.341553 12.369241 9
-37.307632 -739.629578 12.053106 9
-36.626854 -736.265869 37.840805 9
-37.064274 -738.788025 26.255627 9
-38.513279 -738.077637 2.175682 9
-36.018948 -739.005188 25.047964 9
-34.927780 -738.715820 15.926178 9
-37.214195 -737.015808 24.867035 9
-35.704060 -738.984619 13.369784 9
-36.774914 -736.632568 10.449065 9
-41.918068 -742.687073 27.613970 9
-37.571091 -738.482666 23.253899 9
-38.040646 -736.769714 29.540930 9
-35.929691 -738.860474 11.584382 9
-41.374928 -743.358398 28.744852 9
-34.162960 -748.546204 40.293064 9
-35.765217 -749.093811 39.754265 9
-31.971067 -746.362061 39.378654 9
-37.191521 -736.399719 32.375584 9
-35.543827 -748.423584 38.360481 9
-39.107510 -741.732605 21.877831 9
-31.090017 -746.402710 42.159378 9
-31.137400 -743.390625 35.558887 9
-34.256584 -747.488770 37.577927 9
-40.377907 -741.535767 23.035479 9
-35.673306 -737.670898 30.394150 9
-32.476749 -741.375732 28.077013 9
-37.842476 -737.971375 15.992117 9
-37.421356 -736.858032 5.813106 9
-35.886909 -738.613281 26.753988 9
-37.526299 -735.876404 39.325516 9
-33.460415 -750.083191 44.373878 9
-36.723171 -749.000977 39.718151 9
-31.605673 -748.306519 43.770615 9
-35.948616 -737.824219 6.825406 9
-33.645802 -739.648621 21.564207 9
-31.672926 -742.727783 32.728291 9
-37.433353 -738.805176 7.403909 9
-32.717712 -740.084412 25.949657 9
-31.465746 -745.125671 38.131157 9
-39.250259 -738.635437 18.140347 9
-35.727016 -740.534485 17.223009 9
-37.118027 -736.038208 36.907028 9
-33.282612 -742.559692 29.102465 9
-39.881180 -738.437195 19.329861 9
-36.261742 -739.743774 12.729008 9
-36.771748 -738.613037 1.639736 9
-39.439579 -736.515442 42.608810 9
-36.371738 -736.557556 6.591201 9
-37.934662 -737.529175 14.704995 9
-37.028282 -741.542419 19.827099 9
-36.498520 -736.188843 -0.495715 9
-37.363941 -736.933044 7.873504 9
-36.518097 -736.796326 2.110296 9
-33.555828 -748.895752 41.989754 9
-34.523079 -738.118225 17.303446 9
-36.654915 -744.473267 29.033495 9
-38.270798 -736.682312 34.686890 9
-35.061378 -739.663025 17.011425 9
-32.358482 -748.904724 43.679699 9
-37.781811 -737.563293 11.483568 9
-38.282909 -736.364746 36.981701 9
-34.167580 -745.681824 34.632622 9
-35.964924 -741.315430 19.579603 9
-40.768734 -743.206726 27.006994 9
-33.306885 -747.484802 39.066589 9
-34.375324 -744.294128 31.493826 9
-35.709164 -737.563660 1.583940 9
-38.691139 -737.191406 33.179947 9
-31.305534 -749.253662 44.979156 9
-36.290924 -736.785583 32.209351 9
-36.471081 -737.364014 11.136856 9
-38.280975 -737.187439 28.240112 9
-34.586540 -749.720337 42.939877 9
-31.989519 -747.670105 42.374569 9
-31.402296 -740.784485 29.223200 9
-30.929230 -745.477112 40.701069 9
-38.178410 -748.953735 40.217911 9
-34.031189 -743.225647 29.322380 9
-31.174189 -747.610413 43.530903 9
-37.647305 -737.314819 17.630911 9
-37.292355 -739.955261 14.166677 9
-36.419281 -738.626831 5.099184 9
-36.576561 -738.964905 33.605034 9
-38.105194 -738.888916 35.147301 9
-31.778311 -740.285583 27.782238 9
-35.775833 -740.072876 15.602707 9
-36.109791 -738.344116 19.707306 9
-34.790089 -737.972412 16.283283 9
-36.984226 -741.549866 20.806145 9
-35.940865 -745.645874 32.384140 9
-31.954880 -745.597290 44.537502 9
-39.287605 -743.876587 27.299194 9
-34.662968 -748.993652 40.965622 9
-33.635719 -744.620300 32.931900 9
-37.050003 -748.678711 39.017220 9
-38.657871 -738.421875 15.537107 9
-38.053551 -745.966125 32.120033 9
-37.468967 -739.389099 35.399635 9
-38.005962 -737.453491 13.737706 9
-39.321117 -748.601501 39.591003 9
-38.168617 -738.603455 32.679596 9
-37.675236 -738.914185 3.359940 9
-40.004147 -744.325012 29.508741 9
-35.758629 -746.127747 33.761681 9
-37.175529 -749.406067 40.377167 9
-39.090065 -740.084900 18.700016 9
-34.524055 -750.275269 46.139297 9
-36.983036 -746.151062 32.702137 9
-37.114197 -744.932312 29.889166 9
-35.619450 -736.956604 34.496449 9
-34.066429 -747.929993 39.053028 9
-33.028904 -740.500916 24.806807 9
-37.874893 -739.472473 14.731341 9
-32.780380 -744.495178 34.036533 9
-40.285824 -748.197266 37.629620 9
-37.671139 -736.498718 -0.737956 9
-36.052727 -742.392822 23.456573 9
-35.954792 -737.153137 30.987448 9
-37.994778 -735.461853 40.299385 9
-33.570332 -746.966858 37.584969 9
-36.429962 -738.420227 31.514311 9
-34.944031 -741.040344 21.251228 9
-36.216022 -736.409851 7.622088 9
-37.048500 -736.704346 28.105789 9
-36.738670 -737.545776 16.097767 9
-32.733807 -747.959229 41.251095 9
-38.583557 -738.691040 38.323578 9
-38.340229 -736.628723 35.960201 9
-37.828720 -738.128540 7.649887 9
-36.904419 -736.965637 3.087590 9
-33.121296 -743.276550 30.811104 9
-37.635017 -749.311401 42.253296 9
-38.105618 -738.954590 36.859673 9
-30.351696 -745.485046 41.954807 9
-36.777309 -740.601685 14.871846 9
-32.393753 -746.519958 38.639202 9
-35.938919 -736.600525 35.743553 9
-39.716789 -741.226807 21.685028 9
-31.375265 -745.396790 39.024281 9
-38.379440 -736.328796 38.156944 9
-36.058571 -737.925049 -0.689690 9
-41.666988 -743.545715 30.114048 9
-36.435436 -741.621887 18.098272 9
-36.982258 -738.960083 32.027225 9
-30.834059 -744.036316 37.854012 9
-36.028526 -738.650879 18.080317 9
-37.715435 -737.556396 9.779953 9
-37.855785 -748.864685 38.912666 9
-37.774948 -744.337952 28.282555 9
-38.864166 -736.661438 38.984085 9
-39.035202 -745.454224 31.516912 9
-35.388058 -737.879395 32.204285 9
-34.581276 -748.501160 39.582706 9
-33.349392 -741.383118 25.862598 9
-35.860744 -750.042847 43.215084 9
-38.136799 -739.468140 -0.724658 9
-39.117249 -748.318848 38.279179 9
-35.892311 -737.851929 12.244575 9
-32.153046 -739.526611 25.714243 9
-38.218788 -737.289734 0.288874 9
-39.286015 -738.328125 40.915565 9
-37.624813 -736.100647 38.482788 9
-40.639019 -747.743774 36.891933 9
-38.137230 -737.687683 25.756767 9
-36.535187 -736.364807 34.990421 9
-36.592281 -737.641357 13.546761 9
-35.219402 -739.421692 16.199114 9
-31.013103 -746.384033 43.045761 9
-35.514553 -749.362976 40.560604 9
-32.987785 -747.003601 38.355938 9
-36.117226 -738.227966 21.583080 9
-36.099678 -741.768066 21.165720 9
-38.687832 -739.349548 16.135481 9
-36.013458 -736.556335 8.761883 9
-37.086845 -736.616272 0.688988 9
-36.678448 -737.325195 22.051580 9
-36.551270 -738.759399 34.743263 9
-34.392963 -747.829529 38.284515 9
-36.704578 -739.988525 10.948704 9
-35.435753 -748.709900 39.152519 9
-33.581673 -738.921509 21.255779 9
-38.813709 -739.332092 -0.204370 9
-37.067669 -740.486206 15.650605 9
-31.888906 -742.261169 31.226841 9
-35.338764 -746.417175 34.507309 9
-37.170483 -738.803284 24.239376 9
-36.961040 -739.492981 6.751087 9
-38.162487 -737.705383 23.943190 9
-38.295540 -741.018494 19.553320 9
-39.334587 -746.484070 34.034416 9
-32.781567 -739.861938 24.326605 9
-37.957336 -743.511597 26.478565 9
-39.447021 -740.713379 20.344475 9
-30.584969 -741.141296 31.697720 9
-37.852348 -738.894104 9.201076 9
-33.149284 -750.650330 45.896053 9
-37.887745 -738.436951 28.071259 9
-36.092880 -738.361450 17.113506 9
-35.975094 -739.609314 12.011033 9
-41.647434 -741.520325 24.868650 9
-35.768307 -739.231628 28.392981 9
-35.788868 -743.496399 26.930731 9
-38.490093 -736.908081 30.299799 9
-35.476864 -738.197510 14.735086 9
-39.799011 -737.222534 42.506565 9
-36.459431 -738.678223 32.613220 9
-38.068417 -747.929321 37.089855 9
-37.852718 -736.908875 10.452951 9
-36.042946 -741.286133 18.684803 9
-32.134632 -739.213135 24.926077 9
-37.190571 -739.165039 -0.449310 9
-39.963497 -747.467285 36.441158 9
-39.624882 -739.976196 19.519262 9
-38.052402 -738.764832 0.858321 9
-32.056652 -745.735779 37.859669 9
-32.779339 -738.808289 22.728998 9
-37.185013 -736.798950 9.565084 9
-40.710609 -745.722412 32.897182 9
-30.832560 -744.624939 40.260929 9
-36.594837 -739.475647 10.270710 9
-37.904064 -737.367920 22.336023 9
-38.247730 -738.147095 29.583664 9
-36.738613 -749.552979 41.119999 9
-36.596783 -737.654785 10.276052 9
-39.000504 -737.485168 35.968609 9
-39.085434 -737.617676 36.864300 9
-35.284229 -742.348206 24.676163 9
-36.571285 -748.290039 37.103683 9
-38.561741 -741.523926 21.394329 9
-37.109425 -737.297119 19.224581 9
-36.927197 -737.383484 14.801221 9
-37.473007 -741.961975 22.059950 9
-37.843758 -739.132507 10.901005 9
-38.639130 -738.331360 4.584691 9
-35.922466 -736.738525 33.481781 9
-40.909729 -746.283997 33.841110 9
-35.256397 -743.676270 28.645317 9
-37.382282 -736.301941 35.654419 9
-30.627291 -740.689758 30.293301 9
-38.526199 -737.840149 6.421281 9
-36.330112 -737.714905 20.544302 9
-38.610916 -738.500732 35.577229 9
-36.699249 -739.382324 5.925305 9
-37.566933 -736.912109 26.449211 9
-33.449253 -749.394653 43.353237 9
-30.687843 -744.130554 39.148651 9
-34.633602 -750.429749 45.326057 9
-36.361729 -739.039917 7.767147 9
-38.319889 -738.514343 -0.269239 9
-37.337620 -737.149353 4.282115 9
-40.431606 -739.983093 21.124598 9
-34.652664 -739.539917 18.012747 9
-30.333843 -742.075256 34.603767 9
-35.659576 -750.590515 45.747936 9
-35.166954 -740.709229 19.751045 9
-37.115543 -735.850830 10.397789 9
-38.033123 -737.111267 -0.532790 9
-33.543598 -740.993896 24.336878 9
-38.251945 -748.465149 38.257858 9
-35.997871 -739.311279 27.574715 9
-37.319664 -739.064392 33.710491 9
-37.989342 -736.272522 34.129169 9
-40.672604 -744.702942 30.804811 9
-34.116066 -739.654846 19.989382 9
-36.571983 -737.342896 23.115416 9
-32.310585 -740.493347 26.641132 9
-39.030628 -738.570801 17.123568 9
-37.387363 -738.820618 4.241390 9
-36.167519 -738.340393 8.329371 9
-38.993313 -747.869690 37.046963 9
-36.115616 -737.604797 25.603661 9
-32.130280 -742.723328 31.891045 9
-39.290428 -736.867737 40.507267 9
-34.709404 -741.624146 23.623442 9
-36.843815 -737.392151 17.637249 9
-32.132538 -744.259338 34.801701 9
-32.535145 -745.585266 45.009937 9
-36.279961 -739.101440 25.931459 9
-38.233147 -738.788086 13.899403 9
-30.963299 -748.676697 44.548706 9
-34.722420 -745.686707 33.302689 9
-38.592964 -748.818970 39.602081 9
-33.858253 -742.076599 26.806473 9
-38.805332 -739.272644 16.882187 9
-35.497826 -738.164795 31.016216 9
-34.358936 -751.231934 46.082924 9
-36.449154 -746.917480 34.936749 9
-31.595695 -743.269043 34.232697 9
-39.349564 -742.817017 24.295532 9
-35.823982 -747.295593 36.197521 9
-39.400921 -739.643799 18.132082 9
-38.024906 -747.386169 35.976147 9
-36.960751 -736.718933 4.768371 9
-37.361671 -745.622375 31.204807 9
-36.277195 -743.979248 28.159739 9
-36.110210 -737.698364 9.667663 9
-39.349232 -743.594971 26.443457 9
-38.023640 -736.065857 40.750900 9
-35.833946 -737.928528 27.501015 9
-41.025135 -747.236023 35.481781 9
-32.813892 -746.112549 37.031166 9
-37.266136 -742.424622 23.408501 9
-35.838104 -747.935303 37.328083 9
-32.902107 -747.513000 39.785606 9
-38.494400 -749.121460 41.386841 9
-30.985447 -741.772156 32.087482 9
-38.216896 -737.024963 8.881874 9
-38.525448 -737.738647 31.019587 9
-37.850883 -747.005371 34.707466 9
-35.812454 -738.088257 4.426828 9
-36.692833 -748.577698 38.384296 9
-38.132946 -736.696045 33.204304 9
-38.835339 -747.591492 35.765263 9
-40.607819 -742.391052 25.155224 9
-38.184345 -742.657410 24.319221 9
-31.016342 -742.399109 33.765263 9
-36.123402 -735.907654 36.250477 9
-38.308395 -741.427307 20.660423 9
-33.421638 -739.625916 22.267408 9
-32.304367 -750.179016 45.342075 9
-37.102898 -736.199402 -0.077663 9
-37.014606 -748.285828 37.787521 9
-33.971470 -741.628479 25.299553 9
-37.058189 -736.439026 33.985691 9
-39.697380 -737.605042 43.334682 9
-35.255440 -740.406006 18.443716 9
-36.974007 -739.176147 0.710399 9
-38.576859 -746.805054 34.667953 9
-38.494915 -738.084106 28.740202 9
-32.838573 -743.882874 32.685852 9
-37.324314 -739.487549 11.315356 9
-31.569643 -747.096375 42.167393 9
-38.647396 -743.076965 25.341074 9
-36.462112 -739.185974 9.125588 9
-37.175186 -736.509338 30.801207 9
-32.039463 -747.139221 40.872700 9
-35.688919 -738.516357 28.522316 9
-35.877853 -737.430359 13.347694 9
-39.140961 -735.638855 42.623665 9
-37.836498 -737.843689 20.048639 9
-38.587173 -738.195923 33.819546 9
-39.382137 -743.045349 25.031948 9
-39.109524 -736.303894 41.736389 9
-41.184814 -744.225525 30.515659 9
-37.913578 -738.302063 11.635485 9
-33.740147 -750.306946 45.111542 9
-38.510757 -738.086121 0.267778 9
-36.620407 -740.335999 12.521521 9
-40.176399 -747.178284 35.752178 9
-33.268120 -741.433228 26.567011 9
-31.783878 -745.119202 37.251984 9
-34.468956 -742.403625 26.578297 9
-40.730057 -746.585327 34.508713 9
-40.528812 -743.752136 28.157122 9
-37.247623 -738.905640 5.488772 9
-41.263573 -741.078979 24.051184 9
-38.668530 -743.458069 26.084661 9
-37.592308 -747.354309 35.350590 9
-33.257790 -748.448914 41.336361 9
-33.841347 -737.615417 19.045370 9
-33.848244 -746.363892 36.011448 9
-34.647038 -747.419678 36.984009 9
-31.774519 -739.954041 27.136913 9
-36.910851 -747.763123 36.599110 9
-34.907429 -737.618530 17.744329 9
-39.586678 -748.055969 37.755947 9
-35.573467 -745.761414 33.187077 9
-40.800838 -741.632019 24.024372 9
-37.312504 -743.236938 25.683817 9
-38.229084 -740.087036 17.298082 9
-36.814816 -736.875549 7.434370 9
-34.997894 -749.665039 41.970528 9
-33.401253 -744.802429 33.608330 9
-37.028969 -749.149231 43.250355 9
-35.952663 -737.825623 0.969982 9
-33.002605 -740.776001 25.469513 9
-38.565414 -738.622437 36.442966 9
-41.755756 -742.859680 29.152367 9
-34.379692 -745.581360 33.952423 9
-34.319386 -741.020935 22.714437 9
-36.370457 -737.173340 27.037197 9
-39.395901 -738.496460 42.417358 9
-37.743351 -738.417664 26.517239 9
-34.634567 -740.454590 20.291611 9
-35.968311 -749.512451 41.102467 9
-33.465366 -740.124573 22.914715 9
-31.749207 -744.088440 35.428940 9
-37.946827 -738.771545 1.893421 9
-37.080875 -749.692749 42.559273 9
-37.713715 -738.691101 20.713747 9
-39.291538 -745.946289 32.812458 9
-36.512329 -742.849854 24.579800 9
-34.540886 -743.232300 28.683174 9
-35.551003 -741.308716 20.955238 9
-37.800827 -748.138062 37.706203 9
-39.244980 -747.560120 36.455002 9
-38.788158 -735.532593 41.912682 9
-32.616955 -746.895264 45.232677 9
-38.262341 -737.485962 27.404739 9
-35.765007 -737.132141 31.848238 9
-31.639252 -739.259583 26.141016 9
-33.091785 -738.427551 21.535524 9
-37.121559 -743.903137 27.438143 9
-30.621819 -741.517883 33.313877 9
-39.929108 -742.861938 25.448933 9
-38.012173 -738.181702 27.192305 9
-35.273716 -741.869202 23.276257 9
-37.553425 -737.280640 2.898657 9
-36.208454 -737.085449 3.867313 9
-41.913284 -744.997803 31.664110 9
-36.215027 -743.117371 25.539989 9
-39.964222 -743.236023 26.258450 9
-31.007627 -743.587524 36.344376 9
-35.742683 -750.014343 45.348766 9
-35.777855 -750.215088 44.445305 9
-37.500385 -738.989258 10.312164 9
-36.739670 -742.097290 22.222391 9
-37.791546 -740.283997 16.808550 9
-34.993984 -742.365356 25.418055 9
-38.572762 -737.947449 5.704505 9
-36.600094 -745.799072 32.224918 9
-33.234367 -744.930664 34.383057 9
-40.378330 -742.210388 24.486490 9
-36.836777 -746.807251 34.383480 9
-37.757111 -746.574829 33.514473 9
-34.341358 -744.081543 30.796318 9
-38.451195 -737.985596 7.384438 9
-38.779743 -736.179688 39.495106 9
-37.616371 -738.928711 31.248644 9
-37.407936 -737.161743 24.227081 9
-36.025242 -738.670959 10.881527 9
-36.461796 -745.090149 31.038315 9
-37.305172 -739.115601 8.010847 9
-38.040367 -737.727600 12.950164 9
-36.433533 -743.440674 26.711084 9
-38.115982 -744.836548 29.573895 9
-36.422657 -746.305603 33.703274 9
-33.714081 -751.081604 46.265778 9
-32.579681 -748.416748 42.579723 9
-36.202263 -737.795105 15.745159 9
-38.522881 -738.139160 1.477019 9
-40.411221 -743.531250 27.498762 9
-37.735523 -747.652954 36.558865 9
-36.279037 -737.451721 11.822772 9
-38.458237 -746.081299 32.821953 9
-36.604683 -740.481873 13.297110 9
-37.754196 -737.641235 10.508600 9
-37.556278 -749.403076 41.572300 9
-37.106438 -740.790039 17.644764 9
-36.812389 -736.792664 6.114492 9
-33.420544 -745.853394 35.923626 9
-41.957039 -743.125366 28.474497 9
-33.366787 -737.814758 20.326132 9
-38.488560 -738.076965 32.390450 9
-30.870962 -742.873535 35.192631 9
-37.876995 -737.967529 8.313019 9
-35.293484 -737.474731 16.296606 9
-38.605415 -744.188538 27.316195 9
-37.021530 -739.225891 2.669373 9
-36.898052 -738.607544 -0.045289 9
-31.484631 -745.859070 39.524132 9
-30.478333 -745.265869 41.293659 9
-39.962505 -746.663757 34.715233 9
-34.666801 -739.236328 17.374372 9
-37.953724 -736.608704 0.293493 9
-35.283482 -744.114807 29.225185 9
-39.737469 -736.927307 45.445480 9
-37.603672 -738.460388 22.577635 9
-35.396870 -738.749329 29.713165 9
-32.945995 -741.833374 27.935631 9
-34.623642 -750.083374 44.026230 9
-39.036186 -747.117554 35.288948 9
-39.645069 -742.084167 23.350765 9
-40.877193 -742.820679 26.449644 9
-38.911247 -738.110657 -0.878141 9
-37.525406 -746.901001 34.105042 9
-40.194225 -737.655334 44.477135 9
-41.242588 -745.096130 31.936850 9
-35.993923 -738.267700 25.166578 9
-37.065441 -737.154846 10.137310 9
-35.700195 -745.016418 31.372198 9
-37.700584 -738.167053 9.347021 9
-35.155560 -741.455322 22.239189 9
-35.262516 -738.655823 15.228683 9
-36.275391 -740.287415 14.144531 9
-36.265343 -737.236023 8.723529 9
-39.430412 -738.044617 40.204803 9
-35.703697 -737.584229 15.323025 9
-37.505890 -740.685364 18.279686 9
-37.554195 -738.660339 6.746366 9
-39.466969 -736.998169 41.153912 9
-41.206966 -746.948853 34.884575 9
-37.351845 -739.459412 23.652033 9
-40.627655 -745.041382 31.583502 9
-33.105904 -743.693787 31.763033 9
-36.839447 -735.847961 39.312759 9
-35.632915 -739.508118 14.740915 9
-37.781986 -738.177490 18.330244 9
-32.139973 -741.320618 28.681280 9
-37.098785 -737.306335 21.122585 9
-38.054409 -737.069580 2.417192 9
-37.807968 -736.810425 6.463947 9
-37.002216 -749.862305 44.025135 9
-35.505196 -743.011169 26.390688 9
-38.827503 -737.177490 34.665779 9
-34.138809 -740.019897 20.547594 9
-39.688019 -746.966675 35.260548 9
-36.514080 -749.566711 44.419212 9
-31.651712 -747.764526 43.056133 9
-39.271706 -737.319031 38.009857 9
-38.863514 -738.233093 36.945087 9
-35.850471 -737.441711 7.454854 9
-32.831085 -745.244263 35.256386 9
-37.657318 -737.614685 18.880098 9
-34.083687 -742.655090 27.895254 9
-38.106327 -737.345398 25.186052 9
-41.460533 -741.015808 25.270649 9
-38.644024 -738.031616 16.067200 9
-36.504372 -744.904785 30.401562 9
-37.505539 -739.601685 13.235614 9
-34.673748 -745.114319 32.352657 9
-37.095970 -736.234436 36.279072 9
-32.309113 -749.363708 44.194546 9
-40.972435 -741.243347 22.846958 9
-36.741718 -740.912842 16.102571 9
-37.078072 -736.651306 28.880898 9
-33.291878 -746.593384 37.119873 9
-30.335009 -743.130554 36.710693 9
-41.213997 -745.444397 32.575878 9
-39.689720 -746.235962 33.508709 9
-33.689121 -743.433594 30.356316 9
-36.052265 -738.591309 3.640422 9
-30.960869 -745.754883 42.221195 9
-39.369904 -737.858521 18.026680 9
-36.811417 -736.756775 -0.409006 9
-35.716866 -736.823669 8.026900 9
-37.362251 -739.007935 30.198671 9
-35.674328 -737.497803 3.288251 9
-35.787132 -737.654907 14.475167 9
-35.140129 -750.027405 43.177441 9
-31.112566 -741.296875 30.704256 9
-35.877514 -744.342285 29.431921 9
-38.374218 -738.933228 14.619866 9
-32.390984 -747.895813 41.810711 9
-36.873199 -741.268860 19.091307 9
-32.367794 -745.397644 36.455109 9
-35.009674 -748.059204 38.255711 9
-39.371880 -744.233887 28.200644 9
-38.663811 -745.057983 30.241869 9
-38.160736 -735.936462 39.600338 9
-38.604431 -737.235840 -0.825288 9
-31.891926 -749.546875 45.019527 9
-32.783825 -741.246826 27.110590 9
-36.976269 -737.437866 12.575980 9
-38.918381 -738.281128 37.920769 9
-35.744038 -746.749695 34.911209 9
-37.698986 -739.781433 12.579533 9
-36.110882 -737.337891 29.068748 9
-34.024654 -738.264893 19.516720 9
-38.208714 -735.924377 41.752384 9
-39.633114 -738.684509 18.738842 9
-37.099182 -738.835938 26.950680 9
-37.689392 -738.686951 29.513371 9
-30.801733 -744.715576 39.402115 9
-35.401905 -747.595947 36.974384 9
-38.111408 -738.702087 12.980746 9
-38.567276 -738.152832 2.985048 9
-36.148758 -738.019348 18.405920 9
-36.067871 -738.765137 23.906258 9
-37.132038 -736.921204 25.503569 9
-36.976994 -739.158081 22.770020 9
-36.328762 -739.671204 11.474774 9
-35.711475 -738.335449 13.572814 9
-40.403275 -746.050354 33.519390 9
-39.938755 -744.061890 28.566195 9
-33.831467 -744.020020 31.747175 9
-37.221947 -735.947510 37.963520 9
-36.477566 -747.557556 36.161697 9
-41.330070 -743.042725 27.320391 9
-36.015415 -737.060791 5.371548 9
-37.230625 -740.565979 17.053553 9
-31.195934 -746.964783 43.466179 9
-36.537533 -750.078308 43.257660 9
-32.964539 -739.691284 23.734514 9
-37.180359 -744.413208 28.682730 9
-41.534222 -742.092712 25.158274 9
-36.508751 -736.878845 29.329134 9
-30.351831 -742.746887 35.864746 9
-32.094208 -743.517212 33.423763 9
-34.955917 -740.373474 19.071629 9
-34.456467 -742.170532 25.859657 9
-35.385983 -744.666077 30.426004 9
-34.296234 -739.677795 19.374815 9
-35.684109 -741.303345 20.159744 9
-35.960842 -740.498352 16.048101 9
-34.834202 -744.153259 30.244093 9
-31.360449 -744.299133 36.874947 9
-39.540646 -736.371277 43.491829 9
-37.722897 -736.344849 32.848267 9
-36.954128 -747.337097 35.489677 9
-37.197998 -737.078308 23.286238 9
-38.626385 -742.681274 23.852955 9
-39.637245 -744.987915 30.763309 9
-38.276840 -737.606873 3.484744 9
-36.546646 -741.963135 19.794722 9
-36.335529 -738.311401 0.006180 9
-37.658073 -745.374573 30.700754 9
-37.834846 -738.252441 21.378939 9
-38.207977 -740.456787 17.971958 9
-35.859142 -742.623657 24.582691 9
-37.117382 -738.692139 36.044193 9
-37.627586 -739.232849 22.046637 9
-38.452614 -737.306580 29.791824 9
-34.313107 -741.623169 24.497480 9
-38.105423 -736.808960 31.698355 9
-38.295837 -738.919495 40.438622 9
-31.284508 -740.450806 28.691296 9
-41.874149 -744.619385 31.081625 9
-36.219166 -737.392883 26.254972 9
-38.983051 -737.050354 37.157589 9
-38.722740 -739.700073 17.424528 9
-39.381809 -744.580994 29.573450 9
-36.700466 -738.688538 3.702783 9
-38.098248 -737.200562 26.178040 9
-38.265732 -748.256592 40.528873 9
-32.292408 -742.197693 30.409443 9
-36.136566 -737.188477 30.362221 9
-36.301445 -737.756104 19.559202 9
-35.588879 -745.294189 31.964272 9
-36.159153 -738.654968 8.963528 9
-36.037968 -738.305969 22.750517 9
-37.983974 -738.369690 5.450236 9
-37.251274 -736.562805 30.187443 9
-38.728485 -738.004517 16.950211 9
-38.298573 -738.696167 3.330105 9
-41.530373 -742.950134 28.053364 9
-37.343952 -738.817993 29.011621 9
-37.297729 -737.193665 21.991682 9
-33.916409 -749.883179 46.352959 9
-38.321186 -737.472595 7.758514 9
-36.556316 -735.696167 37.549606 9
-38.002441 -737.175781 0.994244 9
-39.475536 -736.730408 44.900875 9
-40.081093 -737.464783 45.742653 9
-32.641624 -738.983398 23.317848 9
-36.721523 -737.496643 18.335482 9
-37.495575 -739.060242 32.468632 9
-38.982811 -736.774902 38.380398 9
-36.260048 -737.518799 24.262352 9
-40.098537 -745.613098 32.458893 9
-31.113832 -744.563904 38.064999 9
-36.816139 -740.987793 16.730101 9
-37.250423 -737.120239 3.581339 9
-36.055687 -743.159668 24.935993 9
-32.422920 -746.231506 38.030926 9
-41.260075 -740.434448 22.528643 9
-34.360752 -746.377258 35.436756 9
-36.529068 -738.786255 5.688801 9
-38.227055 -738.427368 31.780384 9
-39.424286 -737.403381 40.075306 9
-38.629955 -738.548401 1.014162 9
-34.283279 -741.214905 23.309605 9
-38.706615 -746.530334 33.865379 9
-39.207081 -737.784973 38.918377 9
-41.727383 -745.796753 32.795582 9
-38.663654 -740.577393 18.826288 9
-38.934933 -744.517700 28.579367 9
-39.822735 -742.425598 24.192581 9
-30.786259 -743.474304 37.592564 9
-36.990677 -740.132324 13.651554 9
-38.510433 -736.888428 32.672977 9
-39.625916 -736.799011 46.149273 9
-36.857338 -745.525818 31.548996 9
-39.498901 -748.514343 38.775459 9
-40.073101 -736.949890 44.921791 9
-31.203218 -746.001038 40.911209 9
-37.912373 -737.403625 5.451843 9
-36.585274 -737.621277 14.242597 9
-35.864388 -737.768005 5.871686 9
-35.773151 -738.447571 12.156546 9
-36.094402 -738.930481 10.335659 9
-36.232910 -736.645569 2.645211 9
-36.662071 -742.510986 23.515917 9
-36.977020 -739.315002 34.848297 9
-32.560532 -741.969116 29.218824 9
-32.502689 -751.039917 46.383209 9
-40.144325 -741.259033 22.330412 9
-37.321716 -737.260376 19.906246 9
-35.818920 -737.864136 2.135038 9
-37.866383 -738.897949 34.135548 9
-34.559727 -747.045898 36.441818 9
-35.934406 -741.954773 22.163937 9
-38.305069 -745.362305 30.651051 9
-38.489136 -745.682556 31.680351 9
-36.570648 -736.421814 8.994390 9
-37.694897 -736.177063 37.008537 9
-37.861240 -738.898621 -0.103049 9
-38.706440 -736.003418 42.919807 9
-36.199345 -740.908447 17.159595 9
-36.314510 -738.422729 33.705448 9
-35.890194 -737.453369 4.584569 9
-32.798771 -745.841309 36.470535 9
-37.139587 -736.413086 33.017475 9
-32.869896 -749.949036 44.463802 9
-39.233070 -738.967407 0.046697 9
-31.655273 -746.637390 40.704426 9
-36.857410 -737.358215 20.559805 9
-36.130615 -737.320679 0.682904 9
-32.062252 -740.876953 27.928055 9
-36.742889 -738.967896 34.215881 9
-35.383133 -737.581421 32.907520 9
-38.240879 -748.801758 40.805603 9
-37.129318 -738.924866 27.751516 9
-35.711193 -742.912109 25.822599 9
-38.037766 -738.219055 23.611729 9
-41.747246 -742.361633 26.490961 9
-37.655128 -737.786621 15.438450 9
-36.194511 -737.446960 -0.291144 9
-37.206676 -738.767822 25.615595 9
-33.073395 -748.760315 42.361927 9
-35.191730 -744.855652 31.053532 9
-36.869682 -738.834167 4.541762 9
-38.213039 -738.403503 4.123281 9
-32.783703 -750.249573 46.249874 9
-35.068241 -747.005310 35.939651 9
-38.322048 -737.497559 8.536489 9
-35.975365 -736.832275 32.881702 9
-36.402607 -737.809692 31.533607 9
-37.869907 -737.449890 4.698809 9
-33.763123 -750.467529 46.268467 9
-38.906517 -736.547791 40.161263 9
-37.256100 -746.399109 33.161922 9
-38.256531 -738.227051 30.477209 9
-36.040329 -738.413086 6.754008 9
-33.175404 -747.876404 40.174824 9
-38.621380 -737.345825 31.744394 9
-39.031513 -738.408508 39.548710 9
-36.656719 -737.044128 26.493889 9
-37.107502 -742.715698 24.679663 9
-36.575367 -742.000671 20.775463 9
-36.183220 -737.351807 28.333839 9
-34.118744 -740.493530 21.776684 9
-36.235626 -742.322571 21.424213 9
-36.834026 -736.574524 31.918438 9
-38.308624 -746.443848 33.305569 9
-31.725946 -741.422058 29.894297 9
-36.274910 -737.742432 21.923189 9
-33.766804 -742.258667 27.413603 9
-38.029312 -748.790222 42.370342 9
-37.545963 -749.364075 42.948845 9
-38.173553 -743.807312 26.964613 9
-35.503956 -748.107483 37.847260 9
-38.229717 -742.919983 24.928474 9
-35.111443 -743.140808 27.573750 9
-34.937145 -738.085449 16.846260 9
-37.932957 -736.792480 31.001057 9
-33.863686 -739.933655 21.092201 9
-35.837791 -737.939270 28.109001 9
-39.836647 -738.039062 42.383564 9
-37.673344 -736.866638 27.064001 9
-36.779076 -737.519775 15.375249 9
-40.505470 -737.245300 46.116379 9
-33.652889 -740.795410 23.787195 9
-38.310398 -736.049011 37.573631 9
-34.590912 -749.482300 42.398262 9
-36.435783 -738.370789 1.209707 9
-36.067757 -738.306396 5.452036 9
-34.490425 -746.069824 34.315220 9
-36.162022 -737.287231 1.866481 9
-38.185402 -737.950623 14.031693 9
-37.335640 -738.698914 0.906763 9
-34.209717 -738.818726 18.451063 9
-40.610813 -744.246094 29.530643 9
-33.734978 -738.318298 20.031849 9
-36.514931 -737.276062 9.834637 9
-38.554775 -738.730957 2.160193 9
-40.905338 -739.032654 20.946987 9
-35.687096 -743.929749 28.195189 9
-31.825697 -738.717651 25.011393 9
-36.226540 -742.632996 22.830378 9
-35.984482 -739.458618 13.195704 9
-32.832840 -742.763855 30.352974 9
-37.766895 -736.791992 1.944431 9
-37.310104 -739.148743 9.167541 9
-35.476925 -736.721741 33.973705 9
-37.900620 -737.838257 12.003933 9
-37.947514 -739.553772 15.308364 9
-30.872833 -747.453613 44.023743 9
-38.018265 -739.004395 37.438175 9
-38.531708 -737.897461 4.128910 9
-35.368809 -749.731018 44.943111 9
-37.799053 -737.114502 23.010256 9
-36.347427 -736.536499 5.010579 9
-36.320431 -736.372314 9.530919 9
-38.768654 -737.253845 33.756287 9
-35.949806 -737.673157 10.886508 9
-38.771378 -741.864990 22.393261 9
-36.564377 -736.373657 0.916077 9
-36.654278 -737.115356 24.364891 9
-34.317997 -738.256165 18.035152 9
-36.110813 -748.592163 38.457397 9
-38.133526 -742.258423 23.130043 9
-38.658134 -736.030334 41.323303 9
-37.370728 -743.473450 26.198685 9
-36.961189 -738.512085 35.074677 9
-37.889763 -738.949707 13.456161 9
-35.697155 -742.371094 24.074793 9
-32.142414 -741.876282 29.805649 9
-32.626373 -743.495972 32.246078 9
-33.520950 -749.766357 43.797478 9
-37.559776 -746.078430 32.400677 9
-37.504078 -741.654175 20.573307 9
-40.178604 -744.767395 30.482643 9
-38.778728 -738.073364 34.620861 9
-35.830883 -738.079468 2.713070 9
-37.503475 -738.519104 7.936611 9
-36.973011 -738.940674 31.352722 9
-30.238586 -743.463135 37.809994 9
-36.759953 -736.579102 1.631171 9
-33.350128 -745.537720 35.448811 9
-36.884331 -736.900635 8.899534 9
-30.684765 -744.217224 38.580727 9
-35.630749 -738.903442 27.304594 9
-34.002201 -749.923157 44.253975 9
-37.884274 -738.171387 16.544399 9
-37.606892 -742.616760 24.204592 9
-35.903385 -749.839050 42.317589 9
-30.247194 -744.635315 40.237099 9
-37.489727 -739.005066 36.692257 9
-38.352844 -736.705872 35.339088 9
-37.424355 -736.682556 10.085333 9
-36.001705 -737.976257 3.883984 9
-33.767010 -749.336853 46.429726 9
-36.631634 -736.958496 27.753464 9
-40.032986 -737.288452 43.748268 9
-37.771313 -736.840759 7.474416 9
-37.083454 -739.066650 3.293714 9
-36.007385 -738.239746 9.436273 9
-35.577972 -738.393433 29.076588 9
-36.603310 -736.111877 36.603996 9
-32.860527 -749.226990 43.410980 9
-37.225864 -735.474609 38.994282 9
-35.807144 -739.296570 13.845333 9
-37.612747 -738.650269 5.883017 9
-38.042347 -737.061035 29.022591 9
-36.649944 -749.519287 43.545280 9
-34.633385 -744.715393 31.903328 9
-38.442894 -738.089722 15.096004 9
-37.698368 -738.907166 33.020573 9
-36.684406 -736.570923 33.551464 9
-32.306877 -738.691162 23.736179 9
-32.510674 -743.870972 33.274845 9
-40.225494 -747.341431 36.975185 9
-37.647354 -737.509338 20.991474 9
-37.632545 -736.775574 0.862075 9
-39.369358 -737.258179 39.235664 9
-37.737591 -736.504150 9.206807 9
-37.765980 -738.884033 12.231936 9
-38.022350 -737.850281 24.497885 9
-41.481308 -746.374939 33.825191 9
-36.749477 -735.630859 38.118885 9
-38.267086 -739.399536 15.766380 9
-37.949329 -737.705444 21.609118 9
-39.131287 -738.353882 17.655462 9
-31.246113 -745.713257 40.043602 9
-38.613632 -736.091431 40.755245 9
-35.810387 -737.275024 6.734462 9
-37.271576 -749.341553 40.995129 9
-38.908478 -738.033875 35.803268 9
-35.146473 -746.484680 35.048119 9
-34.657722 -749.932922 43.480930 9
-39.155087 -737.849060 38.194675 9
-31.219761 -740.026794 27.925110 9
-32.558949 -748.600891 43.206100 9
-33.531883 -742.960510 29.557890 9
-37.510155 -737.242065 2.311738 9
-36.040874 -736.466370 34.584949 9
-38.701229 -738.325378 40.671577 9
-38.164665 -737.931824 6.870369 9
-39.815262 -736.124939 44.347710 9
-32.312580 -742.801208 31.367657 9
-37.010731 -739.920654 12.420136 9
-40.476254 -747.039307 36.313164 9
-32.810192 -747.865173 45.463200 9
-33.064846 -739.245544 22.487741 9
-37.521229 -737.371155 11.975273 9
-36.549725 -738.587585 33.199707 9
-36.668118 -741.538086 18.607405 9
-39.553688 -745.159851 31.328308 9
-37.821991 -736.371887 34.869862 9
-30.744453 -742.321472 34.961544 9
-32.438683 -747.535339 41.023792 9
-35.050030 -750.254822 44.336494 9
-37.762611 -738.739807 30.671083 9
-37.996204 -738.647339 19.402309 9
-33.716084 -738.982361 20.362295 9
-37.465752 -740.259583 15.995906 9
-37.247002 -736.391052 10.659257 9
-38.314999 -738.910950 -0.714000 9
-38.974449 -738.358582 41.388557 9
-34.458359 -739.448547 18.539280 9
-38.525944 -736.359131 36.472900 9
-30.826042 -740.296631 28.971031 9
-40.865028 -739.594055 21.839758 9
-32.174541 -743.023682 32.359444 9
-37.650410 -739.270264 38.465607 9
-38.137356 -737.451294 9.396928 9
-35.203087 -748.748596 39.680286 9
-40.276596 -739.059631 20.190962 9
-35.970974 -737.817871 13.739573 9
-34.821705 -743.831970 29.758690 9
-40.903111 -743.653931 28.555435 9
-36.939026 -739.628235 8.108505 9
-38.547791 -738.517578 35.017998 9
-37.791229 -745.744141 31.647064 9
-35.844749 -744.469727 30.065695 9
-36.450893 -738.789978 6.289184 9
-41.473694 -740.563904 23.034903 9
-32.572014 -739.489990 24.704201 9
-35.243233 -737.899597 15.925972 9
-36.349709 -736.531921 4.001481 9
-38.860119 -744.576660 29.135483 9
-36.845768 -739.961182 10.374701 9
-38.637203 -745.390869 31.142086 9
-36.653950 -744.236694 28.518295 9
-37.842178 -741.934814 21.584656 9
-32.256817 -740.292236 27.166553 9
-30.855507 -744.986389 40.959721 9
-37.642155 -749.123474 40.276737 9
-36.779018 -736.353760 34.473515 9
-35.155117 -750.448059 45.545612 9
-32.515182 -738.256897 22.700962 9
-34.115910 -748.210999 39.739147 9
-35.420376 -740.070374 17.145231 9
-33.252407 -742.288452 28.589605 9
-39.205105 -742.249634 23.032719 9
-41.066650 -739.671509 22.357178 9
-37.727581 -738.407776 25.180855 9
-32.482906 -747.101562 39.924450 9
-36.098534 -737.846741 24.674547 9
-33.958035 -740.622742 22.565683 9
-37.422493 -742.969238 25.201630 9
-35.541534 -740.480103 17.943272 9
-31.402561 -748.453857 44.312531 9
-36.520618 -741.424072 19.536854 9
-37.899261 -738.385559 17.801126 9
-36.579556 -736.888977 29.877544 9
-33.357986 -749.139465 42.670418 9
-35.302574 -738.415161 14.205496 9
-36.077785 -738.175781 4.910708 9
-31.827776 -744.531189 36.119293 9
-33.873074 -741.355774 24.771620 9
-36.295849 -738.369385 2.913961 9
-38.598320 -738.688110 39.787075 9
-37.194885 -736.808533 5.266110 9
-38.184193 -744.276733 27.828215 9
-31.958822 -743.813110 34.438274 9
-38.032375 -748.832458 39.452080 9
-35.923626 -746.940308 35.424419 9
-36.492043 -749.758606 42.132004 9
-37.262527 -741.867798 21.171110 9
-31.281452 -743.180298 34.785645 9
-39.216644 -736.115906 42.280903 9
-38.721218 -736.240906 38.632866 9
-41.303768 -740.522705 24.127441 9
-34.774632 -740.756836 20.809500 9
-40.361237 -743.102539 26.617178 9
-37.475517 -737.536316 16.055746 9
-37.240276 -738.735535 23.686747 9
-38.736877 -738.937622 15.729863 9
-34.773590 -741.836304 24.159599 9
-39.653801 -737.424744 41.932850 9
-34.125164 -738.770630 19.321632 9
-41.747391 -743.120972 29.660862 9
-33.405643 -740.332886 23.421221 9
-37.707531 -735.860779 39.923016 9
-37.231606 -737.252014 17.223591 9
-37.764107 -738.161072 19.542650 9
-37.051029 -736.077087 37.451496 9
-36.935493 -739.471863 9.827154 9
-39.707348 -736.713074 43.880291 9
-33.933220 -749.577942 43.168690 9
-35.133175 -743.430542 28.149042 9
-38.888885 -736.056580 43.432648 9
-38.206722 -738.572998 4.869915 9
-36.497787 -739.499878 26.217690 9
-36.372818 -742.534729 23.999218 9
-36.396412 -739.281311 9.796744 9
-35.882843 -739.791626 14.313314 9
-37.944855 -736.663757 -0.240800 9
-37.011623 -736.236084 35.215889 9
-38.327999 -738.893372 38.761227 9
-39.210163 -736.261780 43.031738 9
-30.800320 -742.128845 34.305679 9
-33.821053 -746.632141 36.489429 9
-36.105267 -736.217651 35.359791 9
-38.581322 -736.773682 32.139675 9
-37.595551 -736.713379 29.156569 9
-38.093685 -738.668518 2.729735 9
-38.544529 -737.328003 30.650005 9
-38.336853 -737.734863 28.355890 9
-38.609825 -738.362061 6.262064 9
-32.651825 -750.429871 45.688046 9
-37.525391 -737.312012 14.993776 9
-41.302513 -741.749084 24.230688 9
-38.851582 -736.969299 35.920456 9
-41.722752 -741.152405 24.373594 9
-37.051239 -740.277100 14.537207 9
-36.860115 -736.840515 2.549918 9
-41.308468 -740.003845 23.445721 9
-37.234955 -738.684082 -0.712713 9
-36.167320 -738.065735 19.117754 9
-36.794800 -741.281128 17.888922 9
-31.295820 -742.483398 33.305729 9
-37.553394 -737.533569 12.651590 9
-37.459702 -739.264038 2.037726 9
-41.128227 -740.931519 23.529873 9
-39.110149 -740.754456 19.920143 9
-38.297180 -737.337463 6.443383 9
-36.228531 -743.157410 26.289131 9
-37.525970 -737.607544 13.505431 9
-38.696552 -742.374207 23.396561 9
-40.132858 -745.296265 31.705853 9
-38.938210 -737.502441 35.103889 9
-36.675365 -739.161560 8.210077 9
-39.157272 -744.879822 30.047832 9
-32.417130 -745.100830 35.784534 9
-35.010067 -738.460632 16.417711 9
-34.520855 -738.631592 17.388702 9
-37.936226 -738.352722 10.418611 9
-34.793903 -746.703369 35.438534 9
-35.651600 -737.600830 30.948286 9
-36.721329 -736.633606 9.911905 9
-37.154282 -742.264343 22.542601 9
-37.566338 -739.080383 35.875961 9
-34.039959 -748.905334 41.683922 9
-37.639221 -745.013306 29.780357 9
-37.644245 -738.484924 8.907545 9
-39.199520 -738.152405 42.029423 9
-41.459488 -743.541016 29.231441 9
-38.693233 -736.597412 37.264378 9
-34.725067 -742.712280 26.953022 9
-33.029213 -742.591614 29.601616 9
-36.776203 -741.635437 20.319786 9
-36.723320 -737.299927 10.641944 9
-38.090366 -738.028137 22.528658 9
-32.931843 -738.569641 22.268703 9
-35.632915 -737.326416 5.680174 9
-36.987118 -739.287231 23.988749 9
-32.830967 -740.276855 25.269001 9
-37.977360 -749.086548 41.617424 9
-38.362793 -738.497864 33.240780 9
-36.063347 -738.978088 26.407194 9
-39.085911 -748.431458 39.102444 9
-38.216324 -739.060791 39.356838 9
-39.618191 -740.289246 19.987869 9
-38.221321 -737.569214 2.317379 9
-35.671581 -740.807678 18.466999 9
-36.829781 -735.743774 0.017953 9
-37.895203 -738.826660 1.364838 9
-36.862583 -744.679871 29.486889 9
-35.822052 -750.141357 43.826801 9
-37.761547 -737.223022 11.000262 9
-37.987488 -740.887634 19.047319 9
-36.310955 -736.787659 7.069004 9
-37.701672 -736.365723 32.026524 9
-37.796074 -738.622925 21.991203 9
-37.292614 -737.359680 11.366348 9
-38.206371 -742.066833 22.573074 9
-36.186031 -736.422119 36.396160 9
-30.805477 -743.252991 37.044525 9
-35.488560 -739.644592 15.790077 9
-38.569740 -748.203552 37.077530 9
-36.119087 -737.938232 23.130251 9
-33.956688 -743.414856 29.889244 9
-30.796988 -741.720825 32.635109 9
-37.835880 -738.607422 4.480698 9
-32.311253 -739.041321 24.456543 9
-36.213795 -749.135437 39.452145 9
-38.457218 -737.506531 16.006294 9
-35.800228 -738.395874 27.265112 9
-39.553234 -740.881226 20.840279 9
-35.889519 -738.634338 12.879358 9
-38.392029 -739.201965 0.095087 9
-36.662891 -737.120850 25.208725 9
-37.756832 -738.645935 11.271899 9
-32.773273 -743.069519 31.147650 9
-31.814943 -741.039368 29.020885 9
-37.735794 -737.189392 0.497424 9
-37.466946 -744.135193 27.828789 9
-31.398218 -743.775818 35.815449 9
-35.980675 -743.803467 27.768654 9
-39.851742 -738.952454 19.245058 9
-35.561745 -737.124756 33.101883 9
-35.782295 -737.630249 29.805485 9
-37.612961 -736.884460 3.911268 9
-37.845024 -744.619995 28.805218 9
-36.092484 -738.210571 22.227060 9
-36.208771 -740.483887 15.091928 9
-37.201576 -739.067993 6.943358 9
-35.499931 -749.643799 41.780907 9
-36.744400 -746.268066 33.240585 9
-34.653358 -745.239258 32.875706 9
-37.014751 -736.947449 1.119187 9
-37.875214 -740.005066 16.376148 9
-34.669304 -742.871826 27.472992 9
-31.253717 -742.834351 34.073807 9
-36.126686 -737.923889 7.951306 9
-35.929604 -738.022156 26.327410 9
-38.473595 -738.431458 -0.821006 9
-39.587563 -735.999023 43.882450 9
-33.712440 -748.242432 40.248978 9
-38.830517 -737.789917 33.585720 9
-32.738724 -741.366272 27.626293 9
-37.238426 -738.961731 35.192265 9
-37.417942 -736.456421 0.256703 9
-38.100407 -736.597107 33.742641 9
-36.951412 -739.814941 11.668217 9
-36.830318 -736.622620 0.081122 9
-35.076992 -741.114136 21.848938 9
-37.398582 -745.155212 30.286909 9
-40.491348 -741.604858 23.549217 9
-39.530491 -737.508118 41.307610 9
-36.275906 -737.860046 17.254616 9
-35.848656 -736.773010 6.572497 9
-31.852226 -743.060181 33.148434 9
-36.095127 -737.409241 1.248797 9
-35.775120 -737.645508 15.999228 9
-37.207783 -738.891174 23.183451 9
-32.080948 -748.525146 43.422924 9
-37.847019 -737.119873 8.459994 9
-31.475531 -740.459045 28.194660 9
-37.801682 -735.935913 -0.654648 9
-36.674049 -736.570068 32.492958 9
-33.239552 -738.210449 21.085430 9
-31.099367 -740.707581 29.706266 9
-37.629303 -738.637390 28.483578 9
-34.779335 -749.374512 41.489861 9
-36.547321 -737.352722 12.271185 9
-33.990345 -749.203613 42.167339 9
-36.008553 -737.324219 14.826272 9
-36.059486 -738.690063 7.239627 9
-32.453907 -746.030151 37.553112 9
-39.543961 -739.060608 18.206648 9
-33.195709 -744.247314 32.799271 9
-33.778458 -745.336731 34.531376 9
-36.711151 -739.073303 7.373994 9
-37.640251 -736.776917 29.897245 9
-37.943169 -736.307251 35.838451 9
-37.692463 -737.394348 3.517214 9
-31.575891 -741.881958 31.015358 9
-36.716835 -737.269531 22.608011 9
-31.161465 -746.197083 41.500656 9
-36.355259 -740.013672 13.401269 9
-37.556030 -735.961609 40.532494 9
-32.926311 -747.165466 38.883018 9
-33.121899 -743.468262 31.293295 9
-37.512169 -738.568604 24.539127 9
-36.750092 -741.004333 15.535369 9
-36.519382 -749.688538 41.612434 9
-34.199986 -746.089905 35.025227 9
-36.029427 -738.311890 23.654419 9
-31.757702 -746.460571 40.060131 9
-33.369247 -750.564575 45.437565 9
-37.284843 -738.763489 2.865234 9
-33.878757 -744.790222 33.359116 9
-36.254021 -737.099426 2.924748 9
-37.316650 -740.967712 18.756672 9
-33.691555 -747.720276 38.784733 9
-36.951542 -739.585266 9.107533 9
-39.813705 -743.734131 27.426075 9
-40.089790 -738.236755 19.826372 9
-37.970303 -738.961426 34.643639 9
-39.257805 -748.087097 39.677910 9
-37.123505 -736.821167 8.368524 9
-36.520699 -737.011292 3.465532 9
-35.902454 -738.311890 0.322416 9
-35.948463 -738.544189 16.608028 9
-34.677189 -747.767944 37.829742 9
-39.595959 -748.092407 38.386059 9
-41.222237 -742.435730 26.231070 9
-37.429066 -738.927063 8.702994 9
-37.144531 -736.757874 1.971565 9
-34.971851 -739.294434 16.663359 9
-33.884594 -744.387390 32.116467 9
-41.061764 -744.180359 29.980764 9
-41.910732 -743.810364 29.728561 9
-37.104824 -736.913757 26.204645 9
-39.321705 -738.391174 39.119534 9
-35.854786 -740.500122 16.634621 9
-37.121914 -737.309570 16.415403 9
-34.548256 -748.829834 40.491493 9
-36.820210 -743.561584 27.080643 9
-36.793983 -737.493896 13.092365 9
-30.755541 -742.067139 33.474297 9
-38.600853 -738.691589 3.941480 9
-39.781200 -738.095337 42.923611 9
-40.073120 -738.732605 19.695072 9
-35.599670 -742.166138 23.583517 9
-37.411453 -741.223083 19.696260 9
-36.202744 -736.952332 8.277389 9
-35.027763 -749.182434 40.633862 9
-37.380379 -735.491577 39.656418 9
-31.761436 -746.967285 41.286053 9
-38.781685 -748.569275 37.979099 9
-41.004318 -743.774841 29.043648 9
-40.637768 -738.895325 20.530647 9
-37.740948 -738.724976 3.880558 9
-34.782223 -744.621826 31.251223 9
-37.511383 -736.366028 34.240074 9
-36.702164 -743.928528 27.737474 9
-38.027489 -738.081604 26.126486 9
-37.448227 -739.720825 13.735470 9
-36.368183 -736.833557 5.886002 9
-36.292244 -749.166748 39.945595 9
-33.193047 -746.690674 45.442081 9
-36.170326 -737.740356 8.446188 9
-38.225113 -737.706848 -0.024281 9
-37.361317 -736.684204 -0.381970 9
-36.960461 -738.565674 34.501743 9
-35.856911 -738.090515 -0.147180 9
-36.946354 -737.274536 21.608753 9
-38.558903 -738.575012 14.922974 9
-35.713787 -736.818604 34.973248 9
-39.365616 -745.693420 32.365810 9
-37.042404 -736.541138 31.369638 9
-37.355278 -739.379761 23.151459 9
-36.271980 -737.511108 9.221998 9
-39.978424 -736.476501 45.424862 9
-36.197575 -736.932983 31.678747 9
-39.117287 -748.050781 37.504192 9
-37.496738 -738.841431 9.544989 9
-35.148174 -745.842529 33.494392 9
-37.977104 -739.119141 14.190603 9
-38.138889 -738.762878 0.350330 9
-35.925964 -737.757202 12.778382 9
-35.532375 -741.062317 19.610264 9
-30.890846 -746.181091 42.582058 9
-37.966557 -736.017456 38.069698 9
-40.275463 -739.818298 20.657890 9
-38.922661 -746.661072 34.334202 9
-30.802042 -744.392944 39.790321 9
-37.705414 -739.431030 10.150610 9
-37.485188 -738.915710 21.683567 9
-37.818893 -737.511475 20.522636 9
-39.150238 -743.998169 27.772467 9
-34.909573 -739.725098 17.571028 9
-35.223698 -739.095703 15.756757 9
-39.726254 -736.603638 44.480526 9
-34.203384 -744.850708 32.781139 9
-38.276524 -737.634705 1.385952 9
-33.872021 -748.461792 40.693550 9
-33.721691 -745.730835 35.008629 9
-31.270521 -742.127258 32.350327 9
-37.061722 -739.242126 35.739178 9
-39.479969 -739.810669 19.060001 9
-37.826614 -735.994629 38.933285 9
-35.688858 -739.781738 15.197231 9
-37.779572 -737.992310 10.024063 9
-39.036388 -738.210449 42.670811 9
-34.000641 -739.331543 19.607319 9
-35.967560 -741.842773 21.670424 9
-41.422771 -744.435974 30.942762 9
-33.961403 -743.743103 30.680429 9
-31.939480 -748.724854 43.890327 9
-37.614914 -739.404480 37.747528 9
-38.541714 -736.958252 34.320175 9
-38.346920 -744.349670 28.358843 9
-37.600830 -739.081360 0.691501 9
-31.479242 -741.390808 30.383778 9
-32.680725 -740.881958 26.781286 9
-35.228962 -738.387268 15.647171 9
-37.733414 -737.716003 14.283046 9
-38.235817 -737.498352 26.707127 9
-40.652061 -739.425537 21.178192 9
-35.647320 -737.582581 2.793908 9
-33.816715 -747.366089 37.787395 9
-30.346298 -742.740356 36.359039 9
-36.075069 -738.206970 9.921824 9
-40.028240 -744.290405 29.009737 9
-39.889561 -739.740417 19.909540 9
-38.556061 -738.687256 36.948338 9
-37.778111 -737.233154 13.253115 9
-36.196125 -736.571289 -0.408183 9
-36.451881 -738.467651 32.121449 9
-39.064999 -737.325378 36.440434 9
-38.013416 -738.536560 18.611809 9
-34.326042 -750.737854 46.040668 9
-36.669678 -736.713562 4.345990 9
-35.890835 -738.311829 1.871649 9
-38.375069 -738.849792 37.856201 9
-37.196175 -749.460571 43.665077 9
-37.445442 -740.156860 15.506316 9
-37.162930 -738.962524 4.940848 9
-37.699505 -737.073486 25.107985 9
-33.980331 -748.612244 46.525059 9
-37.292652 -738.824646 3.686097 9
-36.039818 -738.820862 25.508577 9
-37.745396 -737.098389 9.976561 9
-35.273766 -738.696716 14.685475 9
-30.274000 -744.005737 38.816738 9
-35.474743 -743.313782 27.272566 9
-35.307980 -741.721619 22.790710 9
-39.032387 -741.191467 20.605778 9
-36.002083 -736.930542 7.620013 9
-38.575909 -740.373230 18.386805 9
-36.156914 -742.207275 22.530798 9
-37.941402 -738.274536 6.588375 9
-32.615948 -750.118042 44.923550 9
-37.452648 -736.752380 2.957112 9
-38.260857 -738.667236 33.885937 9
-39.117249 -738.789551 41.068348 9
-32.110439 -746.668274 39.750778 9
-38.686146 -738.184937 17.536604 9
-40.112366 -744.533386 30.037624 9
-30.697584 -746.653625 43.311172 9
-39.235970 -737.361816 37.446114 9
-40.685005 -747.010193 35.766991 9
-32.295055 -740.131226 26.182924 9
-33.794083 -740.101990 21.674742 9
-40.304775 -747.855835 37.263256 9
-32.323845 -748.086487 42.336697 9
-32.959724 -747.964355 40.805084 9
-37.517319 -739.816467 14.596155 9
-35.260536 -737.400269 32.198811 9
-36.849308 -737.373596 18.793783 9
-37.654434 -738.680969 10.656549 9
-40.875462 -742.575745 25.813210 9
-38.663990 -748.573914 40.696678 9
-38.099632 -738.100342 9.074626 9
-38.014305 -737.544373 23.437731 9
-36.541767 -736.637939 30.914427 9
-31.766136 -745.349365 37.779953 9
-34.767605 -750.336060 44.769211 9
-37.464920 -748.840515 39.228550 9
-38.397964 -736.901367 -0.205912 9
-41.593956 -743.995483 30.300550 9
-31.974663 -739.098206 25.395777 9
-34.317051 -740.133667 20.084496 9
-37.266773 -736.887573 10.508587 9
-38.165157 -748.477356 37.612110 9
-38.691200 -737.542847 32.855183 9
-37.694859 -743.824890 27.064047 9
-37.922813 -738.323181 22.956211 9
-31.059462 -746.669678 42.649010 9
-31.823061 -748.051208 43.434933 9
-37.757805 -736.814209 28.117683 9
-36.563911 -736.236389 10.245597 9
-35.568043 -737.858398 13.342360 9
-35.963913 -736.030701 35.790939 9
-31.518820 -746.803467 41.706882 9
-40.022953 -740.313721 20.695843 9
-31.081158 -744.151672 37.331448 9
-32.399185 -744.276245 34.274628 9
-31.662460 -739.666992 26.774191 9
-31.954586 -749.500366 44.492359 9
-31.599457 -744.706726 37.045700 9
-36.479496 -746.647217 34.066811 9
-37.343102 -735.961548 38.866302 9
-34.381069 -743.619080 29.718534 9
-36.630959 -748.805542 39.252670 9
-39.574806 -738.142578 19.060587 9
-30.792625 -743.708862 38.224907 9
-36.452038 -738.132629 32.690796 9
-34.896053 -742.051514 24.590473 9
-36.683647 -737.492432 19.414932 9
-37.739971 -739.365112 12.200516 9
-35.549164 -747.031494 35.862949 9
-35.409966 -746.114258 34.111263 9
-39.006016 -739.586548 17.837650 9
-31.521107 -742.014648 31.475340 9
-38.869534 -742.719910 24.270111 9
-37.878082 -737.287170 -0.052679 9
-34.302979 -749.006470 41.289837 9
-33.757278 -739.394714 21.161900 9
-38.041904 -738.236816 12.827349 9
-36.092392 -739.288757 11.285036 9
-35.985054 -738.728455 21.685246 9
-31.529881 -745.478271 38.565563 9
-39.788437 -737.556091 42.859173 9
-41.360462 -739.609131 21.963943 9
-40.837479 -745.983215 33.340195 9
-36.415462 -742.022766 21.767374 9
-38.744102 -738.454529 -0.027648 9
-37.631218 -739.577026 14.193568 9
-37.287880 -737.043396 23.761469 9
-38.635345 -739.278259 -0.716794 9
-33.892494 -747.179932 37.253033 9
-34.273365 -748.724854 40.894066 9
-36.135872 -737.758118 10.163091 9
-37.476326 -739.258789 11.737647 9
-36.911407 -743.483154 26.514294 9
-34.595234 -739.984192 19.156115 9
-32.359428 -747.257202 40.477131 9
-34.455750 -740.735474 21.530184 9
-35.510502 -738.705688 13.870839 9
-36.714420 -749.134460 40.240677 9
-36.431133 -741.234253 16.903309 9
-32.483238 -739.855530 25.573061 9
-38.506027 -737.717468 29.498804 9
-36.827919 -749.911682 42.918709 9
-37.875866 -749.189941 42.639320 9
-38.377243 -738.417603 0.628067 9
-37.167526 -749.066650 39.880547 9
-37.071339 -736.625549 3.458142 9
-36.073174 -737.525513 27.316208 9
-38.035774 -735.941956 40.281326 9
-34.058990 -745.178406 33.611267 9
-38.222523 -735.628784 40.760574 9
-41.046654 -742.279297 25.330906 9
-33.213512 -746.938904 37.914082 9
-33.715099 -741.664246 25.717468 9
-36.215630 -737.922424 20.974365 9
-37.661686 -739.708069 11.736758 9
-38.412483 -744.754761 29.202454 9
-38.366928 -738.044495 5.282620 9
-39.725716 -746.537537 34.298428 9
-38.276043 -741.160034 20.054483 9
-35.839264 -737.691956 6.351850 9
-37.461193 -748.597961 38.771259 9
-38.099754 -736.160889 38.575188 9
-35.557598 -736.483643 34.421589 9
-36.338432 -741.175903 17.914478 9
-35.518566 -738.093384 30.223047 9
-34.893700 -750.522461 45.969959 9
-36.418121 -739.595581 10.690668 9
-33.339069 -747.292114 38.612507 9
-35.734005 -748.619629 38.771526 9
-36.388103 -740.523926 14.588999 9
-36.071812 -737.239929 3.431749 9
-36.382221 -737.370300 23.803665 9
-35.516048 -737.978943 31.640936 9
-36.766193 -736.144470 38.348785 9
-37.584831 -736.434570 31.053707 9
-34.926922 -739.911987 18.154255 9
-35.287720 -737.870239 30.695820 9
-37.858887 -737.374878 24.157316 9
-31.703281 -741.181885 29.459267 9
-35.017399 -748.459473 39.336483 9
-36.419838 -739.775513 11.980780 9
-35.722164 -747.573608 36.619736 9
-36.474346 -737.745300 16.465874 9
-35.290337 -748.331604 38.760685 9
-30.832998 -743.159729 35.874031 9
-39.437477 -737.960449 41.190968 9
-36.652870 -737.053833 0.779348 9
-38.263443 -736.950684 7.654920 9
-38.571400 -738.243469 6.925303 9
-32.582443 -744.159424 33.655918 9
-33.531868 -741.754578 26.326801 9
-35.899487 -738.219543 10.986549 9
-38.092003 -736.985779 29.961786 9
-34.958191 -738.922913 16.355686 9
-38.095356 -736.709900 -0.767321 9
-36.522373 -745.952087 32.689201 9
-36.821449 -749.318115 40.686283 9
-35.187996 -745.278320 32.269058 9
-38.940262 -736.120422 40.398083 9
-34.369373 -741.932556 25.410179 9
-38.037254 -735.887024 41.193230 9
-33.703960 -746.786011 36.950424 9
-37.762283 -736.792358 8.129701 9
-38.860508 -738.524475 38.669064 9
-39.484272 -743.593445 26.943001 9
-36.150818 -738.646240 7.905658 9
-36.564068 -737.048889 1.700463 9
-38.629143 -737.749695 31.993055 9
-36.170517 -738.208252 0.782094 9
-33.028149 -740.289062 24.365458 9
-37.093029 -749.450684 41.426849 9
-38.887402 -736.636902 39.475021 9
-38.237720 -748.738892 38.651257 9
-35.888359 -749.284302 40.278828 9
-30.778015 -745.114807 40.435097 9
-41.905933 -743.343384 28.892557 9
-32.729828 -746.628418 38.235123 9
-34.382328 -748.054871 38.704960 9
-34.608181 -748.602783 40.078571 9
-37.749294 -738.447083 7.229383 9
-35.817379 -741.205688 19.147326 9
-33.541580 -739.219238 21.781090 9
-38.321140 -737.659363 14.939345 9
-39.227623 -736.624084 41.373196 9
-34.392162 -748.273071 39.218197 9
-38.457756 -738.506042 40.267105 9
-37.832321 -738.779419 35.522316 9
-37.391750 -737.537659 14.612969 9
-38.209061 -738.113770 29.118402 9
-30.901421 -741.493103 31.615211 9
-36.534149 -737.078552 -0.202402 9
-37.960323 -737.881470 12.506972 9
-37.745716 -738.879578 7.745218 9
-38.555473 -736.695801 33.410740 9
-37.013130 -737.415955 13.507005 9
-38.251541 -737.216003 5.061581 9
-39.218781 -738.003235 37.128883 9
-34.952801 -746.171753 34.390995 9
-38.452656 -747.326111 35.715034 9
-37.606724 -739.557068 10.952019 9
-36.799313 -735.818420 -0.439935 9
-35.362560 -750.103027 46.016838 9
-38.057621 -736.108643 36.658558 9
-37.511524 -738.763672 27.965202 9
-38.177059 -736.603149 10.249029 9
-41.674622 -740.816772 24.043455 9
-33.617596 -744.390198 32.514683 9
-35.866150 -737.741577 29.138077 9
-32.047386 -742.136169 30.806662 9
-34.156982 -750.429932 45.298607 9
-38.301075 -737.091431 27.800774 9
-37.866302 -739.010132 36.405117 9
-37.227772 -736.801392 27.632812 9
-38.070843 -738.235535 28.571053 9
-38.298080 -738.487915 1.793079 9
-38.422607 -738.109009 31.290543 9
-38.350239 -737.533508 5.490595 9
-33.312073 -739.684814 22.720587 9
-36.856361 -747.714844 35.906822 9
-30.845318 -745.302979 41.721657 9
-36.203060 -738.631226 24.827925 9
-36.115311 -737.789185 25.134052 9
-33.162899 -739.956726 23.273003 9
-36.942253 -738.851135 4.078579 9
-37.607990 -736.993713 24.611315 9
-31.359535 -739.577698 27.158161 9
-32.646393 -740.557678 25.981525 9
-32.736458 -750.713501 46.142208 9
-31.759283 -742.555176 32.193554 9
-33.314594 -740.882385 24.744995 9
-35.348351 -742.666321 25.630278 9
-41.664768 -744.271240 31.321831 9
-32.110191 -744.909973 36.119137 9
-39.387859 -736.588501 42.150558 9
-37.354767 -741.368164 20.148211 9
-36.235504 -738.022156 16.812302 9
-31.446609 -739.992432 27.476685 9
-38.594204 -741.716675 21.844814 9
-31.272959 -745.054749 38.616867 9
-38.235352 -741.672180 21.045681 9
-39.597538 -736.832703 42.903820 9
-39.115532 -742.749756 24.691074 9
-36.213520 -737.349365 0.185971 9
-38.357452 -737.190613 28.716133 9
-33.642590 -750.404480 44.663303 9
-38.460484 -736.984436 29.487616 9
-35.642620 -749.779785 41.354805 9
-36.896969 -739.306702 4.521059 9
-38.742867 -735.999390 41.849197 9
-37.823612 -738.986694 9.896357 9
-39.189762 -738.810547 17.688860 9
-41.004173 -746.694763 34.033928 9
-39.996914 -741.580627 22.758034 9
-34.737385 -741.260925 22.273870 9
-35.902256 -738.347839 11.738806 9
-33.235989 -748.620911 41.786575 9
-38.711094 -738.040955 30.722921 9
-35.889652 -741.519714 20.708754 9
-36.775692 -743.148987 25.637098 9
-32.891754 -739.953064 24.843781 9
-37.966568 -738.637634 31.458197 9
-38.083050 -738.651001 32.228867 9
-32.515167 -741.588013 28.726179 9
-35.869766 -749.872375 42.797771 9
-37.687309 -742.286560 23.265066 9
-30.725096 -741.405273 32.060158 9
-36.247818 -737.211792 13.520226 9
-33.178967 -750.139771 44.744797 9
-39.259583 -738.007935 18.437876 9
-36.066910 -738.393311 17.590172 9
-38.127411 -739.677734 16.123322 9
-38.949879 -738.174011 34.110832 9
-32.886269 -742.275879 29.302555 9
-37.884281 -741.216125 19.668077 9
-38.507069 -736.493286 37.685207 9
-36.427273 -736.751221 8.692450 9
-37.861755 -738.717834 17.378263 9
-36.719879 -735.914368 37.101353 9
-30.563036 -746.357605 42.972862 9
-35.902714 -740.833923 17.514647 9
-36.993607 -740.942810 17.164158 9
-35.990002 -739.149719 11.988452 9
-33.509445 -747.816895 39.314625 9
-32.846828 -738.070435 21.693621 9
-34.940411 -737.229370 17.359060 9
-38.410881 -743.538269 26.553410 9
-37.055969 -740.392212 15.179467 9
-37.474152 -736.197266 35.185661 9
-40.798840 -744.756897 31.255957 9
-36.306522 -738.123657 31.164108 9
-38.224274 -737.001282 30.682283 9
-37.855789 -743.151489 25.115379 9
-36.208935 -741.414246 19.093365 9
-39.262108 -744.916138 30.501265 9
-35.805931 -748.896912 39.315006 9
-32.986507 -745.119324 34.801090 9
-38.036812 -737.791382 7.931723 9
-37.399170 -739.064026 31.773685 9
-33.297161 -741.923889 27.635754 9
-38.277676 -737.826965 1.806971 9
-35.677711 -745.600159 32.757343 9
-36.893215 -737.498474 11.029024 9
-37.255470 -737.143860 4.949177 9
-39.308674 -741.845154 22.283848 9
-40.434185 -737.222534 45.527691 9
-33.309807 -750.873596 46.280384 9
-37.307312 -741.965576 21.623915 9
-41.744686 -741.699707 25.497362 9
-38.698277 -740.926086 19.744650 9
-39.704067 -743.190552 25.834976 9
-36.431194 -736.188599 37.409073 9
-37.950382 -738.455750 8.056809 9
-36.253174 -737.622253 14.573350 9
-39.633724 -747.617798 36.720078 9
-31.092083 -744.993713 39.188194 9
-38.576057 -748.778076 40.078922 9
-35.657875 -739.363159 14.298870 9
-37.386211 -737.198547 18.878628 9
-37.803158 -736.844055 1.490657 9
-41.753651 -742.472046 27.012501 9
-37.279358 -736.213074 -0.594468 9
-33.515022 -738.857971 20.773153 9
-38.425358 -745.944275 32.390823 9
-36.453609 -737.133423 11.534773 9
-31.895210 -750.500061 45.640339 9
-39.876991 -747.756592 37.585175 9
-32.144588 -744.465027 35.202385 9
-40.110481 -736.996155 45.916019 9
-30.815805 -742.605652 35.566566 9
-36.181561 -749.942200 44.380096 9
-40.739269 -746.997131 34.729259 9
-38.267368 -737.603027 27.858767 9
-32.405396 -744.858459 35.364342 9
-38.036263 -737.276855 3.234767 9
-38.317009 -749.228333 40.933582 9
-35.461823 -739.100708 14.843328 9
-38.650478 -747.043091 35.069901 9
-36.593639 -736.132690 -0.064283 9
-36.551857 -736.635498 2.967298 9
-35.341591 -750.140991 45.240765 9
-36.247265 -744.264771 29.014200 9
-35.391094 -749.149597 40.171093 9
-38.234898 -737.806702 14.461421 9
-40.075745 -741.749268 23.297422 9
-38.282108 -738.586609 1.335698 9
-34.053589 -739.223511 20.074352 9
-32.059532 -746.231567 38.841290 9
-36.012970 -737.880249 7.387699 9
-35.412586 -737.525269 15.733514 9
-36.976460 -745.380127 31.116934 9
-38.360126 -745.136353 29.818979 9
-33.206818 -750.406921 46.282593 9
-35.284893 -739.779114 16.616352 9
-35.833008 -739.039307 27.984573 9
-38.959484 -738.199280 37.451660 9
-38.234669 -736.641968 34.181526 9
-38.637672 -738.220093 -0.421104 9
-32.071884 -749.800293 45.386059 9
-36.610184 -735.938843 0.910559 9
-32.965225 -747.365356 39.367203 9
-36.828728 -747.181763 35.072784 9
-36.181221 -737.653198 11.354656 9
-38.702568 -738.708679 -0.470293 9
-38.653816 -741.452209 20.969181 9
-36.741024 -736.766846 6.778973 9
-34.176601 -746.826538 36.276020 9
-37.023743 -738.675171 0.487734 9
-34.948204 -749.782288 42.430286 9
-38.258720 -738.009033 25.447784 9
-31.654226 -747.411682 42.543652 9
-36.067024 -744.740173 30.326708 9
-37.518085 -738.722717 -0.328310 9
-39.449966 -738.334351 39.730274 9
-37.926041 -738.480225 24.712196 9
-31.510504 -744.941101 37.623280 9
-38.149021 -738.636780 6.403960 9
-35.556297 -741.697388 22.216600 9
-35.497993 -737.943970 15.132054 9
-34.650848 -737.570557 18.207909 9
-38.304604 -748.682556 39.126129 9
-36.679905 -740.006226 12.811810 9
-39.111931 -742.040405 22.637993 9
-35.024525 -742.770325 26.608797 9
-38.320026 -737.652466 4.447138 9
-39.251633 -745.547424 31.953314 9
-36.941875 -739.251526 5.561447 9
-37.398537 -738.671265 26.637794 9
-39.395039 -737.660706 38.522942 9
-36.780746 -738.651367 2.531130 9
-37.268867 -738.732971 1.621532 9
-37.541569 -737.277405 10.348215 9
-33.528572 -748.545532 40.991268 9
-35.362492 -736.945007 33.469952 9
-40.251598 -742.666931 25.188898 9
-37.777283 -740.727539 17.935324 9
-31.415895 -748.794189 44.587212 9
-36.498131 -737.418213 20.851717 9
-37.315815 -746.924377 34.563641 9
-30.962976 -740.971008 30.396770 9
-37.984940 -738.348267 8.642615 9
-36.326157 -740.754211 16.108873 9
-38.203773 -737.937927 27.532495 9
-36.560749 -747.930969 36.844753 9
-37.425888 -737.488281 18.033735 9
-38.991272 -737.717957 35.506069 9
-38.265694 -737.704651 0.467233 9
-36.573395 -748.647034 38.822296 9
-38.890976 -737.647339 34.678322 9
-38.219727 -738.249512 30.023403 9
-38.385612 -737.966797 27.041368 9
-32.003208 -747.935852 42.734509 9
-40.529400 -747.346619 35.517185 9
-35.749420 -737.433289 2.032576 9
-39.681770 -745.783020 32.666458 9
-34.081413 -738.745178 18.873381 9
-31.245653 -747.979614 43.769608 9
-36.201126 -741.698669 19.732592 9
-38.158871 -738.340454 7.458780 9
-37.291183 -739.669434 12.703399 9
-35.930676 -737.956665 1.461624 9
-37.893688 -742.155273 22.248009 9
-33.669971 -742.502686 28.250406 9
-37.202518 -742.286194 22.984470 9
-38.372231 -748.847778 41.781437 9
-38.119141 -737.768677 13.407110 9
-36.871822 -738.945740 5.931985 9
-38.147091 -737.198669 10.275149 9
-36.027645 -739.112976 27.183561 9
-37.471924 -736.205688 36.642559 9
-38.225906 -743.478699 26.080017 9
-34.677197 -747.547791 37.437046 9
-36.685581 -736.604919 9.405804 9
-30.687115 -741.861572 33.058968 9
-30.304668 -745.774597 42.306839 9
-39.012039 -739.860352 18.249615 9
-41.670746 -742.277832 26.072336 9
-33.488068 -741.767334 26.781076 9
-38.857998 -738.778564 40.548958 9
-41.260162 -743.291748 28.313166 9
-33.272861 -747.726074 39.695877 9
-35.910831 -745.986206 33.362152 9
-35.747761 -750.012390 44.847084 9
-39.509991 -738.500061 41.989853 9
-36.170437 -750.066101 43.542324 9
-37.639515 -738.426025 23.686438 9
-31.833523 -743.325012 33.735714 9
-37.401150 -738.612061 25.977953 9
-38.459061 -738.044250 15.640598 9
-36.390827 -737.716431 18.128412 9
-37.701187 -736.907349 4.354763 9
-37.161228 -736.455322 33.489151 9
-36.010136 -742.206970 23.056875 9
-31.660959 -749.245483 44.691277 9
-32.249557 -746.740906 45.010101 9
-39.085880 -743.580872 25.980209 9
-35.895302 -743.287842 26.543924 9
-37.570644 -739.114929 11.318903 9
-36.579914 -741.870789 21.198303 9
-31.389420 -743.516174 35.215786 9
-35.390511 -740.992920 20.040714 9
-32.011448 -740.190857 26.721577 9
-30.956429 -745.415588 41.164093 9
-34.020649 -745.560547 34.232941 9
-32.632889 -749.681519 44.198418 9
-32.290638 -746.614441 39.187340 9
-37.376423 -748.093750 37.617912 9
-37.681526 -743.272400 25.933451 9
-38.937698 -747.448181 36.166058 9
-32.280998 -739.517456 25.209816 9
-38.913727 -748.571228 39.775627 9
-40.523117 -741.246094 22.720909 9
-32.757702 -741.658264 28.339003 9
-36.116432 -743.050903 24.515348 9
-37.621513 -747.363464 35.814713 9
-37.523960 -742.556763 23.750751 9
-37.306725 -747.804932 36.781544 9
-38.857101 -745.923157 32.693577 9
-36.984436 -739.671814 11.077085 9
-35.959618 -743.603210 27.319813 9
-37.750790 -737.764465 19.335373 9
-36.903389 -745.005493 30.275076 9
-36.962460 -739.011536 32.467693 9
-36.365040 -744.429626 29.421381 9
-36.748028 -738.920654 5.195860 9
-36.260551 -738.210510 -0.431343 9
-34.060341 -743.046143 28.904724 9
-40.835178 -743.204956 27.446436 9
-38.290989 -743.887329 27.398453 9
-33.278324 -744.515320 33.194641 9
-37.014400 -736.728638 5.657179 9
-38.207077 -738.983215 38.344288 9
-31.361654 -742.432251 32.808300 9
-38.279118 -737.053345 33.021290 9
-36.467655 -741.191833 16.431355 9
-31.975389 -740.577576 27.490320 9
-37.784687 -737.776550 10.991553 9
-36.955070 -739.275208 6.341207 9
-41.769257 -742.788391 28.680365 9
-36.634052 -748.250732 37.562912 9
-37.837818 -737.440613 2.592242 9
-37.645153 -739.045898 35.033913 9
-35.416061 -749.611633 45.370846 9
-37.023891 -748.829224 39.451550 9
-37.048618 -748.341797 38.223408 9
-35.968670 -738.563904 26.303036 9
-36.435669 -736.659058 1.345136 9
-38.904263 -743.872070 27.083111 9
-39.933826 -737.358887 44.748127 9
-35.307907 -742.474548 25.090305 9
-36.906677 -738.616150 0.937166 9
-35.904202 -736.596008 34.143314 9
-36.992966 -739.028931 33.366894 9
-36.672642 -749.933228 43.685181 9
-36.325825 -737.129639 2.312777 9
-40.895290 -746.594543 34.918671 9
-35.721355 -740.066711 16.033693 9
-35.761692 -746.384949 34.151646 9
-33.049534 -741.061584 25.910610 9
-33.562366 -742.596008 28.697218 9
-34.421322 -739.623474 18.936899 9
-31.489017 -746.069702 39.921268 9
-38.592194 -737.691101 31.462482 9
-35.440998 -744.035034 28.795347 9
-35.762394 -738.241028 0.931726 9
-38.734459 -738.386536 36.108646 9
-39.554058 -748.347107 39.188499 9
-35.303616 -741.261047 21.337782 9
-40.346825 -743.310486 27.108177 9
-34.277100 -749.514282 42.704746 9
-38.589848 -736.941223 34.930969 9
-37.205708 -736.759888 4.187034 9
-31.440825 -749.683289 45.136578 9
-36.429623 -737.045593 28.139063 9
-36.015903 -745.136414 31.105904 9
-36.252991 -747.996582 37.171791 9
-37.859200 -748.515015 38.522213 9
-40.399742 -747.482422 36.469246 9
-39.237225 -746.945190 34.294113 9
-33.599789 -748.753662 41.552608 9
-35.731426 -737.899902 3.553422 9
-36.920700 -738.855652 29.035353 9
-37.042824 -736.317322 10.273957 9
-35.746468 -737.375671 31.299440 9
-31.169453 -745.950928 41.890297 9
-35.949055 -737.149170 4.950831 9
-36.332504 -737.460388 10.705557 9
-35.519749 -737.490967 31.813435 9
-37.937637 -737.877380 9.561893 9
-37.579441 -740.334961 16.413473 9
-38.396023 -738.387939 5.895573 9
-38.845581 -743.339478 25.696749 9
-36.244728 -745.601257 32.049473 9
-39.652504 -742.261292 23.831787 9
-32.627636 -749.255493 43.824440 9
-37.267941 -736.781799 6.216002 9
-35.886116 -748.296204 38.040207 9
-35.668266 -749.705444 40.852715 9
-40.106377 -739.501892 20.195671 9
-34.416428 -745.403748 33.510601 9
-38.745514 -748.446899 38.492844 9
-37.142769 -749.624451 42.983833 9
-39.071423 -743.069519 25.347267 9
-35.989300 -738.486145 10.245072 9
-31.209606 -741.818665 31.706816 9
-37.624245 -736.930237 9.441809 9
-37.171196 -739.136475 34.223896 9
-30.807714 -741.196960 31.314552 9
-38.040630 -746.114746 32.529827 9
-36.212898 -738.301636 1.593735 9
-36.982990 -745.996521 32.295444 9
-34.104916 -747.616333 38.016365 9
-31.005463 -740.552246 29.265495 9
-38.267754 -749.374390 41.775288 9
-37.994938 -738.638916 11.892932 9
-38.909809 -738.860168 16.773161 9
-37.983871 -749.115479 42.113331 9
-35.912590 -738.775635 24.369789 9
-37.472122 -739.069702 0.013760 9
-38.141785 -739.195984 14.922547 9
-37.929653 -738.044312 24.098066 9
-37.212585 -736.036438 38.394344 9
-39.143055 -745.255920 31.154934 9
-38.878235 -739.034119 16.391003 9
-38.441845 -737.945007 2.630423 9
-41.101536 -742.934875 26.932093 9
-37.231300 -736.407043 31.940456 9
-32.537876 -742.460205 30.175129 9
-38.184158 -737.550354 24.769346 9
-31.915598 -747.445129 41.990364 9
-30.721342 -743.377136 36.606392 9
-37.478420 -747.093384 35.039375 9
-39.286655 -739.651672 18.545664 9
-36.066467 -739.389404 12.574334 9
-34.388859 -750.536255 45.670033 9
-36.765217 -736.420471 0.471577 9
-39.004765 -738.496338 42.235867 9
-36.685886 -737.504395 11.542411 9
-41.648060 -744.690735 31.485502 9
-38.703953 -738.482056 15.956505 9
-37.900368 -748.969116 39.892143 9
-35.907528 -736.930908 32.312748 9
-38.816078 -737.953125 32.641087 9
-41.425797 -741.880249 24.630911 9
-34.249592 -744.432983 31.894644 9
-39.497627 -738.357727 18.470909 9
-36.442913 -736.776978 7.660136 9
-37.752800 -738.463562 20.361868 9
-36.971775 -740.248230 14.107410 9
-36.375793 -749.421204 40.949490 9
-37.716549 -747.970703 37.321125 9
-39.160713 -736.954590 38.994690 9
-34.621334 -741.456665 23.222532 9
-41.469963 -743.866089 29.895931 9
-39.325596 -737.362305 39.667034 9
-32.448902 -741.063904 27.747839 9
-36.833908 -737.513489 13.911291 9
-37.657848 -737.152954 11.444026 9
-34.306988 -742.927002 28.160109 9
-36.181400 -737.622314 14.084373 9
-33.435265 -743.755798 31.397398 9
-38.189018 -737.624146 26.299389 9
-36.977577 -748.081299 36.917145 9
-36.261890 -742.027832 20.156372 9
-36.569183 -742.402527 22.491373 9
-30.280794 -744.156189 39.284962 9
-37.876904 -741.493958 20.727972 9
-40.752380 -741.401550 23.177164 9
-39.337036 -738.300293 41.653835 9
-33.253239 -740.670959 24.382032 9
-32.070137 -741.081360 28.332607 9
-36.604164 -739.221802 8.714624 9
-39.324547 -746.140381 33.236000 9
-38.250629 -748.074463 37.462963 9
-39.429802 -738.012146 43.170094 9
-35.464169 -738.367249 29.898558 9
-37.246006 -736.860474 7.268604 9
-39.991173 -737.498474 44.135208 9
-39.113987 -746.311401 33.701889 9
-37.400772 -746.216125 32.779037 9
-41.350445 -740.009338 22.490587 9
-38.103828 -739.453186 0.297520 9