-36.897350 -735.796448 38.632908 9
-38.884655 -738.877747 -0.853303 9
-36.529938 -741.828674 19.158630 9
-33.033932 -751.333740 46.280342 9
-41.911594 -744.305725 30.524834 9
-30.628813 -740.443237 29.488377 9
-36.760971 -736.050964 9.738787 9
-34.065319 -747.059753 36.821934 9
-38.243988 -737.034790 26.867104 9
-39.957821 -737.276550 46.361633 9
-38.424854 -749.146790 42.121029 9
-30.407963 -746.057251 42.639416 9
-35.852005 -743.483093 26.062269 9
-32.354309 -738.398682 23.244713 9
-40.683144 -747.532288 36.130474 9
-37.100822 -738.951782 32.943466 9
-41.179859 -741.462341 23.434229 9
-30.315411 -742.408020 35.318100 9
-35.666393 -737.499573 4.021996 9
-38.433163 -737.618408 15.428645 9
-36.221611 -745.398010 31.629873 9
-37.712330 -737.184387 21.522619 9
-34.256081 -737.679504 18.020071 9
-39.107414 -738.748657 41.827610 9
-36.612461 -740.198120 11.812145 9
-33.900097 -748.746704 41.191639 9
-33.220478 -747.164001 45.648354 9
-39.926170 -743.426270 26.929344 9
-30.990162 -744.721863 38.766258 9
-36.937176 -739.527100 7.558775 9
-32.655918 -743.226746 31.713217 9
-35.535877 -738.996460 29.098879 9
-39.141479 -738.171143 36.321545 9
-37.486256 -748.404358 38.329849 9
-36.423622 -736.012817 0.359568 9
-34.893696 -741.419006 22.866901 9
-32.830463 -740.899475 26.252300 9
-39.496948 -739.334229 18.791210 9
-36.291100 -740.736267 15.543583 9
-37.171097 -747.296753 34.777100 9
-35.921749 -749.604553 44.799583 9
-35.665527 -736.293091 35.035755 9
-39.972321 -745.893738 33.029076 9
-36.025391 -738.367554 24.394310 9
-37.825615 -736.538574 30.472635 9
-38.643059 -738.763733 2.794624 9
-39.384892 -735.746094 43.339100 9
-37.975803 -742.535828 23.631411 9
-32.645145 -744.791138 34.801914 9
-35.422794 -737.925354 13.994210 9
-34.799652 -743.598206 29.250633 9
-38.799191 -744.830017 29.632286 9
-38.353352 -737.217773 5.840169 9
-33.827850 -739.447021 20.654980 9
-38.028225 -739.350403 38.950710 9
-37.958324 -737.355652 12.343443 9
-37.288986 -737.249207 18.402964 9
-39.192703 -741.269531 21.075565 9
-30.514626 -741.303467 32.476189 9
-32.931648 -749.546387 43.893890 9
-35.744671 -736.878967 7.139083 9
-38.601006 -736.704529 33.888401 9
-32.642624 -746.975525 39.316635 9
-41.139214 -739.292725 21.472672 9
-39.248199 -736.928467 39.713669 9
-35.304676 -737.597046 31.448980 9
-37.869640 -738.520508 9.906898 9
-34.957016 -745.978821 33.958706 9
-35.848240 -738.386047 1.391521 9
-32.362331 -744.855042 44.695652 9
-32.807472 -741.974060 28.659124 9
-36.345341 -749.333191 40.490551 9
-41.753483 -742.407593 28.455109 9
-35.214622 -740.062317 17.795902 9
-30.928473 -747.988892 44.266502 9
-36.791325 -738.896423 35.489925 9
-36.337910 -739.385803 26.734423 9
-37.919876 -739.454224 13.818858 9
-36.927341 -739.374634 5.058911 9
-41.715218 -741.427551 25.862179 9
-36.125828 -738.112854 16.374001 9
-34.846409 -748.192871 38.878723 9
-31.555752 -738.894348 25.550087 9
-38.285629 -739.797119 16.666346 9
-37.774380 -736.110168 36.299896 9
-37.922634 -738.461914 28.954941 9
-37.028473 -744.069702 28.112164 9
-37.584045 -739.321228 22.679991 9
-37.393192 -736.716125 2.469953 9
-38.521996 -736.489502 -0.737589 9
-39.902142 -748.487793 38.291393 9
-36.847351 -741.999390 21.530539 9
-35.867390 -737.970520 11.395703 9
-38.062714 -737.187317 24.530279 9
-39.881363 -737.965576 43.951862 9
-32.023460 -747.372803 41.565689 9
-35.986809 -738.649719 20.916189 9
-35.370136 -749.877441 42.569958 9
-38.211895 -736.962280 8.132420 9
-34.255848 -749.035156 46.478920 9
-32.254665 -745.626221 37.101608 9
-38.355019 -735.525879 41.257423 9
-36.176857 -737.312866 27.731569 9
-33.212688 -740.384766 23.946499 9
-36.543697 -736.573181 33.000576 9
-38.052601 -743.287964 25.709162 9
-36.686436 -738.445923 -0.671882 9
-34.283329 -744.568787 32.355160 9
-36.154152 -747.818848 36.665367 9
-38.504635 -747.655029 36.492905 9
-37.802605 -746.294189 32.881187 9
-34.571629 -741.949463 24.975897 9
-31.385427 -739.555420 27.627676 9
-30.343664 -743.102539 37.380047 9
-39.922302 -742.651184 24.752697 9
-31.576019 -742.935913 33.576927 9
-38.759903 -738.079041 31.676098 9
-38.769508 -748.301270 40.145870 9
-30.240381 -744.906982 40.774597 9
-34.271408 -742.566467 27.256184 9
-36.088314 -737.901123 8.977580 9
-37.901562 -738.618774 19.972712 9
-38.255024 -737.790161 0.903204 9
-41.409569 -746.699341 34.310383 9
-39.054474 -737.790344 17.450058 9
-39.305565 -746.823181 34.740868 9
-37.083294 -738.906555 30.775791 9
-31.845938 -741.758850 30.505331 9
-35.176167 -740.973938 20.473135 9
-35.058689 -750.970215 46.020340 9
-40.538212 -744.001099 28.839911 9
-41.775429 -745.395081 32.222839 9
-31.561144 -750.075073 45.261974 9
-40.098366 -745.130127 31.186853 9
-36.023514 -742.961609 24.068699 9
-38.120754 -740.725342 18.538168 9
-38.879665 -736.820312 37.755131 9
-32.960251 -737.798950 21.279703 9
-36.086536 -737.198975 29.703121 9
-36.575001 -737.055969 25.833967 9
-38.440826 -738.572144 34.418369 9
-35.957500 -738.562256 18.899475 9
-36.013390 -739.815430 13.755347 9
-36.323116 -744.616333 29.820889 9
-31.477789 -744.112366 36.218777 9
-36.687653 -741.263245 17.336231 9
-37.134998 -749.885864 43.363396 9
-36.200058 -737.700989 22.565281 9
-39.505459 -736.900330 41.816612 9
-36.746769 -738.690552 2.977097 9
-37.400555 -739.261719 37.210445 9
-37.968193 -737.580872 4.062825 9
-38.102150 -745.561462 31.213921 9
-36.615345 -736.834778 5.432446 9
-36.673859 -739.806335 9.474887 9
-37.677387 -736.700378 28.618858 9
-37.222733 -737.380554 14.096887 9
-33.251148 -743.035889 30.038811 9
-39.605694 -741.876282 22.701483 9
-37.770714 -738.392578 25.824837 9
-33.868675 -745.998596 35.401249 9
-31.431318 -746.164307 40.349934 9
-34.156666 -739.199097 18.940853 9
-37.899860 -739.019836 11.676624 9
-33.728138 -740.281982 22.180393 9
-40.436195 -738.556763 20.032211 9
-35.375443 -746.845398 35.447540 9
-38.745560 -744.219727 27.970888 9
-39.959225 -736.299500 44.868652 9
-32.199100 -748.151367 43.088840 9
-34.312160 -750.193176 44.677849 9
-36.246101 -736.023804 37.040085 9
-38.167171 -738.490112 6.992616 9
-35.432209 -739.303650 15.342024 9
-33.619019 -737.785339 19.698103 9
-39.287987 -738.299438 38.553318 9
-34.971157 -744.350525 30.845848 9
-37.775600 -738.833557 18.120176 9
-37.822765 -741.308105 20.136505 9
-38.955902 -738.534546 40.181763 9
-37.145714 -739.580017 24.528904 9
-37.476589 -739.131775 1.510330 9
-36.134613 -738.277710 6.071983 9
-36.736454 -737.431641 19.944235 9
-37.247608 -737.295105 10.832850 9
-37.513222 -737.322876 16.755928 9
-34.710430 -738.819824 16.818306 9
-38.016953 -736.725281 32.323719 9
-35.468933 -743.570129 27.737038 9
-38.102299 -737.790405 23.019070 9
-33.048119 -744.169861 33.326378 9
-37.276596 -736.341064 34.720276 9
-41.183155 -739.944336 22.921318 9
-41.333279 -742.574280 26.877441 9
-39.935528 -740.018860 20.322027 9
-33.898167 -749.273193 42.693047 9
-37.240227 -735.747864 40.164619 9
-36.262039 -746.020752 33.081367 9
-37.532429 -738.635620 27.398232 9
-36.351803 -737.453735 12.796415 9
-38.483261 -739.188843 15.240040 9
-31.786146 -740.788757 28.469608 9
-32.107956 -746.374878 44.851013 9
-36.593903 -736.745361 31.394339 9
-37.264084 -736.771240 6.855823 9
-36.969139 -749.640015 41.854580 9
-38.823826 -737.036011 35.370132 9
-30.510635 -741.906372 33.888412 9
-33.646465 -747.452087 38.275742 9
-36.000622 -737.381897 2.520127 9
-36.205135 -748.841309 38.999508 9
-38.599682 -737.793579 30.175659 9
-33.584763 -748.074280 39.701027 9
-38.254700 -741.969055 22.042177 9
-37.592003 -749.129456 39.624733 9
-35.504063 -737.322021 33.760078 9
-31.533636 -742.229736 31.939461 9
-30.839237 -740.786682 31.023636 9
-36.238438 -737.020142 -0.722396 9
-35.889194 -738.995239 12.486808 9
-38.021397 -736.817078 9.606500 9
-36.801056 -737.105652 23.794596 9
-31.858471 -745.899719 38.589920 9
-38.338982 -736.027405 38.982079 9
-34.972668 -748.920654 40.167404 9
-37.783783 -738.682556 8.428802 9
-36.628902 -736.678040 8.285573 9
-36.012291 -739.354675 10.801120 9
-36.697468 -742.298157 22.953056 9
-36.091969 -738.295715 7.571989 9
-35.514641 -740.773132 19.029736 9
-38.204048 -739.797302 0.027380 9
-32.497860 -739.872681 25.088955 9
-38.645031 -738.524048 5.327701 9
-33.840137 -745.117981 34.057175 9
-38.603401 -738.047729 33.097347 9
-31.656303 -743.657288 34.884953 9
-32.969749 -750.390686 45.144829 9
-42.031048 -743.488525 29.350119 9
-37.438652 -736.971619 0.049655 9
-35.983307 -737.182007 10.228661 9
-36.871784 -736.697449 3.883520 9
-37.893246 -738.913208 21.359070 9
-38.120960 -739.000793 4.096507 9
-35.956631 -738.316467 25.841698 9
-33.152233 -739.006287 21.942076 9
-36.528126 -737.093994 1.236246 9
-36.751171 -738.283508 34.119907 9
-37.252411 -743.676880 26.781193 9
-40.706642 -741.049072 22.194807 9
-41.466656 -740.767761 24.661747 9
-36.458828 -737.966797 32.217644 9
-31.265762 -747.124023 42.829460 9
-35.122520 -747.733337 37.573265 9
-37.386814 -740.079468 15.002210 9
-39.747868 -747.798523 37.118847 9
-35.181763 -738.428589 30.356760 9
-36.809795 -743.016846 25.202534 9
-35.743828 -738.633484 27.805656 9
-36.294571 -737.779236 15.050421 9
-33.515594 -741.103516 25.098984 9
-33.938156 -742.821289 28.562637 9
-31.918629 -739.870728 26.398569 9
-35.603275 -740.063049 16.485640 9
-33.808846 -743.739319 31.167780 9
-35.534523 -741.497070 21.691196 9
-38.058041 -738.911377 35.999367 9
-37.307426 -735.744202 -0.616022 9
-40.614208 -744.409180 30.104155 9
-37.885738 -738.487732 24.141525 9
-38.618187 -738.689392 37.428860 9
-38.156693 -738.227112 13.407063 9
-33.227760 -741.723267 27.225693 9
-37.505730 -744.647095 29.214712 9
-37.734222 -736.158264 37.632744 9
-32.826183 -748.392151 41.924149 9
-38.805325 -738.598816 16.415709 9
-38.868176 -745.749756 32.295616 9
-31.340427 -744.550476 37.464817 9
-31.761992 -749.028259 44.318367 9
-36.272007 -737.946167 17.766916 9
-38.681194 -748.686401 38.850506 9
-31.028860 -745.686646 41.517590 9
-35.246803 -749.539429 41.302917 9
-39.720833 -737.991943 18.580397 9
-37.819241 -749.247314 40.924240 9
-39.243587 -739.226257 17.483673 9
-35.070374 -737.489990 16.995506 9
-38.701340 -743.875793 26.674696 9
-33.307907 -749.954285 46.343616 9
-36.099861 -746.602051 34.364120 9
-39.104275 -740.539795 19.410978 9
-38.136826 -746.633423 34.106686 9
-39.379745 -737.840576 42.727818 9
-37.292812 -739.579346 10.599569 9
-37.064137 -740.056030 13.036142 9
-33.935860 -741.880249 26.088314 9
-35.074406 -738.003174 15.379602 9
-37.301579 -747.620361 36.017056 9
-41.019634 -741.977844 24.713861 9
-35.135239 -745.486206 32.692844 9
-37.231407 -738.959229 6.237735 9
-35.964920 -737.795166 0.259564 9
-36.411724 -738.502380 4.254552 9
-38.724258 -743.068359 24.623196 9
-38.518856 -737.977966 27.893101 9
-35.270210 -750.121521 43.820164 9
-32.737602 -745.511841 35.926815 9
-36.235706 -741.688782 20.395973 9
-40.452644 -742.825378 25.904209 9
-32.682156 -747.619263 40.474628 9
-36.496803 -737.530396 21.281229 9
-34.129311 -741.292908 23.982149 9
-38.654602 -748.185791 37.636395 9
-36.256676 -748.333801 37.814117 9
-41.380104 -745.938782 33.292774 9
-41.025829 -743.282837 27.878073 9
-37.251354 -740.620911 16.421803 9
-32.070377 -738.529541 24.469755 9
-34.552422 -740.211365 19.644075 9
-37.023697 -745.266113 30.652225 9
-39.966145 -737.556458 45.134441 9
-37.762108 -736.165222 10.643182 9
-32.941017 -748.370361 45.683979 9
-32.896645 -746.505005 37.748383 9
-37.781754 -738.840088 31.914696 9
-37.496254 -748.771790 42.850464 9
-38.489098 -737.773193 -0.454637 9
-35.871708 -744.161316 28.764914 9
-38.668079 -736.102905 42.312771 9
-34.965534 -742.543701 26.085558 9
-33.079460 -739.503967 23.091970 9
-39.482410 -737.576233 40.739384 9
-37.456623 -738.769226 0.330283 9
-38.145725 -736.558899 0.984741 9
-38.202038 -737.552307 2.852206 9
-37.294086 -747.997559 37.184971 9
-32.302120 -740.858582 27.365927 9
-38.261303 -747.116943 35.322346 9
-40.461491 -746.912476 35.082500 9
-39.842476 -736.894470 43.332790 9
-35.237255 -742.025513 23.951641 9
-39.471462 -747.264465 35.878670 9
-36.618408 -736.146790 35.799706 9
-30.190163 -744.331238 39.701130 9
-36.116802 -739.076599 8.492874 9
-37.012299 -736.878662 26.973141 9
-39.252682 -743.211609 25.766241 9
-36.827126 -740.674194 14.056615 9
-36.448082 -737.823242 30.853483 9
-30.796913 -742.925842 36.280640 9
-30.331886 -743.707397 38.408588 9
-39.196972 -742.487000 23.643276 9
-38.794292 -736.922241 36.561863 9
-38.473392 -736.134033 40.164368 9
-35.604004 -737.159058 32.531506 9
-37.758450 -736.967468 25.695059 9
-40.182476 -746.334534 34.100624 9
-37.821312 -737.363220 19.503925 9
-35.699596 -737.602295 5.219614 9
-38.602814 -738.815430 1.570520 9
-37.573559 -736.294617 33.486328 9
-35.883850 -738.636780 23.263813 9
-34.262638 -740.478638 21.057772 9
-33.947052 -750.710876 45.713604 9
-37.308178 -737.281860 15.591660 9
-37.222885 -737.131226 22.616655 9
-37.045437 -738.919861 29.559168 9
-36.075436 -738.783325 9.714848 9
-41.241093 -744.718323 31.376701 9
-32.292999 -743.426331 32.811169 9
-37.680077 -736.878357 4.952893 9
-37.715809 -740.541748 17.475248 9
-32.067696 -741.480591 29.399857 9
-37.244274 -745.841492 31.959402 9
-31.039164 -745.216003 39.803749 9
-35.144669 -749.884338 45.661926 9
-35.776489 -737.811462 28.685467 9
-38.914921 -746.242981 33.325993 9
-35.691437 -742.718933 25.218626 9
-40.586700 -745.320068 32.207703 9
-38.648300 -738.801025 0.367580 9
-35.143452 -747.243774 36.486240 9
-38.317211 -737.359497 6.978682 9
-38.460266 -737.442444 29.099199 9
-38.494843 -737.043274 31.245749 9
-37.075214 -746.537659 33.738899 9
-37.771400 -738.760315 -0.753248 9
-38.350586 -738.290527 14.516073 9
-36.320835 -736.488831 34.101357 9
-37.961899 -738.344299 17.113703 9
-40.174076 -741.959717 23.796438 9
-37.055489 -736.646179 29.583096 9
-39.458134 -744.310974 28.893641 9
-34.384407 -738.835571 17.889759 9
-37.432701 -739.044067 34.556889 9
-35.628574 -737.136902 15.827913 9
-33.339241 -746.270325 36.490063 9
-34.103657 -749.846558 43.650764 9
-37.697483 -739.157471 12.739448 9
-39.853806 -743.884338 27.926287 9
-31.019592 -742.752258 34.536404 9
-35.958233 -738.738953 22.185360 9
-32.201321 -750.665222 45.946117 9
-37.870911 -737.666443 8.926604 9
-31.041075 -742.145569 32.934643 9
-32.190643 -743.859924 33.939674 9
-37.084206 -741.222839 18.357412 9
-35.084618 -745.009277 31.701117 9
-36.957085 -737.371460 11.876441 9
-36.702778 -739.571777 25.524462 9
-35.888096 -740.946594 17.980888 9
-39.031071 -745.267761 30.744234 9
-38.397282 -737.586792 10.253913 9
-37.107834 -738.937561 28.434706 9
-39.326706 -737.229919 38.664635 9
-36.824959 -739.078735 23.518332 9
-32.921913 -748.939209 42.918674 9
-38.710884 -740.031799 17.957285 9
-34.502300 -741.012512 21.949114 9
-39.074127 -738.075500 35.114506 9
-39.268387 -737.850159 37.584064 9
-37.925888 -737.968567 20.816057 9
-30.850250 -740.060791 28.403524 9
-30.587118 -747.010376 43.633320 9
-38.609940 -737.532959 16.509871 9
-34.263737 -743.700500 30.200287 9
-36.523468 -736.990967 28.681314 9
-33.478210 -738.447449 20.578989 9
-36.050900 -737.734192 26.762678 9
-37.796127 -738.220703 10.916756 9
-38.040119 -738.857117 33.470963 9
-32.486145 -742.629150 30.855707 9
-35.856300 -744.928589 30.726599 9
-36.307190 -747.317322 35.593742 9
-35.487000 -738.950317 14.294298 9
-36.385521 -737.374878 24.857325 9
-37.912880 -738.595459 30.141912 9
-39.041576 -736.372742 41.008774 9
-37.761299 -741.598816 21.139755 9
-35.990696 -740.085266 14.759953 9
-36.472725 -736.989075 9.304773 9
-38.519356 -737.972717 8.082814 9
-37.045433 -742.531799 24.112249 9
-37.954311 -745.125061 30.190260 9
-35.958927 -737.236145 6.160392 9
-36.164238 -737.190918 14.116750 9
-39.407188 -747.956177 39.043083 9
-37.819077 -738.090210 22.039438 9
-36.471397 -737.665039 18.903837 9
-35.332268 -744.298096 29.878054 9
-37.639977 -738.916687 2.510341 9
-33.806599 -740.703247 23.123163 9
-37.674194 -738.664612 4.980766 9
-38.883411 -737.653687 34.199146 9
-33.429588 -744.008484 32.267738 9
-37.797436 -738.268066 19.004913 9
-32.623562 -742.273621 29.759995 9
-38.292572 -748.416504 41.294853 9
-34.449635 -746.778564 35.914288 9
-31.232725 -741.115601 30.012718 9
-36.948914 -739.268372 3.820313 9
-35.750294 -742.016174 22.753992 9
-34.623016 -746.372131 34.846920 9
-32.104870 -744.656921 35.643135 9
-36.329361 -749.992798 43.951431 9
-36.393921 -749.843384 42.663853 9
-36.422207 -743.713501 27.351122 9
-36.462349 -736.107483 1.422999 9
-39.262589 -736.411560 44.137478 9
-35.175495 -743.003845 26.968580 9
-32.428200 -747.574646 45.184998 9
-38.056107 -738.905029 39.855465 9
-38.054230 -736.149658 35.339027 9
-32.680340 -738.106750 22.184919 9
-36.035172 -738.045532 3.270436 9
-41.565975 -740.541077 23.640623 9
-38.602230 -738.235229 3.654552 9
-31.465731 -746.563965 41.274448 9
-32.608330 -739.181519 23.911291 9
-39.678841 -744.766846 30.164053 9
-36.432922 -738.904724 6.840843 9
-37.675766 -743.027954 24.713076 9
-38.347546 -737.987549 26.584869 9
-37.087734 -739.351318 8.650038 9
-37.867516 -743.944580 27.523193 9
-36.246754 -740.827454 16.549328 9
-37.274662 -738.669922 25.018473 9
-35.643242 -738.146118 12.941961 9
-41.354324 -742.336060 25.744532 9
-39.372246 -737.885742 39.552555 9
-36.067905 -736.753479 3.259254 9
-35.995605 -737.406311 8.109895 9
-37.536873 -736.445740 31.510256 9
-40.366238 -736.763611 45.629963 9
-34.462730 -749.194214 41.879501 9
-37.298672 -737.304260 13.122663 9
-32.282024 -749.897888 44.625679 9
-32.974136 -746.259033 45.277805 9
-34.690224 -739.959778 18.656193 9
-35.248928 -750.411804 44.843575 9
-37.562893 -741.169189 19.192114 9
-39.972050 -740.628113 21.067440 9
-38.753128 -741.096619 20.195314 9
-32.079266 -746.871582 40.201042 9
-38.027119 -737.369507 1.735677 9
-37.658775 -742.126099 22.790731 9
-36.244801 -738.287109 2.252414 9
-37.955917 -739.129456 38.008598 9
-38.676456 -742.181030 22.883942 9
-36.578850 -738.452942 0.604748 9
-34.327225 -745.040710 33.249329 9
-39.512661 -737.895264 41.664883 9
-37.808319 -736.871948 3.409456 9
-38.012070 -738.293884 6.056870 9
-37.208294 -739.286194 36.268845 9
-40.422989 -739.312500 20.755255 9
-38.363552 -744.705750 28.705086 9
-33.833607 -738.876526 19.808178 9
-38.357670 -737.671814 4.968082 9
-37.450005 -737.163391 20.560673 9
-34.692368 -743.064880 28.019018 9
-37.366501 -736.677917 1.524119 9
-37.441315 -736.777405 8.778343 9
-36.988178 -738.954712 22.023165 9
-34.054565 -738.261780 18.779654 9
-31.943140 -744.898560 36.551060 9
-37.666862 -736.970459 27.662874 9
-36.628269 -736.797668 30.430321 9
-36.896587 -749.202637 43.958992 9
-38.145969 -738.088867 25.000662 9
-41.164604 -743.875549 29.568659 9
-35.948997 -738.098022 10.469801 9
-35.690544 -738.121399 29.616999 9
-37.462547 -739.354431 9.696269 9
-37.832432 -739.863831 15.799763 9
-38.156879 -738.432922 31.059113 9
-38.656651 -737.417603 32.344418 9
-36.615852 -737.565247 16.946861 9
-38.612209 -738.765869 41.028152 9
-40.018661 -737.003723 44.252804 9
-31.210255 -741.630676 31.270475 9
-37.763004 -737.122864 23.585566 9
-36.750340 -743.230774 26.124378 9
-33.368969 -745.379639 34.889812 9
-36.105118 -737.753357 23.686087 9
-30.920931 -743.772949 37.066170 9
-36.522732 -738.012207 33.140461 9
-36.022713 -749.662781 41.796741 9
-36.261208 -736.962341 4.549876 9
-36.529072 -737.029663 0.300230 9
-39.939297 -739.267395 19.730593 9
-41.208462 -740.054932 21.976702 9
-31.267054 -739.306152 26.736156 9
-36.201111 -742.475708 22.011448 9
-38.676323 -738.676392 39.134155 9
-39.707237 -745.521790 31.966536 9
-33.481281 -742.239563 27.938166 9
-33.362438 -748.227600 40.631241 9
-37.949261 -738.348816 12.356772 9
-37.310070 -739.640503 12.045925 9
-36.625782 -736.251221 37.838142 9
-37.067703 -738.789612 26.253418 9
-38.512623 -738.075562 2.178497 9
-36.020664 -739.000488 25.056696 9
-34.915672 -738.719055 15.918154 9
-37.203865 -737.003113 24.863478 9
-35.696102 -738.976685 13.379769 9
-36.769909 -736.635071 10.436194 9
-41.918240 -742.692566 27.599049 9
-37.574905 -738.485779 23.257217 9
-38.027855 -736.764404 29.521900 9
-35.924366 -738.849243 11.583471 9
-41.377903 -743.356445 28.746546 9
-34.167000 -748.554199 40.289871 9
-35.766388 -749.097412 39.756817 9
-31.978821 -746.377380 39.370068 9
-37.182198 -736.399780 32.377796 9
-35.557053 -748.412964 38.361542 9
-39.104404 -741.738770 21.893824 9
-31.091887 -746.413147 42.168121 9
-31.130947 -743.391846 35.560127 9
-34.277187 -747.487793 37.575447 9
-40.371353 -741.536865 23.031473 9
-35.678844 -737.659180 30.387709 9
-32.473328 -741.369873 28.083273 9
-37.843151 -737.972778 15.990129 9
-37.426113 -736.852173 5.812815 9
-35.880131 -738.605408 26.758217 9
-37.532494 -735.866638 39.332497 9
-33.466656 -750.086670 44.381157 9
-36.716843 -749.011963 39.715961 9
-31.610626 -748.312622 43.777321 9
-35.951679 -737.830933 6.828495 9
-33.644958 -739.655090 21.564528 9
-31.676477 -742.732483 32.716389 9
-37.432201 -738.805847 7.406606 9
-32.715214 -740.074158 25.957567 9
-31.468744 -745.133484 38.133743 9
-39.252544 -738.629089 18.137884 9
-35.719124 -740.536682 17.223673 9
-37.109344 -736.030334 36.906643 9
-33.286072 -742.564514 29.096964 9
-39.872211 -738.432617 19.324816 9
-36.253311 -739.750366 12.728243 9
-36.775414 -738.622070 1.633325 9
-39.438313 -736.524231 42.605667 9
-36.374096 -736.551392 6.595829 9
-37.923065 -737.532654 14.697990 9
-37.030640 -741.542114 19.827421 9
-36.497807 -736.187744 -0.499711 9
-37.360973 -736.935181 7.865376 9
-36.516907 -736.794617 2.114415 9
-33.547707 -748.880310 41.982063 9
-34.522480 -738.102783 17.299101 9
-36.648254 -744.472351 29.027796 9
-38.275364 -736.677124 34.692970 9
-35.052704 -739.660889 17.018452 9
-32.367035 -748.905029 43.678242 9
-37.784676 -737.559875 11.490119 9
-38.291428 -736.362244 36.993149 9
-34.173519 -745.681335 34.642117 9
-35.973904 -741.325439 19.584902 9
-40.767521 -743.210938 27.009466 9
-33.299721 -747.486206 39.067619 9
-34.365967 -744.295959 31.497351 9
-35.715950 -737.573181 1.595343 9
-38.700527 -737.192078 33.181976 9
-31.301109 -749.246277 44.978821 9
-36.287914 -736.771973 32.209087 9
-36.470497 -737.351746 11.119881 9
-38.281097 -737.189819 28.245773 9
-34.581650 -749.727783 42.934345 9
-31.988480 -747.668274 42.371609 9
-31.394493 -740.779053 29.230341 9
-30.926800 -745.479858 40.714760 9
-38.172043 -748.950745 40.227386 9
-34.033112 -743.228699 29.328838 9
-31.179569 -747.613403 43.538971 9
-37.643475 -737.318726 17.632524 9
-37.301407 -739.947937 14.168344 9
-36.431652 -738.635193 5.090793 9
-36.577591 -738.961792 33.619251 9
-38.105125 -738.890320 35.138039 9
-31.775835 -740.294922 27.776247 9
-35.777534 -740.071655 15.595528 9
-36.110844 -738.342163 19.698439 9
-34.793640 -737.968262 16.277025 9
-36.993427 -741.543518 20.814707 9
-35.943150 -745.644104 32.386189 9
-31.945347 -745.602722 44.542179 9
-39.294731 -743.882568 27.294529 9
-34.667198 -748.982483 40.975189 9
-33.629852 -744.615540 32.923180 9
-37.053417 -748.665833 39.019623 9
-38.650005 -738.420593 15.535485 9
-38.056110 -745.960693 32.120022 9
-37.477821 -739.387817 35.393478 9
-38.012318 -737.457397 13.738305 9
-39.325054 -748.595398 39.578411 9
-38.163998 -738.605957 32.684086 9
-37.678009 -738.922302 3.357730 9
-40.012169 -744.330139 29.507458 9
-35.753433 -746.134094 33.761822 9
-37.174820 -749.407104 40.380856 9
-39.097736 -740.079102 18.705879 9
-34.510273 -750.272644 46.143322 9
-36.981617 -746.139404 32.697620 9
-37.115456 -744.927002 29.882439 9
-35.625687 -736.959167 34.493839 9
-34.069828 -747.924988 39.052410 9
-33.028343 -740.497375 24.806755 9
-37.871422 -739.459778 14.726254 9
-32.770134 -744.499695 34.036873 9
-40.295273 -748.185242 37.626858 9
-37.673302 -736.497131 -0.742937 9
-36.058731 -742.390381 23.446058 9
-35.964695 -737.164429 30.975649 9
-37.999367 -735.458191 40.307194 9
-33.565159 -746.961731 37.591732 9
-36.416779 -738.409119 31.522392 9
-34.945389 -741.042786 21.252132 9
-36.224529 -736.400940 7.624753 9
-37.044079 -736.697876 28.099897 9
-36.724815 -737.549500 16.104488 9
-32.727654 -747.960083 41.244965 9
-38.588924 -738.686401 38.324993 9
-38.342213 -736.619019 35.955860 9
-37.823338 -738.135376 7.658206 9
-36.893185 -736.968201 3.089599 9
-33.127850 -743.289612 30.809341 9
-37.626678 -749.316589 42.248940 9
-38.112869 -738.956909 36.862896 9
-30.359772 -745.492004 41.947693 9
-36.783783 -740.607422 14.880220 9
-32.400890 -746.515503 38.639950 9
-35.933647 -736.592163 35.752754 9
-39.722492 -741.222168 21.691097 9
-31.376688 -745.407959 39.014236 9
-38.385143 -736.322937 38.145218 9
-36.065163 -737.922852 -0.692193 9
-41.663857 -743.553162 30.117901 9
-36.430668 -741.622131 18.094570 9
-36.990829 -738.965149 32.030243 9
-30.836473 -744.047546 37.838905 9
-36.024696 -738.652771 18.083454 9
-37.727631 -737.554749 9.778688 9
-37.859146 -748.860718 38.914841 9
-37.792736 -744.335510 28.294693 9
-38.856392 -736.655945 38.980839 9
-39.051884 -745.461609 31.521357 9
-35.377121 -737.877136 32.202396 9
-34.582157 -748.494812 39.594261 9
-33.348011 -741.382019 25.864155 9
-35.841217 -750.054871 43.229122 9
-38.138847 -739.472778 -0.722383 9
-39.119522 -748.315125 38.271732 9
-35.889759 -737.850586 12.243673 9
-32.145260 -739.516052 25.708422 9
-38.219246 -737.290222 0.288957 9
-39.286327 -738.324646 40.910408 9
-37.626720 -736.093994 38.495701 9
-40.635712 -747.738953 36.896843 9
-38.116219 -737.680725 25.771145 9
-36.538330 -736.365601 34.999680 9
-36.594139 -737.637756 13.544673 9
-35.230209 -739.427063 16.194920 9
-31.016787 -746.382935 43.029594 9
-35.511833 -749.360596 40.557503 9
-32.989574 -747.014709 38.348919 9
-36.107300 -738.223022 21.583672 9
-36.093334 -741.767151 21.184381 9
-38.692993 -739.338318 16.140484 9
-36.018532 -736.558167 8.775703 9
-37.098801 -736.616028 0.692520 9
-36.671200 -737.321716 22.046938 9
-36.542675 -738.759888 34.743698 9
-34.390633 -747.833435 38.280571 9
-36.710396 -739.987915 10.957993 9
-35.431698 -748.707947 39.156944 9
-33.571995 -738.936340 21.266809 9
-38.820038 -739.332275 -0.204434 9
-37.063408 -740.483276 15.643310 9
-31.879919 -742.265076 31.235634 9
-35.327766 -746.427246 34.511051 9
-37.162239 -738.800720 24.231997 9
-36.954842 -739.494080 6.755201 9
-38.155914 -737.705444 23.948086 9
-38.294956 -741.036194 19.550955 9
-39.334965 -746.478088 34.047131 9
-32.781918 -739.851135 24.336229 9
-37.964794 -743.508057 26.470226 9
-39.438065 -740.721497 20.354963 9
-30.577852 -741.147583 31.689037 9
-37.866692 -738.897766 9.186101 9
-33.146568 -750.639954 45.895763 9
-37.891445 -738.442444 28.074045 9
-36.090591 -738.355835 17.113888 9
-35.961441 -739.603149 12.002276 9
-41.647575 -741.521912 24.859339 9
-35.767509 -739.242554 28.401888 9
-35.792221 -743.484863 26.936182 9
-38.502682 -736.911011 30.294222 9
-35.464249 -738.201416 14.744457 9
-39.804771 -737.235596 42.505348 9
-36.456429 -738.666565 32.609512 9
-38.072411 -747.913269 37.095524 9
-37.855171 -736.913269 10.442808 9
-36.045284 -741.288025 18.681122 9
-32.139797 -739.200195 24.926933 9
-37.193527 -739.152222 -0.442994 9
-39.972931 -747.465698 36.437904 9
-39.616013 -739.978210 19.505157 9
-38.044273 -738.767212 0.850032 9
-32.056572 -745.744141 37.841927 9
-32.788136 -738.796875 22.730469 9
-37.178616 -736.799683 9.574316 9
-40.725487 -745.717285 32.907784 9
-30.822067 -744.632080 40.253429 9
-36.591423 -739.464478 10.271482 9
-37.901859 -737.380371 22.327293 9
-38.253113 -738.153503 29.579187 9
-36.741646 -749.560059 41.119759 9
-36.597424 -737.651306 10.285595 9
-38.998959 -737.490112 35.972130 9
-39.081272 -737.624329 36.857716 9
-35.279053 -742.345703 24.679153 9
-36.579807 -748.290710 37.109646 9
-38.550697 -741.512207 21.408339 9
-37.112823 -737.304565 19.222416 9
-36.929169 -737.395874 14.801742 9
-37.464340 -741.958801 22.053028 9
-37.840942 -739.138245 10.903991 9
-38.636864 -738.312744 4.588284 9
-35.917343 -736.745972 33.473976 9
-40.909718 -746.293335 33.831989 9
-35.254494 -743.674561 28.648466 9
-37.379639 -736.299500 35.661785 9
-30.633928 -740.695862 30.300905 9
-38.531475 -737.840576 6.419022 9
-36.318344 -737.715942 20.550468 9
-38.617641 -738.497925 35.567787 9
-36.708057 -739.394775 5.917562 9
-37.572197 -736.909729 26.451385 9
-33.459206 -749.407837 43.346760 9
-30.679211 -744.130798 39.150295 9
-34.636326 -750.428467 45.316277 9
-36.365265 -739.028320 7.781064 9
-38.334530 -738.534790 -0.276470 9
-37.340202 -737.146912 4.281141 9
-40.436619 -739.975769 21.110964 9
-34.659637 -739.544678 18.017109 9
-30.337866 -742.075317 34.616440 9
-35.656269 -750.598633 45.745228 9
-35.172123 -740.699341 19.755720 9
-37.115685 -735.850891 10.391741 9
-38.042309 -737.119202 -0.524170 9
-33.543839 -740.987732 24.330816 9
-38.242973 -748.458496 38.258118 9
-35.990585 -739.308716 27.577095 9
-37.315479 -739.076050 33.717148 9
-38.001263 -736.252136 34.127934 9
-40.664116 -744.698730 30.813078 9
-34.100918 -739.667297 19.989801 9
-36.572311 -737.360535 23.106731 9
-32.312511 -740.490479 26.643293 9
-39.016769 -738.577576 17.139429 9
-37.388462 -738.814514 4.241757 9
-36.158768 -738.336365 8.316476 9
-38.982857 -747.870789 37.051922 9
-36.111511 -737.591309 25.596725 9
-32.127876 -742.727051 31.896608 9
-39.293068 -736.868530 40.512859 9
-34.705647 -741.620789 23.616571 9
-36.841148 -737.387634 17.645592 9
-32.127884 -744.253540 34.796280 9
-32.525524 -745.583008 45.005451 9
-36.283592 -739.101685 25.910238 9
-38.233055 -738.787537 13.905073 9
-30.963341 -748.679749 44.557384 9
-34.715069 -745.681152 33.294025 9
-38.593479 -748.814026 39.609867 9
-33.855686 -742.085205 26.806576 9
-38.810890 -739.260986 16.883854 9
-35.498928 -738.179382 31.005978 9
-34.358006 -751.233887 46.063759 9
-36.447624 -746.925476 34.936703 9
-31.586250 -743.279114 34.236877 9
-39.344662 -742.811951 24.299269 9
-35.836075 -747.285095 36.192852 9
-39.390678 -739.644897 18.128389 9
-38.039158 -747.385132 35.980225 9
-36.961014 -736.716736 4.768814 9
-37.357666 -745.629822 31.210642 9
-36.267250 -743.972229 28.167284 9
-36.120907 -737.686096 9.682801 9
-39.353016 -743.593811 26.451366 9
-38.019951 -736.074158 40.753689 9
-35.829945 -737.932068 27.514593 9
-41.019630 -747.238525 35.477165 9
-32.820763 -746.102417 37.012665 9
-37.266186 -742.422485 23.406134 9
-35.846516 -747.935974 37.312027 9
-32.906147 -747.507812 39.781483 9
-38.490013 -749.120605 41.374676 9
-30.987047 -741.757935 32.086948 9
-38.222363 -737.013489 8.887584 9
-38.529083 -737.740662 31.017153 9
-37.855068 -747.015320 34.711582 9
-35.815540 -738.087524 4.425065 9
-36.701759 -748.580505 38.383114 9
-38.141190 -736.695312 33.201199 9
-38.824329 -747.595642 35.766968 9
-40.617382 -742.395203 25.153620 9
-38.185421 -742.658264 24.318787 9
-31.019566 -742.407288 33.753494 9
-36.130154 -735.903992 36.260643 9
-38.306179 -741.419189 20.654808 9
-33.422249 -739.629028 22.274872 9
-32.304749 -750.183838 45.333576 9
-37.098812 -736.213806 -0.074200 9
-37.017368 -748.301331 37.789188 9
-33.980011 -741.623230 25.301611 9
-37.058823 -736.436096 33.995773 9
-39.695141 -737.610413 43.342239 9
-35.254963 -740.408752 18.436277 9
-36.969322 -739.179199 0.703897 9
-38.569794 -746.814880 34.673214 9
-38.508739 -738.081421 28.736343 9
-32.850704 -743.876526 32.677341 9
-37.330242 -739.491089 11.321316 9
-31.561062 -747.098877 42.166527 9
-38.640415 -743.088684 25.346951 9
-36.459797 -739.190247 9.126962 9
-37.169090 -736.516541 30.801302 9
-32.021065 -747.132385 40.881332 9
-35.690613 -738.512695 28.526634 9
-35.874252 -737.427063 13.361376 9
-39.127491 -735.643860 42.628025 9
-37.848915 -737.843018 20.048746 9
-38.591896 -738.201050 33.815170 9
-39.388859 -743.044983 25.028791 9
-39.108772 -736.304871 41.733955 9
-41.186668 -744.225891 30.515287 9
-37.911156 -738.296692 11.626455 9
-33.741344 -750.302795 45.111916 9
-38.512482 -738.088623 0.256857 9
-36.620129 -740.340515 12.514202 9
-40.176918 -747.170654 35.755436 9
-33.260738 -741.438477 26.567726 9
-31.799294 -745.116760 37.235973 9
-34.482342 -742.384583 26.586569 9
-40.738632 -746.592102 34.506313 9
-40.518936 -743.754517 28.145329 9
-37.238876 -738.906372 5.493430 9
-41.260521 -741.088257 24.053621 9
-38.664234 -743.453186 26.076090 9
-37.582870 -747.356262 35.355835 9
-33.258545 -748.451965 41.335873 9
-33.846912 -737.625305 19.041735 9
-33.862263 -746.368591 36.018246 9
-34.654335 -747.413757 36.988262 9
-31.777849 -739.946777 27.153685 9
-36.908756 -747.759277 36.595032 9
-34.926231 -737.629639 17.748150 9
-39.582420 -748.044556 37.755493 9
-35.571030 -745.752625 33.187698 9
-40.798233 -741.624268 24.019474 9
-37.309448 -743.223328 25.680977 9
-38.241955 -740.096924 17.318800 9
-36.803226 -736.879822 7.426256 9
-34.991543 -749.663391 41.992458 9
-33.402912 -744.801270 33.598125 9
-37.029873 -749.149170 43.247784 9
-35.960182 -737.826660 0.968618 9
-33.002686 -740.769287 25.468075 9
-38.567707 -738.617188 36.429096 9
-41.762054 -742.859619 29.159018 9
-34.382015 -745.576904 33.943851 9
-34.317039 -741.022644 22.709551 9
-36.383106 -737.164673 27.037802 9
-39.393875 -738.490967 42.411983 9
-37.742462 -738.425049 26.520475 9
-34.627781 -740.456421 20.300146 9
-35.966675 -749.508484 41.113266 9
-33.457233 -740.130676 22.905123 9
-31.746510 -744.082397 35.424419 9
-37.946541 -738.779114 1.894251 9
-37.075298 -749.694336 42.563034 9
-37.708282 -738.688965 20.720020 9
-39.299618 -745.946106 32.802132 9
-36.526646 -742.853210 24.575745 9
-34.516712 -743.241211 28.686260 9
-35.559261 -741.307861 20.953588 9
-37.807369 -748.138733 37.703846 9
-39.242424 -747.565552 36.461197 9
-38.794601 -735.532532 41.912338 9
-32.612278 -746.897034 45.231697 9
-38.257767 -737.478271 27.403912 9
-35.772404 -737.131531 31.841898 9
-31.634045 -739.255554 26.145620 9
-33.098835 -738.433228 21.535433 9
-37.116970 -743.904907 27.444414 9
-30.620203 -741.511292 33.323338 9
-39.924442 -742.862061 25.439997 9
-38.008537 -738.165161 27.199657 9
-35.273109 -741.867920 23.278389 9
-37.551582 -737.273682 2.897424 9
-36.211033 -737.101379 3.875809 9
-41.918812 -745.000305 31.666636 9
-36.205612 -743.115112 25.537685 9
-39.958107 -743.240601 26.260544 9
-31.008335 -743.589478 36.342854 9
-35.751957 -750.004150 45.349239 9
-35.775246 -750.205566 44.440289 9
-37.504753 -738.991150 10.306626 9
-36.743458 -742.105957 22.219503 9
-37.790543 -740.288391 16.808989 9
-35.001572 -742.360107 25.421417 9
-38.571186 -737.952759 5.711795 9
-36.589516 -745.798462 32.218021 9
-33.235130 -744.925781 34.383652 9
-40.383160 -742.219421 24.475374 9
-36.829216 -746.804504 34.373074 9
-37.759705 -746.563782 33.509296 9
-34.338650 -744.077637 30.787420 9
-38.445850 -737.969238 7.386762 9
-38.763317 -736.176880 39.489033 9
-37.621143 -738.931519 31.251919 9
-37.414082 -737.151428 24.225531 9
-36.033657 -738.669373 10.886486 9
-36.465851 -745.096191 31.031414 9
-37.294445 -739.125854 8.009941 9
-38.038933 -737.705811 12.949922 9
-36.432426 -743.438416 26.708279 9
-38.123238 -744.846130 29.579889 9
-36.417332 -746.303162 33.706398 9
-33.722164 -751.074036 46.265202 9
-32.571850 -748.428589 42.576569 9
-36.198467 -737.801392 15.746204 9
-38.513557 -738.142761 1.486610 9
-40.405331 -743.530334 27.497704 9
-37.728668 -747.649048 36.567844 9
-36.280365 -737.465698 11.826035 9
-38.459602 -746.081787 32.819176 9
-36.602276 -740.488342 13.298980 9
-37.756397 -737.642273 10.515357 9
-37.547348 -749.414490 41.573059 9
-37.101284 -740.788452 17.643953 9
-36.821163 -736.777466 6.104689 9
-33.416569 -745.859619 35.927135 9
-41.962719 -743.123962 28.472265 9
-33.363430 -737.820312 20.333122 9
-38.492085 -738.075073 32.401119 9
-30.866385 -742.882324 35.204163 9
-37.869091 -737.965210 8.324845 9
-35.278282 -737.485291 16.296368 9
-38.604477 -744.197266 27.320023 9
-37.020744 -739.224243 2.674889 9
-36.895168 -738.608398 -0.037934 9
-31.477423 -745.856628 39.512058 9
-30.485132 -745.263367 41.296543 9
-39.963123 -746.658997 34.713947 9
-34.665272 -739.230103 17.379517 9
-37.954803 -736.605469 0.305205 9
-35.293320 -744.114929 29.230396 9
-39.725517 -736.919434 45.442486 9
-37.609581 -738.461182 22.575214 9
-35.390839 -738.749634 29.716915 9
-32.957333 -741.820435 27.939089 9
-34.614212 -750.077332 44.017372 9
-39.028992 -747.121887 35.290195 9
-39.643173 -742.074768 23.343517 9
-40.871746 -742.816528 26.443850 9
-38.906319 -738.106995 -0.860757 9
-37.522297 -746.898621 34.098362 9
-40.180336 -737.646790 44.481503 9
-41.247868 -745.086060 31.932804 9
-35.999447 -738.271240 25.158119 9
-37.063385 -737.150452 10.141824 9
-35.701462 -745.003418 31.380472 9
-37.700321 -738.169556 9.339501 9
-35.159847 -741.458130 22.238977 9
-35.267632 -738.661133 15.231345 9
-36.275604 -740.285889 14.144217 9
-36.263763 -737.239868 8.720894 9
-39.422039 -738.052002 40.206451 9
-35.692249 -737.585083 15.324080 9
-37.512337 -740.673462 18.289459 9
-37.555607 -738.658508 6.758380 9
-39.462269 -737.010498 41.149670 9
-41.211475 -746.951416 34.887383 9
-37.355762 -739.460876 23.653582 9
-40.635456 -745.034546 31.579496 9
-33.120811 -743.706055 31.758951 9
-36.837029 -735.844910 39.306599 9
-35.628971 -739.515259 14.735495 9
-37.774082 -738.186035 18.350021 9
-32.151051 -741.324707 28.683155 9
-37.101219 -737.294678 21.113222 9
-38.048141 -737.056091 2.409683 9
-37.795113 -736.802673 6.463505 9
-37.010757 -749.854065 44.022774 9
-35.491192 -743.007019 26.387270 9
-38.820992 -737.179260 34.657597 9
-34.141674 -740.033020 20.543287 9
-39.692970 -746.963196 35.264221 9
-36.527004 -749.560181 44.420818 9
-31.638296 -747.773193 43.057522 9
-39.281952 -737.306274 38.006966 9
-38.851513 -738.238708 36.941727 9
-35.850128 -737.443665 7.453344 9
-32.830414 -745.242004 35.262093 9
-37.648087 -737.619385 18.881464 9
-34.089222 -742.658936 27.899323 9
-38.105263 -737.344482 25.187565 9
-41.469490 -741.016541 25.276472 9
-38.627243 -738.028015 16.072805 9
-36.509907 -744.897705 30.403404 9
-37.489449 -739.596497 13.229955 9
-34.668877 -745.106323 32.370319 9
-37.105469 -736.222107 36.270172 9
-32.321335 -749.363098 44.190044 9
-40.972622 -741.236938 22.851763 9
-36.752373 -740.924438 16.106268 9
-37.082275 -736.649780 28.876879 9
-33.292233 -746.590576 37.131130 9
-30.329325 -743.123413 36.709488 9
-41.222122 -745.453674 32.578018 9
-39.678112 -746.232544 33.513042 9
-33.687698 -743.437744 30.346024 9
-36.051559 -738.593079 3.636104 9
-30.954756 -745.753906 42.221985 9
-39.373775 -737.855774 18.017746 9
-36.822037 -736.757935 -0.426094 9
-35.723370 -736.820679 8.012853 9
-37.368309 -739.014099 30.185432 9
-35.673843 -737.499390 3.300451 9
-35.788883 -737.650513 14.474372 9
-35.145523 -750.026672 43.171310 9
-31.109451 -741.292847 30.701395 9
-35.877934 -744.346924 29.440088 9
-38.381477 -738.940552 14.624728 9
-32.390858 -747.881531 41.815361 9
-36.878235 -741.277100 19.088455 9
-32.361637 -745.401367 36.456505 9
-35.011295 -748.067566 38.242970 9
-39.367901 -744.239075 28.203789 9
-38.659157 -745.054688 30.244682 9
-38.173248 -735.934387 39.597744 9
-38.610909 -737.233276 -0.817534 9
-31.896479 -749.560852 45.019096 9
-32.779568 -741.244507 27.109715 9
-36.970638 -737.444458 12.565669 9
-38.917397 -738.282593 37.921654 9
-35.738014 -746.747742 34.918877 9
-37.696865 -739.780273 12.558814 9
-36.120579 -737.349731 29.055912 9
-34.025345 -738.260315 19.518387 9
-38.210190 -735.925049 41.750362 9
-39.635250 -738.685486 18.744684 9
-37.107082 -738.828186 26.959677 9
-37.684654 -738.688110 29.513857 9
-30.802914 -744.714478 39.407032 9
-35.394634 -747.598450 36.965927 9
-38.111061 -738.696594 12.978608 9
-38.584206 -738.142090 2.978783 9
-36.154823 -738.033447 18.406225 9
-36.078053 -738.764526 23.903099 9
-37.137569 -736.913025 25.505762 9
-36.974064 -739.151367 22.781816 9
-36.336136 -739.669739 11.485806 9
-35.709728 -738.332275 13.585190 9
-40.403023 -746.042175 33.526527 9
-39.937794 -744.055908 28.556185 9
-33.829659 -744.019287 31.736048 9
-37.228825 -735.941528 37.964333 9
-36.467690 -747.557617 36.166489 9
-41.323719 -743.046631 27.317936 9
-36.016178 -737.062134 5.370571 9
-37.233536 -740.559998 17.041668 9
-31.196110 -746.964966 43.445415 9
-36.529552 -750.082214 43.259541 9
-32.965977 -739.698242 23.741127 9
-37.192268 -744.405884 28.686905 9
-41.534580 -742.089539 25.165894 9
-36.507816 -736.888855 29.324862 9
-30.348589 -742.740784 35.867344 9
-32.086514 -743.501892 33.421642 9
-34.954712 -740.368713 19.073467 9
-34.452736 -742.181091 25.853973 9
-35.382843 -744.641113 30.419579 9
-34.300549 -739.674011 19.385521 9
-35.679428 -741.301147 20.160145 9
-35.954174 -740.485535 16.045919 9
-34.823929 -744.162170 30.240044 9
-31.361414 -744.297363 36.873524 9
-39.534370 -736.361145 43.494938 9
-37.719845 -736.336792 32.859016 9
-36.959290 -747.338928 35.492298 9
-37.201420 -737.076782 23.300060 9
-38.618198 -742.678589 23.849001 9
-39.638119 -744.992676 30.757504 9
-38.285313 -737.603882 3.468282 9
-36.545612 -741.958496 19.796150 9
-36.329262 -738.318115 0.005658 9
-37.661678 -745.370178 30.712606 9
-37.817078 -738.245117 21.367540 9
-38.196568 -740.448425 17.967369 9
-35.857021 -742.610352 24.581181 9
-37.128883 -738.692810 36.040638 9
-37.634750 -739.232727 22.044252 9
-38.459396 -737.325134 29.787706 9
-34.319057 -741.613464 24.502460 9
-38.100197 -736.814636 31.685898 9
-38.292210 -738.923218 40.437565 9
-31.279491 -740.450195 28.676897 9
-41.858074 -744.610840 31.078705 9
-36.234020 -737.398254 26.243055 9
-38.980488 -737.052124 37.165497 9
-38.718849 -739.704407 17.420164 9
-39.382511 -744.573975 29.577534 9
-36.692917 -738.689819 3.694210 9
-38.102631 -737.194397 26.178261 9
-38.261761 -748.265625 40.535076 9
-32.293636 -742.192566 30.412111 9
-36.137440 -737.192017 30.358730 9
-36.301353 -737.758484 19.567812 9
-35.589188 -745.283264 31.965906 9
-36.153679 -738.648682 8.961950 9
-36.035011 -738.307129 22.748081 9
-37.995155 -738.363831 5.437035 9
-37.252571 -736.560913 30.192160 9
-38.721027 -737.993408 16.942909 9
-38.303505 -738.695862 3.329589 9
-41.525856 -742.943909 28.047873 9
-37.347713 -738.819580 28.999971 9
-37.296448 -737.186523 21.990005 9
-33.926369 -749.882141 46.362564 9
-38.321888 -737.455261 7.757833 9
-36.545227 -735.714600 37.546230 9
-38.001312 -737.175537 0.993225 9
-39.475304 -736.723022 44.911873 9
-40.085567 -737.463135 45.753780 9
-32.644859 -738.981812 23.321396 9
-36.725365 -737.492554 18.332565 9
-37.501518 -739.061646 32.476696 9
-38.976875 -736.779480 38.386837 9
-36.263134 -737.518982 24.252426 9
-40.104855 -745.619202 32.463757 9
-31.122807 -744.565735 38.065205 9
-36.822952 -740.995667 16.722956 9
-37.255791 -737.111450 3.577807 9
-36.051636 -743.150879 24.934963 9
-32.420116 -746.224854 38.032200 9
-41.264668 -740.430298 22.537350 9
-34.360985 -746.377625 35.433784 9
-36.536297 -738.784424 5.680299 9
-38.225384 -738.422852 31.782993 9
-39.429184 -737.398010 40.075565 9
-38.641033 -738.557129 1.013645 9
-34.273277 -741.219666 23.311237 9
-38.706200 -746.542114 33.852211 9
-39.219810 -737.792175 38.921032 9
-41.713570 -745.803162 32.803154 9
-38.661976 -740.579224 18.839052 9
-38.948112 -744.516846 28.590330 9
-39.824089 -742.417725 24.182224 9
-30.796555 -743.479126 37.596592 9
-36.972916 -740.129395 13.649056 9
-38.508472 -736.887451 32.671474 9
-39.635357 -736.803894 46.156918 9
-36.848286 -745.509155 31.541941 9
-39.506355 -748.519348 38.781567 9
-40.067932 -736.944458 44.932720 9
-31.196659 -745.998596 40.918110 9
-37.910374 -737.401917 5.447162 9
-36.587437 -737.630188 14.248241 9
-35.860023 -737.771484 5.874895 9
-35.770699 -738.454895 12.153602 9
-36.102379 -738.927673 10.330254 9
-36.232910 -736.651733 2.644149 9
-36.657810 -742.522583 23.526609 9
-36.979763 -739.318237 34.851929 9
-32.554321 -741.958801 29.224033 9
-32.503647 -751.042236 46.383656 9
-40.142262 -741.272217 22.351013 9
-37.318256 -737.250732 19.904377 9
-35.816101 -737.858276 2.134708 9
-37.861084 -738.901306 34.126740 9
-34.547432 -747.052795 36.448273 9
-35.922630 -741.957153 22.160299 9
-38.299549 -745.363403 30.648529 9
-38.489677 -745.683716 31.686550 9
-36.564148 -736.430054 8.997178 9
-37.699169 -736.183655 37.017548 9
-37.863419 -738.897034 -0.091891 9
-38.714157 -736.006714 42.917370 9
-36.204556 -740.898438 17.164974 9
-36.307343 -738.423279 33.705753 9
-35.895058 -737.462097 4.590703 9
-32.802792 -745.854553 36.463314 9
-37.134155 -736.407593 33.004002 9
-32.870621 -749.950562 44.449173 9
-39.239376 -738.962280 0.049605 9
-31.662912 -746.637817 40.703476 9
-36.858776 -737.347534 20.556719 9
-36.128796 -737.318359 0.681502 9
-32.071682 -740.880310 27.921488 9
-36.747467 -738.975830 34.214687 9
-35.385117 -737.586304 32.900810 9
-38.234631 -748.806824 40.815655 9
-37.135605 -738.929565 27.755098 9
-35.714809 -742.916443 25.821257 9
-38.027252 -738.213928 23.620321 9
-41.752884 -742.352112 26.498503 9
-37.671406 -737.775696 15.437566 9
-36.195610 -737.445618 -0.289611 9
-37.208275 -738.762634 25.606882 9
-33.069981 -748.765320 42.352303 9
-35.195824 -744.867859 31.060017 9
-36.860775 -738.847168 4.543626 9
-38.213879 -738.404663 4.135353 9
-32.787148 -750.257019 46.252548 9
-35.068325 -746.998657 35.934544 9
-38.339645 -737.508972 8.538212 9
-35.979153 -736.834839 32.876389 9
-36.406147 -737.813965 31.532446 9
-37.866955 -737.444641 4.690574 9
-33.761295 -750.479065 46.277069 9
-38.914856 -736.535950 40.176197 9
-37.246410 -746.398010 33.179043 9
-38.260838 -738.228271 30.470230 9
-36.035339 -738.412476 6.756597 9
-33.177673 -747.864807 40.182915 9
-38.621883 -737.350159 31.737158 9
-39.042427 -738.403625 39.553699 9
-36.652012 -737.057129 26.478579 9
-37.114662 -742.726501 24.678589 9
-36.572994 -741.996582 20.777113 9
-36.195976 -737.349792 28.336742 9
-34.118004 -740.492615 21.772940 9
-36.233654 -742.318665 21.437376 9
-36.838646 -736.574402 31.914288 9
-38.307976 -746.437500 33.303543 9
-31.736694 -741.418213 29.895075 9
-36.269691 -737.742493 21.917866 9
-33.760597 -742.258423 27.413027 9
-38.016659 -748.773193 42.372566 9
-37.538582 -749.363892 42.951057 9
-38.189800 -743.829041 26.957319 9
-35.500500 -748.106018 37.833672 9
-38.243042 -742.913391 24.925432 9
-35.114723 -743.141174 27.574200 9
-34.928436 -738.088562 16.850868 9
-37.936665 -736.785645 31.009027 9
-33.864803 -739.933533 21.091238 9
-35.834782 -737.938293 28.112968 9
-39.827023 -738.043579 42.383801 9
-37.682919 -736.859070 27.069695 9
-36.782654 -737.516174 15.372065 9
-40.495430 -737.251953 46.111900 9
-33.667816 -740.787109 23.791080 9
-38.318661 -736.042786 37.568886 9
-34.588123 -749.471680 42.387924 9
-36.430042 -738.378052 1.214534 9
-36.085827 -738.300537 5.442614 9
-34.492325 -746.070129 34.323051 9
-36.150936 -737.283386 1.879969 9
-38.176926 -737.958679 14.026989 9
-37.346073 -738.711914 0.912453 9
-34.209011 -738.824402 18.455303 9
-40.602135 -744.246216 29.529562 9
-33.736324 -738.315979 20.022491 9
-36.511158 -737.269287 9.833308 9
-38.553429 -738.741333 2.173370 9
-40.922375 -739.034241 20.939493 9
-35.685837 -743.930115 28.208937 9
-31.822269 -738.721191 25.003624 9
-36.221924 -742.633972 22.824091 9
-35.976650 -739.470825 13.197470 9
-32.830025 -742.754395 30.345100 9
-37.751823 -736.790100 1.944118 9
-37.310680 -739.158325 9.167777 9
-35.477570 -736.709534 33.979031 9
-37.906628 -737.834839 11.996793 9
-37.938068 -739.554749 15.305691 9
-30.882072 -747.458130 44.025833 9
-38.019444 -739.004517 37.432739 9
-38.522388 -737.902405 4.123027 9
-35.376156 -749.718018 44.951626 9
-37.807518 -737.105042 23.006035 9
-36.345387 -736.536438 5.000148 9
-36.329803 -736.374084 9.536111 9
-38.766438 -737.262390 33.750916 9
-35.941605 -737.682373 10.891213 9
-38.760490 -741.869080 22.389359 9
-36.557178 -736.383667 0.904260 9
-36.659660 -737.108887 24.366381 9
-34.321491 -738.263550 18.023649 9
-36.107784 -748.610718 38.449085 9
-38.126915 -742.259766 23.121304 9
-38.672493 -736.030212 41.332340 9
-37.360443 -743.465027 26.206636 9
-36.975430 -738.523315 35.078438 9
-37.888550 -738.950562 13.449891 9
-35.705231 -742.366333 24.072189 9
-32.140854 -741.867432 29.811806 9
-32.636444 -743.492004 32.235516 9
-33.521591 -749.769165 43.794712 9
-37.556377 -746.061340 32.403656 9
-37.495777 -741.646179 20.561193 9
-40.170094 -744.775696 30.465937 9
-38.774284 -738.081665 34.623394 9
-35.820614 -738.076660 2.714959 9
-37.491306 -738.514404 7.940538 9
-36.966724 -738.937012 31.353825 9
-30.241251 -743.479858 37.808048 9
-36.774895 -736.592163 1.629602 9
-33.351154 -745.532898 35.441063 9
-36.883747 -736.902771 8.896701 9
-30.697233 -744.212708 38.564049 9
-35.619873 -738.914185 27.298899 9
-34.003258 -749.935303 44.246014 9
-37.890373 -738.168701 16.533237 9
-37.610291 -742.617859 24.205288 9
-35.894573 -749.830078 42.329044 9
-30.249907 -744.640198 40.226490 9
-37.482513 -739.007874 36.695557 9
-38.351593 -736.711365 35.328075 9
-37.437168 -736.690369 10.093192 9
-36.005627 -737.979614 3.894024 9
-33.765190 -749.328735 46.435482 9
-36.620689 -736.949036 27.740459 9
-40.036358 -737.270508 43.763561 9
-37.762547 -736.848755 7.480652 9
-37.068958 -739.063232 3.294691 9
-35.994125 -738.233948 9.419026 9
-35.566570 -738.392639 29.079086 9
-36.604485 -736.112793 36.592472 9
-32.857555 -749.227173 43.407051 9
-37.227554 -735.483643 38.988346 9
-35.801453 -739.278198 13.843518 9
-37.608345 -738.650269 5.877059 9
-38.048962 -737.048828 29.035652 9
-36.651337 -749.517029 43.550373 9
-34.629360 -744.710938 31.901148 9
-38.442184 -738.087341 15.087755 9
-37.694580 -738.908386 33.015385 9
-36.690067 -736.574402 33.550194 9
-32.311363 -738.689270 23.736135 9
-32.504517 -743.874146 33.282410 9
-40.225582 -747.339600 36.977715 9
-37.649685 -737.498047 20.990551 9
-37.626583 -736.771973 0.842858 9
-39.370140 -737.244202 39.238857 9
-37.743271 -736.500366 9.209922 9
-37.773243 -738.885742 12.232491 9
-38.017513 -737.857788 24.497562 9
-41.491325 -746.386230 33.835243 9
-36.747700 -735.628723 38.110619 9
-38.274456 -739.395813 15.763685 9
-37.943932 -737.710449 21.605610 9
-39.127228 -738.345459 17.655996 9
-31.248751 -745.708984 40.040318 9
-38.621452 -736.097229 40.754070 9
-35.814198 -737.272949 6.736728 9
-37.269230 -749.348938 40.992748 9
-38.913128 -738.036255 35.808308 9
-35.149887 -746.509399 35.046021 9
-34.664074 -749.928528 43.478100 9
-39.154713 -737.851501 38.194595 9
-31.224535 -740.031128 27.925604 9
-32.559784 -748.595581 43.211079 9
-33.521938 -742.963562 29.545153 9
-37.515606 -737.240234 2.309533 9
-36.047192 -736.448486 34.599400 9
-38.703072 -738.327698 40.672150 9
-38.160957 -737.931885 6.872574 9
-39.807922 -736.112244 44.361515 9
-32.312817 -742.803162 31.361444 9
-36.994747 -739.924866 12.416327 9
-40.481487 -747.034546 36.319363 9
-32.815533 -747.857056 45.469509 9
-33.074306 -739.238892 22.494236 9
-37.522659 -737.367676 11.961733 9
-36.550838 -738.580261 33.194798 9
-36.667358 -741.543579 18.601698 9
-39.538483 -745.155823 31.323328 9
-37.825867 -736.367310 34.865608 9
-30.746468 -742.308411 34.966789 9
-32.441269 -747.533325 41.023224 9
-35.050961 -750.271118 44.333458 9
-37.759480 -738.741150 30.667173 9
-37.995934 -738.650635 19.404140 9
-33.712566 -738.981201 20.357004 9
-37.456810 -740.253174 16.004719 9
-37.255646 -736.379395 10.664555 9
-38.316273 -738.928955 -0.698703 9
-38.985687 -738.361755 41.390533 9
-34.453213 -739.461548 18.535048 9
-38.525318 -736.358704 36.478146 9
-30.823977 -740.295532 28.968800 9
-40.857738 -739.596252 21.850685 9
-32.167740 -743.026550 32.364277 9
-37.644737 -739.270630 38.472637 9
-38.133198 -737.455750 9.401001 9
-35.208340 -748.743042 39.687695 9
-40.280560 -739.070312 20.210150 9
-35.975533 -737.811340 13.737825 9
-34.817780 -743.837219 29.758390 9
-40.895027 -743.652039 28.570133 9
-36.943237 -739.624939 8.108662 9
-38.539253 -738.517578 35.009869 9
-37.794827 -745.739441 31.658789 9
-35.840981 -744.460266 30.060881 9
-36.455254 -738.790283 6.291219 9
-41.483349 -740.565857 23.050116 9
-32.584820 -739.481506 24.698259 9
-35.249554 -737.907227 15.936741 9
-36.347763 -736.529480 4.000755 9
-38.857529 -744.572632 29.129154 9
-36.858807 -739.967529 10.370452 9
-38.628502 -745.388672 31.147259 9
-36.665024 -744.235535 28.522495 9
-37.843258 -741.927490 21.580032 9
-32.251686 -740.295959 27.172150 9
-30.858900 -744.992126 40.966248 9
-37.643082 -749.119019 40.284634 9
-36.771355 -736.354858 34.471397 9
-35.149933 -750.445190 45.537308 9
-32.516071 -738.252747 22.692669 9
-34.115192 -748.194153 39.737804 9
-35.410542 -740.074158 17.149094 9
-33.260273 -742.298828 28.588947 9
-39.204624 -742.238953 23.047079 9
-41.060463 -739.669312 22.359104 9
-37.737782 -738.406189 25.179083 9
-32.488132 -747.109497 39.924446 9
-36.101818 -737.843323 24.679060 9
-33.958748 -740.620239 22.567080 9
-37.414799 -742.958191 25.199652 9
-35.549839 -740.485046 17.942276 9
-31.405878 -748.443237 44.294495 9
-36.516979 -741.416626 19.545383 9
-37.891792 -738.382629 17.806372 9
-36.581802 -736.871521 29.876440 9
-33.360653 -749.150330 42.659786 9
-35.292992 -738.422729 14.203316 9
-36.100174 -738.172852 4.902089 9
-31.829082 -744.529053 36.119076 9
-33.872314 -741.351868 24.763885 9
-36.295048 -738.373962 2.909788 9
-38.608501 -738.683716 39.777161 9
-37.187645 -736.802673 5.267868 9
-38.188976 -744.289978 27.828220 9
-31.964705 -743.811035 34.436127 9
-38.028721 -748.835205 39.450470 9
-35.922329 -746.944885 35.426846 9
-36.481411 -749.746399 42.135338 9
-37.259850 -741.865295 21.169416 9
-31.277319 -743.179932 34.798836 9
-39.213566 -736.126648 42.272625 9
-38.730507 -736.245178 38.634392 9
-41.300320 -740.527771 24.122482 9
-34.769783 -740.762207 20.803640 9
-40.364651 -743.108704 26.618795 9
-37.476566 -737.541199 16.057953 9
-37.239243 -738.735657 23.693502 9
-38.728943 -738.935486 15.736552 9
-34.777130 -741.832336 24.157581 9
-39.644917 -737.431152 41.941628 9
-34.130745 -738.763123 19.320507 9
-41.745071 -743.127747 29.652357 9
-33.412487 -740.327881 23.411915 9
-37.717815 -735.853333 39.918453 9
-37.229717 -737.255920 17.223392 9
-37.768703 -738.157898 19.553246 9
-37.049194 -736.080872 37.454075 9
-36.938850 -739.463623 9.818208 9
-39.707539 -736.711792 43.879524 9
-33.935482 -749.581787 43.174053 9
-35.138790 -743.417175 28.139341 9
-38.875820 -736.052124 43.425930 9
-38.204308 -738.593445 4.866457 9
-36.492451 -739.509216 26.229645 9
-36.372971 -742.531494 23.996183 9
-36.398102 -739.275452 9.794198 9
-35.887493 -739.792297 14.319761 9
-37.962734 -736.654663 -0.237894 9
-37.009586 -736.239746 35.226231 9
-38.324425 -738.893494 38.770817 9
-39.217911 -736.257812 43.025898 9
-30.799425 -742.125977 34.301422 9
-33.816925 -746.626831 36.487801 9
-36.113194 -736.212158 35.368732 9
-38.565235 -736.781433 32.143925 9
-37.578022 -736.707825 29.156286 9
-38.076511 -738.670349 2.713485 9
-38.543961 -737.326294 30.651728 9
-38.342857 -737.733154 28.348450 9
-38.609489 -738.357544 6.271481 9
-32.642448 -750.437683 45.687210 9
-37.526848 -737.302246 14.994028 9
-41.299633 -741.746521 24.224676 9
-38.852097 -736.961426 35.921635 9
-41.714664 -741.164612 24.375000 9
-37.049122 -740.277588 14.533749 9
-36.860512 -736.847534 2.550153 9
-41.311550 -740.002930 23.442413 9
-37.232868 -738.677368 -0.707943 9
-36.164238 -738.057129 19.129623 9
-36.795563 -741.274719 17.890223 9
-31.302225 -742.487915 33.315426 9
-37.547539 -737.531616 12.658460 9
-37.453373 -739.268555 2.031262 9
-41.128460 -740.924866 23.544140 9
-39.115101 -740.753784 19.914629 9
-38.292870 -737.350769 6.439942 9
-36.236610 -743.158875 26.297047 9
-37.542355 -737.597839 13.508584 9
-38.694061 -742.371948 23.394413 9
-40.138550 -745.290039 31.695791 9
-38.941174 -737.511719 35.104744 9
-36.681751 -739.166138 8.225719 9
-39.145611 -744.881714 30.056469 9
-32.420689 -745.100708 35.774673 9
-35.001644 -738.442383 16.416491 9
-34.523392 -738.636902 17.375856 9
-37.944668 -738.346924 10.406981 9
-34.798027 -746.703735 35.441261 9
-35.645096 -737.602539 30.947905 9
-36.714588 -736.641663 9.909488 9
-37.158619 -742.263000 22.534023 9
-37.580509 -739.096863 35.879246 9
-34.045292 -748.900024 41.690620 9
-37.640671 -745.016052 29.768618 9
-37.656673 -738.484863 8.905239 9
-39.199680 -738.153809 42.035210 9
-41.460690 -743.544006 29.239834 9
-38.693954 -736.604858 37.270733 9
-34.717785 -742.701721 26.953463 9
-33.032345 -742.596130 29.605597 9
-36.757313 -741.627258 20.308052 9
-36.728600 -737.285522 10.643270 9
-38.088905 -738.035217 22.534292 9
-32.929161 -738.580383 22.269644 9
-35.623219 -737.318542 5.688220 9
-36.980480 -739.281433 23.984930 9
-32.821796 -740.285156 25.255413 9
-37.974358 -749.090149 41.631618 9
-38.356045 -738.496033 33.237457 9
-36.064579 -738.978271 26.396587 9
-39.095585 -748.443054 39.096516 9
-38.219524 -739.057739 39.364872 9
-39.613289 -740.292969 19.993395 9
-38.221119 -737.568726 2.316193 9
-35.668568 -740.789429 18.452740 9
-36.832802 -735.752136 0.028351 9
-37.894566 -738.818054 1.373979 9
-36.869415 -744.685242 29.487307 9
-35.807575 -750.149414 43.831802 9
-37.753456 -737.225464 11.004596 9
-37.992069 -740.890015 19.040339 9
-36.308361 -736.788757 7.068587 9
-37.702065 -736.371765 32.012817 9
-37.821331 -738.620239 21.995409 9
-37.285133 -737.358643 11.365070 9
-38.203911 -742.073303 22.557877 9
-36.186813 -736.426575 36.391315 9
-30.813383 -743.250000 37.047089 9
-35.480000 -739.646118 15.786427 9
-38.568020 -748.195618 37.072990 9
-36.120186 -737.932434 23.128847 9
-33.972359 -743.400024 29.888153 9
-30.787504 -741.719238 32.639477 9
-37.839687 -738.601318 4.471004 9
-32.324543 -739.046936 24.453814 9
-36.219467 -749.135559 39.458984 9
-38.461498 -737.506287 15.996056 9
-35.792202 -738.405151 27.253057 9
-39.547844 -740.891541 20.841911 9
-35.893364 -738.647095 12.882155 9
-38.384056 -739.204285 0.093248 9
-36.657631 -737.103943 25.217178 9
-37.762936 -738.649170 11.259678 9
-32.777077 -743.076416 31.160408 9
-31.808809 -741.047729 29.017614 9
-37.730076 -737.191101 0.499620 9
-37.465565 -744.137939 27.826214 9
-31.398056 -743.770081 35.815746 9
-35.968552 -743.796021 27.762774 9
-39.841759 -738.949707 19.247530 9
-35.557209 -737.134888 33.101955 9
-35.767590 -737.632629 29.790281 9
-37.608074 -736.874634 3.916355 9
-37.851933 -744.603027 28.795080 9
-36.096512 -738.210266 22.216295 9
-36.212292 -740.483826 15.087287 9
-37.197819 -739.061523 6.946815 9
-35.507755 -749.647278 41.773537 9
-36.752266 -746.272400 33.247601 9
-34.658047 -745.239441 32.873096 9
-37.009300 -736.945251 1.107678 9
-37.882027 -740.010132 16.373369 9
-34.667625 -742.862305 27.465063 9
-31.258133 -742.816223 34.068649 9
-36.119228 -737.933899 7.945212 9
-35.932987 -738.026367 26.339218 9
-38.467728 -738.422668 -0.827114 9
-39.576786 -735.997070 43.889938 9
-33.729424 -748.241089 40.244392 9
-38.836460 -737.801392 33.573162 9
-32.737869 -741.365417 27.634624 9
-37.237446 -738.962830 35.191349 9
-37.416264 -736.457092 0.264120 9
-38.092175 -736.593628 33.743259 9
-36.936520 -739.819763 11.665225 9
-36.823555 -736.620850 0.103844 9
-35.076809 -741.108032 21.855539 9
-37.406075 -745.152588 30.295282 9
-40.492104 -741.606689 23.553658 9
-39.533730 -737.515869 41.315369 9
-36.285503 -737.849121 17.253538 9
-35.845299 -736.771484 6.568099 9
-31.856981 -743.064880 33.147247 9
-36.102192 -737.401428 1.252687 9
-35.764721 -737.619934 16.008265 9
-37.200222 -738.890869 23.189451 9
-32.078873 -748.538940 43.425632 9
-37.844463 -737.113525 8.465951 9
-31.479486 -740.455566 28.196465 9
-37.803089 -735.925903 -0.648118 9
-36.677608 -736.563171 32.476784 9
-33.249901 -738.212708 21.086649 9
-31.112350 -740.718384 29.691343 9
-37.624142 -738.630798 28.480131 9
-34.792274 -749.380493 41.492813 9
-36.543468 -737.345825 12.271277 9
-33.989315 -749.220703 42.175934 9
-36.013451 -737.335205 14.829980 9
-36.051044 -738.694885 7.231977 9
-32.443623 -746.027100 37.556160 9
-39.527912 -739.068665 18.212812 9
-33.195736 -744.246338 32.808006 9
-33.786285 -745.341675 34.535202 9
-36.703678 -739.071472 7.382781 9
-37.655712 -736.774292 29.895163 9
-37.943092 -736.308960 35.837513 9
-37.706264 -737.387024 3.515524 9
-31.575636 -741.884338 31.012581 9
-36.715923 -737.270996 22.611633 9
-31.155256 -746.180664 41.505100 9
-36.343143 -740.026917 13.404305 9
-37.543007 -735.956726 40.534817 9
-32.926540 -747.163086 38.888245 9
-33.124466 -743.480225 31.293024 9
-37.517616 -738.562744 24.541056 9
-36.755489 -741.002930 15.536369 9
-36.519657 -749.682251 41.599895 9
-34.217136 -746.085693 35.010475 9
-36.037949 -738.307739 23.658176 9
-31.754530 -746.468445 40.056759 9
-33.375702 -750.544922 45.429478 9
-37.270241 -738.772766 2.855576 9
-33.873077 -744.784668 33.373268 9
-36.247078 -737.097351 2.908847 9
-37.310398 -740.957764 18.744503 9
-33.687386 -747.716736 38.772579 9
-36.954975 -739.585815 9.100863 9
-39.815804 -743.743164 27.435577 9
-40.087177 -738.219666 19.821726 9
-37.966587 -738.956909 34.649933 9
-39.237518 -748.092651 39.669163 9
-37.121910 -736.820129 8.372924 9
-36.514748 -737.004395 3.467220 9
-35.896927 -738.308899 0.322078 9
-35.928925 -738.541992 16.603592 9
-34.668915 -747.775269 37.834866 9
-39.582760 -748.087952 38.399734 9
-41.224594 -742.440918 26.231079 9
-37.423615 -738.919006 8.693604 9
-37.151180 -736.761169 1.982047 9
-34.972935 -739.291565 16.660086 9
-33.866505 -744.381714 32.110245 9
-41.052345 -744.175964 29.967386 9
-41.913242 -743.803223 29.741808 9
-37.117146 -736.912537 26.203217 9
-39.324509 -738.389282 39.119099 9
-35.852203 -740.490295 16.637993 9
-37.111012 -737.304504 16.423805 9
-34.543655 -748.841858 40.473137 9
-36.826088 -743.554260 27.079266 9
-36.807301 -737.501404 13.088081 9
-30.758749 -742.058655 33.475708 9
-38.603870 -738.696777 3.950007 9
-39.771954 -738.099548 42.925121 9
-40.067604 -738.720215 19.708256 9
-35.617943 -742.167969 23.593344 9
-37.414509 -741.238525 19.685040 9
-36.200912 -736.946655 8.280087 9
-35.040295 -749.176453 40.632805 9
-37.383442 -735.500305 39.653282 9
-31.756332 -746.966736 41.295238 9
-38.781002 -748.565308 37.970436 9
-40.993301 -743.777710 29.040518 9
-40.627346 -738.883423 20.540003 9
-37.738323 -738.730896 3.884510 9
-34.781425 -744.625183 31.246092 9
-37.501152 -736.351379 34.238171 9
-36.699463 -743.927856 27.752165 9
-38.021854 -738.073547 26.125601 9
-37.440823 -739.722961 13.734271 9
-36.358326 -736.825562 5.886852 9
-36.298458 -749.182251 39.946697 9
-33.200603 -746.689697 45.455791 9
-36.174274 -737.737793 8.452270 9
-38.230637 -737.709106 -0.018690 9
-37.361015 -736.685303 -0.394084 9
-36.960369 -738.570251 34.487991 9
-35.864883 -738.090942 -0.149921 9
-36.948280 -737.278748 21.608807 9
-38.569038 -738.557800 14.911160 9
-35.710346 -736.822327 34.970608 9
-39.355988 -745.693359 32.370495 9
-37.038742 -736.541443 31.354366 9
-37.361607 -739.371094 23.150328 9
-36.266006 -737.500000 9.227963 9
-39.980434 -736.472229 45.430771 9
-36.198730 -736.938171 31.682011 9
-39.124180 -748.052979 37.504456 9
-37.495407 -738.864441 9.546020 9
-35.153458 -745.843384 33.494370 9
-37.975147 -739.116577 14.193177 9
-38.150505 -738.757996 0.353528 9
-35.937195 -737.760071 12.778583 9
-35.533550 -741.061890 19.602467 9
-30.895941 -746.178711 42.593102 9
-37.960804 -736.006897 38.069008 9
-40.280689 -739.806030 20.659513 9
-38.925491 -746.646912 34.337940 9
-30.801798 -744.394226 39.799492 9
-37.705139 -739.432312 10.145731 9
-37.485962 -738.917419 21.683357 9
-37.825966 -737.519409 20.527870 9
-39.154900 -743.995422 27.772854 9
-34.898262 -739.719421 17.584675 9
-35.225750 -739.092590 15.757313 9
-39.743015 -736.606201 44.484627 9
-34.204666 -744.848999 32.787380 9
-38.285480 -737.653564 1.394879 9
-33.871304 -748.448181 40.705803 9
-33.727448 -745.731384 35.000744 9
-31.262796 -742.122253 32.347229 9
-37.055012 -739.252747 35.732903 9
-39.475113 -739.804810 19.056538 9
-37.818935 -735.995361 38.936142 9
-35.685944 -739.786072 15.205836 9
-37.779541 -737.988953 10.009925 9
-39.039574 -738.210938 42.664074 9
-33.999802 -739.334900 19.602865 9
-35.967712 -741.847229 21.660791 9
-41.414696 -744.448547 30.946095 9
-33.964344 -743.751770 30.686605 9
-31.938654 -748.721252 43.893204 9
-37.625198 -739.406860 37.746109 9
-38.554089 -736.963501 34.319016 9
-38.343792 -744.337097 28.357292 9
-37.602112 -739.091370 0.679032 9
-31.484142 -741.395508 30.366579 9
-32.681114 -740.877563 26.790958 9
-35.234013 -738.376099 15.653024 9
-37.727024 -737.720337 14.280599 9
-38.236946 -737.510254 26.702644 9
-40.643532 -739.439392 21.179857 9
-35.655060 -737.585327 2.801914 9
-33.827728 -747.360962 37.797638 9
-30.338167 -742.751160 36.367908 9
-36.064777 -738.199036 9.922645 9
-40.038734 -744.293579 29.010889 9
-39.881588 -739.744202 19.909971 9
-38.559669 -738.688416 36.951550 9
-37.772644 -737.237366 13.249207 9
-36.197151 -736.578796 -0.396360 9
-36.447571 -738.458984 32.123325 9
-39.069099 -737.329773 36.438869 9
-38.006824 -738.546265 18.605272 9
-34.328335 -750.735413 46.045547 9
-36.675453 -736.710510 4.347129 9
-35.890385 -738.300598 1.877244 9
-38.374290 -738.841309 37.846130 9
-37.206982 -749.461548 43.669819 9
-37.454136 -740.151550 15.506957 9
-37.156425 -738.972534 4.943419 9
-37.701443 -737.075256 25.111664 9
-33.988148 -748.626160 46.526104 9
-37.285454 -738.843445 3.677680 9
-36.037163 -738.818665 25.520008 9
-37.736233 -737.103455 9.973568 9
-35.294872 -738.704529 14.690471 9
-30.267256 -743.986206 38.816673 9
-35.467796 -743.318848 27.288902 9
-35.308163 -741.719910 22.803011 9
-39.026630 -741.182251 20.605337 9
-35.999126 -736.942444 7.624821 9
-38.572582 -740.378662 18.382540 9
-36.147995 -742.215210 22.527821 9
-37.935383 -738.293579 6.593443 9
-32.609547 -750.109558 44.926449 9
-37.451607 -736.747620 2.961128 9
-38.269264 -738.664307 33.875965 9
-39.119137 -738.796692 41.059689 9
-32.100689 -746.661804 39.763718 9
-38.674911 -738.180908 17.528667 9
-40.109798 -744.544067 30.025351 9
-30.705017 -746.659729 43.327087 9
-39.232170 -737.370728 37.451481 9
-40.690144 -747.009583 35.770710 9
-32.282642 -740.140076 26.174480 9
-33.799580 -740.110352 21.668144 9
-40.311016 -747.852112 37.269566 9
-32.329460 -748.090881 42.320889 9
-32.981510 -747.972168 40.808601 9
-37.513290 -739.822021 14.590249 9
-35.263622 -737.402893 32.187256 9
-36.861778 -737.374634 18.805733 9
-37.661663 -738.678345 10.662821 9
-40.870670 -742.580261 25.819981 9
-38.658821 -748.569702 40.692024 9
-38.099987 -738.104736 9.062054 9
-38.015305 -737.538513 23.444939 9
-36.529423 -736.648682 30.918089 9
-31.774734 -745.352417 37.775139 9
-34.769855 -750.333984 44.774834 9
-37.468033 -748.836060 39.228668 9
-38.381958 -736.897217 -0.204026 9
-41.591080 -743.997314 30.301392 9
-31.972050 -739.102112 25.408697 9
-34.321922 -740.133606 20.082806 9
-37.257343 -736.895020 10.508549 9
-38.164059 -748.472656 37.613171 9
-38.679543 -737.555847 32.851006 9
-37.699364 -743.832031 27.063831 9
-37.923634 -738.331543 22.953602 9
-31.053421 -746.685059 42.644833 9
-31.825136 -748.043518 43.426308 9
-37.755943 -736.800415 28.104553 9
-36.561249 -736.244141 10.240501 9
-35.561543 -737.873230 13.327131 9
-35.961384 -736.028381 35.802773 9
-31.511055 -746.797485 41.702564 9
-40.024769 -740.305176 20.703892 9
-31.085501 -744.153931 37.321491 9
-32.404274 -744.272217 34.269772 9
-31.659595 -739.674500 26.753292 9
-31.955292 -749.507446 44.487129 9
-31.597498 -744.706238 37.038780 9
-36.469841 -746.649963 34.059280 9
-37.335896 -735.955688 38.856922 9
-34.394093 -743.612244 29.718609 9
-36.630081 -748.817871 39.258656 9
-39.581177 -738.149231 19.068298 9
-30.795153 -743.709900 38.220123 9
-36.448677 -738.133850 32.682999 9
-34.901272 -742.044312 24.584131 9
-36.689217 -737.492737 19.404142 9
-37.742008 -739.361938 12.194824 9
-35.546837 -747.020630 35.860241 9
-35.412270 -746.124268 34.098297 9
-39.005859 -739.578430 17.845865 9
-31.524183 -742.010559 31.482767 9
-38.874920 -742.720337 24.268295 9
-37.871716 -737.288757 -0.064451 9
-34.294201 -749.013611 41.281048 9
-33.756134 -739.394348 21.170317 9
-38.027916 -738.241455 12.828111 9
-36.099655 -739.277283 11.287305 9
-35.973206 -738.729980 21.691879 9
-31.533386 -745.470764 38.567822 9
-39.783737 -737.548950 42.857807 9
-41.353058 -739.604309 21.967884 9
-40.852959 -745.996765 33.342964 9
-36.414307 -742.014954 21.773577 9
-38.735584 -738.456726 -0.016897 9
-37.628536 -739.575684 14.192736 9
-37.283600 -737.042603 23.770121 9
-38.652935 -739.274719 -0.716776 9
-33.893150 -747.173767 37.257401 9
-34.268448 -748.733032 40.878490 9
-36.126328 -737.759521 10.168233 9
-37.482677 -739.268921 11.724161 9
-36.900387 -743.485779 26.515678 9
-34.602894 -739.989990 19.150639 9
-32.350021 -747.255676 40.475994 9
-34.449921 -740.739929 21.523790 9
-35.509800 -738.703735 13.874933 9
-36.707954 -749.134583 40.244637 9
-36.430531 -741.232361 16.896730 9
-32.484219 -739.860535 25.577578 9
-38.513397 -737.717163 29.492529 9
-36.837955 -749.910461 42.918247 9
-37.886524 -749.184692 42.641605 9
-38.366375 -738.425903 0.623343 9
-37.162304 -749.059692 39.864017 9
-37.068390 -736.642944 3.453581 9
-36.077595 -737.519470 27.307243 9
-38.041645 -735.938416 40.277073 9
-34.062126 -745.182617 33.613022 9
-38.218128 -735.625610 40.770947 9
-41.044621 -742.272827 25.328785 9
-33.217316 -746.939331 37.919022 9
-33.719551 -741.666016 25.719694 9
-36.217510 -737.914185 20.966812 9
-37.663548 -739.709656 11.735291 9
-38.408573 -744.765991 29.194510 9
-38.372623 -738.034851 5.284457 9
-39.723640 -746.530518 34.293343 9
-38.266006 -741.162720 20.055977 9
-35.849712 -737.699158 6.343675 9
-37.453232 -748.602478 38.773079 9
-38.093750 -736.155884 38.578529 9
-35.555614 -736.497192 34.424286 9
-36.328163 -741.183838 17.908401 9
-35.517189 -738.093140 30.217710 9
-34.897045 -750.526306 45.978462 9
-36.424522 -739.600830 10.690460 9
-33.335930 -747.291504 38.604111 9
-35.746738 -748.605713 38.769447 9
-36.389553 -740.526733 14.597302 9
-36.070393 -737.236084 3.434515 9
-36.385254 -737.365723 23.813419 9
-35.505898 -737.976562 31.640564 9
-36.762287 -736.147644 38.341705 9
-37.589481 -736.427979 31.048094 9
-34.917210 -739.915344 18.158335 9
-35.291687 -737.866150 30.700123 9
-37.861980 -737.377686 24.157755 9
-31.706680 -741.180603 29.472893 9
-35.021763 -748.465942 39.332726 9
-36.415493 -739.785828 11.990690 9
-35.721130 -747.572266 36.631516 9
-36.474739 -737.739685 16.463451 9
-35.285103 -748.329468 38.762173 9
-30.839796 -743.151123 35.863323 9
-39.434971 -737.958313 41.180977 9
-36.655445 -737.061157 0.782427 9
-38.246994 -736.944458 7.649384 9
-38.570385 -738.256287 6.935330 9
-32.577576 -744.160706 33.657822 9
-33.540775 -741.741211 26.322769 9
-35.891296 -738.218140 10.986650 9
-38.090546 -736.963806 29.966061 9
-34.965538 -738.922974 16.356323 9
-38.090511 -736.702942 -0.766138 9
-36.521988 -745.953247 32.689137 9
-36.815536 -749.332825 40.683224 9
-35.195877 -745.284973 32.272926 9
-38.940296 -736.121765 40.389202 9
-34.371082 -741.938538 25.405210 9
-38.029747 -735.894470 41.195454 9
-33.699661 -746.790344 36.957935 9
-37.759155 -736.789917 8.129753 9
-38.858952 -738.529175 38.684940 9
-39.471443 -743.586243 26.938921 9
-36.151154 -738.636475 7.901140 9
-36.576679 -737.046875 1.703948 9
-38.625683 -737.756836 32.009975 9
-36.155964 -738.211121 0.777723 9
-33.028503 -740.289856 24.365784 9
-37.095158 -749.453003 41.415577 9
-38.884418 -736.647156 39.472595 9
-38.244820 -748.742310 38.643970 9
-35.880154 -749.276672 40.277012 9
-30.770937 -745.114197 40.433090 9
-41.900146 -743.340698 28.888680 9
-32.738625 -746.623230 38.227074 9
-34.380531 -748.050537 38.698528 9
-34.611221 -748.598755 40.074123 9
-37.731594 -738.447937 7.225569 9
-35.811203 -741.189514 19.143982 9
-33.539124 -739.225708 21.780680 9
-38.312141 -737.645325 14.941070 9
-39.219570 -736.625305 41.361893 9
-34.386395 -748.277710 39.223675 9
-38.451954 -738.514343 40.263649 9
-37.836330 -738.788574 35.520485 9
-37.389397 -737.521667 14.617018 9
-38.213913 -738.113220 29.117155 9
-30.917198 -741.493958 31.610445 9
-36.537228 -737.068726 -0.211646 9
-37.971481 -737.878723 12.514263 9
-37.748833 -738.877747 7.743125 9
-38.553501 -736.694153 33.412357 9
-37.015907 -737.415588 13.499648 9
-38.254963 -737.230774 5.061718 9
-39.219009 -738.003784 37.134357 9
-34.950943 -746.176392 34.400490 9
-38.445473 -747.323792 35.712799 9
-37.610130 -739.545532 10.950973 9
-36.787506 -735.821594 -0.444099 9
-35.369381 -750.101562 46.017513 9
-38.074112 -736.103699 36.660557 9
-37.514378 -738.760498 27.962629 9
-38.158562 -736.621948 10.258005 9
-41.666943 -740.810913 24.051281 9
-33.605118 -744.406189 32.520367 9
-35.876751 -737.734192 29.150436 9
-32.044827 -742.142700 30.806864 9
-34.149265 -750.418457 45.302006 9
-38.301430 -737.097534 27.785784 9
-37.867233 -739.022461 36.414165 9
-37.248657 -736.797119 27.641581 9
-38.080589 -738.225952 28.566383 9
-38.305889 -738.483521 1.784974 9
-38.415478 -738.102844 31.291183 9
-38.353043 -737.542175 5.492826 9
-33.317226 -739.693970 22.728647 9
-36.857597 -747.706909 35.917320 9
-30.841021 -745.302185 41.721581 9
-36.201515 -738.633301 24.825933 9
-36.112656 -737.782898 25.143505 9
-33.176067 -739.960083 23.276951 9
-36.943615 -738.845215 4.075877 9
-37.605408 -736.995178 24.626076 9
-31.356752 -739.573181 27.161793 9
-32.643993 -740.555054 25.978012 9
-32.754665 -750.715332 46.141968 9
-31.755463 -742.565125 32.189613 9
-33.312859 -740.885193 24.741831 9
-35.352642 -742.669556 25.645786 9
-41.658085 -744.261780 31.315681 9
-32.101440 -744.894836 36.112057 9
-39.390511 -736.580444 42.142334 9
-37.359451 -741.364502 20.138842 9
-36.236248 -738.024658 16.818748 9
-31.442549 -740.002808 27.480465 9
-38.586800 -741.705994 21.850142 9
-31.263399 -745.059814 38.614098 9
-38.236958 -741.671448 21.043207 9
-39.607906 -736.833374 42.908222 9
-39.127579 -742.750549 24.703186 9
-36.227154 -737.353333 0.180227 9
-38.365799 -737.198059 28.711185 9
-33.635986 -750.407104 44.659504 9
-38.448338 -736.975098 29.478828 9
-35.638863 -749.780457 41.358715 9
-36.897541 -739.315186 4.513308 9
-38.747620 -735.992310 41.848221 9
-37.825806 -738.980042 9.890277 9
-39.182209 -738.805969 17.695292 9
-41.006065 -746.704285 34.044147 9
-40.008839 -741.580139 22.758780 9
-34.736423 -741.261353 22.283583 9
-35.901115 -738.351196 11.732041 9
-33.245983 -748.625122 41.778881 9
-38.696636 -738.039917 30.728519 9
-35.899757 -741.516907 20.723194 9
-36.791321 -743.158813 25.637634 9
-32.890743 -739.953125 24.844030 9
-37.973114 -738.647095 31.474573 9
-38.087494 -738.644226 32.225986 9
-32.514729 -741.597168 28.724005 9
-35.867947 -749.876526 42.802807 9
-37.693638 -742.288757 23.270048 9
-30.714491 -741.385986 32.066307 9
-36.254299 -737.212708 13.518683 9
-33.171532 -750.140564 44.754391 9
-39.257385 -738.005554 18.454063 9
-36.068798 -738.386658 17.580240 9
-38.125286 -739.676392 16.118649 9
-38.952694 -738.174316 34.118973 9
-32.881416 -742.274292 29.312157 9
-37.880226 -741.213562 19.669817 9
-38.515526 -736.484253 37.683693 9
-36.437458 -736.746826 8.697462 9
-37.868774 -738.712708 17.375010 9
-36.717911 -735.910095 37.104301 9
-30.563332 -746.357300 42.983871 9
-35.898521 -740.831421 17.524015 9
-37.002186 -740.935303 17.162615 9
-35.986259 -739.155212 11.987547 9
-33.513626 -747.819214 39.310875 9
-32.854427 -738.058899 21.693399 9
-34.949913 -737.223206 17.357023 9
-38.400364 -743.549805 26.553215 9
-37.062710 -740.394165 15.170302 9
-37.474983 -736.192200 35.188427 9
-40.806820 -744.742065 31.241451 9
-36.302094 -738.124634 31.159313 9
-38.227943 -737.001587 30.688015 9
-37.852505 -743.158997 25.117153 9
-36.204201 -741.422424 19.095610 9
-39.264946 -744.921448 30.487738 9
-35.814293 -748.910889 39.327019 9
-32.985142 -745.108704 34.795063 9
-38.040001 -737.801147 7.928395 9
-37.400818 -739.055115 31.778585 9
-33.289867 -741.922607 27.639353 9
-38.278873 -737.826782 1.801552 9
-35.679977 -745.602600 32.766582 9
-36.890965 -737.488220 11.033050 9
-37.252819 -737.141663 4.955067 9
-39.306454 -741.843994 22.291733 9
-40.425823 -737.208557 45.528606 9
-33.305206 -750.871216 46.281490 9
-37.318645 -741.959412 21.636826 9
-41.732983 -741.699097 25.487396 9
-38.695930 -740.943542 19.754154 9
-39.702183 -743.204163 25.829344 9
-36.441673 -736.185059 37.412140 9
-37.959213 -738.448853 8.059059 9
-36.274265 -737.622314 14.576604 9
-39.643326 -747.609802 36.711391 9
-31.088095 -744.999878 39.174110 9
-38.577057 -748.768677 40.077187 9
-35.668598 -739.372803 14.301401 9
-37.388706 -737.202881 18.879002 9
-37.787582 -736.845154 1.486266 9
-41.763512 -742.465637 27.023233 9
-37.274773 -736.218994 -0.584630 9
-33.519985 -738.847595 20.781151 9
-38.417206 -745.946106 32.392445 9
-36.440289 -737.139404 11.524855 9
-31.889948 -750.509644 45.646317 9
-39.884598 -747.753052 37.592693 9
-32.143311 -744.457031 35.199467 9
-40.113991 -736.998840 45.916412 9
-30.815872 -742.602539 35.563477 9
-36.181873 -749.947876 44.379528 9
-40.748497 -747.001709 34.731236 9
-38.267296 -737.615784 27.864153 9
-32.390289 -744.844910 35.353237 9
-38.034206 -737.276978 3.240824 9
-38.322544 -749.230530 40.940819 9
-35.454113 -739.096130 14.840158 9
-38.648300 -747.033447 35.070225 9
-36.604198 -736.137695 -0.064343 9
-36.548698 -736.641235 2.959022 9
-35.327477 -750.149292 45.250095 9
-36.240768 -744.268677 29.006842 9
-35.388210 -749.158691 40.178730 9
-38.233658 -737.804138 14.457206 9
-40.073803 -741.745972 23.300297 9
-38.284775 -738.585754 1.345641 9
-34.059368 -739.213928 20.060785 9
-32.053627 -746.233398 38.828377 9
-36.012569 -737.884827 7.387203 9
-35.409439 -737.538879 15.719870 9
-36.971531 -745.368774 31.131161 9
-38.369179 -745.129700 29.820343 9
-33.203224 -750.398254 46.287315 9
-35.281143 -739.790649 16.615303 9
-35.829903 -739.044373 27.972042 9
-38.970577 -738.200989 37.466347 9
-38.230618 -736.644775 34.172791 9
-38.632965 -738.215942 -0.429896 9
-32.066578 -749.795105 45.379097 9
-36.611938 -735.917358 0.917799 9
-32.966476 -747.369324 39.356586 9
-36.823284 -747.171509 35.088581 9
-36.186214 -737.659546 11.358000 9
-38.697681 -738.713867 -0.473958 9
-38.650768 -741.451355 20.969347 9
-36.753555 -736.761658 6.785968 9
-34.181511 -746.829895 36.262260 9
-37.029243 -738.690125 0.494293 9
-34.948860 -749.785400 42.422379 9
-38.265064 -737.989685 25.463505 9
-31.651247 -747.411621 42.541027 9
-36.073566 -744.736145 30.331795 9
-37.525005 -738.709534 -0.322537 9
-39.441746 -738.328369 39.734379 9
-37.926159 -738.474426 24.704697 9
-31.514111 -744.935852 37.617149 9
-38.152542 -738.624878 6.402938 9
-35.548069 -741.697815 22.213432 9
-35.499992 -737.952881 15.134785 9
-34.648422 -737.566895 18.206081 9
-38.308117 -748.678589 39.128551 9
-36.675167 -740.008179 12.800178 9
-39.116329 -742.048523 22.639866 9
-35.022984 -742.768860 26.602484 9
-38.322041 -737.655579 4.441256 9
-39.243225 -745.555420 31.960732 9
-36.945198 -739.254028 5.560062 9
-37.387314 -738.671692 26.634405 9
-39.391369 -737.673828 38.526588 9
-36.777996 -738.656372 2.536658 9
-37.274433 -738.741699 1.625526 9
-37.546055 -737.270508 10.339162 9
-33.542690 -748.540588 40.999588 9
-35.365910 -736.938293 33.456444 9
-40.257034 -742.674683 25.196537 9
-37.782463 -740.729797 17.931736 9
-31.424984 -748.788879 44.587765 9
-36.501232 -737.405212 20.843546 9
-37.316692 -746.911804 34.561432 9
-30.964453 -740.953491 30.393963 9
-37.996777 -738.345947 8.642849 9
-36.319897 -740.752625 16.110491 9
-38.202454 -737.939575 27.534191 9
-36.564148 -747.928284 36.843273 9
-37.417553 -737.492859 18.039124 9
-39.002254 -737.715454 35.504436 9
-38.268406 -737.699463 0.470826 9
-36.560871 -748.638367 38.826942 9
-38.886768 -737.634338 34.702484 9
-38.208504 -738.250854 30.023499 9
-38.376160 -737.968811 27.038982 9
-32.009384 -747.930664 42.718067 9
-40.527164 -747.343201 35.518711 9
-35.747147 -737.430176 2.019742 9
-39.685112 -745.792725 32.666573 9
-34.076538 -738.751831 18.879940 9
-31.250536 -747.978455 43.769573 9
-36.199482 -741.691589 19.730589 9
-38.173996 -738.340881 7.454759 9
-37.277622 -739.680115 12.713078 9
-35.926506 -737.952454 1.458683 9
-37.893322 -742.139832 22.246387 9
-33.669865 -742.502808 28.264433 9
-37.210587 -742.288696 22.990612 9
-38.369591 -748.846375 41.791378 9
-38.119011 -737.767273 13.401771 9
-36.865589 -738.939209 5.939305 9
-38.147938 -737.200562 10.278734 9
-36.028603 -739.109131 27.178564 9
-37.462669 -736.209290 36.639545 9
-38.213013 -743.485962 26.083107 9
-34.681011 -747.560120 37.440952 9
-36.691074 -736.597412 9.405536 9
-30.697287 -741.859436 33.056236 9
-30.293833 -745.772888 42.300362 9
-39.000145 -739.871887 18.260328 9
-41.662704 -742.272705 26.070417 9
-33.479362 -741.759583 26.788059 9
-38.856873 -738.767334 40.548317 9
-41.259518 -743.285950 28.318794 9
-33.281521 -747.728333 39.689095 9
-35.906567 -745.978149 33.374527 9
-35.741898 -750.015381 44.842957 9
-39.507008 -738.505493 41.991474 9
-36.169147 -750.069580 43.542809 9
-37.654320 -738.439392 23.693077 9
-31.827154 -743.324524 33.721840 9
-37.407791 -738.600708 25.975397 9
-38.461353 -738.040833 15.637901 9
-36.394638 -737.731567 18.129843 9
-37.701157 -736.907593 4.364351 9
-37.168404 -736.447632 33.488544 9
-36.007706 -742.203552 23.055759 9
-31.661575 -749.235779 44.696068 9
-32.246994 -746.751465 45.018295 9
-39.075432 -743.569763 25.981586 9
-35.888966 -743.294739 26.551079 9
-37.572014 -739.112000 11.326980 9
-36.575928 -741.863770 21.198761 9
-31.397907 -743.515808 35.213345 9
-35.391727 -740.987915 20.042883 9
-32.007042 -740.180359 26.729952 9
-30.959005 -745.427979 41.166225 9
-34.024307 -745.547424 34.235497 9
-32.628117 -749.680481 44.191620 9
-32.289665 -746.611206 39.183014 9
-37.377819 -748.076721 37.628963 9
-37.665142 -743.281494 25.938156 9
-38.928509 -747.440308 36.170254 9
-32.285187 -739.517334 25.225990 9
-38.925407 -748.576294 39.772346 9
-40.524559 -741.247253 22.714281 9
-32.761463 -741.650757 28.348135 9
-36.113747 -743.046143 24.511909 9
-37.607197 -747.366455 35.808128 9
-37.522224 -742.550720 23.750443 9
-37.318485 -747.813538 36.780186 9
-38.862667 -745.932007 32.698597 9
-36.987507 -739.663269 11.073183 9
-35.955051 -743.603394 27.334351 9
-37.759964 -737.774780 19.334513 9
-36.898163 -745.015503 30.269409 9
-36.956406 -739.000549 32.469730 9
-36.354137 -744.434143 29.412096 9
-36.753159 -738.930969 5.195486 9
-36.253414 -738.217041 -0.427569 9
-34.056080 -743.040100 28.909000 9
-40.838535 -743.209351 27.448669 9
-38.303432 -743.899658 27.403282 9
-33.270432 -744.517883 33.198032 9
-37.017952 -736.733276 5.657999 9
-38.211639 -738.996094 38.339714 9
-31.361673 -742.426392 32.810410 9
-38.275066 -737.058289 33.018696 9
-36.463963 -741.190613 16.424038 9
-31.961311 -740.571655 27.495352 9
-37.795341 -737.782349 10.987311 9
-36.955616 -739.265320 6.336979 9
-41.760998 -742.791382 28.694946 9
-36.630882 -748.250122 37.564838 9
-37.841438 -737.433838 2.591418 9
-37.636528 -739.049072 35.023182 9
-35.419056 -749.618347 45.366058 9
-37.022945 -748.826904 39.454376 9
-37.058231 -748.333374 38.220753 9
-35.972874 -738.555054 26.303837 9
-36.441765 -736.657898 1.333504 9
-38.900677 -743.877625 27.086061 9
-39.926643 -737.349060 44.740406 9
-35.306862 -742.466492 25.093758 9
-36.906391 -738.627258 0.937674 9
-35.908756 -736.590881 34.137737 9
-36.995377 -739.044983 33.370197 9
-36.658581 -749.936768 43.675926 9
-36.321114 -737.130127 2.325234 9
-40.894402 -746.584595 34.920311 9
-35.715145 -740.058411 16.049765 9
-35.752659 -746.386597 34.150330 9
-33.057117 -741.056335 25.916246 9
-33.559040 -742.593018 28.694605 9
-34.409687 -739.618896 18.939270 9
-31.484371 -746.083069 39.921944 9
-38.587238 -737.683167 31.454222 9
-35.454914 -744.041626 28.797472 9
-35.747753 -738.243896 0.940320 9
-38.716396 -738.380615 36.102383 9
-39.555817 -748.349365 39.191914 9
-35.305180 -741.265137 21.338476 9
-40.348782 -743.307129 27.113932 9
-34.270283 -749.513123 42.710129 9
-38.587288 -736.952087 34.930534 9
-37.192493 -736.742493 4.189132 9
-31.442087 -749.672241 45.144161 9
-36.436447 -737.030396 28.141794 9
-36.033043 -745.129028 31.102673 9
-36.245247 -748.004822 37.171227 9
-37.851856 -748.501038 38.523857 9
-40.406506 -747.478638 36.466469 9
-39.232384 -746.945740 34.288353 9
-33.591480 -748.760132 41.551186 9
-35.727272 -737.891541 3.551709 9
-36.917290 -738.859192 29.033365 9
-37.040916 -736.315552 10.278793 9
-35.752384 -737.373413 31.311687 9
-31.171629 -745.941895 41.894138 9
-35.946602 -737.145264 4.944900 9
-36.328228 -737.448975 10.703702 9
-35.521412 -737.488831 31.816633 9
-37.932911 -737.884521 9.573021 9
-37.578564 -740.321472 16.413437 9
-38.392323 -738.379944 5.879337 9
-38.846020 -743.341125 25.695498 9
-36.249317 -745.596863 32.049614 9
-39.648884 -742.256165 23.823256 9
-32.614986 -749.256287 43.823483 9
-37.276344 -736.778687 6.212609 9
-35.891521 -748.291016 38.042698 9
-35.666298 -749.692383 40.840294 9
-40.101330 -739.510925 20.202730 9
-34.417995 -745.390198 33.519299 9
-38.733799 -748.446655 38.486839 9
-37.156326 -749.624695 42.987751 9
-39.070324 -743.069885 25.345394 9
-35.988441 -738.479919 10.235791 9
-31.206234 -741.819580 31.711855 9
-37.627392 -736.932983 9.451622 9
-37.181644 -739.130066 34.228508 9
-30.810453 -741.190002 31.311567 9
-38.031197 -746.125916 32.527798 9
-36.232159 -738.293274 1.599545 9
-36.978966 -745.981995 32.295742 9
-34.108608 -747.608887 38.001022 9
-31.001957 -740.556091 29.269838 9
-38.263218 -749.371216 41.771286 9
-37.991081 -738.634583 11.889381 9
-38.912365 -738.863770 16.782753 9
-37.990322 -749.112366 42.096031 9
-35.916737 -738.779663 24.368303 9
-37.469585 -739.069702 0.003576 9
-38.144371 -739.185852 14.920200 9
-37.933289 -738.048096 24.094620 9
-37.207897 -736.038574 38.385647 9
-39.148781 -745.253662 31.159126 9
-38.887775 -739.027039 16.387278 9
-38.442631 -737.939758 2.629458 9
-41.108315 -742.938721 26.934938 9
-37.236942 -736.397644 31.950459 9
-32.538235 -742.450867 30.160143 9
-38.180931 -737.549133 24.778704 9
-31.932184 -747.439026 41.981327 9
-30.722036 -743.389038 36.616051 9
-37.459808 -747.099792 35.034752 9
-39.289024 -739.662415 18.553608 9
-36.049503 -739.399719 12.568101 9
-34.379345 -750.533203 45.656181 9
-36.763397 -736.417664 0.477112 9
-39.000439 -738.485901 42.240250 9
-36.685062 -737.504700 11.534822 9
-41.659878 -744.706543 31.490942 9
-38.696251 -738.485168 15.954284 9
-37.899010 -748.971375 39.884628 9
-35.902168 -736.927124 32.317268 9
-38.827103 -737.962219 32.631714 9
-41.430405 -741.870483 24.634754 9
-34.242970 -744.430237 31.902096 9
-39.495167 -738.367065 18.486689 9
-36.450573 -736.774109 7.647935 9
-37.750027 -738.461365 20.357204 9
-36.978218 -740.244263 14.111520 9
-36.386738 -749.419128 40.934441 9
-37.711201 -747.969849 37.320496 9
-39.156040 -736.959717 39.004345 9
-34.622585 -741.448364 23.217030 9
-41.464493 -743.859680 29.887566 9
-39.318970 -737.360168 39.659832 9
-32.457710 -741.072449 27.738247 9
-36.844063 -737.504028 13.923661 9
-37.664234 -737.160034 11.441354 9
-34.310184 -742.922668 28.173944 9
-36.175476 -737.623230 14.090591 9
-33.423920 -743.756042 31.397102 9
-38.181324 -737.634521 26.297096 9
-36.968975 -748.073547 36.901955 9
-36.254902 -742.032593 20.146967 9
-36.577953 -742.413757 22.494678 9
-30.279497 -744.165161 39.291164 9
-37.873295 -741.495178 20.717619 9
-40.756378 -741.400757 23.194176 9
-39.329090 -738.296997 41.657539 9
-33.263069 -740.653564 24.393892 9
-32.063099 -741.082581 28.326696 9
-36.598309 -739.224731 8.720170 9
-39.326752 -746.141296 33.232346 9
-38.249802 -748.075378 37.463768 9
-39.442463 -738.003845 43.182972 9
-35.463825 -738.368164 29.903627 9
-37.248398 -736.863281 7.275219 9
-39.989872 -737.499451 44.127834 9
-39.109444 -746.298645 33.702484 9
-37.403919 -746.223694 32.774673 9
-41.349518 -740.024353 22.502356 9
-38.111343 -739.456055 0.284928 9