-36.906006 -735.796387 38.643345 9
-38.894173 -738.877869 -0.850339 9
-36.525261 -741.832886 19.159460 9
-33.042122 -751.331665 46.281624 9
-41.914249 -744.300598 30.537600 9
-30.633705 -740.438782 29.491425 9
-36.758755 -736.045715 9.742558 9
-34.067150 -747.056458 36.813404 9
-38.248055 -737.019653 26.869802 9
-39.950394 -737.273499 46.373379 9
-38.419689 -749.142822 42.121284 9
-30.416513 -746.054016 42.632614 9
-35.847881 -743.474182 26.072735 9
-32.353024 -738.408813 23.236382 9
-40.692467 -747.525879 36.126720 9
-37.111019 -738.951904 32.956097 9
-41.176334 -741.461792 23.452267 9
-30.307961 -742.413025 35.308716 9
-35.661434 -737.496338 4.024526 9
-38.425388 -737.614746 15.418014 9
-36.225979 -745.402405 31.636379 9
-37.714024 -737.178528 21.517715 9
-34.261192 -737.674194 18.016577 9
-39.108353 -738.763245 41.830845 9
-36.615658 -740.202637 11.815722 9
-33.892262 -748.741943 41.198757 9
-33.218628 -747.154846 45.652794 9
-39.930862 -743.420959 26.937073 9
-30.992090 -744.715820 38.767754 9
-36.945023 -739.511658 7.563527 9
-32.659557 -743.233643 31.714157 9
-35.532402 -738.996033 29.102222 9
-39.134357 -738.168274 36.322155 9
-37.498047 -748.391663 38.334702 9
-36.425728 -736.016052 0.356572 9
-34.898129 -741.408264 22.865383 9
-32.820950 -740.891479 26.242008 9
-39.501198 -739.321960 18.786829 9
-36.290165 -740.739624 15.541602 9
-37.171429 -747.284363 34.769825 9
-35.929314 -749.612793 44.800922 9
-35.670002 -736.296204 35.041752 9
-39.969383 -745.894043 33.029011 9
-36.031555 -738.354553 24.401146 9
-37.826122 -736.551086 30.470871 9
-38.645412 -738.767761 2.798784 9
-39.388966 -735.747375 43.345894 9
-37.975883 -742.536621 23.614704 9
-32.642445 -744.792419 34.790268 9
-35.440132 -737.922180 13.991994 9
-34.799465 -743.585144 29.251953 9
-38.798416 -744.825378 29.639931 9
-38.351925 -737.227295 5.835394 9
-33.830471 -739.457947 20.664137 9
-38.021675 -739.344421 38.936028 9
-37.949810 -737.362549 12.341479 9
-37.292297 -737.251831 18.402283 9
-39.202404 -741.274048 21.072571 9
-30.509296 -741.297852 32.481434 9
-32.923302 -749.546387 43.889057 9
-35.745277 -736.877625 7.138923 9
-38.614605 -736.712280 33.875813 9
-32.630810 -746.968750 39.305416 9
-41.147720 -739.285583 21.465897 9
-39.244041 -736.925415 39.706879 9
-35.292446 -737.597046 31.456724 9
-37.867958 -738.518921 9.906467 9
-34.962109 -745.982483 33.954227 9
-35.842979 -738.395081 1.391667 9
-32.363297 -744.848877 44.697666 9
-32.806725 -741.976135 28.659700 9
-36.350948 -749.330444 40.491096 9
-41.754723 -742.416016 28.443796 9
-35.210564 -740.073242 17.786760 9
-30.923204 -747.986084 44.259346 9
-36.789227 -738.895447 35.490795 9
-36.332211 -739.399963 26.735126 9
-37.914936 -739.461731 13.821737 9
-36.906681 -739.374512 5.062379 9
-41.719952 -741.427856 25.867123 9
-36.127205 -738.119751 16.373697 9
-34.840546 -748.198730 38.877563 9
-31.545494 -738.894348 25.542103 9
-38.289360 -739.794800 16.672659 9
-37.772999 -736.121643 36.291813 9
-37.919159 -738.465027 28.959417 9
-37.034473 -744.061340 28.112101 9
-37.593124 -739.316833 22.687178 9
-37.379745 -736.710449 2.475301 9
-38.520420 -736.484863 -0.734879 9
-39.904137 -748.492676 38.293049 9
-36.853569 -741.998291 21.532104 9
-35.860413 -737.969727 11.406461 9
-38.073593 -737.191467 24.541872 9
-39.893917 -737.951965 43.954048 9
-32.009003 -747.374817 41.569691 9
-35.989834 -738.651489 20.918753 9
-35.356133 -749.891479 42.558350 9
-38.221989 -736.965637 8.129794 9
-34.267437 -749.046387 46.469479 9
-32.262695 -745.635742 37.103947 9
-38.357655 -735.533813 41.249119 9
-36.178631 -737.316345 27.732395 9
-33.213181 -740.388916 23.949438 9
-36.523113 -736.571472 32.994385 9
-38.045185 -743.285095 25.717125 9
-36.682472 -738.448730 -0.668904 9
-34.284405 -744.568970 32.362675 9
-36.167564 -747.814087 36.659737 9
-38.513809 -747.657959 36.490307 9
-37.804657 -746.280945 32.876675 9
-34.581776 -741.948853 24.972694 9
-31.381184 -739.568298 27.630562 9
-30.333893 -743.099304 37.366638 9
-39.933815 -742.650208 24.757206 9
-31.575396 -742.938477 33.571125 9
-38.761120 -738.076599 31.683706 9
-38.767036 -748.300354 40.155079 9
-30.251358 -744.910889 40.771267 9
-34.277241 -742.582092 27.258213 9
-36.094158 -737.909668 8.964075 9
-37.901634 -738.619385 19.962252 9
-38.269859 -737.795898 0.910243 9
-41.421803 -746.701843 34.306824 9
-39.052193 -737.793457 17.446455 9
-39.301849 -746.825745 34.741383 9
-37.071663 -738.900574 30.778881 9
-31.842886 -741.757446 30.500751 9
-35.175289 -740.978760 20.468252 9
-35.056618 -750.973938 46.025089 9
-40.542358 -743.989563 28.843060 9
-41.774761 -745.402466 32.223534 9
-31.558079 -750.077698 45.270679 9
-40.095509 -745.125732 31.184769 9
-36.026470 -742.960327 24.064894 9
-38.134888 -740.724915 18.542850 9
-38.876194 -736.829956 37.760479 9
-32.970406 -737.793274 21.271557 9
-36.082985 -737.193909 29.701473 9
-36.578217 -737.059753 25.836430 9
-38.440678 -738.568298 34.417233 9
-35.956837 -738.551575 18.900972 9
-36.005058 -739.812012 13.743647 9
-36.322330 -744.617554 29.810200 9
-31.487160 -744.113281 36.221218 9
-36.685375 -741.255798 17.342337 9
-37.149860 -749.879333 43.361618 9
-36.204838 -737.700500 22.560013 9
-39.507019 -736.907166 41.824760 9
-36.737785 -738.682739 2.982082 9
-37.401123 -739.257202 37.201473 9
-37.978329 -737.578674 4.078496 9
-38.114517 -745.556030 31.211426 9
-36.630333 -736.843140 5.418519 9
-36.666603 -739.811707 9.480348 9
-37.683765 -736.700745 28.626373 9
-37.227448 -737.388916 14.090937 9
-33.245369 -743.038574 30.041853 9
-39.598492 -741.875549 22.699198 9
-37.770729 -738.399841 25.820322 9
-33.858189 -745.993042 35.399670 9
-31.441353 -746.158447 40.348270 9
-34.164154 -739.191040 18.934769 9
-37.902206 -739.013123 11.670509 9
-33.722687 -740.278198 22.173813 9
-40.444221 -738.550110 20.038977 9
-35.379490 -746.842712 35.444157 9
-38.738132 -744.218933 27.979811 9
-39.960342 -736.294006 44.871990 9
-32.208321 -748.156189 43.094631 9
-34.306034 -750.191284 44.670261 9
-36.249588 -736.026306 37.030468 9
-38.142006 -738.490356 6.988970 9
-35.448895 -739.294678 15.347664 9
-33.614414 -737.785706 19.695736 9
-39.298920 -738.299866 38.558235 9
-34.969780 -744.340088 30.851799 9
-37.779083 -738.829224 18.121576 9
-37.818935 -741.302795 20.137045 9
-38.958839 -738.537903 40.182598 9
-37.153221 -739.574219 24.531450 9
-37.481724 -739.127380 1.505066 9
-36.139816 -738.279297 6.084770 9
-36.727097 -737.430725 19.951168 9
-37.258942 -737.291687 10.830627 9
-37.511383 -737.311035 16.752140 9
-34.714554 -738.818909 16.831867 9
-38.018654 -736.717896 32.327534 9
-35.480572 -743.573547 27.734240 9
-38.093731 -737.790771 23.024073 9
-33.050499 -744.158569 33.332138 9
-37.280907 -736.330811 34.709095 9
-41.169685 -739.957886 22.927198 9
-41.328957 -742.579285 26.880880 9
-39.937683 -740.020447 20.324854 9
-33.895744 -749.283386 42.697083 9
-37.226837 -735.756714 40.177952 9
-36.250584 -746.010193 33.072697 9
-37.531799 -738.634460 27.408108 9
-36.347397 -737.453979 12.806785 9
-38.480965 -739.186340 15.241637 9
-31.780640 -740.785706 28.467514 9
-32.104729 -746.351318 44.857037 9
-36.582508 -736.744202 31.403488 9
-37.248970 -736.777771 6.846791 9
-36.976192 -749.632568 41.874035 9
-38.812309 -737.038330 35.370434 9
-30.509396 -741.905518 33.885201 9
-33.653313 -747.447327 38.274647 9
-36.002056 -737.382507 2.517004 9
-36.211407 -748.834595 39.005001 9
-38.600914 -737.791748 30.180101 9
-33.570808 -748.080444 39.696556 9
-38.251781 -741.972656 22.038834 9
-37.594707 -749.118408 39.628967 9
-35.494591 -737.318054 33.756989 9
-31.532434 -742.231018 31.938482 9
-30.844234 -740.799011 31.025913 9
-36.239155 -737.007080 -0.720247 9
-35.881252 -738.990662 12.482987 9
-38.014267 -736.824280 9.598237 9
-36.783844 -737.113342 23.797956 9
-31.867180 -745.905701 38.589043 9
-38.331635 -736.028198 38.969177 9
-34.976139 -748.911377 40.163643 9
-37.789101 -738.681458 8.412623 9
-36.625217 -736.688232 8.284265 9
-36.004555 -739.354858 10.791776 9
-36.700249 -742.305115 22.952007 9
-36.079189 -738.294983 7.564633 9
-35.509335 -740.775879 19.030746 9
-38.204983 -739.790588 0.029932 9
-32.494907 -739.890137 25.087845 9
-38.637840 -738.519165 5.328693 9
-33.835918 -745.101807 34.066353 9
-38.614586 -738.039917 33.095772 9
-31.666981 -743.655029 34.886547 9
-32.968632 -750.384277 45.149200 9
-42.021873 -743.478333 29.351328 9
-37.428360 -736.955139 0.056726 9
-35.978210 -737.177673 10.220659 9
-36.868332 -736.698730 3.881300 9
-37.903774 -738.925720 21.354959 9
-38.110332 -738.998108 4.090575 9
-35.952171 -738.307190 25.834156 9
-33.165974 -738.999939 21.956909 9
-36.518597 -737.102051 1.238617 9
-36.751945 -738.279053 34.130772 9
-37.257961 -743.684937 26.789978 9
-40.702648 -741.050415 22.197056 9
-41.466908 -740.763672 24.659246 9
-36.464371 -737.969666 32.206036 9
-31.263304 -747.129822 42.816769 9
-35.126202 -747.731628 37.578323 9
-37.384811 -740.085632 14.993279 9
-39.756424 -747.790833 37.123089 9
-35.192966 -738.421997 30.362936 9
-36.800545 -743.017700 25.187622 9
-35.755089 -738.627686 27.796469 9
-36.294727 -737.785156 15.042094 9
-33.513309 -741.103394 25.113310 9
-33.935623 -742.812256 28.556976 9
-31.912027 -739.881226 26.397945 9
-35.618675 -740.064392 16.481714 9
-33.808739 -743.737000 31.155848 9
-35.529182 -741.502991 21.694721 9
-38.067066 -738.904358 35.984211 9
-37.312019 -735.755981 -0.617868 9
-40.614037 -744.413452 30.111559 9
-37.899765 -738.479553 24.143473 9
-38.617615 -738.693481 37.443260 9
-38.162357 -738.213013 13.411900 9
-33.215443 -741.709839 27.219057 9
-37.517548 -744.649841 29.219595 9
-37.738842 -736.148987 37.632198 9
-32.819195 -748.401306 41.939610 9
-38.802105 -738.599426 16.408213 9
-38.862083 -745.744873 32.292728 9
-31.348413 -744.543457 37.471817 9
-31.770983 -749.015137 44.307419 9
-36.266605 -737.947998 17.764997 9
-38.684547 -748.689880 38.837509 9
-31.024961 -745.687988 41.512482 9
-35.243183 -749.538086 41.295414 9
-39.709934 -737.991028 18.581760 9
-37.826241 -749.253662 40.933834 9
-39.245789 -739.225220 17.490549 9
-35.069633 -737.488464 16.989719 9
-38.717377 -743.879028 26.679035 9
-33.297520 -749.958130 46.343666 9
-36.101780 -746.592590 34.373466 9
-39.098354 -740.538513 19.408165 9
-38.147144 -746.641174 34.102825 9
-39.380417 -737.846313 42.731812 9
-37.286926 -739.588440 10.609795 9
-37.058353 -740.057068 13.036396 9
-33.929001 -741.881287 26.086910 9
-35.065556 -737.992065 15.375730 9
-37.313595 -747.619324 36.004745 9
-41.022526 -741.970398 24.718096 9
-35.122303 -745.494141 32.693760 9
-37.237190 -738.951721 6.241232 9
-35.973553 -737.795776 0.258279 9
-36.415298 -738.512634 4.255356 9
-38.712193 -743.058105 24.617805 9
-38.508232 -737.984375 27.898291 9
-35.267868 -750.115845 43.820423 9
-32.739231 -745.503113 35.923183 9
-36.227749 -741.683167 20.403814 9
-40.469097 -742.835144 25.895069 9
-32.679302 -747.618530 40.479336 9
-36.495361 -737.529602 21.278824 9
-34.141483 -741.294800 23.982573 9
-38.653130 -748.190552 37.644848 9
-36.268028 -748.335815 37.825974 9
-41.364803 -745.925598 33.297283 9
-41.021107 -743.276855 27.871386 9
-37.259750 -740.623352 16.414400 9
-32.069317 -738.541077 24.476122 9
-34.564796 -740.209595 19.634733 9
-37.036377 -745.274902 30.643690 9
-39.960888 -737.549438 45.132141 9
-37.757622 -736.153320 10.645699 9
-32.935604 -748.377502 45.678345 9
-32.896286 -746.505127 37.734798 9
-37.775787 -738.831238 31.923367 9
-37.496868 -748.779602 42.866108 9
-38.493343 -737.774597 -0.464381 9
-35.881775 -744.160828 28.766928 9
-38.662533 -736.101196 42.306988 9
-34.974895 -742.537231 26.096573 9
-33.077625 -739.518616 23.087101 9
-39.481178 -737.571045 40.736439 9
-37.452885 -738.780823 0.334594 9
-38.146614 -736.565186 0.976425 9
-38.195671 -737.555725 2.849880 9
-37.303936 -747.998535 37.182957 9
-32.311062 -740.856445 27.375347 9
-38.258286 -747.119568 35.321556 9
-40.465206 -746.923584 35.093929 9
-39.847538 -736.891907 43.325581 9
-35.248447 -742.029724 23.950909 9
-39.482841 -747.263367 35.870430 9
-36.620434 -736.153137 35.790363 9
-30.189177 -744.332336 39.699390 9
-36.109207 -739.080444 8.494978 9
-37.011093 -736.873413 26.976597 9
-39.260441 -743.208618 25.765457 9
-36.820168 -740.664795 14.061330 9
-36.434975 -737.811584 30.831934 9
-30.805874 -742.926880 36.286728 9
-30.333788 -743.717102 38.402897 9
-39.196815 -742.485779 23.639093 9
-38.803146 -736.926636 36.566662 9
-38.474842 -736.131592 40.157417 9
-35.600868 -737.161865 32.524483 9
-37.759365 -736.969360 25.689983 9
-40.188942 -746.341919 34.102978 9
-37.833656 -737.357422 19.511665 9
-35.703217 -737.605835 5.219934 9
-38.612915 -738.810730 1.572163 9
-37.577389 -736.298462 33.494766 9
-35.888618 -738.626892 23.260244 9
-34.263176 -740.457581 21.052347 9
-33.947407 -750.710999 45.723934 9
-37.323563 -737.289429 15.588853 9
-37.212860 -737.125488 22.619379 9
-37.040634 -738.935486 29.562963 9
-36.084896 -738.792053 9.729287 9
-41.243767 -744.721863 31.373756 9
-32.293655 -743.414062 32.811844 9
-37.677532 -736.876404 4.966128 9
-37.716137 -740.543884 17.468660 9
-32.072357 -741.480042 29.388456 9
-37.239101 -745.845398 31.954735 9
-31.035297 -745.217163 39.804916 9
-35.140400 -749.885376 45.652344 9
-35.779781 -737.813599 28.694759 9
-38.919479 -746.243225 33.326683 9
-35.704578 -742.720764 25.215014 9
-40.590172 -745.317993 32.191761 9
-38.653481 -738.791138 0.368176 9
-35.146183 -747.240540 36.486221 9
-38.315155 -737.352539 6.977371 9
-38.468956 -737.435547 29.101614 9
-38.493908 -737.032349 31.244461 9
-37.070019 -746.530884 33.755852 9
-37.790710 -738.747375 -0.750736 9
-38.343014 -738.280029 14.524520 9
-36.327389 -736.483582 34.100517 9
-37.959080 -738.346313 17.107521 9
-40.173386 -741.951355 23.798609 9
-37.052261 -736.656677 29.589981 9
-39.443344 -744.317932 28.888592 9
-34.378376 -738.834839 17.894421 9
-37.443581 -739.041626 34.559319 9
-35.625286 -737.140869 15.823528 9
-33.342533 -746.279297 36.500919 9
-34.103767 -749.840271 43.646053 9
-37.697762 -739.149841 12.746380 9
-39.861027 -743.885620 27.947958 9
-31.023718 -742.765869 34.554008 9
-35.956337 -738.751892 22.175518 9
-32.203575 -750.655701 45.952557 9
-37.879086 -737.663513 8.930301 9
-31.034595 -742.159790 32.946709 9
-32.198345 -743.863220 33.930992 9
-37.080433 -741.215820 18.366159 9
-35.085754 -745.005676 31.706068 9
-36.962421 -737.377258 11.879016 9
-36.699162 -739.573059 25.513548 9
-35.881428 -740.938843 17.987782 9
-39.029606 -745.271179 30.738974 9
-38.399796 -737.581116 10.263005 9
-37.099472 -738.950073 28.431807 9
-39.331959 -737.236694 38.673420 9
-36.838093 -739.067566 23.513212 9
-32.911823 -748.945007 42.920834 9
-38.714436 -740.028503 17.963848 9
-34.499138 -741.009277 21.945032 9
-39.069550 -738.070923 35.129410 9
-39.274601 -737.843933 37.577953 9
-37.928524 -737.966980 20.814152 9
-30.859760 -740.061584 28.404072 9
-30.575966 -747.017822 43.640862 9
-38.606266 -737.539001 16.509621 9
-34.270401 -743.712402 30.203667 9
-36.532139 -736.986267 28.684755 9
-33.482979 -738.445312 20.589031 9
-36.059612 -737.742126 26.767036 9
-37.791504 -738.214844 10.924610 9
-38.034950 -738.853210 33.486145 9
-32.500072 -742.636841 30.842024 9
-35.868290 -744.937927 30.715097 9
-36.318596 -747.307129 35.580452 9
-35.485992 -738.944824 14.295900 9
-36.383442 -737.367065 24.853287 9
-37.915806 -738.585938 30.133999 9
-39.044136 -736.386902 41.013947 9
-37.769020 -741.602844 21.145668 9
-35.996208 -740.098145 14.755555 9
-36.481380 -736.991577 9.313665 9
-38.517635 -737.965515 8.093955 9
-37.057102 -742.542114 24.122532 9
-37.965485 -745.126282 30.199657 9
-35.952793 -737.222595 6.150532 9
-36.173332 -737.201172 14.113931 9
-39.400520 -747.960632 39.045334 9
-37.819180 -738.083191 22.033485 9
-36.485630 -737.659119 18.905830 9
-35.327042 -744.307068 29.873835 9
-37.646641 -738.918457 2.509181 9
-33.818836 -740.698730 23.122280 9
-37.670666 -738.657166 4.972361 9
-38.880775 -737.653442 34.203140 9
-33.432400 -744.004639 32.277580 9
-37.788620 -738.262512 19.000895 9
-32.627213 -742.264648 29.760725 9
-38.284790 -748.415344 41.284439 9
-34.442944 -746.768982 35.904263 9
-31.224592 -741.111328 30.008255 9
-36.945045 -739.255676 3.819495 9
-35.735016 -742.015442 22.748598 9
-34.630657 -746.385803 34.852379 9
-32.101265 -744.661804 35.644802 9
-36.319958 -749.993103 43.951393 9
-36.398750 -749.859863 42.671539 9
-36.426430 -743.700195 27.365000 9
-36.461681 -736.111389 1.412310 9
-39.274754 -736.414551 44.136929 9
-35.171074 -742.992554 26.971165 9
-32.421391 -747.565613 45.181843 9
-38.048618 -738.910706 39.855469 9
-38.059254 -736.155457 35.331280 9
-32.682590 -738.093811 22.188978 9
-36.039307 -738.052124 3.258052 9
-41.566967 -740.538940 23.634687 9
-38.603416 -738.236389 3.650934 9
-31.459259 -746.555725 41.280357 9
-32.609886 -739.185303 23.916309 9
-39.674500 -744.768372 30.162418 9
-36.452007 -738.903137 6.850323 9
-37.671391 -743.021057 24.713938 9
-38.349297 -737.988159 26.594109 9
-37.076584 -739.352844 8.650066 9
-37.870380 -743.949890 27.522257 9
-36.247662 -740.823364 16.542746 9
-37.267071 -738.674072 25.020809 9
-35.646454 -738.144104 12.941544 9
-41.353634 -742.330139 25.747894 9
-39.370678 -737.887695 39.550503 9
-36.075806 -736.745789 3.267619 9
-36.004459 -737.413025 8.113600 9
-37.531399 -736.451477 31.510857 9
-40.367390 -736.763916 45.625614 9
-34.461651 -749.200195 41.887207 9
-37.296268 -737.309021 13.119910 9
-32.275475 -749.884460 44.612343 9
-32.979755 -746.264648 45.277184 9
-34.688831 -739.961426 18.674305 9
-35.250980 -750.405273 44.850037 9
-37.559109 -741.175171 19.192560 9
-39.966099 -740.634888 21.070950 9
-38.773113 -741.081360 20.189871 9
-32.064960 -746.871338 40.197472 9
-38.025692 -737.363892 1.742015 9
-37.663555 -742.120911 22.784698 9
-36.241455 -738.283630 2.255637 9
-37.951351 -739.124084 38.013042 9
-38.674450 -742.181763 22.896191 9
-36.579308 -738.442627 0.602232 9
-34.337112 -745.037598 33.248814 9
-39.517380 -737.892883 41.657402 9
-37.801880 -736.876892 3.406944 9
-38.018669 -738.287048 6.076592 9
-37.212467 -739.284363 36.258755 9
-40.424652 -739.324890 20.758699 9
-38.358234 -744.707092 28.714661 9
-33.832657 -738.885742 19.812971 9
-38.352600 -737.670959 4.965296 9
-37.450615 -737.173584 20.575006 9
-34.687252 -743.070618 28.023811 9
-37.362720 -736.679443 1.521920 9
-37.446251 -736.773010 8.778461 9
-36.991028 -738.967896 22.021330 9
-34.058826 -738.265198 18.777597 9
-31.934416 -744.904358 36.550587 9
-37.676292 -736.967590 27.659388 9
-36.627556 -736.800659 30.425537 9
-36.887684 -749.213440 43.959431 9
-38.143368 -738.090942 25.006983 9
-41.171940 -743.868713 29.556664 9
-35.958111 -738.089233 10.467498 9
-35.699089 -738.128113 29.614222 9
-37.467262 -739.344238 9.706440 9
-37.832268 -739.853943 15.808460 9
-38.162457 -738.432312 31.060614 9
-38.641811 -737.420349 32.348820 9
-36.616051 -737.564636 16.947945 9
-38.630024 -738.768555 41.027782 9
-40.029621 -737.014282 44.258240 9
-31.221972 -741.613464 31.282608 9
-37.768311 -737.127136 23.583513 9
-36.744320 -743.240967 26.130714 9
-33.375801 -745.379700 34.884151 9
-36.107220 -737.757507 23.685431 9
-30.913551 -743.769165 37.075333 9
-36.535480 -738.012146 33.142849 9
-36.029144 -749.661499 41.796307 9
-36.257763 -736.951721 4.542131 9
-36.526276 -737.024902 0.305786 9
-39.936722 -739.277954 19.728258 9
-41.201843 -740.062317 21.977562 9
-31.262594 -739.302795 26.734051 9
-36.199059 -742.471252 22.011982 9
-38.670406 -738.683594 39.149498 9
-39.709255 -745.521423 31.985624 9
-33.491009 -742.251526 27.949833 9
-33.363781 -748.222473 40.633636 9
-37.945580 -738.343018 12.356845 9
-37.302837 -739.635986 12.058159 9
-36.627541 -736.263855 37.835239 9
-37.066471 -738.792786 26.256384 9
-38.522713 -738.082031 2.176399 9
-36.019978 -738.998169 25.046768 9
-34.921947 -738.718811 15.917365 9
-37.210812 -737.015869 24.870268 9
-35.701763 -738.978333 13.376354 9
-36.775494 -736.630432 10.443065 9
-41.917564 -742.690796 27.602003 9
-37.565228 -738.482483 23.248848 9
-38.038525 -736.763977 29.531887 9
-35.934608 -738.850952 11.569858 9
-41.374310 -743.349182 28.738558 9
-34.161606 -748.540710 40.295162 9
-35.765518 -749.090576 39.769447 9
-31.975519 -746.366699 39.362629 9
-37.186630 -736.407227 32.377502 9
-35.543602 -748.419678 38.359905 9
-39.116108 -741.738892 21.882769 9
-31.079527 -746.402222 42.163437 9
-31.131927 -743.390625 35.548740 9
-34.261761 -747.481445 37.578583 9
-40.373081 -741.533997 23.032011 9
-35.673546 -737.666504 30.396034 9
-32.469669 -741.376709 28.090343 9
-37.844734 -737.975159 15.992579 9
-37.426731 -736.845154 5.813874 9
-35.894245 -738.617981 26.768158 9
-37.525780 -735.870117 39.336754 9
-33.455311 -750.078186 44.387413 9
-36.708565 -748.999390 39.719418 9
-31.598871 -748.306946 43.784519 9
-35.948620 -737.825378 6.823965 9
-33.648319 -739.658447 21.555317 9
-31.677324 -742.726501 32.717026 9
-37.422413 -738.812744 7.410876 9
-32.717812 -740.080505 25.943756 9
-31.479048 -745.115051 38.137825 9
-39.253559 -738.631226 18.137894 9
-35.721767 -740.529602 17.227543 9
-37.097912 -736.041992 36.913834 9
-33.280460 -742.568848 29.105423 9
-39.882332 -738.434326 19.331144 9
-36.259281 -739.751892 12.733738 9
-36.767807 -738.621460 1.630775 9
-39.441608 -736.520630 42.599285 9
-36.376141 -736.563965 6.598106 9
-37.935890 -737.530334 14.704970 9
-37.032677 -741.541565 19.833755 9
-36.507217 -736.177124 -0.504447 9
-37.355984 -736.944641 7.879232 9
-36.520561 -736.803101 2.114189 9
-33.553352 -748.891052 41.988235 9
-34.525658 -738.099609 17.298040 9
-36.652599 -744.468445 29.029707 9
-38.277115 -736.681702 34.688519 9
-35.055149 -739.661926 17.009150 9
-32.363182 -748.901611 43.686001 9
-37.777077 -737.557434 11.492526 9
-38.290539 -736.377319 36.983479 9
-34.171711 -745.682373 34.635624 9
-35.970722 -741.321106 19.581219 9
-40.769772 -743.211365 27.011301 9
-33.306080 -747.478149 39.068562 9
-34.364002 -744.302917 31.499657 9
-35.717316 -737.572876 1.595526 9
-38.698002 -737.185181 33.178551 9
-31.315155 -749.248108 44.982719 9
-36.292755 -736.775635 32.203514 9
-36.458885 -737.352844 11.136689 9
-38.282566 -737.184570 28.249035 9
-34.584511 -749.725098 42.933189 9
-31.992767 -747.662720 42.371109 9
-31.396574 -740.792725 29.223433 9
-30.927744 -745.480164 40.700779 9
-38.178822 -748.957031 40.223068 9
-34.036736 -743.226624 29.314232 9
-31.184355 -747.610413 43.531708 9
-37.643982 -737.317383 17.639534 9
-37.294552 -739.944397 14.166930 9
-36.426987 -738.645508 5.089739 9
-36.571880 -738.957764 33.618244 9
-38.109131 -738.881958 35.138729 9
-31.780348 -740.293274 27.783596 9
-35.783691 -740.073547 15.598982 9
-36.114037 -738.359314 19.709263 9
-34.793102 -737.971985 16.291681 9
-36.992722 -741.551392 20.813126 9
-35.943203 -745.645081 32.383022 9
-31.952230 -745.601807 44.535496 9
-39.286919 -743.878784 27.277653 9
-34.668278 -748.990967 40.962433 9
-33.638226 -744.621521 32.929108 9
-37.045380 -748.664246 39.020523 9
-38.656227 -738.423645 15.531912 9
-38.059689 -745.956116 32.111481 9
-37.463943 -739.384338 35.395210 9
-38.023502 -737.463135 13.736322 9
-39.313267 -748.599976 39.585613 9
-38.158657 -738.604919 32.684475 9
-37.684971 -738.909851 3.354019 9
-40.019825 -744.339722 29.505728 9
-35.752045 -746.137268 33.766956 9
-37.175777 -749.397644 40.373665 9
-39.086922 -740.085083 18.697151 9
-34.520283 -750.275085 46.142826 9
-36.995090 -746.144531 32.702969 9
-37.116364 -744.929626 29.885172 9
-35.622086 -736.966736 34.496944 9
-34.075687 -747.930847 39.060349 9
-33.020611 -740.492981 24.814636 9
-37.870819 -739.471680 14.745203 9
-32.764664 -744.495911 34.040565 9
-40.289238 -748.194092 37.635971 9
-37.665573 -736.494080 -0.749636 9
-36.040302 -742.392090 23.460222 9
-35.958065 -737.162720 30.978340 9
-37.992619 -735.453247 40.295811 9
-33.576664 -746.971497 37.589542 9
-36.421326 -738.422485 31.513271 9
-34.945415 -741.040894 21.252378 9
-36.221500 -736.409729 7.629669 9
-37.044514 -736.693787 28.107790 9
-36.726368 -737.558289 16.107197 9
-32.736641 -747.968201 41.244637 9
-38.592907 -738.699036 38.326305 9
-38.345428 -736.635498 35.949661 9
-37.825222 -738.129089 7.652918 9
-36.895893 -736.952454 3.082240 9
-33.128109 -743.287048 30.810448 9
-37.629036 -749.315796 42.247707 9
-38.101131 -738.956848 36.863777 9
-30.360260 -745.491089 41.951923 9
-36.765400 -740.605469 14.871544 9
-32.399403 -746.517456 38.635403 9
-35.945278 -736.601135 35.742222 9
-39.725697 -741.223450 21.689854 9
-31.379223 -745.393799 39.015289 9
-38.382637 -736.326477 38.145870 9
-36.051743 -737.918091 -0.684387 9
-41.680458 -743.544189 30.113569 9
-36.430099 -741.620850 18.092299 9
-36.995380 -738.964355 32.034489 9
-30.831614 -744.041809 37.854069 9
-36.036861 -738.653442 18.083662 9
-37.724964 -737.553772 9.782083 9
-37.857090 -748.861694 38.908016 9
-37.787663 -744.345154 28.291950 9
-38.862274 -736.652710 38.986454 9
-39.042515 -745.459351 31.530107 9
-35.384468 -737.888428 32.206856 9
-34.577156 -748.515381 39.596928 9
-33.350132 -741.388489 25.855539 9
-35.843979 -750.068726 43.220066 9
-38.141415 -739.478455 -0.732185 9
-39.127491 -748.308044 38.271961 9
-35.904770 -737.855408 12.230502 9
-32.148941 -739.512329 25.716866 9
-38.210873 -737.291077 0.297987 9
-39.288303 -738.323914 40.916882 9
-37.621708 -736.104370 38.486526 9
-40.629459 -747.738586 36.890255 9
-38.131664 -737.687256 25.765020 9
-36.531559 -736.359924 34.990978 9
-36.598312 -737.634277 13.544076 9
-35.226891 -739.418701 16.201763 9
-31.018415 -746.383484 43.034370 9
-35.505459 -749.360413 40.564922 9
-32.993645 -747.005493 38.369873 9
-36.110626 -738.226746 21.587473 9
-36.093441 -741.758911 21.178617 9
-38.695774 -739.349792 16.145374 9
-36.013950 -736.554810 8.759471 9
-37.081165 -736.617676 0.689097 9
-36.675789 -737.323914 22.054485 9
-36.544247 -738.747925 34.747089 9
-34.387264 -747.831482 38.284489 9
-36.700047 -739.983398 10.958999 9
-35.434025 -748.712524 39.151649 9
-33.570511 -738.934570 21.256998 9
-38.811344 -739.327026 -0.200411 9
-37.073109 -740.492188 15.644398 9
-31.886557 -742.266541 31.222288 9
-35.345928 -746.416077 34.498024 9
-37.173832 -738.803955 24.230757 9
-36.973312 -739.493042 6.740278 9
-38.152954 -737.707336 23.951321 9
-38.293468 -741.024536 19.564682 9
-39.323689 -746.483521 34.034969 9
-32.786335 -739.861816 24.332314 9
-37.959450 -743.509644 26.480505 9
-39.433022 -740.723389 20.337177 9
-30.578424 -741.143738 31.694529 9
-37.855038 -738.906250 9.183105 9
-33.152020 -750.651245 45.900932 9
-37.898170 -738.438293 28.075434 9
-36.088066 -738.354919 17.119314 9
-35.971130 -739.609192 12.003673 9
-41.650585 -741.527344 24.862366 9
-35.771633 -739.235474 28.388546 9
-35.779583 -743.484070 26.942171 9
-38.491230 -736.909790 30.297499 9
-35.468948 -738.206848 14.742365 9
-39.798618 -737.225159 42.500229 9
-36.459366 -738.672363 32.620205 9
-38.067287 -747.920044 37.093056 9
-37.855511 -736.905945 10.450809 9
-36.048183 -741.283813 18.667002 9
-32.137829 -739.204590 24.928387 9
-37.186436 -739.155823 -0.460125 9
-39.966961 -747.469299 36.440876 9
-39.610596 -739.971313 19.512272 9
-38.046730 -738.759521 0.849667 9
-32.076050 -745.740967 37.855064 9
-32.783070 -738.804321 22.736614 9
-37.181927 -736.793701 9.573113 9
-40.712551 -745.719360 32.907742 9
-30.828321 -744.628662 40.262817 9
-36.605713 -739.470642 10.271873 9
-37.907318 -737.371765 22.328257 9
-38.255589 -738.157349 29.576834 9
-36.738686 -749.554321 41.124779 9
-36.588985 -737.649536 10.274473 9
-38.989712 -737.489563 35.968998 9
-39.087791 -737.621460 36.860245 9
-35.289856 -742.343201 24.675182 9
-36.574654 -748.298828 37.118198 9
-38.554230 -741.523132 21.397676 9
-37.110905 -737.301025 19.221842 9
-36.932117 -737.399414 14.799923 9
-37.466312 -741.961670 22.064621 9
-37.844883 -739.131287 10.897476 9
-38.643501 -738.313477 4.575569 9
-35.927082 -736.748352 33.471111 9
-40.909176 -746.288208 33.834858 9
-35.250324 -743.679260 28.648117 9
-37.373081 -736.300659 35.656654 9
-30.641710 -740.684204 30.304171 9
-38.518631 -737.837097 6.415873 9
-36.322681 -737.711426 20.555155 9
-38.609993 -738.491394 35.572388 9
-36.695171 -739.381714 5.915933 9
-37.569698 -736.912476 26.461258 9
-33.446487 -749.389343 43.347813 9
-30.680267 -744.131897 39.152431 9
-34.640587 -750.435486 45.326115 9
-36.365353 -739.039917 7.791133 9
-38.332371 -738.525208 -0.275318 9
-37.342255 -737.148926 4.278359 9
-40.446587 -739.991760 21.111763 9
-34.650639 -739.538025 18.023134 9
-30.336494 -742.068970 34.614693 9
-35.667233 -750.597900 45.747166 9
-35.162052 -740.704346 19.751871 9
-37.114918 -735.853943 10.384489 9
-38.028458 -737.120544 -0.534468 9
-33.541916 -740.988892 24.337542 9
-38.255516 -748.463745 38.265949 9
-35.984821 -739.304749 27.581835 9
-37.321857 -739.071106 33.716270 9
-37.998047 -736.257568 34.138283 9
-40.659111 -744.701172 30.812042 9
-34.116619 -739.658264 19.995008 9
-36.577030 -737.356995 23.122076 9
-32.319588 -740.492371 26.642801 9
-39.016075 -738.571167 17.135626 9
-37.382404 -738.817139 4.236153 9
-36.158783 -738.342957 8.314265 9
-38.992691 -747.870483 37.047478 9
-36.119537 -737.601868 25.606941 9
-32.122349 -742.721008 31.891685 9
-39.295803 -736.875000 40.503593 9
-34.704716 -741.628845 23.624414 9
-36.839668 -737.392517 17.638575 9
-32.133774 -744.257812 34.788155 9
-32.530636 -745.576477 45.003284 9
-36.281559 -739.101990 25.911568 9
-38.230896 -738.783447 13.901241 9
-30.966091 -748.678284 44.554756 9
-34.711433 -745.680237 33.304142 9
-38.587246 -748.829590 39.616909 9
-33.858498 -742.077576 26.806597 9
-38.804096 -739.259766 16.880562 9
-35.490952 -738.166931 31.018259 9
-34.353924 -751.231506 46.086025 9
-36.449692 -746.927612 34.939091 9
-31.584192 -743.272644 34.238445 9
-39.344299 -742.809937 24.296679 9
-35.833832 -747.283569 36.190437 9
-39.387863 -739.648071 18.125347 9
-38.025517 -747.386597 35.972027 9
-36.956932 -736.710266 4.771281 9
-37.358913 -745.627686 31.207821 9
-36.271927 -743.972229 28.161249 9
-36.116283 -737.680908 9.679030 9
-39.343941 -743.594421 26.452814 9
-38.016945 -736.067444 40.751808 9
-35.826122 -737.936218 27.513123 9
-41.020565 -747.235046 35.476582 9
-32.816402 -746.115601 37.017185 9
-37.271229 -742.408203 23.406729 9
-35.837334 -747.941223 37.322594 9
-32.902546 -747.507629 39.781151 9
-38.489311 -749.121582 41.378536 9
-30.993305 -741.767700 32.092468 9
-38.212025 -737.021790 8.887671 9
-38.537178 -737.733765 31.012655 9
-37.857014 -746.999207 34.713524 9
-35.822430 -738.094116 4.421217 9
-36.699162 -748.579407 38.376797 9
-38.131115 -736.692078 33.200054 9
-38.827671 -747.584778 35.768047 9
-40.606033 -742.396729 25.153559 9
-38.182037 -742.655823 24.317045 9
-31.013449 -742.403870 33.764763 9
-36.127411 -735.905640 36.255733 9
-38.298203 -741.419373 20.659256 9
-33.432663 -739.633179 22.267548 9
-32.302185 -750.184509 45.338047 9
-37.099514 -736.200134 -0.083577 9
-37.013378 -748.292725 37.781292 9
-33.986107 -741.634644 25.292599 9
-37.051830 -736.433899 33.987537 9
-39.696396 -737.609558 43.330856 9
-35.259338 -740.409973 18.439434 9
-36.967609 -739.165833 0.700775 9
-38.578323 -746.822998 34.680000 9
-38.504009 -738.082031 28.735277 9
-32.838192 -743.882385 32.680035 9
-37.331127 -739.487488 11.323745 9
-31.563337 -747.110291 42.170692 9
-38.640038 -743.085083 25.345533 9
-36.471001 -739.185486 9.123120 9
-37.170151 -736.517883 30.796722 9
-32.030998 -747.128113 40.875580 9
-35.674515 -738.512939 28.524883 9
-35.870338 -737.426331 13.353624 9
-39.123550 -735.643311 42.632137 9
-37.839127 -737.843384 20.056746 9
-38.595497 -738.193542 33.817371 9
-39.386929 -743.047058 25.028597 9
-39.109684 -736.312195 41.736473 9
-41.187313 -744.224060 30.507753 9
-37.924553 -738.291016 11.631123 9
-33.737621 -750.306213 45.112671 9
-38.509369 -738.088440 0.255614 9
-36.614456 -740.346008 12.518940 9
-40.180309 -747.163574 35.742046 9
-33.274475 -741.427002 26.563776 9
-31.787996 -745.117126 37.251213 9
-34.463745 -742.384521 26.576572 9
-40.732464 -746.585571 34.502525 9
-40.525650 -743.751709 28.154167 9
-37.242180 -738.904053 5.481027 9
-41.269173 -741.081543 24.048933 9
-38.668095 -743.454224 26.077343 9
-37.589153 -747.363159 35.360264 9
-33.265717 -748.449280 41.341328 9
-33.856346 -737.621338 19.030117 9
-33.861980 -746.370911 36.011723 9
-34.653278 -747.412598 36.989182 9
-31.780735 -739.944336 27.145573 9
-36.919193 -747.756104 36.598122 9
-34.910442 -737.631775 17.752167 9
-39.584667 -748.054993 37.764103 9
-35.576820 -745.752747 33.194168 9
-40.794891 -741.624756 24.016466 9
-37.310680 -743.224731 25.685238 9
-38.236729 -740.093750 17.310520 9
-36.801746 -736.880371 7.426206 9
-34.994560 -749.660950 41.980957 9
-33.396626 -744.798828 33.597698 9
-37.030014 -749.149719 43.251675 9
-35.948769 -737.829102 0.959519 9
-33.001495 -740.780579 25.465225 9
-38.570145 -738.613708 36.432037 9
-41.764610 -742.845154 29.154495 9
-34.379715 -745.576843 33.947407 9
-34.304718 -741.027344 22.719934 9
-36.374359 -737.161987 27.036257 9
-39.398232 -738.494263 42.405941 9
-37.746540 -738.414246 26.525469 9
-34.631683 -740.457031 20.295736 9
-35.973068 -749.517761 41.102760 9
-33.464344 -740.124268 22.904432 9
-31.754499 -744.099182 35.430641 9
-37.947140 -738.770447 1.897478 9
-37.079502 -749.696838 42.567123 9
-37.709892 -738.688965 20.719419 9
-39.291252 -745.946228 32.802963 9
-36.517666 -742.859619 24.570871 9
-34.528656 -743.238892 28.687012 9
-35.558033 -741.309692 20.944895 9
-37.803650 -748.136230 37.706284 9
-39.246048 -747.553223 36.456535 9
-38.786903 -735.540649 41.920471 9
-32.616447 -746.892334 45.229370 9
-38.257870 -737.477417 27.413074 9
-35.761501 -737.118530 31.849909 9
-31.636431 -739.257324 26.129986 9
-33.087536 -738.430542 21.533737 9
-37.126072 -743.898743 27.444181 9
-30.613560 -741.519897 33.326851 9
-39.941284 -742.860962 25.447214 9
-38.011101 -738.156372 27.204090 9
-35.279766 -741.859558 23.272163 9
-37.556042 -737.278992 2.896651 9
-36.217388 -737.103149 3.879678 9
-41.913498 -745.012756 31.673590 9
-36.204170 -743.124939 25.539644 9
-39.956390 -743.242981 26.257391 9
-31.011684 -743.585571 36.340240 9
-35.745968 -750.005005 45.352619 9
-35.784775 -750.214233 44.447544 9
-37.503689 -738.985657 10.306320 9
-36.743565 -742.103455 22.235584 9
-37.792328 -740.300903 16.818712 9
-34.996326 -742.370422 25.423061 9
-38.573391 -737.955811 5.706399 9
-36.599644 -745.792419 32.233089 9
-33.237339 -744.927795 34.387215 9
-40.391148 -742.212036 24.484133 9
-36.844387 -746.798828 34.373310 9
-37.761044 -746.564087 33.510525 9
-34.330765 -744.089661 30.791954 9
-38.451412 -737.972534 7.387717 9
-38.772835 -736.169861 39.498974 9
-37.618263 -738.925903 31.263367 9
-37.403019 -737.158325 24.222416 9
-36.033001 -738.666748 10.882442 9
-36.455780 -745.093933 31.042017 9
-37.298508 -739.113464 8.005052 9
-38.037811 -737.715271 12.941905 9
-36.429737 -743.426147 26.705637 9
-38.123371 -744.852722 29.566500 9
-36.423244 -746.307190 33.695938 9
-33.717018 -751.074036 46.265526 9
-32.586246 -748.431274 42.580479 9
-36.200165 -737.795410 15.738918 9
-38.523785 -738.135071 1.492381 9
-40.405178 -743.534485 27.498795 9
-37.734200 -747.654175 36.567978 9
-36.286354 -737.452698 11.830731 9
-38.459419 -746.083252 32.821396 9
-36.600132 -740.491638 13.302969 9
-37.760590 -737.656799 10.513289 9
-37.554008 -749.406616 41.577835 9
-37.106045 -740.781067 17.640974 9
-36.809830 -736.771851 6.107162 9
-33.419952 -745.859985 35.927116 9
-41.959866 -743.122375 28.476130 9
-33.367947 -737.819519 20.333441 9
-38.490803 -738.085327 32.389080 9
-30.870993 -742.875000 35.206589 9
-37.870125 -737.968018 8.316483 9
-35.284149 -737.486328 16.293356 9
-38.618225 -744.198303 27.319790 9
-37.023308 -739.234314 2.666005 9
-36.904915 -738.600037 -0.053363 9
-31.484728 -745.848816 39.515339 9
-30.474075 -745.270874 41.296211 9
-39.962418 -746.667358 34.704369 9
-34.661247 -739.234314 17.362223 9
-37.954166 -736.606812 0.313811 9
-35.280666 -744.118408 29.222151 9
-39.732853 -736.923157 45.452637 9
-37.600758 -738.464783 22.580975 9
-35.396191 -738.752136 29.712090 9
-32.956120 -741.812988 27.930120 9
-34.617138 -750.078674 44.023441 9
-39.032528 -747.126282 35.288513 9
-39.641384 -742.084045 23.339067 9
-40.870975 -742.817383 26.450710 9
-38.916702 -738.108276 -0.874887 9
-37.509094 -746.898804 34.101727 9
-40.177311 -737.645447 44.486885 9
-41.240047 -745.096191 31.939116 9
-35.990856 -738.265137 25.160967 9
-37.067913 -737.152161 10.146923 9
-35.703133 -745.009460 31.377745 9
-37.694504 -738.172729 9.352157 9
-35.152412 -741.454895 22.240538 9
-35.267925 -738.657898 15.224860 9
-36.276836 -740.291626 14.142129 9
-36.263573 -737.238403 8.723819 9
-39.427349 -738.053955 40.198700 9
-35.696758 -737.580322 15.327519 9
-37.509388 -740.689819 18.297865 9
-37.553268 -738.657043 6.748698 9
-39.461132 -737.007935 41.141941 9
-41.208275 -746.959900 34.891567 9
-37.358654 -739.463501 23.655008 9
-40.638969 -745.039246 31.586269 9
-33.119419 -743.706909 31.758392 9
-36.841267 -735.841003 39.303310 9
-35.621834 -739.510315 14.738009 9
-37.773266 -738.184387 18.339027 9
-32.144081 -741.323792 28.681807 9
-37.098721 -737.303833 21.137362 9
-38.060123 -737.061584 2.408593 9
-37.797245 -736.801636 6.456614 9
-37.006683 -749.855530 44.020519 9
-35.507553 -743.009277 26.380697 9
-38.819813 -737.180969 34.658459 9
-34.127342 -740.018616 20.543549 9
-39.701241 -746.965759 35.259109 9
-36.504238 -749.574707 44.428631 9
-31.648872 -747.764099 43.055298 9
-39.273998 -737.324280 38.005920 9
-38.856972 -738.246765 36.947250 9
-35.863419 -737.446716 7.445306 9
-32.821262 -745.236816 35.259171 9
-37.655216 -737.626465 18.884640 9
-34.090080 -742.664795 27.894659 9
-38.101025 -737.343140 25.181805 9
-41.470608 -741.017517 25.276409 9
-38.634785 -738.028259 16.062809 9
-36.492317 -744.903870 30.396971 9
-37.494282 -739.592407 13.240705 9
-34.664768 -745.109558 32.365601 9
-37.105812 -736.226868 36.265553 9
-32.320522 -749.361389 44.201694 9
-40.976070 -741.248413 22.846855 9
-36.749783 -740.929749 16.101677 9
-37.078949 -736.640686 28.872345 9
-33.294895 -746.583313 37.120831 9
-30.332989 -743.130188 36.714176 9
-41.228016 -745.450439 32.575188 9
-39.685768 -746.227173 33.516983 9
-33.688114 -743.428711 30.354265 9
-36.045525 -738.585327 3.639354 9
-30.956507 -745.754028 42.208996 9
-39.377544 -737.868835 18.014822 9
-36.821869 -736.765869 -0.407741 9
-35.720589 -736.836426 8.021918 9
-37.368526 -738.995972 30.189028 9
-35.669579 -737.492798 3.300760 9
-35.789520 -737.653198 14.470901 9
-35.131451 -750.020508 43.171524 9
-31.114513 -741.295105 30.704332 9
-35.867340 -744.348083 29.438538 9
-38.381866 -738.939270 14.616501 9
-32.393581 -747.885864 41.802563 9
-36.867352 -741.270020 19.091333 9
-32.363121 -745.394165 36.458794 9
-35.010174 -748.063843 38.253597 9
-39.365757 -744.237427 28.196541 9
-38.660416 -745.056274 30.245831 9
-38.165199 -735.944946 39.598240 9
-38.601570 -737.236633 -0.821481 9
-31.877808 -749.548706 45.031254 9
-32.780170 -741.249084 27.109056 9
-36.974129 -737.437622 12.562257 9
-38.915195 -738.285767 37.910011 9
-35.732384 -746.744629 34.908100 9
-37.696285 -739.787659 12.582498 9
-36.119072 -737.340759 29.065090 9
-34.013596 -738.273865 19.507366 9
-38.202984 -735.925171 41.751339 9
-39.627399 -738.691895 18.741598 9
-37.106838 -738.843201 26.951864 9
-37.696659 -738.687622 29.511354 9
-30.802729 -744.720520 39.403061 9
-35.393116 -747.600403 36.977802 9
-38.106865 -738.697632 12.980591 9
-38.574558 -738.159302 2.995793 9
-36.152992 -738.019653 18.403898 9
-36.077168 -738.777039 23.914480 9
-37.131535 -736.905457 25.493378 9
-36.974728 -739.142151 22.777691 9
-36.322037 -739.666382 11.458937 9
-35.708336 -738.320923 13.565420 9
-40.404560 -746.045288 33.513000 9
-39.949932 -744.051941 28.561962 9
-33.832851 -744.023865 31.750639 9
-37.224598 -735.932800 37.960300 9
-36.475971 -747.550049 36.163147 9
-41.327919 -743.041321 27.310867 9
-36.012585 -737.062012 5.370542 9
-37.232002 -740.560303 17.057066 9
-31.197706 -746.970764 43.456512 9
-36.542709 -750.081604 43.262238 9
-32.960281 -739.684814 23.732561 9
-37.190170 -744.398010 28.673046 9
-41.542244 -742.074402 25.168947 9
-36.503597 -736.884094 29.315237 9
-30.357100 -742.734253 35.857788 9
-32.077290 -743.507507 33.420387 9
-34.947968 -740.373840 19.081970 9
-34.454739 -742.164673 25.846161 9
-35.374470 -744.655701 30.419514 9
-34.309368 -739.684631 19.376036 9
-35.677094 -741.300354 20.150566 9
-35.958714 -740.485718 16.058561 9
-34.819172 -744.155029 30.246532 9
-31.362577 -744.303589 36.876774 9
-39.542068 -736.358765 43.490559 9
-37.729351 -736.355774 32.864994 9
-36.953819 -747.330383 35.494873 9
-37.205692 -737.082275 23.285965 9
-38.616322 -742.672791 23.857040 9
-39.633526 -744.995483 30.760395 9
-38.288528 -737.615417 3.484719 9
-36.550049 -741.959778 19.790640 9
-36.323578 -738.318726 -0.002452 9
-37.661560 -745.377136 30.696276 9
-37.823723 -738.247986 21.367073 9
-38.194618 -740.450500 17.976303 9
-35.854698 -742.610291 24.575457 9
-37.111755 -738.688538 36.048393 9
-37.638287 -739.243896 22.050055 9
-38.464569 -737.314941 29.793266 9
-34.314278 -741.614380 24.500231 9
-38.097168 -736.816406 31.691618 9
-38.298153 -738.919006 40.443962 9
-31.283003 -740.451721 28.684483 9
-41.866570 -744.605713 31.077465 9
-36.216228 -737.404236 26.255816 9
-38.983742 -737.046021 37.163876 9
-38.730453 -739.695435 17.419977 9
-39.379837 -744.578491 29.567726 9
-36.704224 -738.690918 3.690032 9
-38.106388 -737.197266 26.179846 9
-38.271152 -748.255920 40.529789 9
-32.293659 -742.200256 30.409397 9
-36.134468 -737.199158 30.357439 9
-36.304119 -737.745728 19.559042 9
-35.591846 -745.289795 31.959976 9
-36.153622 -738.652466 8.958890 9
-36.036674 -738.307739 22.749832 9
-37.997860 -738.369751 5.444482 9
-37.267612 -736.575195 30.175579 9
-38.727215 -738.001404 16.941885 9
-38.283459 -738.692200 3.339589 9
-41.534416 -742.945801 28.046793 9
-37.347836 -738.821228 28.995007 9
-37.293896 -737.201782 21.990870 9
-33.923420 -749.889709 46.350262 9
-38.319244 -737.459106 7.762376 9
-36.548244 -735.705017 37.557594 9
-37.999615 -737.179260 0.980810 9
-39.482044 -736.729004 44.902386 9
-40.088776 -737.460754 45.753815 9
-32.642738 -738.987854 23.324738 9
-36.731243 -737.492126 18.330845 9
-37.496326 -739.067627 32.473961 9
-38.981262 -736.778625 38.388035 9
-36.260769 -737.516907 24.250122 9
-40.104561 -745.617371 32.461536 9
-31.117765 -744.555420 38.052635 9
-36.822498 -740.994507 16.730721 9
-37.255489 -737.121887 3.586046 9
-36.046104 -743.155823 24.937115 9
-32.423958 -746.227173 38.035229 9
-41.279003 -740.435547 22.537601 9
-34.365997 -746.384888 35.415527 9
-36.540398 -738.799072 5.688774 9
-38.230278 -738.432861 31.784931 9
-39.435020 -737.393250 40.085346 9
-38.627838 -738.552307 1.012345 9
-34.268856 -741.220886 23.299131 9
-38.693268 -746.533508 33.862263 9
-39.212124 -737.783142 38.915611 9
-41.711288 -745.798340 32.789986 9
-38.667580 -740.580017 18.830162 9
-38.940971 -744.522034 28.586115 9
-39.816185 -742.414368 24.183214 9
-30.790325 -743.473511 37.603882 9
-36.990417 -740.131775 13.650570 9
-38.517189 -736.891052 32.678635 9
-39.627670 -736.801392 46.154961 9
-36.855206 -745.517212 31.543509 9
-39.508652 -748.518311 38.771648 9
-40.063156 -736.944214 44.925995 9
-31.193316 -745.994141 40.912285 9
-37.904251 -737.401123 5.451459 9
-36.586292 -737.629211 14.233434 9
-35.866459 -737.776062 5.877810 9
-35.769203 -738.458679 12.158716 9
-36.097431 -738.925293 10.325046 9
-36.228043 -736.648743 2.645146 9
-36.656967 -742.517700 23.527739 9
-36.986877 -739.317322 34.848919 9
-32.559185 -741.963623 29.221748 9
-32.505188 -751.043396 46.378567 9
-40.148136 -741.275513 22.336359 9
-37.320572 -737.255310 19.898354 9
-35.821945 -737.862915 2.138168 9
-37.876842 -738.908752 34.144592 9
-34.552189 -747.046082 36.448174 9
-35.925579 -741.947571 22.172085 9
-38.294544 -745.355469 30.644415 9
-38.481739 -745.680969 31.689600 9
-36.563908 -736.424683 8.999160 9
-37.701035 -736.190430 37.023586 9
-37.856236 -738.896606 -0.100835 9
-38.703434 -736.014648 42.906555 9
-36.205700 -740.905579 17.180067 9
-36.314957 -738.414673 33.708721 9
-35.895618 -737.469727 4.582859 9
-32.804951 -745.855408 36.467354 9
-37.142120 -736.399841 33.009102 9
-32.861786 -749.961487 44.458778 9
-39.246323 -738.966614 0.046784 9
-31.652828 -746.630859 40.697624 9
-36.863586 -737.358521 20.566296 9
-36.129936 -737.314026 0.673932 9
-32.066528 -740.873108 27.925655 9
-36.743031 -738.967102 34.224041 9
-35.383785 -737.587891 32.904289 9
-38.238266 -748.808777 40.807289 9
-37.130219 -738.928406 27.749817 9
-35.703938 -742.910095 25.820410 9
-38.039375 -738.220154 23.615530 9
-41.758732 -742.371643 26.493769 9
-37.672512 -737.785278 15.448373 9
-36.198715 -737.440918 -0.297221 9
-37.203960 -738.759583 25.615555 9
-33.081192 -748.756287 42.363495 9
-35.195889 -744.870483 31.060118 9
-36.864475 -738.846191 4.537925 9
-38.225334 -738.401184 4.125651 9
-32.785442 -750.245911 46.258896 9
-35.056515 -746.998779 35.936462 9
-38.328278 -737.505249 8.545686 9
-35.978695 -736.829224 32.886578 9
-36.413124 -737.804504 31.529247 9
-37.874878 -737.456543 4.692404 9
-33.754993 -750.473083 46.266224 9
-38.912403 -736.546814 40.175503 9
-37.257088 -746.402527 33.165268 9
-38.253319 -738.220947 30.464235 9
-36.032017 -738.421448 6.759581 9
-33.167355 -747.867676 40.183048 9
-38.632587 -737.346497 31.739616 9
-39.029579 -738.411621 39.546665 9
-36.651707 -737.050354 26.490992 9
-37.114891 -742.720093 24.676939 9
-36.573586 -741.991821 20.787161 9
-36.197445 -737.351074 28.330896 9
-34.114101 -740.495483 21.776707 9
-36.227638 -742.316650 21.423813 9
-36.835842 -736.568665 31.919388 9
-38.308243 -746.434143 33.303371 9
-31.730972 -741.417053 29.897749 9
-36.268314 -737.728943 21.927628 9
-33.761917 -742.263977 27.416967 9
-38.023617 -748.777893 42.370380 9
-37.552101 -749.371704 42.934792 9
-38.185753 -743.817200 26.963923 9
-35.509655 -748.107422 37.854446 9
-38.235073 -742.915649 24.935152 9
-35.108871 -743.133728 27.573057 9
-34.938377 -738.091370 16.851967 9
-37.932068 -736.779846 31.011938 9
-33.856903 -739.933960 21.091654 9
-35.831860 -737.939819 28.108419 9
-39.821991 -738.036011 42.394459 9
-37.681751 -736.863098 27.072784 9
-36.780323 -737.509888 15.360652 9
-40.506180 -737.247192 46.118496 9
-33.653843 -740.783142 23.793266 9
-38.312233 -736.049255 37.562355 9
-34.593033 -749.470581 42.388870 9
-36.431881 -738.371094 1.211022 9
-36.078701 -738.309937 5.438457 9
-34.490734 -746.078247 34.328991 9
-36.171307 -737.292175 1.879282 9
-38.188122 -737.949890 14.033236 9
-37.331585 -738.705627 0.907560 9
-34.223671 -738.819702 18.456242 9
-40.603466 -744.248413 29.523563 9
-33.738663 -738.331543 20.029976 9
-36.510475 -737.276611 9.827781 9
-38.557640 -738.733948 2.162478 9
-40.902775 -739.032471 20.941013 9
-35.682804 -743.915283 28.197598 9
-31.825264 -738.727844 25.015602 9
-36.222694 -742.630859 22.826784 9
-35.980499 -739.466431 13.194055 9
-32.830410 -742.762268 30.342741 9
-37.754120 -736.790710 1.953247 9
-37.313435 -739.150696 9.168273 9
-35.485092 -736.700439 33.969810 9
-37.906612 -737.833252 12.002715 9
-37.942627 -739.556152 15.310544 9
-30.885635 -747.449036 44.007900 9
-38.015175 -738.998596 37.435764 9
-38.515896 -737.893677 4.125859 9
-35.367332 -749.728821 44.954540 9
-37.801250 -737.113892 22.990171 9
-36.340782 -736.543457 4.998076 9
-36.321774 -736.381042 9.539585 9
-38.761951 -737.276062 33.748260 9
-35.945168 -737.680054 10.883531 9
-38.755363 -741.867920 22.397177 9
-36.561764 -736.370605 0.901301 9
-36.660213 -737.120850 24.372982 9
-34.327637 -738.265564 18.013910 9
-36.095055 -748.595276 38.464954 9
-38.129627 -742.253662 23.127068 9
-38.666161 -736.013367 41.325199 9
-37.374332 -743.471008 26.208111 9
-36.971302 -738.520813 35.081619 9
-37.891853 -738.952576 13.458636 9
-35.709576 -742.367004 24.074610 9
-32.140862 -741.869080 29.802481 9
-32.630573 -743.484375 32.230949 9
-33.519642 -749.770508 43.796673 9
-37.556240 -746.064392 32.405842 9
-37.504448 -741.646973 20.576658 9
-40.165359 -744.756592 30.484289 9
-38.786282 -738.073792 34.612595 9
-35.833241 -738.072205 2.712197 9
-37.502789 -738.521484 7.937411 9
-36.978920 -738.942139 31.350798 9
-30.247160 -743.477844 37.807129 9
-36.761768 -736.583740 1.634127 9
-33.338501 -745.545105 35.452415 9
-36.886063 -736.892456 8.892776 9
-30.692547 -744.208618 38.573193 9
-35.627632 -738.916992 27.309505 9
-34.002720 -749.930847 44.259438 9
-37.890366 -738.169922 16.535051 9
-37.606403 -742.622559 24.215034 9
-35.892998 -749.830505 42.333004 9
-30.251413 -744.637146 40.231770 9
-37.484703 -738.991333 36.698360 9
-38.342834 -736.710205 35.322433 9
-37.428493 -736.689148 10.085500 9
-36.000206 -737.980469 3.889942 9
-33.759167 -749.324768 46.434052 9
-36.630772 -736.955994 27.750706 9
-40.038300 -737.280029 43.750256 9
-37.763462 -736.840210 7.483576 9
-37.073895 -739.070679 3.295138 9
-36.001659 -738.240967 9.424455 9
-35.570736 -738.391174 29.078945 9
-36.609032 -736.116760 36.594482 9
-32.856667 -749.226135 43.412411 9
-37.226612 -735.472839 38.983997 9
-35.803089 -739.287903 13.841086 9
-37.614811 -738.651306 5.870767 9
-38.048450 -737.050354 29.030909 9
-36.654572 -749.510193 43.554428 9
-34.642227 -744.695557 31.904346 9
-38.438572 -738.091492 15.102616 9
-37.695065 -738.909668 33.015148 9
-36.682407 -736.579956 33.559189 9
-32.308319 -738.686523 23.729095 9
-32.518951 -743.876831 33.274185 9
-40.220665 -747.344543 36.964489 9
-37.658459 -737.494324 20.989918 9
-37.620064 -736.765869 0.854107 9
-39.374191 -737.247131 39.241329 9
-37.733303 -736.510010 9.204554 9
-37.771511 -738.885620 12.236042 9
-38.015972 -737.846558 24.496082 9
-41.481987 -746.382629 33.836964 9
-36.750340 -735.628784 38.122498 9
-38.257595 -739.400391 15.763885 9
-37.944908 -737.705627 21.604492 9
-39.139523 -738.350769 17.658920 9
-31.245571 -745.716858 40.037601 9
-38.616699 -736.103271 40.756470 9
-35.817348 -737.272461 6.721585 9
-37.264862 -749.342224 40.994591 9
-38.909847 -738.033447 35.809456 9
-35.144470 -746.497742 35.054207 9
-34.663921 -749.928162 43.481659 9
-39.148258 -737.843567 38.195198 9
-31.218252 -740.030090 27.921877 9
-32.542824 -748.601318 43.204094 9
-33.534267 -742.956787 29.564196 9
-37.522602 -737.243347 2.313707 9
-36.050072 -736.468384 34.595314 9
-38.695774 -738.321838 40.673500 9
-38.151848 -737.930298 6.876142 9
-39.806946 -736.116760 44.344826 9
-32.305752 -742.788757 31.363182 9
-37.003773 -739.926941 12.428279 9
-40.474876 -747.051697 36.310253 9
-32.810211 -747.862976 45.461533 9
-33.077374 -739.242798 22.494947 9
-37.528152 -737.364868 11.980838 9
-36.540348 -738.579956 33.199688 9
-36.669113 -741.533813 18.600636 9
-39.555275 -745.165466 31.327421 9
-37.833790 -736.380554 34.857090 9
-30.752363 -742.310608 34.971371 9
-32.442181 -747.537048 41.024429 9
-35.044136 -750.268433 44.336224 9
-37.761250 -738.740906 30.657415 9
-38.000965 -738.647278 19.400541 9
-33.714886 -738.985107 20.350241 9
-37.458710 -740.267212 16.010733 9
-37.233196 -736.375610 10.654633 9
-38.310181 -738.911255 -0.708233 9
-38.986256 -738.355164 41.385498 9
-34.460552 -739.452454 18.533064 9
-38.517803 -736.354553 36.470226 9
-30.834673 -740.296875 28.972607 9
-40.863537 -739.602234 21.852381 9
-32.167324 -743.017456 32.370090 9
-37.644905 -739.261719 38.466309 9
-38.134529 -737.453674 9.393905 9
-35.207760 -748.743103 39.681198 9
-40.274639 -739.064331 20.195353 9
-35.958565 -737.815979 13.754581 9
-34.819180 -743.834045 29.769863 9
-40.900753 -743.656616 28.557888 9
-36.944675 -739.634094 8.109182 9
-38.545776 -738.505249 35.006947 9
-37.791248 -745.740784 31.652592 9
-35.836376 -744.471008 30.062908 9
-36.454796 -738.775330 6.283241 9
-41.483997 -740.570007 23.037518 9
-32.570110 -739.479553 24.702782 9
-35.240677 -737.909973 15.928674 9
-36.352783 -736.522583 3.993432 9
-38.860027 -744.582642 29.134527 9
-36.853069 -739.953735 10.375012 9
-38.631126 -745.398987 31.151062 9
-36.665112 -744.231262 28.523476 9
-37.837910 -741.929626 21.578953 9
-32.247375 -740.302307 27.158169 9
-30.855494 -744.987000 40.954689 9
-37.654480 -749.114685 40.270725 9
-36.782951 -736.354126 34.469604 9
-35.146484 -750.452820 45.538048 9
-32.509758 -738.247620 22.689184 9
-34.121319 -748.197937 39.736546 9
-35.423084 -740.068909 17.144459 9
-33.253361 -742.284180 28.593504 9
-39.205292 -742.244690 23.036749 9
-41.060081 -739.669983 22.355087 9
-37.723194 -738.400818 25.187098 9
-32.483856 -747.104675 39.925117 9
-36.102345 -737.846008 24.684616 9
-33.963146 -740.625732 22.564453 9
-37.419453 -742.953674 25.201544 9
-35.556618 -740.478455 17.950603 9
-31.394781 -748.440613 44.301991 9
-36.520943 -741.420288 19.532221 9
-37.906628 -738.395447 17.804480 9
-36.576004 -736.887390 29.884739 9
-33.354477 -749.144043 42.660149 9
-35.305058 -738.423706 14.208670 9
-36.091797 -738.169373 4.908246 9
-31.832209 -744.523499 36.122940 9
-33.870396 -741.351990 24.774918 9
-36.292671 -738.374512 2.906555 9
-38.597523 -738.688293 39.788651 9
-37.193005 -736.804077 5.270729 9
-38.186939 -744.290405 27.840374 9
-31.961683 -743.815247 34.439728 9
-38.032524 -748.820984 39.456089 9
-35.923515 -746.935974 35.431252 9
-36.494236 -749.744568 42.133083 9
-37.256935 -741.866333 21.168568 9
-31.274731 -743.177490 34.783577 9
-39.228119 -736.119263 42.275539 9
-38.727039 -736.238037 38.632793 9
-41.297073 -740.520691 24.112442 9
-34.765640 -740.763062 20.796148 9
-40.361629 -743.105835 26.609188 9
-37.479820 -737.542969 16.050453 9
-37.246799 -738.728027 23.698036 9
-38.731407 -738.945068 15.737284 9
-34.769161 -741.827881 24.158506 9
-39.649590 -737.423096 41.931316 9
-34.121696 -738.761719 19.322887 9
-41.748600 -743.119141 29.657061 9
-33.414169 -740.321838 23.417391 9
-37.713680 -735.851868 39.932758 9
-37.229507 -737.262024 17.223175 9
-37.765606 -738.163391 19.545889 9
-37.055813 -736.082886 37.460865 9
-36.947189 -739.470215 9.830403 9
-39.714870 -736.715210 43.867294 9
-33.928444 -749.578125 43.160404 9
-35.129379 -743.424011 28.143034 9
-38.885078 -736.053345 43.426609 9
-38.213997 -738.583801 4.865618 9
-36.490574 -739.508728 26.214073 9
-36.372860 -742.536987 23.989164 9
-36.388096 -739.280640 9.798145 9
-35.884338 -739.799072 14.307724 9
-37.961792 -736.651978 -0.230840 9
-37.014542 -736.253235 35.216770 9
-38.326500 -738.900940 38.759666 9
-39.212437 -736.256165 43.030685 9
-30.788174 -742.125366 34.292194 9
-33.809795 -746.628357 36.491272 9
-36.114525 -736.217285 35.370480 9
-38.575111 -736.774658 32.137405 9
-37.595108 -736.706360 29.167625 9
-38.085876 -738.674622 2.715366 9
-38.546398 -737.323730 30.655680 9
-38.338142 -737.736145 28.347816 9
-38.615498 -738.358154 6.278739 9
-32.651905 -750.421997 45.672272 9
-37.515015 -737.311829 14.994511 9
-41.294956 -741.753296 24.216986 9
-38.850945 -736.957214 35.908947 9
-41.728283 -741.146484 24.374371 9
-37.056419 -740.283813 14.540420 9
-36.860832 -736.851990 2.550787 9
-41.305851 -739.996704 23.450365 9
-37.232796 -738.680420 -0.707810 9
-36.171490 -738.057312 19.125999 9
-36.796703 -741.274963 17.899145 9
-31.297171 -742.486816 33.300545 9
-37.545261 -737.543945 12.647794 9
-37.457893 -739.259827 2.037085 9
-41.127274 -740.916748 23.550095 9
-39.122967 -740.753845 19.910816 9
-38.312202 -737.343323 6.437716 9
-36.243496 -743.146362 26.288364 9
-37.537704 -737.610046 13.512399 9
-38.696217 -742.369141 23.400536 9
-40.136219 -745.296204 31.698053 9
-38.937233 -737.499329 35.106911 9
-36.681801 -739.162170 8.217521 9
-39.163853 -744.883362 30.059242 9
-32.424419 -745.091125 35.781521 9
-35.003979 -738.457581 16.406630 9
-34.514465 -738.644836 17.378029 9
-37.944607 -738.340027 10.413664 9
-34.801620 -746.702332 35.435772 9
-35.636509 -737.606201 30.946344 9
-36.713829 -736.647705 9.909038 9
-37.161766 -742.260437 22.542566 9
-37.563503 -739.079224 35.867279 9
-34.037670 -748.909302 41.693539 9
-37.647259 -745.017761 29.775644 9
-37.648083 -738.475525 8.914599 9
-39.215645 -738.145203 42.036694 9
-41.452732 -743.551819 29.237768 9
-38.684258 -736.616516 37.277554 9
-34.712147 -742.705139 26.961491 9
-33.040867 -742.593750 29.606564 9
-36.754669 -741.628174 20.318012 9
-36.725964 -737.290344 10.648168 9
-38.098625 -738.033264 22.545509 9
-32.939144 -738.560974 22.273342 9
-35.623409 -737.313538 5.680308 9
-36.981392 -739.281311 23.989235 9
-32.817894 -740.273193 25.276747 9
-37.980919 -749.088318 41.624271 9
-38.360870 -738.495239 33.238873 9
-36.059120 -738.988403 26.392761 9
-39.088139 -748.435669 39.109547 9
-38.217487 -739.057190 39.358246 9
-39.612160 -740.289368 19.991255 9
-38.223831 -737.577942 2.310117 9
-35.660400 -740.794495 18.461744 9
-36.831108 -735.748169 0.029378 9
-37.889149 -738.809326 1.363241 9
-36.863762 -744.676270 29.483578 9
-35.806984 -750.146851 43.828407 9
-37.752621 -737.219299 11.021025 9
-37.989391 -740.887451 19.050138 9
-36.302689 -736.785889 7.069884 9
-37.703186 -736.374634 32.024719 9
-37.808224 -738.623108 21.992342 9
-37.277943 -737.364075 11.358629 9
-38.206951 -742.072632 22.564308 9
-36.191586 -736.428650 36.387058 9
-30.806385 -743.250244 37.049408 9
-35.487156 -739.653076 15.789149 9
-38.563225 -748.199280 37.069183 9
-36.109032 -737.937073 23.119471 9
-33.972698 -743.404236 29.891367 9
-30.802540 -741.716675 32.632439 9
-37.844387 -738.606812 4.467340 9
-32.320660 -739.038940 24.453451 9
-36.208473 -749.132507 39.451103 9
-38.454632 -737.503479 15.998416 9
-35.796005 -738.400574 27.252539 9
-39.554394 -740.873535 20.840267 9
-35.881184 -738.640137 12.885072 9
-38.393173 -739.209412 0.095701 9
-36.666779 -737.111206 25.215605 9
-37.759129 -738.641479 11.265471 9
-32.779385 -743.065369 31.160845 9
-31.808922 -741.048645 29.013527 9
-37.729828 -737.191284 0.499069 9
-37.473000 -744.130188 27.826349 9
-31.393974 -743.764404 35.819687 9
-35.970238 -743.806152 27.762222 9
-39.845249 -738.957703 19.248501 9
-35.569065 -737.128235 33.102901 9
-35.773716 -737.636230 29.802248 9
-37.617641 -736.883484 3.900552 9
-37.842201 -744.619934 28.794966 9
-36.099567 -738.205933 22.219265 9
-36.197750 -740.484619 15.083097 9
-37.198902 -739.056946 6.941049 9
-35.497349 -749.653931 41.774876 9
-36.744698 -746.266968 33.246372 9
-34.657875 -745.235657 32.865696 9
-37.011032 -736.950378 1.117153 9
-37.871021 -740.013855 16.370594 9
-34.670864 -742.857117 27.465611 9
-31.255690 -742.823792 34.073696 9
-36.112022 -737.927429 7.949197 9
-35.928120 -738.026733 26.332001 9
-38.470646 -738.433289 -0.829677 9
-39.571918 -735.995300 43.891022 9
-33.727448 -748.251709 40.246529 9
-38.827438 -737.791809 33.575382 9
-32.734798 -741.372681 27.634941 9
-37.231598 -738.956543 35.187065 9
-37.430634 -736.457886 0.267761 9
-38.100185 -736.598938 33.755089 9
-36.952660 -739.816528 11.672516 9
-36.836021 -736.619995 0.085971 9
-35.090759 -741.103333 21.844820 9
-37.403069 -745.162476 30.287640 9
-40.493587 -741.605225 23.554682 9
-39.525654 -737.513733 41.305614 9
-36.279434 -737.851624 17.247549 9
-35.843079 -736.770752 6.574253 9
-31.855627 -743.059265 33.144360 9
-36.098289 -737.421326 1.250122 9
-35.780193 -737.636536 16.007990 9
-37.203739 -738.893555 23.185322 9
-32.091991 -748.535400 43.413330 9
-37.858978 -737.115662 8.461604 9
-31.472942 -740.450928 28.192881 9
-37.797405 -735.933167 -0.648609 9
-36.674458 -736.566223 32.490307 9
-33.239796 -738.194580 21.088720 9
-31.103966 -740.720398 29.694965 9
-37.622742 -738.631226 28.477068 9
-34.790455 -749.374084 41.496845 9
-36.535175 -737.349060 12.273798 9
-33.976738 -749.205200 42.178974 9
-36.010765 -737.322388 14.828135 9
-36.048706 -738.690613 7.232604 9
-32.447834 -746.019531 37.559937 9
-39.521027 -739.055359 18.207104 9
-33.203171 -744.232300 32.803951 9
-33.775875 -745.340454 34.528961 9
-36.701904 -739.072083 7.375593 9
-37.660984 -736.785583 29.892397 9
-37.938805 -736.301025 35.842670 9
-37.695679 -737.395325 3.517949 9
-31.577311 -741.880737 31.019876 9
-36.722660 -737.264099 22.608980 9
-31.151386 -746.192383 41.492729 9
-36.350018 -740.023376 13.413780 9
-37.548737 -735.953186 40.529636 9
-32.934906 -747.156555 38.880066 9
-33.120335 -743.474731 31.289789 9
-37.518509 -738.571106 24.537476 9
-36.750515 -740.994934 15.537302 9
-36.524605 -749.692017 41.608829 9
-34.198902 -746.093933 35.012981 9
-36.046200 -738.313110 23.653439 9
-31.751377 -746.460571 40.058159 9
-33.362057 -750.552307 45.433456 9
-37.273346 -738.767761 2.860215 9
-33.876984 -744.777466 33.366169 9
-36.256329 -737.103760 2.914002 9
-37.306278 -740.968079 18.750982 9
-33.689320 -747.724243 38.774231 9
-36.959137 -739.578125 9.110972 9
-39.818356 -743.737732 27.427769 9
-40.089493 -738.227783 19.827070 9
-37.959763 -738.959656 34.642700 9
-39.247044 -748.094849 39.672256 9
-37.127762 -736.815613 8.368450 9
-36.516666 -737.003296 3.461086 9
-35.908207 -738.305298 0.313713 9
-35.942158 -738.526062 16.611107 9
-34.670143 -747.765747 37.822727 9
-39.588081 -748.085754 38.398159 9
-41.229542 -742.442322 26.233683 9
-37.430199 -738.920593 8.703605 9
-37.142132 -736.768494 1.978814 9
-34.969639 -739.286194 16.658010 9
-33.874557 -744.370056 32.111160 9
-41.063637 -744.179199 29.977665 9
-41.911255 -743.802979 29.734844 9
-37.112686 -736.925415 26.209373 9
-39.316696 -738.391357 39.116154 9
-35.849472 -740.503052 16.638014 9
-37.119095 -737.310669 16.412971 9
-34.544090 -748.836853 40.482803 9
-36.820816 -743.558838 27.074247 9
-36.788433 -737.496094 13.089787 9
-30.755274 -742.066895 33.474419 9
-38.612209 -738.700378 3.939182 9
-39.772526 -738.086975 42.930977 9
-40.073395 -738.721619 19.712467 9
-35.612083 -742.167969 23.586504 9
-37.416931 -741.227722 19.699984 9
-36.192875 -736.952454 8.292164 9
-35.034103 -749.182922 40.642914 9
-37.390312 -735.492554 39.653767 9
-31.757318 -746.969910 41.293674 9
-38.791210 -748.560913 37.973755 9
-41.002518 -743.776428 29.038282 9
-40.637775 -738.896851 20.535433 9
-37.759109 -738.726379 3.871303 9
-34.790051 -744.621277 31.252666 9
-37.516106 -736.365295 34.248943 9
-36.705299 -743.919739 27.752113 9
-38.027336 -738.068604 26.125519 9
-37.444515 -739.718933 13.734440 9
-36.364140 -736.839294 5.878809 9
-36.293072 -749.169067 39.948334 9
-33.193390 -746.693115 45.448402 9
-36.165161 -737.742371 8.463357 9
-38.232826 -737.703613 -0.017983 9
-37.362415 -736.686523 -0.379729 9
-36.949524 -738.560730 34.506100 9
-35.850372 -738.078491 -0.153946 9
-36.936882 -737.263184 21.610832 9
-38.558762 -738.570190 14.923099 9
-35.715584 -736.821838 34.982727 9
-39.371857 -745.692261 32.368061 9
-37.042179 -736.538818 31.358080 9
-37.360134 -739.376282 23.147343 9
-36.276279 -737.504211 9.218629 9
-39.979321 -736.477905 45.425152 9
-36.199398 -736.933289 31.665363 9
-39.116180 -748.044678 37.507355 9
-37.499451 -738.857483 9.543133 9
-35.160019 -745.843567 33.492123 9
-37.982578 -739.117065 14.196525 9
-38.152416 -738.751160 0.353000 9
-35.937733 -737.770142 12.772317 9
-35.524216 -741.060242 19.609680 9
-30.893347 -746.176025 42.584644 9
-37.973026 -736.014832 38.066032 9
-40.279285 -739.811707 20.658422 9
-38.918816 -746.645142 34.334408 9
-30.802185 -744.390625 39.796692 9
-37.704929 -739.433533 10.144197 9
-37.481846 -738.911316 21.681589 9
-37.817894 -737.500916 20.520969 9
-39.156033 -743.996887 27.784788 9
-34.907913 -739.727661 17.579437 9
-35.230934 -739.096619 15.761910 9
-39.741432 -736.609009 44.486580 9
-34.207634 -744.847473 32.782459 9
-38.274479 -737.647400 1.385158 9
-33.877659 -748.468506 40.708927 9
-33.722153 -745.729309 35.009163 9
-31.268309 -742.129211 32.355743 9
-37.060341 -739.255371 35.733208 9
-39.483936 -739.810059 19.051861 9
-37.829319 -735.995728 38.937344 9
-35.684341 -739.780457 15.204158 9
-37.777714 -737.990295 10.020033 9
-39.026627 -738.212769 42.662487 9
-33.997540 -739.331055 19.599966 9
-35.963524 -741.854553 21.673937 9
-41.413059 -744.434753 30.939449 9
-33.964104 -743.753052 30.687130 9
-31.931932 -748.718201 43.888649 9
-37.618706 -739.401733 37.745415 9
-38.540176 -736.955017 34.314217 9
-38.349785 -744.344116 28.357229 9
-37.607136 -739.094666 0.689871 9
-31.478642 -741.406433 30.374918 9
-32.691010 -740.877136 26.784084 9
-35.234539 -738.382996 15.654879 9
-37.733181 -737.720520 14.281590 9
-38.245682 -737.507141 26.706612 9
-40.655285 -739.446960 21.182234 9
-35.648815 -737.585083 2.802695 9
-33.820332 -747.372681 37.787476 9
-30.342602 -742.750244 36.370277 9
-36.073845 -738.200867 9.927714 9
-40.035961 -744.288940 28.999193 9
-39.877441 -739.744080 19.903107 9
-38.548260 -738.692078 36.954243 9
-37.774719 -737.246216 13.246675 9
-36.181263 -736.566772 -0.396664 9
-36.456329 -738.455994 32.118431 9
-39.081612 -737.341431 36.440044 9
-38.019970 -738.542786 18.602936 9
-34.330612 -750.733215 46.051262 9
-36.682217 -736.713440 4.344555 9
-35.888691 -738.295898 1.873006 9
-38.372498 -738.852661 37.845024 9
-37.197365 -749.458313 43.660152 9
-37.448326 -740.156738 15.511163 9
-37.162777 -738.959106 4.942903 9
-37.702820 -737.078186 25.110346 9
-33.991619 -748.615051 46.530518 9
-37.286236 -738.833313 3.680239 9
-36.027012 -738.807312 25.512836 9
-37.749783 -737.094788 9.976570 9
-35.283779 -738.701172 14.683712 9
-30.269163 -743.998169 38.818333 9
-35.477463 -743.308411 27.287968 9
-35.301048 -741.719482 22.797966 9
-39.019592 -741.182556 20.600573 9
-35.997040 -736.931091 7.617630 9
-38.572746 -740.377930 18.395168 9
-36.153168 -742.209595 22.537470 9
-37.939617 -738.283447 6.597353 9
-32.617676 -750.119324 44.922443 9
-37.456871 -736.751099 2.975143 9
-38.256222 -738.669128 33.876503 9
-39.121441 -738.798279 41.059708 9
-32.112705 -746.667480 39.754795 9
-38.678017 -738.195312 17.541945 9
-40.116615 -744.546387 30.033674 9
-30.701408 -746.658936 43.317085 9
-39.232525 -737.362305 37.445259 9
-40.685642 -747.018250 35.772179 9
-32.282326 -740.134094 26.178911 9
-33.788208 -740.113220 21.671320 9
-40.313358 -747.853699 37.267727 9
-32.310574 -748.082764 42.324577 9
-32.977116 -747.965576 40.812225 9
-37.505169 -739.820557 14.593349 9
-35.261356 -737.407227 32.190552 9
-36.858253 -737.372986 18.803190 9
-37.666965 -738.666382 10.660536 9
-40.887249 -742.585999 25.813671 9
-38.662186 -748.581726 40.692501 9
-38.097370 -738.101990 9.067849 9
-38.013653 -737.531189 23.442553 9
-36.539589 -736.642090 30.920536 9
-31.764416 -745.354309 37.764225 9
-34.766441 -750.333313 44.774815 9
-37.464680 -748.839722 39.222954 9
-38.382229 -736.897705 -0.214846 9
-41.587990 -743.992859 30.300728 9
-31.967991 -739.100159 25.394386 9
-34.319374 -740.127991 20.087564 9
-37.264015 -736.899353 10.506981 9
-38.165680 -748.470947 37.623226 9
-38.679497 -737.550842 32.855938 9
-37.709991 -743.830017 27.063648 9
-37.925308 -738.333984 22.943384 9
-31.066916 -746.666992 42.649044 9
-31.828798 -748.048523 43.425983 9
-37.769432 -736.814575 28.107695 9
-36.559940 -736.247253 10.229230 9
-35.576954 -737.872192 13.349470 9
-35.967785 -736.036011 35.801434 9
-31.521538 -746.803345 41.699425 9
-40.025826 -740.309082 20.702448 9
-31.080833 -744.157837 37.324322 9
-32.412315 -744.269714 34.277016 9
-31.662531 -739.669800 26.755615 9
-31.956839 -749.513245 44.502419 9
-31.609007 -744.711060 37.042496 9
-36.475487 -746.652466 34.058289 9
-37.345325 -735.966125 38.867401 9
-34.387836 -743.615295 29.718145 9
-36.632420 -748.805786 39.252445 9
-39.587536 -738.138977 19.061476 9
-30.791075 -743.715149 38.225040 9
-36.458199 -738.133728 32.668411 9
-34.903271 -742.054260 24.589119 9
-36.679222 -737.496704 19.409552 9
-37.750477 -739.373352 12.202072 9
-35.551411 -747.035889 35.852993 9
-35.415676 -746.105896 34.102364 9
-39.010143 -739.595764 17.832798 9
-31.517403 -742.009277 31.485346 9
-38.867641 -742.716187 24.276394 9
-37.869911 -737.294312 -0.051887 9
-34.299988 -749.014648 41.295101 9
-33.751350 -739.401978 21.162655 9
-38.046570 -738.238098 12.823243 9
-36.102798 -739.281677 11.298708 9
-35.967949 -738.729675 21.689850 9
-31.538519 -745.468689 38.563511 9
-39.799358 -737.555420 42.862560 9
-41.351124 -739.609131 21.967155 9
-40.842213 -745.984070 33.342239 9
-36.411617 -742.001587 21.769756 9
-38.738968 -738.456604 -0.029797 9
-37.622337 -739.572815 14.206493 9
-37.287949 -737.041016 23.779644 9
-38.632244 -739.274231 -0.721741 9
-33.893818 -747.171143 37.257809 9
-34.264973 -748.728210 40.883064 9
-36.127380 -737.757996 10.164533 9
-37.484409 -739.264404 11.734406 9
-36.910999 -743.481812 26.517176 9
-34.593002 -739.991760 19.159885 9
-32.338928 -747.256592 40.476059 9
-34.454792 -740.732483 21.531807 9
-35.508160 -738.703857 13.861033 9
-36.714001 -749.138428 40.246166 9
-36.427452 -741.240967 16.899477 9
-32.481518 -739.861572 25.565689 9
-38.507957 -737.720703 29.504574 9
-36.846092 -749.915283 42.928028 9
-37.880657 -749.188354 42.641113 9
-38.374798 -738.428223 0.626601 9
-37.169109 -749.060242 39.877174 9
-37.066578 -736.625366 3.450982 9
-36.076893 -737.525146 27.306818 9
-38.045006 -735.944336 40.281052 9
-34.051842 -745.185852 33.613270 9
-38.217102 -735.625549 40.759117 9
-41.047096 -742.269470 25.316053 9
-33.222065 -746.945862 37.910732 9
-33.715218 -741.669373 25.711138 9
-36.211227 -737.928040 20.975670 9
-37.671005 -739.712952 11.739815 9
-38.408588 -744.763916 29.201874 9
-38.358131 -738.040710 5.277164 9
-39.738167 -746.523560 34.299503 9
-38.273605 -741.161438 20.067835 9
-35.847923 -737.695312 6.349089 9
-37.462021 -748.607910 38.777348 9
-38.105000 -736.165405 38.579300 9
-35.561981 -736.491089 34.429482 9
-36.331532 -741.183044 17.907249 9
-35.524128 -738.098145 30.221909 9
-34.905842 -750.518738 45.989666 9
-36.411751 -739.591614 10.694369 9
-33.336952 -747.297363 38.601543 9
-35.748688 -748.609863 38.772648 9
-36.387566 -740.535217 14.609952 9
-36.068893 -737.242371 3.435462 9
-36.385838 -737.363037 23.804796 9
-35.514385 -737.980591 31.638983 9
-36.762241 -736.146729 38.344135 9
-37.588112 -736.425293 31.039370 9
-34.916290 -739.927429 18.148552 9
-35.291992 -737.877136 30.696787 9
-37.861931 -737.376404 24.147320 9
-31.708015 -741.174377 29.464571 9
-35.023815 -748.460571 39.339912 9
-36.419369 -739.782898 11.977819 9
-35.724316 -747.571411 36.621845 9
-36.477383 -737.744202 16.460787 9
-35.285950 -748.338806 38.755310 9
-30.829195 -743.156494 35.865284 9
-39.430893 -737.971313 41.188541 9
-36.637802 -737.051086 0.777930 9
-38.247368 -736.954590 7.654013 9
-38.570621 -738.260376 6.934329 9
-32.583748 -744.155884 33.655674 9
-33.539623 -741.750732 26.323641 9
-35.902084 -738.217529 10.972928 9
-38.092960 -736.968628 29.955057 9
-34.954048 -738.924500 16.355106 9
-38.091503 -736.709595 -0.770654 9
-36.509930 -745.952148 32.682659 9
-36.806343 -749.330261 40.678963 9
-35.199375 -745.281555 32.268044 9
-38.943115 -736.114929 40.392513 9
-34.373478 -741.937866 25.389038 9
-38.038189 -735.887146 41.197308 9
-33.695473 -746.785156 36.958694 9
-37.761951 -736.797607 8.131819 9
-38.864960 -738.530884 38.670547 9
-39.483067 -743.588501 26.942162 9
-36.149487 -738.638855 7.906316 9
-36.574921 -737.036987 1.704531 9
-38.626507 -737.752014 32.005306 9
-36.164505 -738.202942 0.774216 9
-33.030495 -740.295349 24.374165 9
-37.099884 -749.461975 41.424259 9
-38.883656 -736.638550 39.472496 9
-38.246159 -748.724243 38.642727 9
-35.884506 -749.286011 40.286953 9
-30.781385 -745.111938 40.439156 9
-41.901485 -743.334106 28.890675 9
-32.737301 -746.622009 38.235531 9
-34.375160 -748.051270 38.704075 9
-34.608131 -748.600891 40.084877 9
-37.751984 -738.441040 7.223528 9
-35.804531 -741.198975 19.151754 9
-33.544430 -739.220642 21.791239 9
-38.316128 -737.646851 14.937692 9
-39.226246 -736.636658 41.368156 9
-34.388359 -748.275818 39.229725 9
-38.458553 -738.509705 40.265884 9
-37.837765 -738.779175 35.525574 9
-37.391060 -737.527710 14.605921 9
-38.201000 -738.123901 29.117336 9
-30.909529 -741.493408 31.624846 9
-36.533974 -737.074524 -0.208085 9
-37.962460 -737.876282 12.511111 9
-37.758900 -738.874268 7.739966 9
-38.559364 -736.695923 33.409203 9
-37.015831 -737.418152 13.501738 9
-38.249363 -737.214844 5.056814 9
-39.220917 -737.998108 37.145760 9
-34.958656 -746.174255 34.384338 9
-38.438625 -747.328125 35.710392 9
-37.618999 -739.564941 10.951916 9
-36.793987 -735.826599 -0.439957 9
-35.366959 -750.099854 46.009739 9
-38.070782 -736.096558 36.663544 9
-37.514805 -738.781921 27.963760 9
-38.166069 -736.615051 10.254583 9
-41.671467 -740.821838 24.046165 9
-33.611736 -744.397278 32.516315 9
-35.867405 -737.738586 29.143328 9
-32.038162 -742.131775 30.814604 9
-34.147194 -750.431946 45.298103 9
-38.299095 -737.090393 27.790293 9
-37.861839 -739.025208 36.403572 9
-37.238548 -736.792725 27.639971 9
-38.085506 -738.237244 28.569988 9
-38.301880 -738.490784 1.782231 9
-38.423737 -738.105896 31.278112 9
-38.349953 -737.542969 5.481618 9
-33.312016 -739.688293 22.725292 9
-36.858894 -747.710632 35.915180 9
-30.846886 -745.309814 41.720196 9
-36.207085 -738.635437 24.823874 9
-36.112759 -737.785522 25.132389 9
-33.171974 -739.963501 23.278252 9
-36.936882 -738.848022 4.080669 9
-37.604733 -736.991455 24.613323 9
-31.349180 -739.566040 27.153677 9
-32.655777 -740.564270 25.982264 9
-32.738823 -750.714478 46.149834 9
-31.755493 -742.559631 32.188538 9
-33.312141 -740.898987 24.741655 9
-35.352554 -742.672974 25.642544 9
-41.659344 -744.273560 31.319025 9
-32.112514 -744.903015 36.121998 9
-39.400131 -736.577820 42.139759 9
-37.360386 -741.350037 20.138008 9
-36.238029 -738.025391 16.814085 9
-31.458467 -740.010376 27.485088 9
-38.589603 -741.719238 21.846052 9
-31.274694 -745.058838 38.624229 9
-38.235504 -741.671387 21.059078 9
-39.609913 -736.827942 42.908867 9
-39.114582 -742.747314 24.696199 9
-36.226524 -737.349243 0.181226 9
-38.358353 -737.193359 28.709469 9
-33.641964 -750.407104 44.663773 9
-38.453964 -736.970459 29.463871 9
-35.647644 -749.781555 41.352009 9
-36.892300 -739.308533 4.511736 9
-38.742313 -735.986877 41.842762 9
-37.827374 -738.981262 9.885786 9
-39.185196 -738.806396 17.704313 9
-41.008896 -746.700623 34.038055 9
-40.007866 -741.585327 22.759512 9
-34.733391 -741.255310 22.282476 9
-35.902863 -738.347168 11.732660 9
-33.239395 -748.626221 41.783611 9
-38.698425 -738.041687 30.726004 9
-35.897472 -741.523254 20.717276 9
-36.789207 -743.160278 25.639460 9
-32.889881 -739.957275 24.838549 9
-37.968010 -738.638916 31.463396 9
-38.075771 -738.655090 32.215160 9
-32.504097 -741.596619 28.733686 9
-35.868698 -749.858032 42.802700 9
-37.689602 -742.283325 23.262106 9
-30.716408 -741.395996 32.071487 9
-36.253544 -737.207336 13.522145 9
-33.171249 -750.148499 44.755234 9
-39.256599 -737.998535 18.447433 9
-36.079754 -738.392578 17.583067 9
-38.117981 -739.686401 16.110325 9
-38.953621 -738.180237 34.118977 9
-32.884506 -742.267761 29.302485 9
-37.884300 -741.208496 19.673712 9
-38.512287 -736.483887 37.686424 9
-36.430271 -736.763733 8.685720 9
-37.865768 -738.717102 17.373047 9
-36.718830 -735.907715 37.116405 9
-30.557972 -746.352661 42.973999 9
-35.904522 -740.830017 17.522671 9
-37.001675 -740.952393 17.164474 9
-35.998547 -739.146484 11.981763 9
-33.517242 -747.809082 39.315304 9
-32.851940 -738.072388 21.693304 9
-34.954048 -737.228455 17.359987 9
-38.408127 -743.542114 26.552670 9
-37.057510 -740.398987 15.161734 9
-37.474346 -736.199036 35.193504 9
-40.798416 -744.746765 31.243280 9
-36.305794 -738.124329 31.154768 9
-38.224865 -736.994629 30.685411 9
-37.851250 -743.149536 25.121738 9
-36.210762 -741.414551 19.089270 9
-39.254387 -744.912964 30.491211 9
-35.816151 -748.901855 39.324413 9
-32.979092 -745.117188 34.795601 9
-38.048546 -737.798096 7.929048 9
-37.407883 -739.050232 31.765789 9
-33.285786 -741.912903 27.649488 9
-38.287430 -737.824097 1.806720 9
-35.677055 -745.598694 32.763096 9
-36.894840 -737.496826 11.020750 9
-37.267097 -737.136108 4.956605 9
-39.316833 -741.836243 22.285696 9
-40.424339 -737.206604 45.524654 9
-33.300919 -750.878601 46.272228 9
-37.302090 -741.967529 21.625282 9
-41.740616 -741.694397 25.492235 9
-38.692024 -740.936462 19.744587 9
-39.708725 -743.196533 25.827879 9
-36.438984 -736.185364 37.419571 9
-37.960354 -738.459045 8.065291 9
-36.260838 -737.622498 14.570138 9
-39.629261 -747.614136 36.715702 9
-31.099360 -744.992981 39.184788 9
-38.566772 -748.771423 40.075363 9
-35.662834 -739.379150 14.310236 9
-37.391251 -737.209717 18.879122 9
-37.791512 -736.842712 1.486683 9
-41.751839 -742.463013 27.021954 9
-37.280857 -736.204285 -0.588775 9
-33.521309 -738.863342 20.780590 9
-38.428532 -745.942200 32.385254 9
-36.442883 -737.135559 11.531937 9
-31.899813 -750.492188 45.643871 9
-39.878052 -747.761353 37.586384 9
-32.146408 -744.461609 35.202969 9
-40.105316 -736.999146 45.922993 9
-30.820812 -742.602722 35.570442 9
-36.185730 -749.947815 44.382179 9
-40.742729 -746.996948 34.738445 9
-38.275600 -737.607910 27.854811 9
-32.398273 -744.851074 35.344318 9
-38.028027 -737.267944 3.236302 9
-38.319180 -749.233154 40.936382 9
-35.458786 -739.101135 14.834494 9
-38.635056 -747.041626 35.077660 9
-36.593582 -736.140442 -0.049552 9
-36.552319 -736.629517 2.961642 9
-35.324528 -750.145630 45.245670 9
-36.245621 -744.263855 29.016380 9
-35.393791 -749.142334 40.165863 9
-38.235306 -737.814392 14.476778 9
-40.082966 -741.753967 23.292496 9
-38.276463 -738.576904 1.347849 9
-34.058086 -739.216797 20.067923 9
-32.050770 -746.232544 38.837486 9
-36.012524 -737.883362 7.391604 9
-35.406002 -737.531189 15.724400 9
-36.969013 -745.375305 31.132563 9
-38.360695 -745.139954 29.822506 9
-33.200226 -750.395447 46.278141 9
-35.286167 -739.788940 16.613077 9
-35.840668 -739.047607 27.980726 9
-38.959621 -738.195557 37.466148 9
-38.222034 -736.641418 34.173557 9
-38.632030 -738.223206 -0.421356 9
-32.077579 -749.794556 45.394733 9
-36.615021 -735.924438 0.918038 9
-32.968662 -747.356689 39.352165 9
-36.831203 -747.176331 35.084755 9
-36.186424 -737.652832 11.358084 9
-38.713326 -738.705872 -0.474148 9
-38.644352 -741.447205 20.962095 9
-36.745590 -736.761902 6.780019 9
-34.178932 -746.823303 36.267941 9
-37.036491 -738.679749 0.488640 9
-34.951046 -749.785034 42.416565 9
-38.263214 -737.992615 25.448959 9
-31.650032 -747.416321 42.538044 9
-36.064705 -744.741699 30.329609 9
-37.509827 -738.727783 -0.322478 9
-39.432358 -738.325317 39.730156 9
-37.926113 -738.481995 24.718452 9
-31.525866 -744.932373 37.627735 9
-38.158955 -738.637817 6.406532 9
-35.558109 -741.691589 22.216087 9
-35.497700 -737.945862 15.132295 9
-34.655724 -737.562622 18.212629 9
-38.287037 -748.683350 39.126133 9
-36.681171 -740.014282 12.809873 9
-39.110458 -742.045654 22.630634 9
-35.029469 -742.767151 26.599567 9
-38.326988 -737.648987 4.445930 9
-39.244621 -745.551575 31.954809 9
-36.947083 -739.264893 5.557508 9
-37.403843 -738.677551 26.640718 9
-39.405582 -737.649353 38.524212 9
-36.780048 -738.657837 2.534062 9
-37.272274 -738.744812 1.629134 9
-37.552105 -737.281128 10.333272 9
-33.544159 -748.537231 40.994030 9
-35.366035 -736.950256 33.461708 9
-40.253574 -742.668823 25.197653 9
-37.781864 -740.720886 17.941460 9
-31.430326 -748.789551 44.585629 9
-36.506634 -737.408569 20.846619 9
-37.309853 -746.922058 34.557194 9
-30.972801 -740.963623 30.390341 9
-37.997314 -738.348572 8.640395 9
-36.321495 -740.744202 16.105850 9
-38.195133 -737.946289 27.535137 9
-36.585609 -747.939453 36.845898 9
-37.421780 -737.491272 18.034586 9
-38.998852 -737.712036 35.504807 9
-38.270485 -737.694641 0.457987 9
-36.580135 -748.651245 38.824745 9
-38.896080 -737.656677 34.685322 9
-38.207001 -738.241821 30.022530 9
-38.389114 -737.977844 27.038900 9
-32.011646 -747.927734 42.729107 9
-40.527187 -747.337952 35.519917 9
-35.748791 -737.431152 2.029038 9
-39.681942 -745.783936 32.677841 9
-34.065079 -738.740845 18.888987 9
-31.241966 -747.979492 43.763771 9
-36.201221 -741.700073 19.741318 9
-38.171497 -738.341675 7.454493 9
-37.281006 -739.677490 12.704317 9
-35.922096 -737.958374 1.458117 9
-37.902447 -742.146790 22.249653 9
-33.673698 -742.494690 28.252394 9
-37.212509 -742.281677 22.988617 9
-38.381424 -748.849792 41.791161 9
-38.128395 -737.771179 13.398520 9
-36.873123 -738.939453 5.940298 9
-38.154514 -737.198914 10.271806 9
-36.023724 -739.121948 27.180603 9
-37.464417 -736.210571 36.627914 9
-38.227436 -743.478455 26.079065 9
-34.687233 -747.559448 37.426861 9
-36.695000 -736.603210 9.421563 9
-30.703848 -741.863098 33.044113 9
-30.305994 -745.771912 42.293064 9
-39.028473 -739.864197 18.259632 9
-41.674980 -742.278320 26.064117 9
-33.485779 -741.753418 26.780947 9
-38.862640 -738.764343 40.542793 9
-41.266758 -743.284058 28.325174 9
-33.273556 -747.726013 39.686123 9
-35.913494 -745.986694 33.373577 9
-35.760300 -749.999878 44.851162 9
-39.506424 -738.502563 41.989388 9
-36.181717 -750.066528 43.545925 9
-37.646019 -738.433655 23.685745 9
-31.830347 -743.330933 33.725178 9
-37.393398 -738.610229 25.997049 9
-38.462914 -738.043396 15.641284 9
-36.397720 -737.722961 18.137526 9
-37.706261 -736.917969 4.352510 9
-37.168365 -736.443359 33.498108 9
-35.996895 -742.201172 23.054110 9
-31.666067 -749.247253 44.694885 9
-32.255730 -746.753784 45.010921 9
-39.068291 -743.579041 25.980198 9
-35.897949 -743.292114 26.549910 9
-37.567329 -739.115051 11.321628 9
-36.580658 -741.873413 21.208576 9
-31.397930 -743.512207 35.211208 9
-35.382145 -741.001953 20.040855 9
-32.006123 -740.188477 26.724628 9
-30.962498 -745.422119 41.166065 9
-34.016399 -745.562561 34.230362 9
-32.627647 -749.678528 44.193115 9
-32.286079 -746.610901 39.187920 9
-37.367435 -748.091187 37.614265 9
-37.669849 -743.289429 25.942581 9
-38.934536 -747.436462 36.167973 9
-32.274117 -739.527527 25.212013 9
-38.921345 -748.579285 39.769501 9
-40.522873 -741.248352 22.728777 9
-32.765224 -741.656250 28.348076 9
-36.124500 -743.047180 24.513321 9
-37.619877 -747.372375 35.811543 9
-37.522388 -742.547180 23.762964 9
-37.314060 -747.810547 36.782001 9
-38.859432 -745.927307 32.697666 9
-36.997452 -739.673279 11.066850 9
-35.958546 -743.592407 27.328833 9
-37.756927 -737.765564 19.352627 9
-36.908707 -745.013977 30.277292 9
-36.975533 -739.008484 32.465672 9
-36.353088 -744.432739 29.426075 9
-36.747639 -738.922913 5.194466 9
-36.249897 -738.214233 -0.427125 9
-34.054523 -743.046082 28.912806 9
-40.836025 -743.208984 27.453335 9
-38.299671 -743.901245 27.410656 9
-33.279919 -744.533569 33.191776 9
-37.011253 -736.724121 5.661215 9
-38.209045 -738.988159 38.343788 9
-31.364100 -742.429810 32.813221 9
-38.279663 -737.066650 33.008858 9
-36.462994 -741.187195 16.424009 9
-31.963795 -740.581726 27.498840 9
-37.791683 -737.776794 10.981993 9
-36.955055 -739.277771 6.326739 9
-41.770950 -742.785889 28.687605 9
-36.627110 -748.255310 37.566833 9
-37.843945 -737.436646 2.589295 9
-37.648956 -739.045593 35.023720 9
-35.418018 -749.608459 45.371269 9
-37.023685 -748.822754 39.452923 9
-37.057720 -748.328125 38.215332 9
-35.969070 -738.568176 26.310747 9
-36.440536 -736.665100 1.346866 9
-38.898670 -743.873657 27.081236 9
-39.931839 -737.353638 44.744450 9
-35.302975 -742.470337 25.101503 9
-36.920300 -738.610901 0.929206 9
-35.916237 -736.593994 34.146294 9
-36.995739 -739.036560 33.365818 9
-36.678791 -749.947449 43.676308 9
-36.336411 -737.129028 2.323534 9
-40.883934 -746.591614 34.921463 9
-35.708530 -740.061646 16.040421 9
-35.758842 -746.384888 34.151608 9
-33.059841 -741.054199 25.915182 9
-33.548653 -742.592957 28.693705 9
-34.411335 -739.611084 18.938429 9
-31.495169 -746.081421 39.921013 9
-38.583733 -737.687256 31.460930 9
-35.449543 -744.046204 28.790485 9
-35.760773 -738.241516 0.942385 9
-38.720341 -738.381287 36.107967 9
-39.554615 -748.345703 39.190250 9
-35.315872 -741.261536 21.340319 9
-40.352695 -743.301514 27.110182 9
-34.282379 -749.511658 42.702293 9
-38.581158 -736.944397 34.935829 9
-37.203526 -736.751709 4.183585 9
-31.438324 -749.686829 45.146622 9
-36.432198 -737.049805 28.142494 9
-36.033554 -745.137512 31.114363 9
-36.240456 -747.992126 37.168709 9
-37.859150 -748.510803 38.535160 9
-40.409199 -747.482361 36.473717 9
-39.250160 -746.951172 34.292908 9
-33.588657 -748.759521 41.551319 9
-35.735680 -737.900696 3.544728 9
-36.908424 -738.860168 29.037676 9
-37.037235 -736.307617 10.279735 9
-35.753384 -737.377686 31.306725 9
-31.174959 -745.954895 41.895756 9
-35.946583 -737.156982 4.947063 9
-36.339420 -737.453064 10.704720 9
-35.513020 -737.484802 31.823177 9
-37.942928 -737.875488 9.564605 9
-37.584549 -740.332764 16.417568 9
-38.389580 -738.388611 5.883173 9
-38.847126 -743.328918 25.702744 9
-36.258072 -745.593811 32.041088 9
-39.646927 -742.262573 23.828867 9
-32.629269 -749.244446 43.819202 9
-37.264660 -736.799561 6.209814 9
-35.892673 -748.287231 38.044502 9
-35.665863 -749.695007 40.839108 9
-40.107277 -739.510254 20.203955 9
-34.418098 -745.395813 33.510956 9
-38.739193 -748.440674 38.495869 9
-37.154484 -749.625610 42.989304 9
-39.073895 -743.060791 25.336084 9
-35.990082 -738.484558 10.240478 9
-31.196989 -741.819885 31.702244 9
-37.629528 -736.931458 9.452771 9
-37.175316 -739.123840 34.230179 9
-30.803497 -741.194641 31.323374 9
-38.041039 -746.117920 32.522217 9
-36.224651 -738.298462 1.603109 9
-36.979027 -745.981750 32.299744 9
-34.103367 -747.617737 38.012405 9
-31.001759 -740.560913 29.265360 9
-38.264862 -749.364868 41.773361 9
-37.987698 -738.640747 11.893636 9
-38.907051 -738.854065 16.791105 9
-37.985916 -749.115784 42.099728 9
-35.917667 -738.775208 24.366837 9
-37.476486 -739.068542 0.017256 9
-38.143543 -739.193970 14.931942 9
-37.930508 -738.058838 24.096495 9
-37.205582 -736.029785 38.386963 9
-39.145630 -745.248962 31.149517 9
-38.882694 -739.040649 16.393450 9
-38.444084 -737.936951 2.622605 9
-41.104504 -742.941589 26.927074 9
-37.235485 -736.407532 31.946522 9
-32.537502 -742.455017 30.164055 9
-38.182693 -737.551208 24.771215 9
-31.920645 -747.444885 41.984802 9
-30.733690 -743.384155 36.606308 9
-37.466480 -747.093994 35.028381 9
-39.295261 -739.648254 18.538813 9
-36.051666 -739.399109 12.574079 9
-34.386452 -750.533936 45.674267 9
-36.761551 -736.409546 0.478813 9
-39.003189 -738.480896 42.241924 9
-36.679024 -737.496216 11.543201 9
-41.655373 -744.707886 31.482689 9
-38.697651 -738.489197 15.963985 9
-37.891598 -748.963745 39.885593 9
-35.910095 -736.929932 32.306305 9
-38.824818 -737.952332 32.647984 9
-41.424286 -741.876160 24.620127 9
-34.254883 -744.429810 31.888037 9
-39.498150 -738.359741 18.487478 9
-36.449825 -736.771301 7.649830 9
-37.741405 -738.456421 20.365669 9
-36.982323 -740.239807 14.108296 9
-36.373428 -749.418701 40.942684 9
-37.701378 -747.976074 37.323170 9
-39.159134 -736.956909 39.001007 9
-34.626106 -741.454224 23.220980 9
-41.469940 -743.869873 29.887850 9
-39.326359 -737.359314 39.666119 9
-32.452728 -741.066895 27.750429 9
-36.839886 -737.508606 13.918700 9
-37.658756 -737.154602 11.446746 9
-34.301392 -742.926147 28.170479 9
-36.178047 -737.627930 14.082539 9
-33.427383 -743.769348 31.390162 9
-38.187778 -737.634521 26.288376 9
-36.967884 -748.074768 36.917946 9
-36.257835 -742.041931 20.150299 9
-36.570343 -742.405396 22.488657 9
-30.272978 -744.161682 39.292423 9
-37.872940 -741.486267 20.726208 9
-40.753517 -741.400879 23.178873 9
-39.335888 -738.301025 41.656193 9
-33.257103 -740.657166 24.394974 9
-32.069309 -741.079895 28.324762 9
-36.604931 -739.225220 8.723953 9
-39.319889 -746.153564 33.238850 9
-38.240898 -748.078552 37.464691 9
-39.439926 -738.010376 43.171551 9
-35.460842 -738.370667 29.901310 9
-37.250031 -736.865540 7.277315 9
-39.984764 -737.500183 44.129658 9
-39.113468 -746.312622 33.700008 9
-37.394855 -746.225586 32.784176 9
-41.352901 -740.021484 22.511995 9
-38.100571 -739.455994 0.287955 9