-36.904850 -735.797607 38.645340 9
-38.899162 -738.877502 -0.849581 9
-36.518280 -741.834900 19.157688 9
-33.051598 -751.327209 46.284149 9
-41.917282 -744.291931 30.532887 9
-30.641533 -740.440613 29.475174 9
-36.763435 -736.043457 9.746689 9
-34.061092 -747.061218 36.801369 9
-38.248833 -737.040222 26.874008 9
-39.957298 -737.282227 46.376995 9
-38.421894 -749.142273 42.115189 9
-30.406782 -746.059021 42.631184 9
-35.850677 -743.471924 26.067806 9
-32.346508 -738.407898 23.246405 9
-40.690041 -747.535034 36.124046 9
-37.111794 -738.957031 32.955688 9
-41.179634 -741.448425 23.443783 9
-30.309660 -742.411499 35.318413 9
-35.666416 -737.496399 4.028048 9
-38.429592 -737.616150 15.415941 9
-36.226845 -745.393860 31.635906 9
-37.721134 -737.181091 21.517017 9
-34.257664 -737.677185 18.020582 9
-39.116772 -738.756653 41.821171 9
-36.617172 -740.198425 11.822315 9
-33.901676 -748.747559 41.195896 9
-33.219299 -747.154236 45.644760 9
-39.932407 -743.425476 26.932739 9
-30.991154 -744.711426 38.764992 9
-36.942230 -739.525818 7.558115 9
-32.651302 -743.219055 31.701265 9
-35.549702 -738.997009 29.110914 9
-39.135975 -738.175903 36.323521 9
-37.496815 -748.399597 38.328289 9
-36.418339 -736.008484 0.349343 9
-34.892662 -741.414551 22.858887 9
-32.819641 -740.902649 26.259075 9
-39.500820 -739.321289 18.794127 9
-36.308472 -740.739868 15.550210 9
-37.177055 -747.290283 34.779465 9
-35.931015 -749.599854 44.796436 9
-35.686985 -736.293091 35.032425 9
-39.970242 -745.887878 33.028557 9
-36.036503 -738.354065 24.403370 9
-37.827999 -736.534607 30.469692 9
-38.636227 -738.764587 2.799254 9
-39.391201 -735.746094 43.350147 9
-37.976139 -742.528503 23.620901 9
-32.638653 -744.804688 34.801723 9
-35.423008 -737.922241 13.997005 9
-34.786575 -743.585999 29.260826 9
-38.801121 -744.822327 29.641445 9
-38.357834 -737.218201 5.834812 9
-33.827198 -739.456604 20.659687 9
-38.026257 -739.344177 38.946804 9
-37.952423 -737.365784 12.344814 9
-37.304558 -737.252625 18.391462 9
-39.196606 -741.269592 21.057594 9
-30.524181 -741.298401 32.478889 9
-32.934757 -749.544312 43.894199 9
-35.750160 -736.874939 7.138834 9
-38.615376 -736.704285 33.882740 9
-32.649036 -746.976135 39.308769 9
-41.142971 -739.279907 21.464855 9
-39.245903 -736.922913 39.708618 9
-35.295536 -737.602295 31.453270 9
-37.875690 -738.522522 9.907774 9
-34.968742 -745.987122 33.954678 9
-35.847778 -738.387329 1.373309 9
-32.379002 -744.857361 44.698215 9
-32.800713 -741.985291 28.654346 9
-36.345078 -749.338135 40.482147 9
-41.757126 -742.411194 28.448757 9
-35.208473 -740.066101 17.802364 9
-30.929827 -747.991638 44.258972 9
-36.792732 -738.892395 35.485973 9
-36.338509 -739.389404 26.741381 9
-37.905407 -739.458740 13.818191 9
-36.913498 -739.377258 5.065502 9
-41.718605 -741.421997 25.865156 9
-36.127220 -738.115112 16.365385 9
-34.835896 -748.194336 38.877045 9
-31.550356 -738.907471 25.555609 9
-38.289555 -739.805847 16.660316 9
-37.764442 -736.110657 36.291550 9
-37.937946 -738.473755 28.955254 9
-37.021767 -744.071960 28.106726 9
-37.596195 -739.324402 22.668747 9
-37.393925 -736.706360 2.476804 9
-38.525478 -736.490967 -0.732910 9
-39.897583 -748.489319 38.289654 9
-36.852417 -741.999084 21.537323 9
-35.864708 -737.973083 11.414634 9
-38.072758 -737.190369 24.544542 9
-39.893959 -737.950562 43.951504 9
-32.018570 -747.366150 41.571606 9
-35.993862 -738.651489 20.907288 9
-35.367615 -749.880066 42.577084 9
-38.215240 -736.971558 8.134424 9
-34.259621 -749.032532 46.472610 9
-32.264771 -745.627136 37.108475 9
-38.355076 -735.534912 41.262657 9
-36.180195 -737.316162 27.724852 9
-33.216885 -740.387817 23.938488 9
-36.534954 -736.573853 33.003380 9
-38.046513 -743.293396 25.710224 9
-36.679577 -738.441162 -0.670038 9
-34.292725 -744.569824 32.367985 9
-36.154964 -747.817017 36.668461 9
-38.502819 -747.662537 36.489891 9
-37.815552 -746.287842 32.892128 9
-34.576935 -741.947449 24.974804 9
-31.377705 -739.570129 27.632927 9
-30.332094 -743.100952 37.373714 9
-39.923988 -742.648193 24.754948 9
-31.580708 -742.941162 33.576538 9
-38.754513 -738.078064 31.675985 9
-38.765179 -748.291138 40.152637 9
-30.246552 -744.916931 40.772411 9
-34.275780 -742.601013 27.252724 9
-36.081310 -737.916382 8.959897 9
-37.906853 -738.626038 19.960819 9
-38.261749 -737.793335 0.903278 9
-41.413708 -746.693054 34.298512 9
-39.051357 -737.779663 17.445173 9
-39.297741 -746.827332 34.742886 9
-37.085838 -738.898987 30.781481 9
-31.837152 -741.758057 30.505615 9
-35.185097 -740.972900 20.472214 9
-35.064049 -750.971802 46.022007 9
-40.532925 -743.994507 28.841627 9
-41.778923 -745.393433 32.215012 9
-31.566805 -750.073792 45.267807 9
-40.087784 -745.117126 31.185335 9
-36.037102 -742.962524 24.068855 9
-38.136192 -740.729126 18.535238 9
-38.864811 -736.824036 37.762722 9
-32.974781 -737.793213 21.271358 9
-36.092308 -737.195496 29.706121 9
-36.588673 -737.061768 25.846642 9
-38.439072 -738.576416 34.418884 9
-35.954147 -738.561951 18.897095 9
-36.009956 -739.817200 13.753676 9
-36.326817 -744.613159 29.815987 9
-31.479414 -744.107422 36.219112 9
-36.685402 -741.256775 17.334270 9
-37.143204 -749.892212 43.350143 9
-36.207722 -737.702026 22.556738 9
-39.503796 -736.901733 41.820877 9
-36.740971 -738.693420 2.980990 9
-37.408321 -739.258545 37.197781 9
-37.972057 -737.567749 4.071104 9
-38.113499 -745.560669 31.218706 9
-36.612885 -736.828674 5.424385 9
-36.684441 -739.816345 9.475145 9
-37.683784 -736.700989 28.621672 9
-37.225517 -737.390930 14.087152 9
-33.251877 -743.040527 30.036606 9
-39.602489 -741.868652 22.705599 9
-37.774330 -738.403503 25.820705 9
-33.862274 -745.995728 35.405678 9
-31.437294 -746.160950 40.345829 9
-34.154133 -739.198792 18.940638 9
-37.894634 -739.027222 11.675985 9
-33.728741 -740.286194 22.185221 9
-40.439026 -738.553406 20.018335 9
-35.379971 -746.841309 35.449310 9
-38.744083 -744.220581 27.979700 9
-39.959927 -736.292908 44.863647 9
-32.203281 -748.144470 43.086590 9
-34.312698 -750.190247 44.683983 9
-36.231976 -736.027771 37.036911 9
-38.165787 -738.484009 7.003989 9
-35.444077 -739.293579 15.350739 9
-33.615749 -737.778137 19.700758 9
-39.287495 -738.307556 38.556690 9
-34.968342 -744.336914 30.856358 9
-37.771870 -738.835510 18.111935 9
-37.820889 -741.307678 20.132879 9
-38.962116 -738.525085 40.176361 9
-37.147007 -739.580017 24.530113 9
-37.470203 -739.127136 1.511666 9
-36.144718 -738.269958 6.087538 9
-36.733704 -737.415833 19.939964 9
-37.259998 -737.303955 10.836896 9
-37.505169 -737.320801 16.755796 9
-34.721333 -738.810974 16.832319 9
-38.023037 -736.730042 32.327950 9
-35.473740 -743.567688 27.745882 9
-38.107117 -737.792786 23.012529 9
-33.054489 -744.163879 33.328613 9
-37.274509 -736.325989 34.711559 9
-41.184299 -739.957642 22.918976 9
-41.334927 -742.571655 26.870653 9
-39.940327 -740.017029 20.318764 9
-33.907349 -749.277771 42.688408 9
-37.241341 -735.754028 40.169415 9
-36.246746 -746.019470 33.078411 9
-37.526226 -738.648376 27.394423 9
-36.339001 -737.451172 12.800056 9
-38.482189 -739.196350 15.249093 9
-31.791519 -740.796021 28.468277 9
-32.104687 -746.366272 44.868816 9
-36.583546 -736.741699 31.386385 9
-37.257229 -736.778137 6.854640 9
-36.964008 -749.626526 41.868546 9
-38.823769 -737.035278 35.363235 9
-30.497679 -741.903198 33.886066 9
-33.647762 -747.450012 38.280983 9
-35.998096 -737.385925 2.506449 9
-36.207359 -748.832947 39.009747 9
-38.596066 -737.797119 30.180672 9
-33.572041 -748.088684 39.695679 9
-38.252239 -741.969238 22.033396 9
-37.597946 -749.127197 39.631863 9
-35.489029 -737.324219 33.757389 9
-31.538795 -742.242493 31.927401 9
-30.847103 -740.792969 31.023550 9
-36.248020 -737.017700 -0.730966 9
-35.887249 -738.982788 12.479157 9
-38.017227 -736.815857 9.601570 9
-36.803024 -737.110596 23.799522 9
-31.856907 -745.903748 38.586987 9
-38.345016 -736.027588 38.972809 9
-34.972469 -748.911194 40.162205 9
-37.787743 -738.683777 8.417173 9
-36.634422 -736.685791 8.291157 9
-36.013313 -739.352844 10.794512 9
-36.699062 -742.302795 22.944973 9
-36.081310 -738.296082 7.566539 9
-35.518658 -740.770569 19.035212 9
-38.206146 -739.793945 0.034732 9
-32.508663 -739.880371 25.092037 9
-38.633373 -738.515076 5.327114 9
-33.836002 -745.110779 34.061893 9
-38.612911 -738.038391 33.100685 9
-31.656258 -743.654541 34.885967 9
-32.980637 -750.389526 45.146507 9
-42.044971 -743.491699 29.350641 9
-37.444530 -736.966431 0.050650 9
-35.978973 -737.176453 10.219903 9
-36.871284 -736.698853 3.884748 9
-37.896080 -738.921204 21.355862 9
-38.127621 -738.993591 4.092050 9
-35.948204 -738.303345 25.835012 9
-33.147823 -739.007751 21.952505 9
-36.525013 -737.086487 1.233434 9
-36.748680 -738.288757 34.128334 9
-37.254745 -743.670654 26.788565 9
-40.697639 -741.057373 22.187149 9
-41.463753 -740.772827 24.662489 9
-36.451981 -737.977112 32.205078 9
-31.269875 -747.127319 42.830444 9
-35.122982 -747.729797 37.583107 9
-37.389748 -740.081421 15.003233 9
-39.760925 -747.798828 37.114994 9
-35.187363 -738.430115 30.363419 9
-36.802254 -743.014282 25.194448 9
-35.755737 -738.632019 27.805143 9
-36.301121 -737.781982 15.043590 9
-33.513069 -741.097473 25.105324 9
-33.933868 -742.817139 28.553249 9
-31.921566 -739.874084 26.400078 9
-35.624310 -740.053406 16.484457 9
-33.807274 -743.743164 31.164431 9
-35.533493 -741.494812 21.689770 9
-38.065155 -738.911133 35.998993 9
-37.308434 -735.748840 -0.607408 9
-40.617214 -744.424561 30.116535 9
-37.886581 -738.483643 24.141613 9
-38.623852 -738.692444 37.442204 9
-38.154114 -738.211243 13.402141 9
-33.211380 -741.723511 27.225002 9
-37.526875 -744.648254 29.216311 9
-37.731876 -736.156494 37.627262 9
-32.818951 -748.409241 41.933960 9
-38.799328 -738.603882 16.413885 9
-38.869198 -745.749084 32.287781 9
-31.350821 -744.552368 37.466232 9
-31.761017 -749.020996 44.313927 9
-36.273266 -737.939697 17.765366 9
-38.672501 -748.695862 38.842083 9
-31.013298 -745.694885 41.511810 9
-35.233265 -749.532532 41.309200 9
-39.709435 -737.988159 18.573711 9
-37.825233 -749.250549 40.920471 9
-39.240067 -739.227051 17.488562 9
-35.066463 -737.494690 16.989698 9
-38.707573 -743.882690 26.690540 9
-33.304108 -749.957825 46.339710 9
-36.110367 -746.589111 34.358780 9
-39.104488 -740.534546 19.406126 9
-38.141102 -746.633118 34.102406 9
-39.373924 -737.849670 42.730453 9
-37.294838 -739.579773 10.604017 9
-37.067528 -740.056580 13.046898 9
-33.929939 -741.874939 26.092482 9
-35.069092 -737.993591 15.376812 9
-37.306286 -747.617065 36.012897 9
-41.016899 -741.966248 24.707987 9
-35.133308 -745.488708 32.697247 9
-37.245815 -738.941345 6.248812 9
-35.967075 -737.801453 0.255976 9
-36.410461 -738.503784 4.256307 9
-38.722164 -743.059875 24.622473 9
-38.512054 -737.988831 27.895668 9
-35.274502 -750.124695 43.818489 9
-32.743896 -745.501587 35.923149 9
-36.243530 -741.683044 20.398808 9
-40.458466 -742.833801 25.893320 9
-32.681061 -747.617310 40.472637 9
-36.494171 -737.529724 21.277464 9
-34.134850 -741.294861 23.972189 9
-38.654446 -748.187439 37.637783 9
-36.254353 -748.330811 37.808903 9
-41.372524 -745.941345 33.289997 9
-41.018696 -743.290833 27.874029 9
-37.255867 -740.621094 16.406696 9
-32.069458 -738.518005 24.469412 9
-34.566555 -740.213623 19.628132 9
-37.031227 -745.268188 30.644217 9
-39.965519 -737.553040 45.143070 9
-37.759975 -736.163086 10.646431 9
-32.940182 -748.377258 45.681038 9
-32.901539 -746.509766 37.733364 9
-37.769287 -738.836853 31.911140 9
-37.492252 -748.784729 42.849106 9
-38.492496 -737.765198 -0.445006 9
-35.884510 -744.142029 28.772135 9
-38.670856 -736.090820 42.313541 9
-34.979042 -742.544312 26.087246 9
-33.074974 -739.501587 23.091675 9
-39.499039 -737.567810 40.734871 9
-37.464741 -738.770508 0.332763 9
-38.143326 -736.565063 0.978061 9
-38.189327 -737.559814 2.850673 9
-37.299519 -747.991394 37.182941 9
-32.309551 -740.857239 27.365917 9
-38.256702 -747.120422 35.316193 9
-40.475559 -746.913269 35.082840 9
-39.852951 -736.889648 43.319977 9
-35.251423 -742.032776 23.941999 9
-39.470066 -747.249268 35.875671 9
-36.619118 -736.161377 35.785767 9
-30.190941 -744.332947 39.707733 9
-36.122173 -739.082458 8.501842 9
-37.013386 -736.862976 26.978495 9
-39.263798 -743.208740 25.760630 9
-36.825802 -740.679138 14.059569 9
-36.434715 -737.825134 30.845499 9
-30.815256 -742.923218 36.285000 9
-30.329741 -743.718384 38.406067 9
-39.196499 -742.494690 23.639297 9
-38.803886 -736.924866 36.566219 9
-38.475300 -736.126282 40.161537 9
-35.598194 -737.156799 32.536583 9
-37.756306 -736.969055 25.694498 9
-40.188931 -746.340393 34.105179 9
-37.833256 -737.357971 19.521975 9
-35.698360 -737.609802 5.226600 9
-38.615482 -738.809692 1.573115 9
-37.584099 -736.293152 33.500889 9
-35.890102 -738.629761 23.268223 9
-34.271645 -740.467041 21.040779 9
-33.945641 -750.703369 45.728168 9
-37.316765 -737.285400 15.588314 9
-37.216934 -737.125061 22.618370 9
-37.050201 -738.942383 29.564171 9
-36.081734 -738.791870 9.716559 9
-41.244438 -744.721130 31.367102 9
-32.294781 -743.415833 32.803490 9
-37.682167 -736.879578 4.961508 9
-37.719891 -740.557739 17.478733 9
-32.065510 -741.471863 29.393347 9
-37.238174 -745.839478 31.963556 9
-31.042080 -745.212158 39.805931 9
-35.133987 -749.893311 45.659748 9
-35.770397 -737.804504 28.685865 9
-38.908417 -746.245850 33.333691 9
-35.696594 -742.723083 25.216503 9
-40.595398 -745.317810 32.204659 9
-38.658966 -738.787354 0.368660 9
-35.148327 -747.242798 36.490906 9
-38.299549 -737.351562 6.986282 9
-38.460030 -737.448975 29.098698 9
-38.489136 -737.033813 31.247765 9
-37.076286 -746.537109 33.737492 9
-37.777306 -738.744568 -0.750700 9
-38.338501 -738.278809 14.513550 9
-36.327839 -736.486145 34.102638 9
-37.968876 -738.346802 17.115810 9
-40.168587 -741.950195 23.802118 9
-37.059280 -736.652344 29.589525 9
-39.452415 -744.302612 28.891346 9
-34.377060 -738.838257 17.886669 9
-37.450645 -739.045593 34.550365 9
-35.626308 -737.132446 15.824494 9
-33.348782 -746.277283 36.497936 9
-34.105671 -749.828369 43.643288 9
-37.697880 -739.141541 12.741651 9
-39.851295 -743.893860 27.927536 9
-31.020557 -742.748108 34.537045 9
-35.961449 -738.745117 22.179344 9
-32.202473 -750.662415 45.941338 9
-37.876457 -737.668762 8.927653 9
-31.039783 -742.142578 32.939724 9
-32.190243 -743.874146 33.935612 9
-37.079918 -741.214844 18.353392 9
-35.097469 -745.005676 31.703415 9
-36.959755 -737.390320 11.870481 9
-36.701248 -739.575623 25.521807 9
-35.880844 -740.940979 17.993616 9
-39.035923 -745.272400 30.740673 9
-38.396938 -737.582886 10.262721 9
-37.097000 -738.932007 28.424530 9
-39.322582 -737.234619 38.668644 9
-36.829735 -739.077759 23.521008 9
-32.919529 -748.941040 42.921696 9
-38.719654 -740.029541 17.958897 9
-34.503197 -741.008850 21.941914 9
-39.062031 -738.063721 35.119377 9
-39.268986 -737.850159 37.579082 9
-37.930233 -737.965332 20.808474 9
-30.852169 -740.057678 28.414152 9
-30.576361 -747.022400 43.647263 9
-38.610428 -737.546143 16.515989 9
-34.264240 -743.704956 30.197346 9
-36.542042 -736.988586 28.684340 9
-33.480534 -738.453552 20.582262 9
-36.054111 -737.733215 26.767143 9
-37.792023 -738.216248 10.916537 9
-38.033424 -738.843201 33.473507 9
-32.499199 -742.636414 30.848209 9
-35.870094 -744.925781 30.726845 9
-36.318878 -747.310852 35.580696 9
-35.485504 -738.947632 14.299451 9
-36.381535 -737.377747 24.860369 9
-37.901611 -738.592407 30.136942 9
-39.038349 -736.373596 41.006279 9
-37.761806 -741.593506 21.139965 9
-35.987041 -740.084290 14.760798 9
-36.479404 -736.997864 9.296523 9
-38.519131 -737.971924 8.083683 9
-37.055897 -742.531555 24.106466 9
-37.964664 -745.126282 30.199530 9
-35.956989 -737.236267 6.159761 9
-36.159687 -737.194580 14.118713 9
-39.402317 -747.968445 39.040596 9
-37.819649 -738.082703 22.035912 9
-36.465088 -737.657349 18.903099 9
-35.341324 -744.299316 29.871958 9
-37.640072 -738.921448 2.515753 9
-33.818623 -740.699768 23.132076 9
-37.671734 -738.652527 4.966921 9
-38.885845 -737.652954 34.188583 9
-33.439495 -744.006775 32.279705 9
-37.798565 -738.257385 19.013065 9
-32.627769 -742.272400 29.762060 9
-38.295170 -748.411987 41.283710 9
-34.439075 -746.776001 35.902874 9
-31.227520 -741.115906 30.004446 9
-36.954441 -739.265076 3.821213 9
-35.742313 -742.012024 22.752125 9
-34.632584 -746.384949 34.853577 9
-32.109314 -744.659546 35.638493 9
-36.333973 -749.995056 43.948242 9
-36.394550 -749.847961 42.660828 9
-36.423107 -743.704468 27.365408 9
-36.464382 -736.105408 1.416934 9
-39.265877 -736.408875 44.137291 9
-35.164360 -742.997375 26.972910 9
-32.429367 -747.567749 45.173218 9
-38.060543 -738.910645 39.848686 9
-38.059544 -736.147156 35.331577 9
-32.670654 -738.099182 22.175158 9
-36.028122 -738.055786 3.263859 9
-41.568195 -740.526917 23.624426 9
-38.603889 -738.239319 3.653580 9
-31.451530 -746.564087 41.271626 9
-32.613838 -739.186768 23.921539 9
-39.681309 -744.761780 30.161243 9
-36.449230 -738.901306 6.841332 9
-37.684521 -743.027405 24.707918 9
-38.348034 -737.972351 26.589037 9
-37.088051 -739.341614 8.646848 9
-37.875332 -743.948181 27.523199 9
-36.244911 -740.831177 16.543854 9
-37.269653 -738.683228 25.010460 9
-35.649075 -738.144592 12.936008 9
-41.339634 -742.334778 25.740313 9
-39.371742 -737.887756 39.557476 9
-36.071918 -736.749695 3.268934 9
-36.003716 -737.413391 8.100639 9
-37.529095 -736.444641 31.517677 9
-40.367249 -736.766296 45.633224 9
-34.447536 -749.198547 41.883381 9
-37.293228 -737.301941 13.114358 9
-32.275326 -749.893799 44.628174 9
-32.976212 -746.269836 45.273170 9
-34.699238 -739.955505 18.664186 9
-35.243164 -750.407959 44.852470 9
-37.572033 -741.172302 19.194326 9
-39.975864 -740.639038 21.068867 9
-38.758659 -741.087585 20.189760 9
-32.065861 -746.865540 40.204308 9
-38.032253 -737.360657 1.744237 9
-37.665821 -742.125671 22.794542 9
-36.258438 -738.280579 2.257213 9
-37.951569 -739.131958 38.012512 9
-38.666512 -742.182068 22.885546 9
-36.586445 -738.448303 0.605276 9
-34.328651 -745.035889 33.245415 9
-39.513420 -737.885132 41.674019 9
-37.794579 -736.876709 3.403234 9
-38.020618 -738.290894 6.069438 9
-37.207363 -739.298828 36.264767 9
-40.413673 -739.322876 20.761602 9
-38.360222 -744.701050 28.704895 9
-33.842705 -738.883728 19.806772 9
-38.359821 -737.681641 4.965649 9
-37.446724 -737.164185 20.568041 9
-34.688076 -743.065186 28.023190 9
-37.363514 -736.676819 1.514911 9
-37.447639 -736.764954 8.782836 9
-36.990128 -738.957825 22.027971 9
-34.058376 -738.261292 18.781725 9
-31.924366 -744.903503 36.553925 9
-37.680477 -736.959839 27.655754 9
-36.624119 -736.797058 30.428411 9
-36.885136 -749.207458 43.969707 9
-38.148018 -738.086304 24.996687 9
-41.171448 -743.869080 29.556538 9
-35.955128 -738.096375 10.475780 9
-35.687450 -738.119019 29.614601 9
-37.463261 -739.353882 9.700828 9
-37.819725 -739.859680 15.811431 9
-38.148903 -738.437012 31.065804 9
-38.664181 -737.411926 32.343178 9
-36.624187 -737.565063 16.949261 9
-38.618862 -738.766357 41.034218 9
-40.022846 -737.001587 44.258118 9
-31.214874 -741.621216 31.273722 9
-37.768692 -737.123108 23.589748 9
-36.757084 -743.239807 26.125780 9
-33.368263 -745.387085 34.889313 9
-36.101952 -737.757629 23.681807 9
-30.899712 -743.784363 37.071922 9
-36.522392 -738.012024 33.147667 9
-36.032043 -749.658447 41.788494 9
-36.263699 -736.945496 4.558383 9
-36.530956 -737.034668 0.313575 9
-39.936527 -739.267395 19.732307 9
-41.189850 -740.059998 21.973555 9
-31.266470 -739.303955 26.737263 9
-36.191017 -742.476196 22.010878 9
-38.677212 -738.675415 39.154942 9
-39.716137 -745.516418 31.974876 9
-33.489834 -742.241150 27.961023 9
-33.371635 -748.217712 40.626797 9
-37.951248 -738.352844 12.364738 9
-37.314117 -739.631226 12.056748 9
-36.627769 -736.256897 37.842140 9
-37.069904 -738.781738 26.247780 9
-38.513172 -738.076477 2.177086 9
-36.013062 -739.001709 25.054642 9
-34.910847 -738.713074 15.914001 9
-37.218204 -737.007935 24.874794 9
-35.706966 -738.979675 13.379043 9
-36.773014 -736.631104 10.454937 9
-41.910866 -742.688904 27.601500 9
-37.569508 -738.481934 23.257221 9
-38.030956 -736.776306 29.523148 9
-35.934479 -738.855225 11.577584 9
-41.375114 -743.353943 28.729370 9
-34.168724 -748.550293 40.289936 9
-35.768593 -749.101196 39.761066 9
-31.977030 -746.364441 39.377472 9
-37.183334 -736.394470 32.382980 9
-35.549236 -748.423401 38.360050 9
-39.114235 -741.728149 21.886208 9
-31.085510 -746.401550 42.170773 9
-31.134825 -743.393982 35.553692 9
-34.268864 -747.486145 37.584576 9
-40.378933 -741.522766 23.047974 9
-35.674706 -737.680115 30.388708 9
-32.467274 -741.373657 28.083778 9
-37.843014 -737.959167 15.985876 9
-37.434429 -736.849854 5.819699 9
-35.875576 -738.617676 26.762367 9
-37.523109 -735.869385 39.336922 9
-33.453583 -750.076782 44.373005 9
-36.718956 -748.997070 39.724567 9
-31.609726 -748.304382 43.785511 9
-35.953800 -737.813049 6.833996 9
-33.641018 -739.652893 21.561899 9
-31.676048 -742.729736 32.716148 9
-37.433453 -738.805298 7.401433 9
-32.723339 -740.087097 25.940233 9
-31.474628 -745.123169 38.122932 9
-39.250813 -738.635925 18.139849 9
-35.711246 -740.530273 17.226927 9
-37.111507 -736.048828 36.900414 9
-33.286243 -742.565247 29.092134 9
-39.875942 -738.429138 19.321930 9
-36.257133 -739.749939 12.718898 9
-36.775494 -738.609741 1.639565 9
-39.448948 -736.510559 42.605396 9
-36.377460 -736.562866 6.598063 9
-37.920803 -737.545166 14.710710 9
-37.029419 -741.547546 19.823954 9
-36.506966 -736.187744 -0.501428 9
-37.359791 -736.944641 7.879074 9
-36.521576 -736.796692 2.122066 9
-33.552845 -748.888489 41.989868 9
-34.521774 -738.108337 17.296267 9
-36.651340 -744.473877 29.027826 9
-38.275074 -736.680725 34.685715 9
-35.057785 -739.660156 17.020090 9
-32.365963 -748.909058 43.688541 9
-37.787853 -737.557983 11.487405 9
-38.295948 -736.372986 36.984131 9
-34.170357 -745.674927 34.632084 9
-35.970257 -741.325684 19.576906 9
-40.772636 -743.212891 27.016699 9
-33.309200 -747.478821 39.070103 9
-34.375153 -744.299927 31.487925 9
-35.720421 -737.563049 1.585272 9
-38.694160 -737.180237 33.193249 9
-31.306911 -749.250183 44.986343 9
-36.288528 -736.769043 32.203300 9
-36.459370 -737.358032 11.123734 9
-38.284023 -737.193115 28.251314 9
-34.596458 -749.725403 42.942860 9
-31.979280 -747.661987 42.366123 9
-31.392368 -740.779236 29.224419 9
-30.923803 -745.468506 40.708565 9
-38.181133 -748.958984 40.215614 9
-34.033390 -743.224121 29.312124 9
-31.181818 -747.606201 43.528206 9
-37.643185 -737.316345 17.627823 9
-37.294060 -739.954224 14.176219 9
-36.430740 -738.643250 5.102864 9
-36.584824 -738.964233 33.618233 9
-38.103725 -738.895325 35.139977 9
-31.788948 -740.287659 27.774437 9
-35.784443 -740.077271 15.597778 9
-36.107895 -738.345398 19.705839 9
-34.795013 -737.966492 16.281445 9
-36.982979 -741.545593 20.811430 9
-35.941971 -745.645325 32.376381 9
-31.954134 -745.601318 44.536091 9
-39.291939 -743.880188 27.287460 9
-34.661175 -748.996399 40.964680 9
-33.643311 -744.616699 32.931404 9
-37.055893 -748.668152 39.012627 9
-38.665146 -738.428589 15.538549 9
-38.055687 -745.969421 32.120125 9
-37.478172 -739.385925 35.404251 9
-38.019375 -737.458862 13.751457 9
-39.319134 -748.593933 39.590992 9
-38.161892 -738.599182 32.678337 9
-37.671280 -738.912354 3.359922 9
-40.013515 -744.331421 29.516005 9
-35.756950 -746.129150 33.765160 9
-37.178596 -749.406372 40.369041 9
-39.088757 -740.087097 18.704903 9
-34.514339 -750.276794 46.145145 9
-36.979282 -746.139160 32.693134 9
-37.119335 -744.930969 29.886646 9
-35.630798 -736.964905 34.507217 9
-34.070427 -747.930481 39.053131 9
-33.027470 -740.501953 24.820923 9
-37.877663 -739.468262 14.728578 9
-32.766796 -744.491394 34.037872 9
-40.290859 -748.191895 37.625523 9
-37.668686 -736.480225 -0.744423 9
-36.055061 -742.386047 23.452972 9
-35.966457 -737.159668 30.993828 9
-37.996899 -735.471008 40.303299 9
-33.563251 -746.964111 37.594494 9
-36.425613 -738.407349 31.512100 9
-34.940365 -741.042358 21.242554 9
-36.217533 -736.414978 7.632419 9
-37.035511 -736.701965 28.103573 9
-36.735237 -737.552185 16.112068 9
-32.731808 -747.964905 41.249420 9
-38.567078 -738.686523 38.333187 9
-38.355907 -736.631958 35.948021 9
-37.818733 -738.129578 7.655759 9
-36.897789 -736.966675 3.089758 9
-33.125004 -743.279297 30.809036 9
-37.625565 -749.325195 42.250172 9
-38.109715 -738.955322 36.859673 9
-30.358797 -745.490906 41.944954 9
-36.773224 -740.598999 14.872966 9
-32.392189 -746.521729 38.639843 9
-35.935581 -736.598938 35.742466 9
-39.711697 -741.228699 21.694494 9
-31.379620 -745.404419 39.018810 9
-38.373558 -736.317261 38.154629 9
-36.055504 -737.925110 -0.696882 9
-41.663658 -743.554993 30.119139 9
-36.436447 -741.622620 18.090984 9
-36.990440 -738.969238 32.031406 9
-30.844448 -744.044250 37.850224 9
-36.040974 -738.653625 18.081533 9
-37.727104 -737.558105 9.783238 9
-37.854462 -748.856018 38.912655 9
-37.778549 -744.340576 28.281359 9
-38.859035 -736.644897 38.991089 9
-39.044384 -745.457520 31.535469 9
-35.382839 -737.886597 32.203094 9
-34.587383 -748.494995 39.592297 9
-33.351196 -741.382874 25.859770 9
-35.858433 -750.058716 43.225609 9
-38.147007 -739.462097 -0.725488 9
-39.122673 -748.323853 38.280651 9
-35.891506 -737.851013 12.234314 9
-32.141563 -739.519470 25.711800 9
-38.208088 -737.291687 0.304230 9
-39.282822 -738.325867 40.912922 9
-37.619667 -736.101624 38.489483 9
-40.626762 -747.732117 36.898045 9
-38.129616 -737.690125 25.758188 9
-36.537781 -736.362610 34.991409 9
-36.601112 -737.635437 13.552306 9
-35.217022 -739.426941 16.200378 9
-31.014847 -746.382141 43.033485 9
-35.507481 -749.359314 40.560150 9
-32.990280 -747.005615 38.361382 9
-36.111282 -738.223145 21.594883 9
-36.086334 -741.768860 21.176357 9
-38.690327 -739.343811 16.148470 9
-36.016697 -736.555176 8.767853 9
-37.087654 -736.614746 0.679525 9
-36.669891 -737.319336 22.051538 9
-36.548878 -738.759644 34.744518 9
-34.386768 -747.835266 38.287800 9
-36.699333 -739.986450 10.952707 9
-35.424263 -748.708130 39.148121 9
-33.562443 -738.921082 21.259817 9
-38.811821 -739.329163 -0.204150 9
-37.081921 -740.478577 15.650760 9
-31.887569 -742.262085 31.231859 9
-35.343575 -746.419617 34.504128 9
-37.176575 -738.813538 24.237103 9
-36.961372 -739.494934 6.738110 9
-38.156044 -737.711914 23.938967 9
-38.293961 -741.027405 19.560461 9
-39.330345 -746.478821 34.035049 9
-32.785847 -739.856812 24.341503 9
-37.948563 -743.512146 26.472111 9
-39.441025 -740.722656 20.347340 9
-30.581369 -741.125427 31.694569 9
-37.853710 -738.893677 9.192468 9
-33.152237 -750.652039 45.899437 9
-37.886097 -738.438843 28.083055 9
-36.086262 -738.362122 17.112333 9
-35.967213 -739.612793 11.999018 9
-41.650940 -741.525146 24.861816 9
-35.762447 -739.234497 28.380550 9
-35.789238 -743.481689 26.936033 9
-38.497963 -736.907166 30.308989 9
-35.469795 -738.203125 14.732129 9
-39.802052 -737.231689 42.507065 9
-36.461914 -738.675598 32.610088 9
-38.077824 -747.922668 37.100651 9
-37.861233 -736.913086 10.443021 9
-36.049831 -741.286682 18.680628 9
-32.129620 -739.209412 24.934847 9
-37.187046 -739.156128 -0.449568 9
-39.975986 -747.474060 36.440056 9
-39.625961 -739.976624 19.506304 9
-38.053047 -738.770874 0.845211 9
-32.060936 -745.746155 37.847740 9
-32.772430 -738.810730 22.732019 9
-37.183197 -736.788513 9.577177 9
-40.715385 -745.726257 32.910446 9
-30.826799 -744.630676 40.257095 9
-36.597618 -739.465454 10.271523 9
-37.904217 -737.373108 22.335529 9
-38.260105 -738.157532 29.580902 9
-36.750683 -749.558594 41.123676 9
-36.591312 -737.655212 10.279485 9
-38.991390 -737.487915 35.961613 9
-39.077969 -737.613525 36.855282 9
-35.286709 -742.343933 24.688160 9
-36.579948 -748.293640 37.114361 9
-38.548416 -741.521179 21.396364 9
-37.106464 -737.300537 19.228853 9
-36.929573 -737.385437 14.803584 9
-37.474220 -741.958740 22.056232 9
-37.846401 -739.130615 10.897181 9
-38.642525 -738.312744 4.574394 9
-35.927094 -736.736694 33.477242 9
-40.915813 -746.290039 33.845013 9
-35.253380 -743.670959 28.643934 9
-37.382084 -736.294189 35.671375 9
-30.627100 -740.685059 30.299143 9
-38.529732 -737.841125 6.414217 9
-36.323807 -737.705872 20.550543 9
-38.609219 -738.495789 35.569897 9
-36.691776 -739.391541 5.900036 9
-37.562683 -736.908630 26.453350 9
-33.452347 -749.396606 43.349854 9
-30.691521 -744.129578 39.149071 9
-34.631721 -750.435791 45.319996 9
-36.366276 -739.039856 7.771240 9
-38.340088 -738.524536 -0.287116 9
-37.336082 -737.149658 4.283692 9
-40.440132 -739.997986 21.105875 9
-34.650013 -739.543945 18.002720 9
-30.340099 -742.067322 34.616100 9
-35.666195 -750.591003 45.757938 9
-35.163216 -740.712830 19.749516 9
-37.117550 -735.853271 10.387937 9
-38.033154 -737.115845 -0.523981 9
-33.530060 -740.997864 24.335760 9
-38.257172 -748.466187 38.267109 9
-35.989182 -739.308777 27.580730 9
-37.320621 -739.059998 33.719162 9
-37.998863 -736.257080 34.130840 9
-40.665749 -744.704895 30.802721 9
-34.120495 -739.656982 19.993307 9
-36.577713 -737.347717 23.115126 9
-32.318806 -740.490540 26.650745 9
-39.010986 -738.573547 17.135408 9
-37.381104 -738.812866 4.242708 9
-36.172478 -738.341431 8.308372 9
-38.992573 -747.875793 37.061348 9
-36.117901 -737.601074 25.598932 9
-32.120518 -742.725952 31.891623 9
-39.295311 -736.873718 40.517185 9
-34.700333 -741.632874 23.628086 9
-36.834854 -737.391846 17.648149 9
-32.130997 -744.249573 34.803295 9
-32.534538 -745.586548 45.006096 9
-36.269096 -739.094543 25.922260 9
-38.232704 -738.783386 13.895768 9
-30.962364 -748.687195 44.552193 9
-34.718475 -745.683411 33.306381 9
-38.593681 -748.822083 39.613312 9
-33.846363 -742.075134 26.813564 9
-38.809853 -739.264709 16.880953 9
-35.493488 -738.172974 31.016363 9
-34.349850 -751.232666 46.069912 9
-36.453171 -746.920349 34.930843 9
-31.578930 -743.266418 34.237873 9
-39.351448 -742.813293 24.305912 9
-35.825531 -747.295837 36.189732 9
-39.393810 -739.644226 18.141243 9
-38.033413 -747.385071 35.979519 9
-36.953568 -736.716797 4.771665 9
-37.364536 -745.621338 31.208105 9
-36.277267 -743.973389 28.171097 9
-36.113213 -737.692322 9.670018 9
-39.342571 -743.592468 26.445847 9
-38.025856 -736.066589 40.742039 9
-35.829544 -737.924866 27.507692 9
-41.019875 -747.227173 35.474792 9
-32.816261 -746.121704 37.006649 9
-37.265228 -742.417603 23.410599 9
-35.847000 -747.924561 37.319153 9
-32.898140 -747.519287 39.787209 9
-38.496677 -749.117188 41.382854 9
-30.988289 -741.764648 32.090874 9
-38.220219 -737.023010 8.878190 9
-38.516506 -737.736206 31.022774 9
-37.852562 -747.016174 34.709953 9
-35.818958 -738.084717 4.417136 9
-36.697540 -748.582397 38.377705 9
-38.137718 -736.682800 33.211006 9
-38.822887 -747.599182 35.772358 9
-40.603600 -742.397461 25.147779 9
-38.178898 -742.655151 24.324835 9
-31.010721 -742.404846 33.756821 9
-36.119507 -735.902344 36.265537 9
-38.308750 -741.422241 20.655874 9
-33.427723 -739.628174 22.267960 9
-32.299877 -750.180359 45.346443 9
-37.102795 -736.209167 -0.068640 9
-37.005787 -748.298584 37.785309 9
-33.974876 -741.626770 25.298569 9
-37.058514 -736.432434 33.979618 9
-39.699158 -737.602112 43.336376 9
-35.249729 -740.403564 18.436468 9
-36.969090 -739.180725 0.704378 9
-38.574039 -746.819153 34.675556 9
-38.505138 -738.081726 28.735514 9
-32.830425 -743.885742 32.677494 9
-37.330444 -739.488342 11.321605 9
-31.575768 -747.096252 42.170681 9
-38.642090 -743.081909 25.340168 9
-36.461433 -739.183899 9.125902 9
-37.175282 -736.510925 30.805706 9
-32.024998 -747.130859 40.891853 9
-35.689793 -738.508484 28.528223 9
-35.871471 -737.422302 13.348013 9
-39.133614 -735.648682 42.631733 9
-37.837440 -737.840332 20.050350 9
-38.600235 -738.197144 33.818951 9
-39.382038 -743.046753 25.036041 9
-39.109184 -736.310608 41.733879 9
-41.184177 -744.221863 30.515059 9
-37.915958 -738.295837 11.634999 9
-33.734947 -750.300842 45.101738 9
-38.521034 -738.089905 0.266901 9
-36.622597 -740.350464 12.513529 9
-40.179848 -747.156494 35.738663 9
-33.270485 -741.440552 26.571276 9
-31.782879 -745.121399 37.251228 9
-34.474762 -742.397949 26.578688 9
-40.738441 -746.587585 34.511143 9
-40.522957 -743.754150 28.138927 9
-37.240063 -738.902832 5.492236 9
-41.274117 -741.086182 24.050713 9
-38.672421 -743.452637 26.079277 9
-37.591026 -747.355591 35.356438 9
-33.264011 -748.457520 41.329678 9
-33.846924 -737.623047 19.027893 9
-33.856274 -746.374939 36.007126 9
-34.652050 -747.412476 36.977024 9
-31.776714 -739.948181 27.145226 9
-36.914127 -747.760193 36.594936 9
-34.906116 -737.631714 17.749828 9
-39.578568 -748.055908 37.759232 9
-35.564850 -745.758240 33.193016 9
-40.801655 -741.634460 24.018066 9
-37.306267 -743.232178 25.682653 9
-38.239292 -740.085876 17.310524 9
-36.803398 -736.882507 7.433465 9
-34.987904 -749.656250 41.968792 9
-33.396549 -744.802795 33.611923 9
-37.033783 -749.144897 43.244572 9
-35.946957 -737.826172 0.964143 9
-33.000782 -740.782837 25.470318 9
-38.568020 -738.615784 36.442623 9
-41.756496 -742.855164 29.157944 9
-34.373344 -745.574829 33.951813 9
-34.303478 -741.023560 22.721968 9
-36.380226 -737.162842 27.043657 9
-39.396881 -738.491882 42.418655 9
-37.749348 -738.424988 26.516590 9
-34.620739 -740.452087 20.295490 9
-35.968586 -749.510193 41.108292 9
-33.465378 -740.129578 22.904161 9
-31.757530 -744.091858 35.416508 9
-37.948559 -738.784424 1.907044 9
-37.082577 -749.696228 42.561718 9
-37.706108 -738.689758 20.718107 9
-39.292942 -745.936096 32.810379 9
-36.513119 -742.857239 24.569963 9
-34.531704 -743.227783 28.690527 9
-35.548252 -741.311340 20.947041 9
-37.811001 -748.148132 37.707939 9
-39.238197 -747.562317 36.463573 9
-38.793594 -735.535950 41.918877 9
-32.610275 -746.885681 45.233368 9
-38.254948 -737.480835 27.415483 9
-35.770012 -737.126465 31.855831 9
-31.641127 -739.264343 26.141382 9
-33.094513 -738.430603 21.533096 9
-37.120781 -743.900024 27.440762 9
-30.613226 -741.515808 33.322140 9
-39.921814 -742.861389 25.441204 9
-38.003551 -738.159058 27.202705 9
-35.277290 -741.865723 23.273996 9
-37.549686 -737.280396 2.893125 9
-36.214134 -737.099365 3.876630 9
-41.923153 -744.996765 31.659992 9
-36.209099 -743.117126 25.550676 9
-39.964039 -743.235657 26.252298 9
-31.011854 -743.587463 36.336559 9
-35.753193 -750.012512 45.357586 9
-35.782612 -750.212830 44.447605 9
-37.501816 -738.979431 10.316247 9
-36.735096 -742.102783 22.233244 9
-37.791176 -740.289856 16.804834 9
-35.000488 -742.358154 25.425747 9
-38.578453 -737.946228 5.712121 9
-36.605591 -745.794983 32.219475 9
-33.228916 -744.921326 34.385349 9
-40.382767 -742.211365 24.472513 9
-36.836304 -746.805481 34.379871 9
-37.758099 -746.564026 33.518539 9
-34.333115 -744.075012 30.790768 9
-38.449001 -737.975830 7.393511 9
-38.769707 -736.181030 39.498524 9
-37.621784 -738.926392 31.251947 9
-37.414307 -737.153625 24.220228 9
-36.031048 -738.663940 10.883064 9
-36.460110 -745.091187 31.037060 9
-37.285629 -739.108765 8.005437 9
-38.039783 -737.716248 12.951624 9
-36.439064 -743.446472 26.706747 9
-38.120247 -744.850342 29.576782 9
-36.425301 -746.306702 33.713982 9
-33.706890 -751.074219 46.266918 9
-32.571255 -748.423279 42.576248 9
-36.209152 -737.796387 15.733802 9
-38.508034 -738.126587 1.480390 9
-40.406517 -743.539429 27.503109 9
-37.735268 -747.657471 36.559525 9
-36.279743 -737.449280 11.826668 9
-38.455242 -746.080750 32.830750 9
-36.601021 -740.488098 13.301668 9
-37.746796 -737.648682 10.510743 9
-37.550007 -749.413940 41.577072 9
-37.100647 -740.781860 17.639004 9
-36.820263 -736.775391 6.099745 9
-33.417934 -745.854675 35.923573 9
-41.961834 -743.124695 28.483891 9
-33.368870 -737.814209 20.330322 9
-38.503475 -738.081177 32.395500 9
-30.859194 -742.876709 35.192917 9
-37.879879 -737.973328 8.314772 9
-35.280972 -737.495422 16.305027 9
-38.607410 -744.193054 27.311796 9
-37.032845 -739.234497 2.681900 9
-36.900669 -738.598755 -0.047919 9
-31.489124 -745.855103 39.516312 9
-30.478867 -745.267700 41.309547 9
-39.963863 -746.669067 34.721436 9
-34.668633 -739.233398 17.370888 9
-37.959290 -736.600281 0.305585 9
-35.285290 -744.119934 29.223635 9
-39.736088 -736.920654 45.448223 9
-37.609444 -738.471619 22.573999 9
-35.391991 -738.747803 29.712635 9
-32.961216 -741.826721 27.932505 9
-34.606152 -750.087769 44.024761 9
-39.033222 -747.124146 35.293449 9
-39.644085 -742.073364 23.343794 9
-40.882607 -742.811768 26.451612 9
-38.911724 -738.109192 -0.875206 9
-37.524426 -746.902527 34.107136 9
-40.174416 -737.650452 44.491982 9
-41.247158 -745.086731 31.931873 9
-35.977104 -738.279419 25.154598 9
-37.074757 -737.154053 10.141901 9
-35.693287 -745.018066 31.375761 9
-37.694328 -738.171936 9.345400 9
-35.158455 -741.444824 22.251019 9
-35.256287 -738.662292 15.221614 9
-36.277031 -740.294128 14.144651 9
-36.261810 -737.245422 8.720395 9
-39.427429 -738.055481 40.201328 9
-35.705685 -737.586731 15.332300 9
-37.517761 -740.682983 18.298950 9
-37.547249 -738.656372 6.753731 9
-39.455139 -737.002625 41.149918 9
-41.200043 -746.942261 34.895763 9
-37.362061 -739.452759 23.646296 9
-40.640228 -745.042847 31.579428 9
-33.115829 -743.704102 31.767450 9
-36.835606 -735.850830 39.303699 9
-35.634281 -739.502075 14.738260 9
-37.771271 -738.173157 18.350517 9
-32.135136 -741.324341 28.686590 9
-37.096581 -737.298889 21.107338 9
-38.047531 -737.071838 2.414690 9
-37.803783 -736.796936 6.459113 9
-37.012527 -749.854187 44.019611 9
-35.502136 -742.998718 26.387651 9
-38.829029 -737.184692 34.672882 9
-34.139011 -740.032959 20.543755 9
-39.693878 -746.963684 35.264156 9
-36.524120 -749.570862 44.425529 9
-31.649885 -747.771851 43.063126 9
-39.279858 -737.322876 38.011623 9
-38.857197 -738.241455 36.941486 9
-35.856552 -737.440613 7.454354 9
-32.827660 -745.232178 35.253349 9
-37.658546 -737.620117 18.886217 9
-34.093948 -742.650024 27.883799 9
-38.109890 -737.351746 25.183823 9
-41.460899 -741.017639 25.268019 9
-38.628429 -738.023743 16.071520 9
-36.499332 -744.900452 30.400406 9
-37.502975 -739.592407 13.241451 9
-34.677155 -745.099426 32.352478 9
-37.111168 -736.222229 36.279446 9
-32.316032 -749.354675 44.203907 9
-40.985916 -741.235046 22.842817 9
-36.755791 -740.923523 16.103552 9
-37.072418 -736.645325 28.868246 9
-33.287151 -746.584106 37.123085 9
-30.329664 -743.120605 36.718719 9
-41.232941 -745.446289 32.576382 9
-39.680073 -746.234985 33.514977 9
-33.694839 -743.433594 30.337971 9
-36.046101 -738.588867 3.638391 9
-30.949003 -745.757141 42.214542 9
-39.369617 -737.863464 18.016792 9
-36.818916 -736.760986 -0.422442 9
-35.720135 -736.816895 8.020828 9
-37.370193 -739.006592 30.185230 9
-35.671902 -737.494141 3.300821 9
-35.785225 -737.660339 14.478750 9
-35.142105 -750.020508 43.180241 9
-31.108492 -741.300476 30.705494 9
-35.878231 -744.354431 29.435085 9
-38.380821 -738.937988 14.619939 9
-32.396214 -747.891174 41.810028 9
-36.879642 -741.282898 19.079010 9
-32.375214 -745.404602 36.458420 9
-35.006561 -748.068726 38.243816 9
-39.363895 -744.234131 28.191517 9
-38.657467 -745.057129 30.243116 9
-38.163456 -735.932190 39.602558 9
-38.607155 -737.234009 -0.827321 9
-31.886303 -749.544678 45.029549 9
-32.783539 -741.250183 27.106052 9
-36.969532 -737.446472 12.560410 9
-38.917305 -738.288269 37.909916 9
-35.734047 -746.737183 34.901180 9
-37.689724 -739.783142 12.581129 9
-36.114986 -737.339233 29.062181 9
-34.011780 -738.261902 19.514191 9
-38.200642 -735.924255 41.752316 9
-39.625866 -738.688354 18.744755 9
-37.107491 -738.840332 26.951752 9
-37.685913 -738.679260 29.519762 9
-30.802629 -744.716858 39.403137 9
-35.393246 -747.601624 36.969246 9
-38.114964 -738.687866 12.974452 9
-38.561962 -738.154541 2.987912 9
-36.157310 -738.034729 18.405354 9
-36.074501 -738.770569 23.905144 9
-37.134392 -736.917603 25.507986 9
-36.971649 -739.141418 22.775818 9
-36.335804 -739.681274 11.469612 9
-35.703114 -738.332336 13.577027 9
-40.396034 -746.040161 33.523529 9
-39.942738 -744.061035 28.559917 9
-33.832546 -744.019653 31.739580 9
-37.220337 -735.939209 37.964806 9
-36.476616 -747.548523 36.159637 9
-41.322109 -743.053894 27.314098 9
-36.016186 -737.072144 5.375791 9
-37.233810 -740.562805 17.055370 9
-31.200108 -746.970825 43.455215 9
-36.537827 -750.080994 43.264347 9
-32.965340 -739.693115 23.728403 9
-37.185360 -744.397156 28.687214 9
-41.543369 -742.076294 25.167789 9
-36.504669 -736.888245 29.324966 9
-30.353531 -742.748108 35.865055 9
-32.088196 -743.512207 33.415352 9
-34.946640 -740.367432 19.087393 9
-34.448757 -742.170349 25.852896 9
-35.371269 -744.654663 30.414267 9
-34.310715 -739.672241 19.382221 9
-35.682892 -741.306885 20.145899 9
-35.962631 -740.490417 16.051128 9
-34.820259 -744.160950 30.238787 9
-31.353678 -744.298584 36.874207 9
-39.544209 -736.357422 43.494427 9
-37.720528 -736.344727 32.859787 9
-36.952488 -747.331970 35.492477 9
-37.198822 -737.068237 23.283697 9
-38.621048 -742.690002 23.854858 9
-39.646400 -745.000488 30.759699 9
-38.285839 -737.605469 3.480831 9
-36.548279 -741.963501 19.790380 9
-36.327118 -738.312500 0.005483 9
-37.659824 -745.373901 30.688784 9
-37.830101 -738.246765 21.362015 9
-38.207363 -740.438171 17.968798 9
-35.854427 -742.615051 24.595081 9
-37.128925 -738.691406 36.045506 9
-37.631771 -739.241089 22.054417 9
-38.459690 -737.309448 29.803856 9
-34.318501 -741.623718 24.496532 9
-38.106300 -736.810364 31.695444 9
-38.284641 -738.919250 40.441906 9
-31.281952 -740.464600 28.680971 9
-41.872986 -744.619812 31.091633 9
-36.220272 -737.406799 26.254021 9
-38.975025 -737.049072 37.161469 9
-38.725639 -739.699951 17.413923 9
-39.381824 -744.588257 29.576180 9
-36.701626 -738.691833 3.690715 9
-38.097935 -737.204224 26.174040 9
-38.274174 -748.258850 40.536407 9
-32.295925 -742.195435 30.408291 9
-36.133244 -737.193604 30.363817 9
-36.303665 -737.760071 19.573847 9
-35.591652 -745.300293 31.965645 9
-36.152500 -738.647583 8.964128 9
-36.044266 -738.295959 22.745354 9
-37.999451 -738.364197 5.436128 9
-37.262100 -736.565247 30.185968 9
-38.727562 -737.992065 16.951250 9
-38.291908 -738.690735 3.329703 9
-41.532944 -742.956970 28.054165 9
-37.342533 -738.822998 28.999804 9
-37.296043 -737.191467 21.983334 9
-33.930927 -749.885132 46.361130 9
-38.328136 -737.449219 7.758214 9
-36.548214 -735.710999 37.554146 9
-38.005939 -737.185669 0.992605 9
-39.481838 -736.732544 44.915756 9
-40.080349 -737.459900 45.741325 9
-32.642475 -738.997925 23.310558 9
-36.724617 -737.504456 18.328672 9
-37.500019 -739.056763 32.470268 9
-38.984108 -736.773193 38.387901 9
-36.250710 -737.525330 24.253088 9
-40.102150 -745.615112 32.463921 9
-31.115042 -744.560486 38.061138 9
-36.814377 -740.992371 16.736769 9
-37.258198 -737.121338 3.581263 9
-36.051044 -743.157532 24.942167 9
-32.426117 -746.220581 38.041397 9
-41.272991 -740.442200 22.533199 9
-34.359230 -746.382996 35.430965 9
-36.521488 -738.782837 5.702389 9
-38.235729 -738.427429 31.776552 9
-39.435558 -737.406738 40.083584 9
-38.629417 -738.553833 1.006604 9
-34.277866 -741.213013 23.302956 9
-38.699749 -746.530151 33.859531 9
-39.210045 -737.794922 38.914059 9
-41.711086 -745.802124 32.805637 9
-38.658363 -740.584045 18.837671 9
-38.946457 -744.521362 28.590826 9
-39.820919 -742.426636 24.191486 9
-30.782103 -743.468506 37.596577 9
-36.978886 -740.135742 13.657171 9
-38.512367 -736.893005 32.679420 9
-39.647182 -736.795532 46.155109 9
-36.849487 -745.510315 31.535301 9
-39.503956 -748.525879 38.773632 9
-40.065105 -736.946411 44.926216 9
-31.202312 -745.996460 40.913643 9
-37.899780 -737.408691 5.455201 9
-36.587017 -737.628296 14.248152 9
-35.869598 -737.758118 5.872746 9
-35.771362 -738.459717 12.162210 9
-36.092052 -738.934692 10.326466 9
-36.226898 -736.646790 2.644052 9
-36.655861 -742.515503 23.530367 9
-36.984043 -739.319519 34.857975 9
-32.550564 -741.964478 29.215759 9
-32.507309 -751.033569 46.376766 9
-40.142380 -741.270264 22.342854 9
-37.314480 -737.250671 19.915663 9
-35.819904 -737.850708 2.146553 9
-37.870289 -738.907410 34.130451 9
-34.550110 -747.046387 36.441498 9
-35.926834 -741.949036 22.171806 9
-38.314087 -745.365051 30.648989 9
-38.484592 -745.684998 31.689581 9
-36.576111 -736.419983 8.982052 9
-37.697586 -736.184021 37.027943 9
-37.863998 -738.894104 -0.098235 9
-38.711231 -736.010132 42.916290 9
-36.198124 -740.913330 17.169142 9
-36.323925 -738.427551 33.699825 9
-35.899158 -737.463928 4.591136 9
-32.795063 -745.861450 36.467754 9
-37.140171 -736.403015 33.000122 9
-32.872425 -749.952271 44.460320 9
-39.239269 -738.971863 0.040420 9
-31.660023 -746.646301 40.706718 9
-36.857101 -737.362427 20.555580 9
-36.141884 -737.326294 0.688000 9
-32.070255 -740.875244 27.927946 9
-36.745277 -738.962708 34.206886 9
-35.384472 -737.594482 32.915806 9
-38.242176 -748.808411 40.807571 9
-37.136990 -738.928223 27.748079 9
-35.715881 -742.910461 25.832417 9
-38.026150 -738.217712 23.615805 9
-41.756851 -742.360779 26.488020 9
-37.670944 -737.787292 15.450090 9
-36.199875 -737.450073 -0.293836 9
-37.206348 -738.754761 25.618229 9
-33.069309 -748.752380 42.359390 9
-35.187927 -744.863953 31.059429 9
-36.853588 -738.851807 4.544489 9
-38.220158 -738.408020 4.130250 9
-32.780148 -750.248535 46.247082 9
-35.057068 -746.999084 35.938663 9
-38.326233 -737.505554 8.532338 9
-35.975151 -736.822510 32.875065 9
-36.403851 -737.800598 31.539175 9
-37.874310 -737.445374 4.685349 9
-33.750698 -750.482178 46.269329 9
-38.905727 -736.546692 40.172047 9
-37.251884 -746.401489 33.177376 9
-38.254726 -738.218323 30.464193 9
-36.037666 -738.416443 6.757537 9
-33.164925 -747.866516 40.180759 9
-38.628387 -737.350403 31.739397 9
-39.030636 -738.398010 39.548115 9
-36.657108 -737.045044 26.481888 9
-37.104267 -742.720642 24.682735 9
-36.578232 -741.997620 20.787304 9
-36.189171 -737.350220 28.336792 9
-34.110027 -740.505127 21.770933 9
-36.233265 -742.318726 21.425934 9
-36.841290 -736.576477 31.898909 9
-38.306236 -746.439758 33.305782 9
-31.733658 -741.416016 29.899593 9
-36.271366 -737.738831 21.922411 9
-33.764240 -742.257874 27.413673 9
-38.022961 -748.774597 42.373798 9
-37.545845 -749.374512 42.941357 9
-38.187611 -743.824158 26.962851 9
-35.497646 -748.094238 37.834721 9
-38.224678 -742.907532 24.925673 9
-35.113785 -743.131958 27.565540 9
-34.935089 -738.089661 16.841486 9
-37.934158 -736.784729 30.997124 9
-33.870808 -739.933533 21.092367 9
-35.835640 -737.936279 28.114323 9
-39.827934 -738.038635 42.380989 9
-37.677521 -736.850708 27.057079 9
-36.792881 -737.521851 15.378741 9
-40.498005 -737.243469 46.115025 9
-33.650021 -740.792480 23.791695 9
-38.320217 -736.055908 37.565853 9
-34.596325 -749.471680 42.383636 9
-36.437340 -738.370239 1.206889 9
-36.071537 -738.311829 5.444824 9
-34.490936 -746.073547 34.321659 9
-36.159206 -737.295532 1.868214 9
-38.182098 -737.943176 14.036182 9
-37.339985 -738.716492 0.903204 9
-34.219128 -738.826050 18.456221 9
-40.599140 -744.242004 29.533791 9
-33.731503 -738.330505 20.020693 9
-36.514889 -737.278137 9.829600 9
-38.555920 -738.737732 2.147832 9
-40.914185 -739.042603 20.942228 9
-35.691097 -743.937561 28.200666 9
-31.821232 -738.720825 25.009382 9
-36.219563 -742.639099 22.825453 9
-35.971420 -739.464478 13.196158 9
-32.823353 -742.755920 30.351805 9
-37.746342 -736.781433 1.948030 9
-37.307549 -739.152100 9.171174 9
-35.491085 -736.716431 33.978985 9
-37.903000 -737.836853 11.999858 9
-37.947849 -739.562378 15.313907 9
-30.881302 -747.458618 44.024334 9
-38.007679 -739.002258 37.434139 9
-38.524940 -737.905212 4.130172 9
-35.376850 -749.729675 44.949070 9
-37.800426 -737.120972 22.999294 9
-36.347260 -736.543579 5.002403 9
-36.315762 -736.379761 9.542347 9
-38.779835 -737.268677 33.763119 9
-35.944550 -737.689148 10.877563 9
-38.765305 -741.867920 22.393406 9
-36.566586 -736.372986 0.913057 9
-36.654205 -737.106750 24.355743 9
-34.321712 -738.259888 18.022713 9
-36.108315 -748.593567 38.454018 9
-38.130817 -742.256104 23.115669 9
-38.670425 -736.031982 41.328548 9
-37.370602 -743.464294 26.205164 9
-36.972645 -738.522705 35.082973 9
-37.893143 -738.964111 13.454124 9
-35.706184 -742.362183 24.076122 9
-32.134262 -741.874084 29.815247 9
-32.625813 -743.498047 32.223812 9
-33.518192 -749.771973 43.799648 9
-37.557789 -746.057800 32.414383 9
-37.516075 -741.668030 20.570309 9
-40.177475 -744.766846 30.469570 9
-38.778339 -738.070923 34.620739 9
-35.836521 -738.082764 2.708496 9
-37.500313 -738.517273 7.938925 9
-36.962589 -738.940125 31.350517 9
-30.247950 -743.478027 37.798485 9
-36.760292 -736.579041 1.629504 9
-33.335754 -745.535095 35.451778 9
-36.883862 -736.898987 8.896918 9
-30.688492 -744.205933 38.577511 9
-35.631985 -738.913818 27.315699 9
-34.009525 -749.924988 44.260132 9
-37.886200 -738.174316 16.544081 9
-37.618496 -742.614197 24.214144 9
-35.893456 -749.838440 42.332905 9
-30.244177 -744.639526 40.230442 9
-37.483150 -738.996643 36.688793 9
-38.346985 -736.712463 35.330040 9
-37.428234 -736.688538 10.083461 9
-36.003803 -737.985779 3.898618 9
-33.759216 -749.325928 46.438953 9
-36.625755 -736.951965 27.754215 9
-40.042728 -737.282349 43.754238 9
-37.779957 -736.832214 7.477947 9
-37.078373 -739.075562 3.300633 9
-36.002449 -738.240540 9.429127 9
-35.576359 -738.398926 29.076469 9
-36.605789 -736.110962 36.599968 9
-32.855320 -749.227783 43.415329 9
-37.237663 -735.480591 38.998409 9
-35.800369 -739.289856 13.857496 9
-37.608891 -738.653015 5.874543 9
-38.041435 -737.053223 29.026224 9
-36.650669 -749.508484 43.548946 9
-34.640804 -744.703247 31.901949 9
-38.449356 -738.098511 15.102156 9
-37.697529 -738.904114 33.019825 9
-36.682774 -736.574890 33.558765 9
-32.295151 -738.689758 23.735556 9
-32.513168 -743.863220 33.265591 9
-40.232403 -747.331543 36.980995 9
-37.651188 -737.501465 20.995787 9
-37.613289 -736.778015 0.862505 9
-39.377449 -737.250549 39.237598 9
-37.743164 -736.506897 9.215847 9
-37.775623 -738.883484 12.232100 9
-38.011513 -737.838013 24.494766 9
-41.474216 -746.382080 33.831081 9
-36.757736 -735.630249 38.107914 9
-38.257996 -739.398132 15.754702 9
-37.929691 -737.707031 21.605076 9
-39.141495 -738.343567 17.649326 9
-31.249050 -745.706726 40.046982 9
-38.614929 -736.097229 40.742832 9
-35.813129 -737.269043 6.716751 9
-37.269653 -749.343994 40.990364 9
-38.913074 -738.033875 35.808926 9
-35.144283 -746.496643 35.046391 9
-34.660667 -749.931458 43.467667 9
-39.146755 -737.858398 38.194309 9
-31.219200 -740.028503 27.917324 9
-32.556511 -748.608337 43.205616 9
-33.524521 -742.951477 29.559031 9
-37.529213 -737.235046 2.321045 9
-36.046288 -736.461060 34.598503 9
-38.703739 -738.319092 40.677849 9
-38.167110 -737.938599 6.868518 9
-39.806011 -736.125427 44.349968 9
-32.326077 -742.795105 31.364511 9
-37.009392 -739.929565 12.432462 9
-40.485378 -747.036072 36.311367 9
-32.817356 -747.862244 45.460346 9
-33.067196 -739.249756 22.490683 9
-37.536892 -737.377808 11.968993 9
-36.548088 -738.575439 33.202442 9
-36.669086 -741.531067 18.602261 9
-39.551346 -745.157654 31.332897 9
-37.829498 -736.372009 34.860691 9
-30.755075 -742.304321 34.966763 9
-32.434628 -747.540100 41.016197 9
-35.048367 -750.265625 44.332973 9
-37.750431 -738.750977 30.656321 9
-37.985577 -738.646484 19.406315 9
-33.723824 -738.987000 20.344788 9
-37.460487 -740.267578 15.990882 9
-37.232559 -736.390930 10.662601 9
-38.316006 -738.922485 -0.704931 9
-38.978966 -738.344177 41.385101 9
-34.456429 -739.443298 18.532242 9
-38.519787 -736.368958 36.474567 9
-30.828516 -740.299866 28.974026 9
-40.857098 -739.600037 21.834814 9
-32.175961 -743.028564 32.372082 9
-37.641651 -739.270142 38.474384 9
-38.131405 -737.449951 9.404514 9
-35.204514 -748.736389 39.672020 9
-40.266937 -739.063843 20.194403 9
-35.968536 -737.815308 13.740889 9
-34.819759 -743.846741 29.762077 9
-40.898209 -743.657410 28.548544 9
-36.936771 -739.633728 8.105691 9
-38.546871 -738.504883 35.018341 9
-37.797012 -745.736084 31.647041 9
-35.838509 -744.467163 30.067429 9
-36.445858 -738.776611 6.289929 9
-41.491806 -740.563660 23.035799 9
-32.570545 -739.485229 24.703365 9
-35.247154 -737.911255 15.926587 9
-36.343777 -736.543640 3.999512 9
-38.857643 -744.587952 29.137371 9
-36.845039 -739.959717 10.368658 9
-38.629555 -745.390259 31.143885 9
-36.656639 -744.236389 28.516155 9
-37.848122 -741.934326 21.571541 9
-32.254597 -740.309387 27.162418 9
-30.855427 -744.984375 40.960403 9
-37.652775 -749.132385 40.280300 9
-36.777237 -736.352051 34.478310 9
-35.153809 -750.453857 45.545784 9
-32.519058 -738.254822 22.703150 9
-34.118855 -748.195801 39.730606 9
-35.416142 -740.078796 17.143890 9
-33.256001 -742.277893 28.589392 9
-39.200634 -742.246948 23.040462 9
-41.063469 -739.666260 22.358664 9
-37.732414 -738.398743 25.189337 9
-32.486450 -747.106323 39.922813 9
-36.098335 -737.835388 24.675272 9
-33.965996 -740.630127 22.560726 9
-37.428089 -742.971741 25.199181 9
-35.547356 -740.484680 17.945450 9
-31.396845 -748.440491 44.305321 9
-36.532364 -741.422729 19.537148 9
-37.898800 -738.375183 17.811451 9
-36.579247 -736.884888 29.875603 9
-33.362972 -749.142334 42.666210 9
-35.295288 -738.427795 14.209093 9
-36.090290 -738.173279 4.906754 9
-31.818251 -744.527527 36.108551 9
-33.876007 -741.356384 24.779125 9
-36.293598 -738.367004 2.896981 9
-38.602272 -738.693909 39.769100 9
-37.194473 -736.800232 5.270140 9
-38.184048 -744.275696 27.819693 9
-31.961395 -743.819519 34.433559 9
-38.025089 -748.828796 39.455532 9
-35.914452 -746.950867 35.426723 9
-36.483639 -749.744019 42.136265 9
-37.253571 -741.867310 21.169928 9
-31.274097 -743.180054 34.784748 9
-39.216633 -736.117737 42.279125 9
-38.724571 -736.234375 38.637360 9
-41.297287 -740.532410 24.126108 9
-34.763367 -740.761841 20.805229 9
-40.365685 -743.103149 26.621597 9
-37.482662 -737.542236 16.048445 9
-37.250137 -738.731445 23.693710 9
-38.742107 -738.945435 15.730022 9
-34.781025 -741.834045 24.162741 9
-39.653934 -737.429321 41.934097 9
-34.126965 -738.770081 19.326656 9
-41.740612 -743.116455 29.656546 9
-33.409969 -740.334656 23.417053 9
-37.707039 -735.853455 39.914436 9
-37.233212 -737.267334 17.230518 9
-37.765575 -738.156616 19.544666 9
-37.048473 -736.073608 37.462311 9
-36.940487 -739.465515 9.826786 9
-39.706852 -736.716187 43.873337 9
-33.925442 -749.578735 43.172123 9
-35.136013 -743.421021 28.143469 9
-38.891563 -736.044617 43.427998 9
-38.215706 -738.581604 4.864552 9
-36.497673 -739.497437 26.223270 9
-36.366707 -742.533264 23.993341 9
-36.393429 -739.262451 9.797750 9
-35.873299 -739.793945 14.309374 9
-37.962280 -736.658203 -0.231675 9
-37.010921 -736.229370 35.221855 9
-38.327801 -738.895264 38.772629 9
-39.208935 -736.266541 43.027721 9
-30.786194 -742.127197 34.303268 9
-33.815147 -746.633423 36.487583 9
-36.110985 -736.220398 35.364559 9
-38.564270 -736.769043 32.147366 9
-37.588573 -736.698730 29.161974 9
-38.088364 -738.672241 2.717523 9
-38.543446 -737.329712 30.658197 9
-38.328140 -737.737000 28.347916 9
-38.608902 -738.367493 6.270030 9
-32.649586 -750.431152 45.680908 9
-37.539192 -737.290894 15.003977 9
-41.291752 -741.743408 24.215603 9
-38.855068 -736.960449 35.920700 9
-41.722797 -741.158569 24.371296 9
-37.060299 -740.279724 14.535209 9
-36.851879 -736.849304 2.555002 9
-41.314487 -739.988953 23.452866 9
-37.238178 -738.683350 -0.718281 9
-36.172855 -738.057495 19.125772 9
-36.796524 -741.271667 17.888964 9
-31.312382 -742.490723 33.306431 9
-37.536591 -737.545105 12.658537 9
-37.450779 -739.261780 2.036041 9
-41.122131 -740.925964 23.536558 9
-39.109493 -740.753418 19.911276 9
-38.312710 -737.348511 6.440005 9
-36.231869 -743.151917 26.288511 9
-37.537544 -737.610046 13.509783 9
-38.691189 -742.372803 23.391605 9
-40.138767 -745.306885 31.700615 9
-38.933598 -737.489258 35.115620 9
-36.674698 -739.156982 8.206916 9
-39.153133 -744.880554 30.049576 9
-32.416264 -745.093506 35.774384 9
-35.005833 -738.448975 16.423023 9
-34.523212 -738.643005 17.381603 9
-37.936516 -738.340210 10.419664 9
-34.804874 -746.700439 35.440941 9
-35.638668 -737.609131 30.940762 9
-36.717182 -736.641785 9.898255 9
-37.160881 -742.272217 22.545904 9
-37.559986 -739.075073 35.866787 9
-34.045921 -748.910217 41.694828 9
-37.639709 -745.010437 29.781406 9
-37.651093 -738.482605 8.913390 9
-39.204590 -738.147827 42.037579 9
-41.460983 -743.544983 29.239532 9
-38.683514 -736.603638 37.275986 9
-34.714195 -742.709839 26.960892 9
-33.029663 -742.603699 29.606979 9
-36.775589 -741.632996 20.312248 9
-36.717918 -737.283264 10.644967 9
-38.088036 -738.030090 22.542273 9
-32.932411 -738.564209 22.269888 9
-35.626133 -737.317932 5.691044 9
-36.982700 -739.287354 23.991543 9
-32.825245 -740.279297 25.262869 9
-37.981518 -749.079346 41.618183 9
-38.362610 -738.494751 33.241123 9
-36.060654 -738.972229 26.401125 9
-39.084148 -748.436401 39.095230 9
-38.218330 -739.047791 39.356960 9
-39.615772 -740.296570 19.995762 9
-38.225746 -737.573242 2.312652 9
-35.660934 -740.796631 18.452911 9
-36.830276 -735.734253 0.019602 9
-37.893955 -738.824768 1.370558 9
-36.860973 -744.680237 29.491871 9
-35.813240 -750.148865 43.825169 9
-37.764442 -737.213806 11.007147 9
-37.995186 -740.893982 19.037125 9
-36.309486 -736.785583 7.076874 9
-37.708054 -736.371216 32.013477 9
-37.807144 -738.620056 21.991428 9
-37.291889 -737.361694 11.363722 9
-38.199833 -742.071045 22.571520 9
-36.180721 -736.417480 36.404686 9
-30.800381 -743.248596 37.046329 9
-35.486233 -739.637512 15.793567 9
-38.556568 -748.199280 37.068108 9
-36.117027 -737.941101 23.130445 9
-33.969372 -743.402466 29.890949 9
-30.799154 -741.722778 32.645420 9
-37.830383 -738.615234 4.470972 9
-32.324318 -739.046143 24.443842 9
-36.208015 -749.132507 39.451530 9
-38.460209 -737.505920 16.002455 9
-35.793911 -738.396423 27.252993 9
-39.552544 -740.878662 20.850464 9
-35.887424 -738.644592 12.880169 9
-38.391876 -739.198914 0.104761 9
-36.662743 -737.104675 25.209759 9
-37.757904 -738.647827 11.266698 9
-32.785015 -743.071655 31.146997 9
-31.803648 -741.041931 29.025799 9
-37.736340 -737.184326 0.502586 9
-37.469654 -744.140564 27.827269 9
-31.402216 -743.773376 35.809464 9
-35.975880 -743.797424 27.759670 9
-39.849720 -738.956177 19.253050 9
-35.572254 -737.128235 33.110241 9
-35.777912 -737.627258 29.791267 9
-37.603699 -736.883362 3.908909 9
-37.839386 -744.609863 28.800137 9
-36.098644 -738.210205 22.222162 9
-36.200016 -740.486755 15.088502 9
-37.200630 -739.064026 6.938764 9
-35.491714 -749.651489 41.770126 9
-36.745396 -746.263916 33.244553 9
-34.645885 -745.240723 32.876991 9
-37.012558 -736.945007 1.109656 9
-37.882496 -740.010498 16.373966 9
-34.665150 -742.873169 27.470240 9
-31.241793 -742.816406 34.074238 9
-36.108433 -737.933777 7.943730 9
-35.924698 -738.027039 26.340504 9
-38.467556 -738.424133 -0.826224 9
-39.573368 -736.000061 43.883102 9
-33.718964 -748.240784 40.242489 9
-38.827324 -737.788330 33.571651 9
-32.737103 -741.364807 27.626234 9
-37.232986 -738.961792 35.189873 9
-37.423397 -736.460876 0.259508 9
-38.102962 -736.592285 33.743259 9
-36.952282 -739.813354 11.668616 9
-36.821373 -736.618958 0.098002 9
-35.080318 -741.112427 21.852169 9
-37.403683 -745.159973 30.298239 9
-40.498253 -741.611023 23.548992 9
-39.525032 -737.505249 41.315315 9
-36.293339 -737.855408 17.253551 9
-35.842358 -736.774902 6.566603 9
-31.853771 -743.053345 33.143787 9
-36.098927 -737.416992 1.246589 9
-35.782230 -737.631775 16.010405 9
-37.198883 -738.884827 23.182825 9
-32.071770 -748.540344 43.418846 9
-37.848534 -737.131592 8.464047 9
-31.478008 -740.464966 28.191175 9
-37.806072 -735.946045 -0.657518 9
-36.680717 -736.575012 32.489803 9
-33.245979 -738.196960 21.084293 9
-31.109459 -740.712830 29.697845 9
-37.631386 -738.638916 28.484493 9
-34.780876 -749.360718 41.500252 9
-36.545105 -737.346008 12.265824 9
-33.987076 -749.217041 42.182312 9
-36.017757 -737.328125 14.824054 9
-36.049816 -738.691467 7.226846 9
-32.446102 -746.020142 37.545212 9
-39.535805 -739.071899 18.208860 9
-33.196651 -744.245117 32.807884 9
-33.781811 -745.338074 34.529987 9
-36.704971 -739.070129 7.375721 9
-37.647186 -736.783752 29.891726 9
-37.933899 -736.311218 35.848160 9
-37.695229 -737.390686 3.516807 9
-31.577278 -741.888550 31.016609 9
-36.709221 -737.263123 22.606829 9
-31.150093 -746.191406 41.507111 9
-36.351353 -740.024231 13.401217 9
-37.555141 -735.960144 40.529171 9
-32.930054 -747.159241 38.882271 9
-33.111233 -743.478088 31.297644 9
-37.516464 -738.562988 24.536184 9
-36.752586 -740.996765 15.522750 9
-36.516911 -749.692688 41.603703 9
-34.205395 -746.088196 35.024864 9
-36.037582 -738.318726 23.655870 9
-31.748161 -746.467041 40.065517 9
-33.375355 -750.548706 45.433434 9
-37.272701 -738.765381 2.860050 9
-33.874313 -744.782166 33.363522 9
-36.256577 -737.092590 2.914518 9
-37.304871 -740.975403 18.750938 9
-33.696648 -747.729614 38.771309 9
-36.951199 -739.575623 9.102533 9
-39.822517 -743.738281 27.433031 9
-40.093224 -738.233093 19.824514 9
-37.960632 -738.961182 34.643978 9
-39.244064 -748.084961 39.680294 9
-37.128960 -736.822510 8.364147 9
-36.530983 -737.011597 3.461370 9
-35.901989 -738.308167 0.314634 9
-35.939240 -738.528931 16.608896 9
-34.677761 -747.769653 37.820221 9
-39.593895 -748.090088 38.398968 9
-41.218166 -742.440857 26.229052 9
-37.425117 -738.916504 8.699945 9
-37.142998 -736.762207 1.972281 9
-34.971249 -739.291199 16.665722 9
-33.871330 -744.384644 32.105289 9
-41.055141 -744.182739 29.977739 9
-41.915764 -743.805603 29.737474 9
-37.115479 -736.919556 26.205103 9
-39.319878 -738.395264 39.117733 9
-35.857353 -740.494690 16.640638 9
-37.119995 -737.300171 16.421902 9
-34.548054 -748.844543 40.486534 9
-36.825378 -743.568604 27.078884 9
-36.796577 -737.492371 13.086925 9
-30.758268 -742.061279 33.469646 9
-38.598442 -738.696289 3.954682 9
-39.773003 -738.096313 42.932095 9
-40.055233 -738.728394 19.712748 9
-35.609737 -742.160645 23.583050 9
-37.419041 -741.237671 19.696533 9
-36.197056 -736.957581 8.282360 9
-35.029091 -749.177124 40.632698 9
-37.388805 -735.498474 39.655495 9
-31.758396 -746.966797 41.290497 9
-38.792446 -748.567261 37.976456 9
-41.001579 -743.772522 29.040209 9
-40.632717 -738.901062 20.535215 9
-37.746292 -738.737549 3.872776 9
-34.783283 -744.620239 31.260069 9
-37.509407 -736.369385 34.247791 9
-36.704334 -743.921692 27.744261 9
-38.027420 -738.063843 26.120213 9
-37.434361 -739.713806 13.745328 9
-36.352726 -736.838379 5.885814 9
-36.290211 -749.179504 39.960712 9
-33.190205 -746.693909 45.451008 9
-36.175434 -737.740234 8.457829 9
-38.221939 -737.714111 -0.020038 9
-37.357052 -736.695129 -0.388959 9
-36.949329 -738.562866 34.495300 9
-35.854977 -738.077759 -0.154405 9
-36.948002 -737.272827 21.605640 9
-38.555866 -738.571411 14.913094 9
-35.715324 -736.810425 34.973713 9
-39.365841 -745.697083 32.367455 9
-37.043964 -736.531982 31.360655 9
-37.354607 -739.382080 23.149111 9
-36.273121 -737.497192 9.225184 9
-39.985912 -736.468567 45.427578 9
-36.206593 -736.937378 31.667801 9
-39.113808 -748.061401 37.503910 9
-37.496075 -738.853149 9.542446 9
-35.155445 -745.837219 33.487083 9
-37.983776 -739.125854 14.185676 9
-38.150967 -738.755005 0.349925 9
-35.930031 -737.761475 12.778647 9
-35.534344 -741.066650 19.614683 9
-30.898737 -746.183533 42.588875 9
-37.965652 -736.013916 38.061066 9
-40.278419 -739.817261 20.662767 9
-38.927834 -746.665039 34.330948 9
-30.805378 -744.386658 39.796120 9
-37.709354 -739.438477 10.141829 9
-37.490391 -738.902283 21.681431 9
-37.825081 -737.508423 20.518961 9
-39.150311 -743.994812 27.771551 9
-34.907799 -739.723694 17.583721 9
-35.232605 -739.106567 15.760372 9
-39.736439 -736.606445 44.488945 9
-34.204227 -744.834106 32.782436 9
-38.272972 -737.644592 1.394537 9
-33.877804 -748.472839 40.692265 9
-33.724857 -745.729553 35.005924 9
-31.272512 -742.132874 32.351559 9
-37.059460 -739.256531 35.734245 9
-39.494152 -739.807983 19.052576 9
-37.836208 -735.996094 38.936295 9
-35.688385 -739.777710 15.198806 9
-37.765125 -738.002319 10.017327 9
-39.038094 -738.211182 42.654636 9
-34.007812 -739.336121 19.604107 9
-35.978157 -741.837708 21.668880 9
-41.420189 -744.433105 30.942106 9
-33.966782 -743.747864 30.685949 9
-31.929571 -748.723633 43.891766 9
-37.622440 -739.394592 37.744450 9
-38.543457 -736.955139 34.321213 9
-38.338062 -744.345459 28.362913 9
-37.598186 -739.092224 0.688294 9
-31.479258 -741.400452 30.365471 9
-32.682407 -740.894409 26.787167 9
-35.236378 -738.377808 15.654472 9
-37.734688 -737.707275 14.284550 9
-38.243881 -737.495361 26.700714 9
-40.656879 -739.437317 21.181089 9
-35.655071 -737.585571 2.804465 9
-33.833820 -747.364868 37.796989 9
-30.346096 -742.751526 36.369953 9
-36.063293 -738.204895 9.930041 9
-40.044159 -744.302856 29.011118 9
-39.886204 -739.744446 19.915018 9
-38.556389 -738.693665 36.942844 9
-37.783127 -737.241638 13.242709 9
-36.192665 -736.573364 -0.404637 9
-36.449615 -738.469055 32.115597 9
-39.065269 -737.323547 36.436760 9
-38.010445 -738.542786 18.599329 9
-34.326431 -750.734314 46.045685 9
-36.672840 -736.710388 4.340230 9
-35.886345 -738.303528 1.872811 9
-38.369366 -738.843262 37.843475 9
-37.204567 -749.453918 43.661289 9
-37.443665 -740.161621 15.505705 9
-37.161594 -738.957153 4.935744 9
-37.691685 -737.080078 25.115332 9
-33.994373 -748.621582 46.525341 9
-37.282688 -738.824036 3.672690 9
-36.041706 -738.817078 25.512159 9
-37.745197 -737.095032 9.973752 9
-35.277287 -738.705505 14.677798 9
-30.270296 -743.996216 38.811577 9
-35.472340 -743.306152 27.278225 9
-35.289928 -741.727966 22.800381 9
-39.028412 -741.189392 20.608719 9
-36.004311 -736.939697 7.626020 9
-38.574562 -740.363708 18.389496 9
-36.153294 -742.208313 22.529287 9
-37.939831 -738.287109 6.591997 9
-32.601570 -750.118225 44.927834 9
-37.453411 -736.757874 2.961668 9
-38.261852 -738.656982 33.875706 9
-39.116032 -738.789795 41.058247 9
-32.103531 -746.667847 39.759270 9
-38.682095 -738.179260 17.529528 9
-40.104610 -744.545471 30.034403 9
-30.702869 -746.660034 43.306633 9
-39.231346 -737.372925 37.462402 9
-40.694477 -747.010193 35.777370 9
-32.289181 -740.138489 26.172314 9
-33.789593 -740.116272 21.672720 9
-40.318371 -747.847534 37.270836 9
-32.322792 -748.075867 42.324585 9
-32.969975 -747.971802 40.806431 9
-37.513794 -739.829529 14.596649 9
-35.251274 -737.403503 32.190529 9
-36.859390 -737.371643 18.801493 9
-37.661392 -738.672546 10.653651 9
-40.877861 -742.574585 25.812254 9
-38.662621 -748.573364 40.701286 9
-38.093533 -738.106628 9.068023 9
-38.023071 -737.547852 23.442318 9
-36.532978 -736.633667 30.925350 9
-31.774443 -745.347168 37.772877 9
-34.764503 -750.337097 44.779999 9
-37.458698 -748.833313 39.226658 9
-38.388241 -736.898376 -0.214359 9
-41.581059 -744.001160 30.311821 9
-31.961834 -739.094177 25.403982 9
-34.320271 -740.138794 20.080162 9
-37.258526 -736.891113 10.509135 9
-38.163940 -748.476135 37.619873 9
-38.677479 -737.556763 32.856575 9
-37.702206 -743.824890 27.063190 9
-37.926346 -738.323425 22.960669 9
-31.065130 -746.672546 42.649879 9
-31.819530 -748.039612 43.426163 9
-37.760471 -736.814331 28.103434 9
-36.557865 -736.238525 10.241739 9
-35.570618 -737.861633 13.341252 9
-35.965797 -736.027832 35.808250 9
-31.514029 -746.799500 41.697212 9
-40.019302 -740.313660 20.701456 9
-31.086834 -744.155334 37.333405 9
-32.400898 -744.264832 34.279850 9
-31.664230 -739.670654 26.759258 9
-31.960543 -749.512329 44.490589 9
-31.599321 -744.724670 37.049820 9
-36.472965 -746.658691 34.055145 9
-37.339470 -735.962341 38.857937 9
-34.392815 -743.617493 29.719349 9
-36.632538 -748.794067 39.259121 9
-39.583416 -738.146851 19.070290 9
-30.791534 -743.712341 38.220314 9
-36.453129 -738.136292 32.672424 9
-34.892071 -742.032776 24.581694 9
-36.682995 -737.491943 19.408863 9
-37.738071 -739.363525 12.206324 9
-35.547852 -747.033936 35.857597 9
-35.408569 -746.110840 34.108864 9
-39.005325 -739.588928 17.841652 9
-31.514456 -742.006592 31.480921 9
-38.864544 -742.724487 24.267832 9
-37.878010 -737.285278 -0.070564 9
-34.303864 -748.998108 41.287560 9
-33.757305 -739.398743 21.167049 9
-38.042187 -738.230164 12.838788 9
-36.095268 -739.275818 11.287117 9
-35.970318 -738.729736 21.681917 9
-31.530706 -745.469971 38.557930 9
-39.795509 -737.554077 42.859322 9
-41.356464 -739.599426 21.952318 9
-40.838116 -745.977966 33.339458 9
-36.414417 -742.011841 21.765142 9
-38.744518 -738.455017 -0.026738 9
-37.638634 -739.574768 14.197732 9
-37.290672 -737.036133 23.774731 9
-38.641903 -739.270081 -0.722678 9
-33.892921 -747.178955 37.260792 9
-34.265541 -748.732910 40.882309 9
-36.131653 -737.762451 10.167357 9
-37.482471 -739.263611 11.721688 9
-36.907795 -743.489502 26.512121 9
-34.592186 -739.992920 19.165070 9
-32.350655 -747.255676 40.482162 9
-34.458881 -740.735840 21.531216 9
-35.501129 -738.704224 13.877343 9
-36.718674 -749.131714 40.244267 9
-36.429405 -741.238770 16.902845 9
-32.475281 -739.856384 25.574684 9
-38.506371 -737.718750 29.500593 9
-36.839462 -749.918640 42.920856 9
-37.883636 -749.178223 42.642456 9
-38.365040 -738.425110 0.612379 9
-37.177143 -749.067810 39.866264 9
-37.062283 -736.631348 3.453588 9
-36.074585 -737.517883 27.303270 9
-38.033581 -735.947388 40.279816 9
-34.047279 -745.178711 33.609348 9
-38.220169 -735.642395 40.755760 9
-41.047707 -742.263000 25.329760 9
-33.217751 -746.955078 37.921165 9
-33.709538 -741.663330 25.705837 9
-36.219410 -737.923279 20.964376 9
-37.669041 -739.707886 11.743877 9
-38.419350 -744.759033 29.203728 9
-38.362072 -738.048035 5.282760 9
-39.738892 -746.531006 34.302425 9
-38.273170 -741.164978 20.056147 9
-35.842129 -737.708435 6.352831 9
-37.467575 -748.595703 38.777618 9
-38.103382 -736.155334 38.577023 9
-35.565559 -736.495178 34.423462 9
-36.332943 -741.184570 17.910128 9
-35.518539 -738.086548 30.220421 9
-34.898243 -750.513977 45.978119 9
-36.414814 -739.600891 10.700720 9
-33.339706 -747.301880 38.613548 9
-35.726826 -748.606628 38.773273 9
-36.389671 -740.528198 14.591043 9
-36.073143 -737.248596 3.439647 9
-36.392025 -737.373779 23.808168 9
-35.513477 -737.984070 31.637163 9
-36.770504 -736.144531 38.341709 9
-37.577492 -736.435120 31.052738 9
-34.917458 -739.921631 18.154192 9
-35.286247 -737.885742 30.690784 9
-37.857677 -737.362671 24.150593 9
-31.702356 -741.168457 29.455917 9
-35.019089 -748.471191 39.328220 9
-36.413651 -739.785278 11.992643 9
-35.720737 -747.575073 36.624863 9
-36.478981 -737.743225 16.469376 9
-35.289013 -748.331055 38.753891 9
-30.833920 -743.146973 35.860023 9
-39.427364 -737.955933 41.183800 9
-36.656811 -737.065247 0.780876 9
-38.248005 -736.957458 7.657118 9
-38.565651 -738.248169 6.929258 9
-32.584930 -744.156128 33.654419 9
-33.538631 -741.750977 26.335104 9
-35.897278 -738.229065 10.978113 9
-38.088348 -736.967712 29.960354 9
-34.953285 -738.923035 16.349878 9
-38.083649 -736.702332 -0.765174 9
-36.520073 -745.947693 32.690399 9
-36.814217 -749.326172 40.676754 9
-35.188553 -745.283081 32.266266 9
-38.943398 -736.124573 40.389416 9
-34.372982 -741.942078 25.397699 9
-38.032497 -735.891235 41.189236 9
-33.705349 -746.788147 36.947124 9
-37.762627 -736.798096 8.141586 9
-38.866802 -738.534302 38.672653 9
-39.489338 -743.588135 26.937256 9
-36.143486 -738.628540 7.905060 9
-36.575283 -737.046021 1.701789 9
-38.628281 -737.748657 32.006630 9
-36.161304 -738.210571 0.790981 9
-33.031780 -740.292542 24.375063 9
-37.097370 -749.462769 41.427670 9
-38.880489 -736.645874 39.479824 9
-38.235958 -748.726074 38.651871 9
-35.880947 -749.274414 40.273834 9
-30.776293 -745.106750 40.443371 9
-41.903923 -743.342896 28.891644 9
-32.731976 -746.617493 38.235668 9
-34.380306 -748.056030 38.710686 9
-34.602432 -748.601685 40.081402 9
-37.737625 -738.438477 7.220534 9
-35.807404 -741.192078 19.150513 9
-33.541847 -739.216003 21.785505 9
-38.314293 -737.650635 14.926719 9
-39.227089 -736.630798 41.371304 9
-34.396347 -748.270874 39.215775 9
-38.455341 -738.517334 40.266876 9
-37.846733 -738.778748 35.522999 9
-37.379776 -737.523376 14.608795 9
-38.209377 -738.114563 29.110586 9
-30.912334 -741.498962 31.617350 9
-36.526783 -737.081299 -0.204723 9
-37.964664 -737.893005 12.514075 9
-37.758575 -738.881531 7.746208 9
-38.557999 -736.695068 33.404911 9
-37.025677 -737.426270 13.499003 9
-38.259155 -737.226562 5.065418 9
-39.214901 -738.004822 37.146076 9
-34.945419 -746.171997 34.391556 9
-38.438263 -747.329163 35.712257 9
-37.618286 -739.544617 10.946216 9
-36.802166 -735.825012 -0.439134 9
-35.365894 -750.093140 46.011681 9
-38.070709 -736.099426 36.662830 9
-37.511936 -738.767639 27.970272 9
-38.177788 -736.610107 10.257659 9
-41.675167 -740.824097 24.046143 9
-33.607155 -744.403625 32.513443 9
-35.867733 -737.734924 29.144026 9
-32.041817 -742.136169 30.817509 9
-34.147968 -750.418640 45.297283 9
-38.292488 -737.095703 27.787498 9
-37.869789 -739.011902 36.407024 9
-37.232132 -736.804565 27.643421 9
-38.077000 -738.227234 28.574379 9
-38.303246 -738.498962 1.787054 9
-38.413242 -738.105957 31.284908 9
-38.358929 -737.541199 5.487061 9
-33.312294 -739.687317 22.727011 9
-36.858616 -747.710571 35.925411 9
-30.842846 -745.308594 41.723213 9
-36.204693 -738.633728 24.832169 9
-36.115837 -737.781433 25.141518 9
-33.162457 -739.954224 23.281704 9
-36.935947 -738.846558 4.082697 9
-37.611401 -736.989990 24.619902 9
-31.344421 -739.567688 27.166790 9
-32.655571 -740.546143 25.997278 9
-32.745052 -750.711121 46.142765 9
-31.756466 -742.566406 32.197598 9
-33.315243 -740.893433 24.741299 9
-35.358685 -742.668945 25.643051 9
-41.663979 -744.277100 31.315050 9
-32.115391 -744.903870 36.131351 9
-39.389481 -736.580261 42.148914 9
-37.350067 -741.365173 20.131689 9
-36.235432 -738.024475 16.812449 9
-31.443474 -739.993591 27.484774 9
-38.585930 -741.706055 21.837957 9
-31.267330 -745.061768 38.614300 9
-38.228237 -741.669617 21.043650 9
-39.599033 -736.844482 42.894939 9
-39.114273 -742.743469 24.701881 9
-36.219574 -737.352661 0.195109 9
-38.360321 -737.185364 28.714790 9
-33.633347 -750.399536 44.671879 9
-38.458931 -736.986755 29.459141 9
-35.643707 -749.785400 41.355785 9
-36.886547 -739.303772 4.515076 9
-38.734707 -735.996582 41.844238 9
-37.813999 -738.989929 9.888722 9
-39.187389 -738.810547 17.694517 9
-41.006725 -746.706421 34.036171 9
-40.004234 -741.584045 22.755020 9
-34.736626 -741.258362 22.274929 9
-35.913242 -738.347839 11.742344 9
-33.247398 -748.614563 41.770256 9
-38.701168 -738.038025 30.722977 9
-35.900150 -741.523682 20.716700 9
-36.784260 -743.154053 25.641315 9
-32.887409 -739.959900 24.858210 9
-37.964855 -738.643799 31.463257 9
-38.084183 -738.648743 32.223549 9
-32.520451 -741.597351 28.722765 9
-35.865906 -749.875061 42.804531 9
-37.683208 -742.286560 23.268015 9
-30.724649 -741.383850 32.070423 9
-36.254215 -737.213806 13.523965 9
-33.175926 -750.139587 44.753250 9
-39.268547 -738.011658 18.451836 9
-36.065228 -738.386353 17.579657 9
-38.123497 -739.684082 16.122202 9
-38.951710 -738.174866 34.112503 9
-32.885544 -742.279785 29.306576 9
-37.882141 -741.216370 19.668192 9
-38.508739 -736.481750 37.677780 9
-36.423134 -736.751648 8.691978 9
-37.861366 -738.717285 17.367485 9
-36.720703 -735.906494 37.106030 9
-30.574352 -746.354370 42.970341 9
-35.913815 -740.836060 17.519867 9
-36.995094 -740.944031 17.156239 9
-35.991726 -739.138794 11.990412 9
-33.521233 -747.811340 39.321732 9
-32.854111 -738.074158 21.686481 9
-34.949635 -737.220459 17.358252 9
-38.408634 -743.555237 26.560106 9
-37.053379 -740.394958 15.165277 9
-37.469070 -736.191772 35.184155 9
-40.808575 -744.744080 31.245447 9
-36.315502 -738.123291 31.159349 9
-38.215000 -737.000061 30.683588 9
-37.843311 -743.150635 25.122715 9
-36.218914 -741.417542 19.094175 9
-39.261086 -744.924133 30.503555 9
-35.813911 -748.905640 39.316177 9
-32.987740 -745.124329 34.790081 9
-38.041645 -737.783386 7.925260 9
-37.404667 -739.052612 31.767538 9
-33.288219 -741.921814 27.633659 9
-38.278870 -737.819702 1.813121 9
-35.681992 -745.606262 32.759491 9
-36.889713 -737.494019 11.025493 9
-37.253994 -737.138306 4.958727 9
-39.310417 -741.844482 22.288225 9
-40.432575 -737.204529 45.526512 9
-33.311069 -750.876648 46.279682 9
-37.317486 -741.964050 21.631474 9
-41.752827 -741.698669 25.488077 9
-38.700741 -740.938599 19.744566 9
-39.710304 -743.197144 25.818167 9
-36.442963 -736.189697 37.411537 9
-37.955383 -738.453125 8.058604 9
-36.255638 -737.616638 14.578580 9
-39.637001 -747.603577 36.718895 9
-31.093987 -744.979309 39.174248 9
-38.583195 -748.772888 40.083645 9
-35.667755 -739.370972 14.307059 9
-37.388683 -737.211426 18.878960 9
-37.796543 -736.843933 1.485781 9
-41.754223 -742.474548 27.024435 9
-37.270611 -736.218140 -0.585755 9
-33.507282 -738.855896 20.774378 9
-38.427444 -745.947815 32.385456 9
-36.442616 -737.131042 11.538301 9
-31.902493 -750.510315 45.644436 9
-39.885887 -747.752930 37.587173 9
-32.145676 -744.466309 35.201717 9
-40.109810 -737.000183 45.924377 9
-30.822500 -742.603699 35.562210 9
-36.189167 -749.933838 44.373871 9
-40.742455 -746.999084 34.731548 9
-38.261776 -737.596130 27.849669 9
-32.390125 -744.847595 35.346500 9
-38.041454 -737.261292 3.231546 9
-38.326332 -749.234741 40.939709 9
-35.466290 -739.100830 14.835613 9
-38.645016 -747.048767 35.070789 9
-36.602665 -736.151794 -0.068603 9
-36.553242 -736.637695 2.972725 9
-35.322029 -750.142944 45.251881 9
-36.251289 -744.269653 29.013668 9
-35.392178 -749.149048 40.175930 9
-38.234390 -737.800842 14.467524 9
-40.068417 -741.751099 23.287260 9
-38.276985 -738.579956 1.344961 9
-34.056023 -739.213806 20.076410 9
-32.052731 -746.230225 38.840916 9
-36.021065 -737.881165 7.388050 9
-35.416077 -737.534973 15.726450 9
-36.975590 -745.374390 31.119488 9
-38.356789 -745.142822 29.826456 9
-33.201252 -750.392151 46.279312 9
-35.287201 -739.777527 16.617931 9
-35.838833 -739.033325 27.980625 9
-38.966454 -738.203735 37.466995 9
-38.230469 -736.657776 34.180809 9
-38.630493 -738.212036 -0.423645 9
-32.062630 -749.798401 45.382088 9
-36.614140 -735.923218 0.913830 9
-32.976002 -747.364563 39.356148 9
-36.831112 -747.182739 35.088715 9
-36.182785 -737.658691 11.360507 9
-38.702637 -738.702393 -0.472267 9
-38.639492 -741.455200 20.975811 9
-36.746983 -736.762756 6.773293 9
-34.169819 -746.821228 36.276249 9
-37.039375 -738.688782 0.491696 9
-34.946373 -749.783386 42.428505 9
-38.267151 -737.991882 25.452057 9
-31.654299 -747.407288 42.537766 9
-36.073280 -744.741821 30.335039 9
-37.506424 -738.725220 -0.333479 9
-39.440033 -738.332397 39.725758 9
-37.932178 -738.485107 24.712912 9
-31.523664 -744.941162 37.621960 9
-38.148876 -738.638306 6.397983 9
-35.558361 -741.688477 22.225529 9
-35.511269 -737.947083 15.136040 9
-34.643673 -737.572449 18.212648 9
-38.298618 -748.679749 39.122517 9
-36.681381 -739.999207 12.806014 9
-39.106663 -742.044800 22.642435 9
-35.041893 -742.759827 26.602945 9
-38.318718 -737.643555 4.443115 9
-39.247681 -745.562744 31.954447 9
-36.931595 -739.253052 5.558123 9
-37.394886 -738.664001 26.648851 9
-39.400146 -737.671387 38.532627 9
-36.772469 -738.649109 2.535101 9
-37.279377 -738.741150 1.617921 9
-37.546913 -737.273621 10.339691 9
-33.541252 -748.548035 40.997086 9
-35.363319 -736.940369 33.475861 9
-40.250587 -742.666443 25.200882 9
-37.771557 -740.722229 17.934990 9
-31.436531 -748.790344 44.592888 9
-36.508335 -737.408752 20.844788 9
-37.310879 -746.920898 34.556042 9
-30.970085 -740.964905 30.394676 9
-37.995209 -738.350159 8.635667 9
-36.315235 -740.753235 16.108665 9
-38.190163 -737.947876 27.535488 9
-36.578293 -747.929749 36.849777 9
-37.418900 -737.489685 18.038090 9
-39.008469 -737.716309 35.499332 9
-38.268009 -737.699097 0.470524 9
-36.572697 -748.640381 38.824333 9
-38.896336 -737.645142 34.684269 9
-38.208733 -738.256165 30.024811 9
-38.366657 -737.968994 27.038666 9
-32.017303 -747.935791 42.726574 9
-40.518906 -747.337036 35.516472 9
-35.745644 -737.432190 2.030086 9
-39.690464 -745.777283 32.659729 9
-34.070427 -738.747009 18.874552 9
-31.243855 -747.981812 43.772503 9
-36.207893 -741.693726 19.731476 9
-38.163906 -738.337097 7.461542 9
-37.288700 -739.665039 12.707044 9
-35.920189 -737.963684 1.449374 9
-37.900845 -742.143860 22.246246 9
-33.670223 -742.509277 28.245390 9
-37.204590 -742.278748 22.993792 9
-38.370758 -748.851257 41.783020 9
-38.121254 -737.776978 13.393444 9
-36.865959 -738.944336 5.935848 9
-38.146904 -737.202698 10.265356 9
-36.023087 -739.119934 27.180374 9
-37.465652 -736.217102 36.627827 9
-38.223236 -743.484680 26.081758 9
-34.684380 -747.562805 37.436787 9
-36.689842 -736.600708 9.416163 9
-30.701582 -741.872437 33.042313 9
-30.306854 -745.765076 42.300606 9
-39.022038 -739.859924 18.254786 9
-41.665684 -742.275574 26.070421 9
-33.488308 -741.763245 26.792091 9
-38.859577 -738.766052 40.546341 9
-41.262325 -743.288025 28.314501 9
-33.281521 -747.720764 39.698757 9
-35.915028 -745.971375 33.366562 9
-35.743408 -750.010559 44.855053 9
-39.503853 -738.483826 41.995415 9
-36.170120 -750.062378 43.542931 9
-37.636272 -738.438721 23.684969 9
-31.835747 -743.334167 33.730160 9
-37.401306 -738.615417 25.977852 9
-38.462566 -738.041199 15.638371 9
-36.391827 -737.725464 18.136801 9
-37.695805 -736.909241 4.357684 9
-37.163651 -736.460266 33.490505 9
-36.009518 -742.200806 23.055830 9
-31.658907 -749.249207 44.704956 9
-32.262024 -746.749573 45.020298 9
-39.081215 -743.575623 25.977318 9
-35.889229 -743.285767 26.550505 9
-37.569855 -739.109436 11.333972 9
-36.575916 -741.861389 21.203724 9
-31.392807 -743.511475 35.216919 9
-35.392132 -740.994019 20.049721 9
-32.011364 -740.182434 26.723501 9
-30.948524 -745.414917 41.174366 9
-34.019688 -745.560791 34.234837 9
-32.627930 -749.685303 44.197201 9
-32.290855 -746.621582 39.183182 9
-37.388786 -748.087280 37.618061 9
-37.659245 -743.282471 25.940477 9
-38.939224 -747.439941 36.171169 9
-32.284164 -739.515686 25.216993 9
-38.923508 -748.569336 39.773335 9
-40.518612 -741.249817 22.727776 9
-32.758846 -741.653687 28.358746 9
-36.113029 -743.046631 24.507669 9
-37.610085 -747.375916 35.821259 9
-37.519669 -742.547058 23.748629 9
-37.327240 -747.810791 36.783928 9
-38.864605 -745.926636 32.688786 9
-36.987095 -739.675598 11.072757 9
-35.960400 -743.599060 27.321888 9
-37.754230 -737.756287 19.346025 9
-36.902122 -745.005920 30.273056 9
-36.967300 -739.000549 32.474232 9
-36.359337 -744.431213 29.432770 9
-36.758804 -738.918030 5.197278 9
-36.246113 -738.224548 -0.419654 9
-34.061821 -743.041626 28.910543 9
-40.838631 -743.217712 27.449196 9
-38.296387 -743.898865 27.400454 9
-33.278419 -744.526184 33.198395 9
-37.011280 -736.731445 5.658103 9
-38.201443 -738.982605 38.354679 9
-31.365019 -742.433533 32.823071 9
-38.283012 -737.069153 33.021210 9
-36.460938 -741.183655 16.415806 9
-31.972153 -740.581787 27.494564 9
-37.785469 -737.778320 10.989600 9
-36.961365 -739.275391 6.335695 9
-41.769531 -742.785522 28.678890 9
-36.629353 -748.252625 37.571373 9
-37.834942 -737.444702 2.595470 9
-37.643223 -739.049988 35.028236 9
-35.418308 -749.625183 45.369499 9
-37.029457 -748.831970 39.447594 9
-37.069519 -748.334717 38.222019 9
-35.966141 -738.562317 26.310349 9
-36.446117 -736.661133 1.347565 9
-38.901817 -743.876038 27.094070 9
-39.938385 -737.359924 44.742863 9
-35.314873 -742.484802 25.105907 9
-36.906017 -738.617432 0.931581 9
-35.915028 -736.604431 34.145451 9
-36.994606 -739.031067 33.363129 9
-36.677208 -749.941040 43.681362 9
-36.317299 -737.130066 2.320040 9
-40.894127 -746.589600 34.927795 9
-35.711014 -740.065552 16.034931 9
-35.760849 -746.380676 34.154247 9
-33.057617 -741.057434 25.923220 9
-33.558342 -742.589478 28.688232 9
-34.417458 -739.615784 18.948124 9
-31.493250 -746.067505 39.919277 9
-38.588875 -737.678894 31.463995 9
-35.448071 -744.035217 28.796824 9
-35.756294 -738.237183 0.937844 9
-38.713028 -738.375244 36.105671 9
-39.558666 -748.347656 39.190002 9
-35.307423 -741.268250 21.336342 9
-40.349747 -743.310120 27.106157 9
-34.272125 -749.514526 42.701061 9
-38.584579 -736.939331 34.940338 9
-37.199055 -736.741882 4.184120 9
-31.433550 -749.674622 45.147392 9
-36.434250 -737.045654 28.133322 9
-36.026730 -745.133362 31.107450 9
-36.257145 -747.993713 37.177013 9
-37.866024 -748.516785 38.533203 9
-40.402153 -747.489075 36.466900 9
-39.242638 -746.955872 34.295315 9
-33.593983 -748.756775 41.556366 9
-35.732868 -737.904785 3.542900 9
-36.908905 -738.862549 29.038515 9
-37.050224 -736.314270 10.281785 9
-35.749577 -737.374268 31.298285 9
-31.172054 -745.956970 41.890827 9
-35.948601 -737.152954 4.953603 9
-36.333748 -737.460510 10.708646 9
-35.514313 -737.491943 31.817493 9
-37.941486 -737.873474 9.565009 9
-37.583923 -740.330994 16.412806 9
-38.388275 -738.383301 5.882410 9
-38.842884 -743.335938 25.705431 9
-36.254456 -745.589600 32.040691 9
-39.649460 -742.265808 23.814137 9
-32.621078 -749.251038 43.824886 9
-37.269493 -736.789429 6.212360 9
-35.879147 -748.292297 38.043102 9
-35.669956 -749.700867 40.843857 9
-40.098995 -739.511902 20.202099 9
-34.414581 -745.392090 33.517246 9
-38.744217 -748.447693 38.482948 9
-37.143841 -749.619690 42.987232 9
-39.087639 -743.077698 25.334045 9
-35.997562 -738.486816 10.248418 9
-31.198515 -741.817139 31.712091 9
-37.626934 -736.938232 9.436397 9
-37.179222 -739.133179 34.226692 9
-30.806253 -741.192017 31.319181 9
-38.034611 -746.129700 32.527462 9
-36.222656 -738.292847 1.590810 9
-36.983803 -745.981750 32.285931 9
-34.100670 -747.620667 38.005634 9
-31.001431 -740.551147 29.263468 9
-38.266380 -749.365906 41.777496 9
-38.001190 -738.639893 11.899656 9
-38.915962 -738.859192 16.779316 9
-37.984055 -749.112488 42.098347 9
-35.913834 -738.780273 24.363592 9
-37.469555 -739.065796 0.017129 9
-38.138874 -739.180420 14.935563 9
-37.929100 -738.040649 24.094128 9
-37.198193 -736.023376 38.393444 9
-39.143967 -745.249146 31.148794 9
-38.876568 -739.027771 16.393803 9
-38.435829 -737.931213 2.637785 9
-41.101757 -742.935669 26.937601 9
-37.233391 -736.406799 31.930305 9
-32.539742 -742.449219 30.171673 9
-38.174248 -737.545898 24.765308 9
-31.912277 -747.447937 41.981628 9
-30.731253 -743.376465 36.599564 9
-37.464478 -747.101868 35.037079 9
-39.299332 -739.651978 18.549006 9
-36.057297 -739.394531 12.577821 9
-34.384193 -750.535767 45.665089 9
-36.763859 -736.409668 0.475140 9
-39.004463 -738.478149 42.246445 9
-36.677204 -737.500488 11.552881 9
-41.664555 -744.707275 31.483006 9
-38.690735 -738.477295 15.968627 9
-37.900444 -748.958313 39.898979 9
-35.906677 -736.941101 32.309566 9
-38.820297 -737.962585 32.645168 9
-41.422478 -741.872498 24.639462 9
-34.243210 -744.431335 31.903400 9
-39.507229 -738.359619 18.480507 9
-36.456604 -736.764282 7.652451 9
-37.750954 -738.465515 20.357916 9
-36.984627 -740.247375 14.115262 9
-36.369411 -749.421387 40.934704 9
-37.703274 -747.985168 37.323818 9
-39.163834 -736.973877 39.006241 9
-34.623135 -741.450439 23.217880 9
-41.472359 -743.859436 29.889032 9
-39.314617 -737.357483 39.669769 9
-32.449291 -741.064819 27.729403 9
-36.828049 -737.505981 13.907594 9
-37.661343 -737.147400 11.433273 9
-34.309387 -742.924194 28.169306 9
-36.180904 -737.614990 14.074605 9
-33.432262 -743.749695 31.388580 9
-38.189896 -737.627258 26.300255 9
-36.976662 -748.083313 36.923748 9
-36.253326 -742.032593 20.149813 9
-36.574394 -742.404663 22.494238 9
-30.279161 -744.170349 39.291451 9
-37.875500 -741.491943 20.717331 9
-40.751625 -741.394348 23.184998 9
-39.336178 -738.294556 41.658794 9
-33.252647 -740.664917 24.387276 9
-32.071404 -741.083984 28.329647 9
-36.615398 -739.224304 8.713990 9
-39.320454 -746.148926 33.239620 9
-38.254482 -748.082153 37.459286 9
-39.430859 -738.015320 43.180714 9
-35.461609 -738.370361 29.897360 9
-37.248569 -736.856934 7.268320 9
-39.996902 -737.498535 44.127922 9
-39.112621 -746.318359 33.697147 9
-37.403454 -746.208313 32.770374 9
-41.347576 -740.009705 22.502121 9
-38.101402 -739.457520 0.297148 9