-36.903820 -735.795410 38.640114 9
-38.898357 -738.878479 -0.848659 9
-36.528168 -741.829407 19.155787 9
-33.035717 -751.327637 46.283260 9
-41.923042 -744.306335 30.525354 9
-30.641775 -740.440063 29.490179 9
-36.761917 -736.038086 9.740808 9
-34.060448 -747.052063 36.812653 9
-38.250896 -737.033508 26.867128 9
-39.966805 -737.276001 46.365253 9
-38.425968 -749.143433 42.115932 9
-30.413807 -746.048279 42.629128 9
-35.851170 -743.479858 26.065979 9
-32.340893 -738.395630 23.241276 9
-40.677109 -747.534668 36.123478 9
-37.107094 -738.957336 32.951004 9
-41.173569 -741.451233 23.445602 9
-30.315371 -742.411804 35.307774 9
-35.665478 -737.498718 4.023158 9
-38.427155 -737.616882 15.418031 9
-36.222816 -745.390442 31.634480 9
-37.727783 -737.183716 21.516666 9
-34.262383 -737.685303 18.018494 9
-39.120388 -738.759949 41.827179 9
-36.617142 -740.204773 11.815586 9
-33.896851 -748.743225 41.199528 9
-33.213902 -747.166199 45.649605 9
-39.932114 -743.429199 26.937120 9
-30.989592 -744.720398 38.765659 9
-36.933472 -739.521790 7.564652 9
-32.641815 -743.229492 31.714909 9
-35.542225 -738.983643 29.101906 9
-39.140842 -738.181519 36.324680 9
-37.494137 -748.394836 38.332211 9
-36.421188 -736.015625 0.362125 9
-34.893959 -741.411072 22.863955 9
-32.810699 -740.906799 26.248987 9
-39.494923 -739.327209 18.784132 9
-36.293407 -740.736023 15.547456 9
-37.179745 -747.288574 34.771320 9
-35.924019 -749.599854 44.800167 9
-35.671902 -736.291199 35.041130 9
-39.961937 -745.897522 33.032707 9
-36.020531 -738.356934 24.398203 9
-37.832932 -736.544983 30.468624 9
-38.648117 -738.767029 2.798450 9
-39.389484 -735.748474 43.336742 9
-37.966911 -742.521240 23.628819 9
-32.649677 -744.796631 34.804115 9
-35.426861 -737.926331 14.004227 9
-34.800606 -743.577148 29.260221 9
-38.795704 -744.824524 29.647324 9
-38.353615 -737.224792 5.850368 9
-33.826633 -739.445557 20.657587 9
-38.029484 -739.349915 38.946869 9
-37.951134 -737.352844 12.342199 9
-37.296520 -737.247314 18.398516 9
-39.196018 -741.269653 21.068007 9
-30.503181 -741.318970 32.473824 9
-32.933136 -749.554138 43.900551 9
-35.751366 -736.866333 7.127883 9
-38.614407 -736.706421 33.888000 9
-32.643013 -746.968018 39.309586 9
-41.135498 -739.288391 21.475107 9
-39.243935 -736.936218 39.724117 9
-35.299713 -737.595947 31.450697 9
-37.872059 -738.521729 9.906886 9
-34.965317 -745.986816 33.951824 9
-35.848866 -738.389221 1.375269 9
-32.362839 -744.856506 44.707710 9
-32.803802 -741.968445 28.661095 9
-36.345238 -749.336426 40.481647 9
-41.755596 -742.417480 28.452908 9
-35.204048 -740.065308 17.787529 9
-30.934155 -747.981750 44.265388 9
-36.787064 -738.901245 35.475735 9
-36.335182 -739.389709 26.730097 9
-37.925865 -739.454834 13.828410 9
-36.920147 -739.371826 5.070787 9
-41.717243 -741.428406 25.856405 9
-36.125214 -738.114685 16.366533 9
-34.842930 -748.195190 38.873257 9
-31.545193 -738.885986 25.538744 9
-38.292797 -739.800232 16.658222 9
-37.769386 -736.110718 36.295544 9
-37.928558 -738.477478 28.945780 9
-37.032341 -744.070618 28.114933 9
-37.585365 -739.323059 22.681255 9
-37.379887 -736.707703 2.464626 9
-38.521553 -736.484558 -0.736204 9
-39.903275 -748.500366 38.295860 9
-36.843288 -742.006348 21.546082 9
-35.868591 -737.974121 11.405910 9
-38.075855 -737.195435 24.541571 9
-39.886497 -737.958191 43.950310 9
-32.026272 -747.377441 41.568142 9
-35.992908 -738.641235 20.908762 9
-35.366577 -749.886597 42.567551 9
-38.215672 -736.955383 8.120108 9
-34.260666 -749.031433 46.472824 9
-32.262680 -745.639221 37.113613 9
-38.352921 -735.531799 41.262829 9
-36.175400 -737.313660 27.736492 9
-33.222103 -740.386719 23.955944 9
-36.538231 -736.575439 33.000607 9
-38.048958 -743.280273 25.712976 9
-36.681717 -738.449097 -0.673529 9
-34.287338 -744.570251 32.356846 9
-36.161018 -747.818420 36.680061 9
-38.506489 -747.671082 36.490040 9
-37.812374 -746.288513 32.882011 9
-34.577118 -741.946716 24.977343 9
-31.382486 -739.556152 27.619280 9
-30.346323 -743.102173 37.376972 9
-39.917030 -742.651794 24.759537 9
-31.574299 -742.926514 33.570755 9
-38.759956 -738.072449 31.679588 9
-38.782803 -748.296265 40.147469 9
-30.234009 -744.914612 40.777264 9
-34.272907 -742.578125 27.257725 9
-36.087902 -737.904785 8.962821 9
-37.901325 -738.618713 19.959862 9
-38.272476 -737.800354 0.915476 9
-41.416908 -746.706665 34.305313 9
-39.063633 -737.794556 17.440228 9
-39.302303 -746.828064 34.745438 9
-37.073757 -738.898499 30.779675 9
-31.836365 -741.757080 30.498482 9
-35.177418 -740.970459 20.466982 9
-35.066628 -750.977234 46.031361 9
-40.536263 -743.999573 28.848961 9
-41.778698 -745.398804 32.221901 9
-31.562248 -750.071655 45.269260 9
-40.091511 -745.112793 31.194969 9
-36.033886 -742.953369 24.067350 9
-38.127815 -740.720947 18.543228 9
-38.876789 -736.825256 37.757351 9
-32.963894 -737.791138 21.273127 9
-36.089840 -737.197266 29.701614 9
-36.578930 -737.059570 25.841282 9
-38.433228 -738.567749 34.412670 9
-35.954243 -738.557251 18.903166 9
-36.015198 -739.814941 13.742186 9
-36.328846 -744.627563 29.832232 9
-31.476969 -744.110291 36.218433 9
-36.684525 -741.267334 17.338158 9
-37.139515 -749.890198 43.359291 9
-36.213367 -737.703918 22.564573 9
-39.508945 -736.912231 41.826817 9
-36.749893 -738.690247 2.978874 9
-37.400497 -739.269470 37.202251 9
-37.976772 -737.565796 4.071743 9
-38.111965 -745.559265 31.221682 9
-36.614723 -736.829468 5.434759 9
-36.665710 -739.819702 9.483505 9
-37.685181 -736.705566 28.614851 9
-37.221020 -737.384277 14.086518 9
-33.249218 -743.037170 30.041340 9
-39.609959 -741.875244 22.703009 9
-37.770245 -738.394714 25.818872 9
-33.856678 -745.992798 35.403076 9
-31.434847 -746.151978 40.348965 9
-34.151825 -739.196289 18.950022 9
-37.889774 -739.027649 11.665871 9
-33.731697 -740.289490 22.185913 9
-40.439404 -738.548035 20.030869 9
-35.372639 -746.842896 35.442860 9
-38.747421 -744.206665 27.991730 9
-39.962456 -736.302917 44.873207 9
-32.193138 -748.149414 43.088692 9
-34.308666 -750.190796 44.673531 9
-36.244576 -736.029663 37.030472 9
-38.156673 -738.492554 6.984807 9
-35.436108 -739.297791 15.341658 9
-33.621151 -737.789307 19.698076 9
-39.291252 -738.298523 38.554993 9
-34.976933 -744.344604 30.843973 9
-37.763680 -738.838562 18.124371 9
-37.816235 -741.299255 20.121414 9
-38.955048 -738.527710 40.185295 9
-37.153915 -739.586426 24.538774 9
-37.471203 -739.130981 1.505063 9
-36.137989 -738.276855 6.094656 9
-36.726086 -737.407288 19.941166 9
-37.249805 -737.304749 10.826934 9
-37.520664 -737.321350 16.756887 9
-34.709812 -738.819458 16.822510 9
-38.022739 -736.735535 32.322483 9
-35.477264 -743.580505 27.742662 9
-38.107586 -737.785339 23.014153 9
-33.051956 -744.160828 33.330627 9
-37.276337 -736.333313 34.711517 9
-41.163464 -739.949341 22.917498 9
-41.324104 -742.570007 26.877029 9
-39.930000 -740.012695 20.324173 9
-33.908287 -749.271301 42.688644 9
-37.244514 -735.753357 40.176758 9
-36.256012 -746.018433 33.069778 9
-37.534389 -738.631226 27.402866 9
-36.350811 -737.455750 12.809855 9
-38.478413 -739.186401 15.238909 9
-31.784662 -740.786377 28.472900 9
-32.099239 -746.372498 44.848438 9
-36.583134 -736.748047 31.385904 9
-37.259399 -736.782959 6.849931 9
-36.968643 -749.633850 41.869545 9
-38.821373 -737.042725 35.361115 9
-30.507938 -741.905396 33.897251 9
-33.650997 -747.436401 38.274292 9
-35.999866 -737.384338 2.505190 9
-36.201694 -748.838379 39.012077 9
-38.600979 -737.798157 30.177721 9
-33.562382 -748.074646 39.693085 9
-38.245792 -741.974060 22.044855 9
-37.595528 -749.126648 39.630066 9
-35.495644 -737.329041 33.748589 9
-31.527174 -742.231995 31.943758 9
-30.832588 -740.803406 31.037432 9
-36.245335 -737.010315 -0.723678 9
-35.873600 -738.984863 12.476397 9
-38.018509 -736.815247 9.607599 9
-36.794022 -737.103088 23.797752 9
-31.859444 -745.899780 38.595253 9
-38.345737 -736.024902 38.968475 9
-34.979576 -748.928101 40.161598 9
-37.786427 -738.681335 8.424755 9
-36.634449 -736.682556 8.274176 9
-36.009094 -739.355286 10.796783 9
-36.698528 -742.297119 22.948544 9
-36.093391 -738.295227 7.571475 9
-35.505917 -740.776733 19.028751 9
-38.212757 -739.785645 0.029108 9
-32.505928 -739.891296 25.091393 9
-38.639782 -738.524963 5.326767 9
-33.834404 -745.105774 34.073967 9
-38.618690 -738.033508 33.110081 9
-31.659786 -743.649414 34.879604 9
-32.972206 -750.387268 45.142693 9
-42.037643 -743.482239 29.348099 9
-37.439743 -736.970520 0.057423 9
-35.985958 -737.175049 10.221042 9
-36.867332 -736.694824 3.872450 9
-37.899517 -738.925110 21.349657 9
-38.129848 -739.003357 4.096076 9
-35.953220 -738.306824 25.846033 9
-33.148769 -739.009705 21.956861 9
-36.524578 -737.095703 1.237827 9
-36.752495 -738.274353 34.127224 9
-37.245846 -743.661804 26.797228 9
-40.704418 -741.058594 22.192398 9
-41.471855 -740.767273 24.652122 9
-36.467453 -737.975769 32.209686 9
-31.274668 -747.133240 42.827854 9
-35.118118 -747.729736 37.581451 9
-37.381454 -740.080078 14.997749 9
-39.755070 -747.802734 37.120296 9
-35.196926 -738.424011 30.355087 9
-36.807812 -743.032349 25.190723 9
-35.741936 -738.640015 27.810896 9
-36.303600 -737.778503 15.045697 9
-33.504848 -741.105408 25.104448 9
-33.936348 -742.817627 28.557304 9
-31.921747 -739.871155 26.403385 9
-35.614056 -740.053406 16.484953 9
-33.801521 -743.731323 31.156034 9
-35.535156 -741.502563 21.698109 9
-38.056995 -738.911804 35.988945 9
-37.311295 -735.758301 -0.616961 9
-40.621483 -744.419067 30.118111 9
-37.883606 -738.484070 24.139389 9
-38.622650 -738.697632 37.445457 9
-38.168728 -738.211853 13.408120 9
-33.218170 -741.718140 27.225580 9
-37.522919 -744.642212 29.216328 9
-37.735737 -736.153748 37.633038 9
-32.822651 -748.402283 41.934036 9
-38.800877 -738.595764 16.415869 9
-38.865829 -745.757141 32.293140 9
-31.349375 -744.544128 37.471218 9
-31.758345 -749.013489 44.312340 9
-36.276398 -737.947327 17.758760 9
-38.679539 -748.697388 38.852932 9
-31.018290 -745.691589 41.521942 9
-35.227695 -749.542053 41.294811 9
-39.711102 -737.990967 18.574907 9
-37.826225 -749.254822 40.923130 9
-39.244041 -739.230591 17.487528 9
-35.064972 -737.500732 16.996433 9
-38.713795 -743.878540 26.686838 9
-33.300014 -749.952942 46.337921 9
-36.089832 -746.597412 34.369736 9
-39.107319 -740.549622 19.401569 9
-38.138420 -746.638672 34.106876 9
-39.376438 -737.844238 42.732254 9
-37.282345 -739.585388 10.601488 9
-37.067268 -740.068176 13.035655 9
-33.926994 -741.884399 26.093887 9
-35.073696 -737.987122 15.376035 9
-37.306175 -747.625793 36.017551 9
-41.011047 -741.971863 24.727625 9
-35.129322 -745.488281 32.693424 9
-37.241566 -738.956970 6.234171 9
-35.972069 -737.793518 0.251392 9
-36.414310 -738.502014 4.265520 9
-38.713600 -743.056274 24.621357 9
-38.517590 -737.977234 27.900757 9
-35.273094 -750.114807 43.824955 9
-32.746868 -745.504028 35.926723 9
-36.237385 -741.687927 20.402508 9
-40.472652 -742.831909 25.893097 9
-32.664326 -747.612976 40.474628 9
-36.487705 -737.530396 21.272053 9
-34.132423 -741.291870 23.979580 9
-38.643185 -748.195801 37.641525 9
-36.260002 -748.332214 37.825920 9
-41.372471 -745.940186 33.293224 9
-41.025074 -743.278564 27.878134 9
-37.253716 -740.617676 16.415098 9
-32.074818 -738.524414 24.472258 9
-34.559711 -740.206116 19.637712 9
-37.028996 -745.262634 30.642292 9
-39.972996 -737.555115 45.144104 9
-37.766399 -736.156982 10.647491 9
-32.941677 -748.374451 45.678093 9
-32.899593 -746.507629 37.737240 9
-37.776180 -738.838257 31.918030 9
-37.501583 -748.773376 42.848793 9
-38.502853 -737.773621 -0.453383 9
-35.878281 -744.153748 28.764902 9
-38.672356 -736.096436 42.311291 9
-34.969765 -742.535278 26.095619 9
-33.069744 -739.513611 23.088652 9
-39.482956 -737.567810 40.741676 9
-37.453678 -738.778748 0.329063 9
-38.138840 -736.562683 0.971827 9
-38.193451 -737.547791 2.852184 9
-37.302109 -747.998779 37.188957 9
-32.298519 -740.859924 27.367020 9
-38.267998 -747.122131 35.324425 9
-40.472103 -746.928955 35.095200 9
-39.847366 -736.891846 43.323669 9
-35.248398 -742.029175 23.951000 9
-39.470844 -747.262512 35.869484 9
-36.623363 -736.173767 35.792877 9
-30.188679 -744.330688 39.697636 9
-36.122906 -739.083740 8.495648 9
-37.007401 -736.869141 26.981100 9
-39.254490 -743.202148 25.763453 9
-36.827518 -740.669495 14.063782 9
-36.444489 -737.821472 30.844358 9
-30.811466 -742.910889 36.279167 9
-30.340708 -743.721802 38.410912 9
-39.203876 -742.490356 23.650150 9
-38.795631 -736.926025 36.567551 9
-38.472046 -736.129883 40.154755 9
-35.608688 -737.155029 32.534920 9
-37.749462 -736.968140 25.705862 9
-40.175079 -746.328247 34.101620 9
-37.823006 -737.359558 19.509552 9
-35.698097 -737.603943 5.215942 9
-38.609985 -738.810364 1.575637 9
-37.587414 -736.307861 33.494358 9
-35.890179 -738.632935 23.255823 9
-34.262913 -740.465210 21.051447 9
-33.950993 -750.713501 45.713024 9
-37.319332 -737.286743 15.594868 9
-37.220631 -737.129761 22.609526 9
-37.037655 -738.937134 29.559975 9
-36.083874 -738.790100 9.727826 9
-41.244232 -744.723572 31.361427 9
-32.283428 -743.419922 32.801907 9
-37.681053 -736.889526 4.952317 9
-37.719242 -740.554749 17.485508 9
-32.066048 -741.472717 29.393019 9
-37.245640 -745.841248 31.947357 9
-31.050133 -745.219666 39.807377 9
-35.141582 -749.890564 45.660042 9
-35.774754 -737.809570 28.691019 9
-38.917553 -746.237061 33.324474 9
-35.703377 -742.722290 25.217054 9
-40.589645 -745.321716 32.204063 9
-38.655090 -738.783264 0.363647 9
-35.144653 -747.247864 36.482285 9
-38.309109 -737.354614 6.975379 9
-38.456875 -737.442505 29.107204 9
-38.499138 -737.032166 31.248873 9
-37.081177 -746.541565 33.745075 9
-37.773415 -738.750488 -0.763323 9
-38.338249 -738.288818 14.519382 9
-36.326118 -736.488220 34.101601 9
-37.955189 -738.345093 17.106129 9
-40.178810 -741.961975 23.797472 9
-37.067173 -736.651917 29.589905 9
-39.447109 -744.323914 28.885128 9
-34.385487 -738.835510 17.892067 9
-37.446087 -739.040710 34.555904 9
-35.627777 -737.139038 15.823277 9
-33.336269 -746.273987 36.501728 9
-34.113693 -749.834045 43.647270 9
-37.693295 -739.169922 12.746384 9
-39.864395 -743.868835 27.924019 9
-31.023846 -742.747375 34.540199 9
-35.966869 -738.748230 22.175817 9
-32.206837 -750.664856 45.943161 9
-37.877838 -737.670593 8.929495 9
-31.049213 -742.147034 32.936764 9
-32.192993 -743.870483 33.943027 9
-37.081310 -741.216553 18.360302 9
-35.079842 -745.005310 31.715752 9
-36.965389 -737.377747 11.880404 9
-36.703091 -739.573669 25.516996 9
-35.880939 -740.947937 17.988958 9
-39.028862 -745.262817 30.738308 9
-38.401199 -737.588379 10.262599 9
-37.102219 -738.936646 28.425434 9
-39.320869 -737.219177 38.663109 9
-36.836445 -739.065735 23.517422 9
-32.912735 -748.940979 42.914551 9
-38.708981 -740.025452 17.963228 9
-34.504333 -741.012573 21.939039 9
-39.055161 -738.066956 35.118927 9
-39.265102 -737.853516 37.574642 9
-37.919807 -737.962769 20.803904 9
-30.856045 -740.065979 28.415487 9
-30.575197 -747.015747 43.638889 9
-38.609028 -737.534851 16.500961 9
-34.280350 -743.714844 30.202816 9
-36.527977 -736.987305 28.678604 9
-33.479160 -738.449951 20.575632 9
-36.052677 -737.732178 26.769989 9
-37.792339 -738.218079 10.916598 9
-38.031551 -738.855042 33.483829 9
-32.500172 -742.633728 30.846735 9
-35.871914 -744.921875 30.728027 9
-36.320240 -747.316528 35.586388 9
-35.486248 -738.949341 14.299579 9
-36.377846 -737.382690 24.851532 9
-37.911213 -738.593994 30.135082 9
-39.045361 -736.366333 41.005810 9
-37.757874 -741.598206 21.155664 9
-35.995060 -740.092407 14.761591 9
-36.475445 -736.991760 9.309950 9
-38.521042 -737.970337 8.088944 9
-37.051510 -742.541870 24.112953 9
-37.959312 -745.113831 30.190994 9
-35.960644 -737.228333 6.171175 9
-36.153893 -737.190491 14.118526 9
-39.400902 -747.962097 39.057461 9
-37.817421 -738.092407 22.036541 9
-36.473003 -737.659729 18.910816 9
-35.340454 -744.296082 29.876099 9
-37.634266 -738.916931 2.511405 9
-33.819592 -740.693787 23.123051 9
-37.663795 -738.654846 4.982849 9
-38.882904 -737.663086 34.198627 9
-33.436096 -744.002014 32.273918 9
-37.784286 -738.256653 19.011202 9
-32.625767 -742.277222 29.760361 9
-38.295952 -748.419434 41.279301 9
-34.447140 -746.773254 35.908749 9
-31.231691 -741.115479 30.003616 9
-36.943539 -739.269043 3.829340 9
-35.747654 -742.022461 22.744265 9
-34.621899 -746.389038 34.841774 9
-32.113895 -744.652039 35.637756 9
-36.328831 -749.993164 43.962494 9
-36.390579 -749.857544 42.672558 9
-36.429348 -743.704285 27.364117 9
-36.447170 -736.106506 1.415796 9
-39.265190 -736.411682 44.148159 9
-35.165340 -743.005066 26.971861 9
-32.427422 -747.566772 45.178623 9
-38.047352 -738.919128 39.855587 9
-38.069450 -736.147400 35.329254 9
-32.677719 -738.103088 22.179943 9
-36.035381 -738.048096 3.263762 9
-41.564953 -740.535217 23.630310 9
-38.604767 -738.234619 3.656695 9
-31.448738 -746.560669 41.277199 9
-32.609234 -739.180847 23.911566 9
-39.687950 -744.763916 30.168350 9
-36.439560 -738.905945 6.839533 9
-37.691151 -743.024231 24.702862 9
-38.349033 -737.980713 26.595833 9
-37.083855 -739.348755 8.654764 9
-37.869232 -743.946533 27.515232 9
-36.240780 -740.823547 16.534897 9
-37.273109 -738.687561 25.012945 9
-35.647327 -738.151245 12.935788 9
-41.347393 -742.338562 25.731333 9
-39.372406 -737.882996 39.548717 9
-36.072483 -736.755554 3.265251 9
-35.988804 -737.418701 8.103422 9
-37.524555 -736.453308 31.505867 9
-40.373123 -736.770508 45.627403 9
-34.455315 -749.199524 41.875134 9
-37.298077 -737.308838 13.123864 9
-32.275612 -749.889832 44.617931 9
-32.969803 -746.259399 45.275303 9
-34.691113 -739.956421 18.653910 9
-35.254498 -750.415222 44.847412 9
-37.565132 -741.178345 19.205160 9
-39.976532 -740.624756 21.066103 9
-38.761742 -741.100952 20.191774 9
-32.070366 -746.880249 40.202816 9
-38.029381 -737.367371 1.738223 9
-37.671696 -742.117676 22.777859 9
-36.247826 -738.285156 2.258952 9
-37.959206 -739.132935 38.009129 9
-38.664623 -742.179932 22.880323 9
-36.586319 -738.443359 0.597946 9
-34.329605 -745.041504 33.244328 9
-39.511982 -737.891052 41.672733 9
-37.800514 -736.874817 3.413115 9
-38.016071 -738.291931 6.076607 9
-37.209999 -739.299316 36.258533 9
-40.435463 -739.326172 20.752302 9
-38.352432 -744.710022 28.710032 9
-33.832161 -738.879761 19.806816 9
-38.355118 -737.672302 4.960248 9
-37.452377 -737.170837 20.568804 9
-34.692039 -743.066162 28.022789 9
-37.364075 -736.674438 1.520848 9
-37.446781 -736.776672 8.776735 9
-37.000992 -738.959595 22.023052 9
-34.053822 -738.256226 18.770124 9
-31.928644 -744.905579 36.552914 9
-37.674488 -736.965576 27.654463 9
-36.629204 -736.788879 30.427668 9
-36.883995 -749.201050 43.960514 9
-38.150421 -738.081604 24.996788 9
-41.182438 -743.866943 29.565376 9
-35.958027 -738.094360 10.472597 9
-35.690815 -738.112854 29.609404 9
-37.469093 -739.357117 9.699830 9
-37.825367 -739.853394 15.804164 9
-38.145592 -738.430908 31.073854 9
-38.667934 -737.419006 32.350483 9
-36.617191 -737.567017 16.948635 9
-38.615501 -738.763855 41.021496 9
-40.022995 -736.999329 44.260193 9
-31.212740 -741.628052 31.271610 9
-37.768467 -737.127930 23.584650 9
-36.750950 -743.238892 26.116142 9
-33.361473 -745.387817 34.892681 9
-36.105381 -737.764709 23.680714 9
-30.908386 -743.772644 37.068993 9
-36.513813 -738.008728 33.145367 9
-36.019634 -749.649597 41.789539 9
-36.269482 -736.956787 4.559727 9
-36.524086 -737.034424 0.304911 9
-39.938683 -739.280273 19.727129 9
-41.199818 -740.056763 21.970024 9
-31.266127 -739.300110 26.730616 9
-36.200768 -742.472534 22.013229 9
-38.674965 -738.687195 39.145824 9
-39.705318 -745.525146 31.981852 9
-33.483212 -742.240173 27.951241 9
-33.357044 -748.222473 40.623661 9
-37.959564 -738.353027 12.360346 9
-37.316784 -739.640869 12.051345 9
-36.624222 -736.261414 37.838909 9
-37.072952 -738.783386 26.250814 9
-38.517479 -738.075073 2.174451 9
-36.023571 -739.008240 25.042044 9
-34.927422 -738.725220 15.920834 9
-37.203220 -737.009155 24.871901 9
-35.705982 -738.977844 13.372069 9
-36.783730 -736.625000 10.453440 9
-41.913776 -742.684326 27.606539 9
-37.567738 -738.483704 23.253578 9
-38.032307 -736.767334 29.525888 9
-35.949024 -738.851318 11.585041 9
-41.372990 -743.371887 28.732792 9
-34.163124 -748.539856 40.292717 9
-35.765503 -749.097168 39.753738 9
-31.968679 -746.361877 39.362160 9
-37.180008 -736.402649 32.374962 9
-35.550045 -748.415161 38.358490 9
-39.102367 -741.731018 21.889135 9
-31.090343 -746.405334 42.161835 9
-31.129108 -743.389587 35.561687 9
-34.266178 -747.493469 37.587299 9
-40.375290 -741.534912 23.035038 9
-35.682816 -737.667358 30.392687 9
-32.470276 -741.376343 28.083780 9
-37.844250 -737.969971 15.989492 9
-37.425610 -736.852478 5.811790 9
-35.886929 -738.619507 26.754665 9
-37.524391 -735.861755 39.329853 9
-33.453918 -750.081543 44.380535 9
-36.718178 -749.010132 39.713696 9
-31.596670 -748.317505 43.779129 9
-35.951866 -737.827820 6.828638 9
-33.642590 -739.658264 21.564169 9
-31.690113 -742.722351 32.723125 9
-37.432388 -738.808960 7.405711 9
-32.712410 -740.069885 25.945070 9
-31.470240 -745.121460 38.123081 9
-39.250999 -738.627197 18.148169 9
-35.722218 -740.529968 17.216190 9
-37.116199 -736.040039 36.907276 9
-33.282848 -742.569763 29.108831 9
-39.867908 -738.419617 19.324387 9
-36.251434 -739.747864 12.732694 9
-36.770451 -738.617004 1.632875 9
-39.440216 -736.507629 42.604980 9
-36.378078 -736.573303 6.596389 9
-37.924389 -737.536804 14.695050 9
-37.025242 -741.542236 19.827833 9
-36.507637 -736.189819 -0.502941 9
-37.363174 -736.938354 7.873116 9
-36.530655 -736.788757 2.114081 9
-33.554642 -748.884583 41.976540 9
-34.526611 -738.104980 17.296146 9
-36.647980 -744.476929 29.031467 9
-38.272484 -736.676514 34.688011 9
-35.053818 -739.658630 17.007803 9
-32.361412 -748.900879 43.681103 9
-37.784943 -737.563354 11.482471 9
-38.298767 -736.377075 36.991028 9
-34.171524 -745.677612 34.638550 9
-35.966831 -741.318848 19.586123 9
-40.770905 -743.197693 27.013575 9
-33.302601 -747.488586 39.068554 9
-34.363930 -744.293884 31.498205 9
-35.720871 -737.564026 1.590447 9
-38.701992 -737.193237 33.189064 9
-31.302351 -749.253052 44.988796 9
-36.293388 -736.760132 32.203480 9
-36.461254 -737.360107 11.132540 9
-38.285591 -737.185913 28.248011 9
-34.593479 -749.725464 42.926342 9
-31.996170 -747.667969 42.360870 9
-31.395409 -740.783325 29.228748 9
-30.927103 -745.483582 40.707249 9
-38.178883 -748.953979 40.224766 9
-34.041679 -743.227295 29.322950 9
-31.185682 -747.606384 43.534035 9
-37.652481 -737.318909 17.628050 9
-37.294346 -739.942505 14.170943 9
-36.423336 -738.636536 5.103226 9
-36.579548 -738.969788 33.616444 9
-38.094727 -738.885376 35.148506 9
-31.793606 -740.292969 27.779346 9
-35.769703 -740.077576 15.598117 9
-36.104168 -738.351501 19.704142 9
-34.783588 -737.957581 16.286480 9
-36.978489 -741.541321 20.811926 9
-35.936180 -745.644897 32.380787 9
-31.954376 -745.595886 44.532528 9
-39.286835 -743.874023 27.295511 9
-34.663700 -748.990906 40.968895 9
-33.635880 -744.624573 32.925743 9
-37.048588 -748.661316 39.022224 9
-38.645267 -738.428406 15.532358 9
-38.054096 -745.965759 32.115124 9
-37.456379 -739.394592 35.401455 9
-38.016026 -737.458984 13.741998 9
-39.326519 -748.590576 39.594536 9
-38.169518 -738.604309 32.674198 9
-37.676888 -738.908630 3.360775 9
-40.014633 -744.324219 29.493547 9
-35.759880 -746.138000 33.773392 9
-37.173599 -749.411621 40.375099 9
-39.094376 -740.087097 18.708235 9
-34.514267 -750.283508 46.137314 9
-36.977001 -746.147949 32.697708 9
-37.112648 -744.926697 29.883682 9
-35.621166 -736.957214 34.502110 9
-34.067238 -747.928833 39.051029 9
-33.037556 -740.499512 24.822477 9
-37.873142 -739.454163 14.730928 9
-32.776936 -744.499878 34.052673 9
-40.284863 -748.198669 37.623711 9
-37.665901 -736.495239 -0.747473 9
-36.052910 -742.390015 23.455101 9
-35.962479 -737.169250 30.979813 9
-37.994427 -735.458679 40.292076 9
-33.571564 -746.971191 37.584167 9
-36.418278 -738.412415 31.525248 9
-34.936489 -741.036560 21.250875 9
-36.211403 -736.414551 7.625666 9
-37.044403 -736.694641 28.111416 9
-36.723583 -737.548218 16.106430 9
-32.747005 -747.962524 41.250603 9
-38.572506 -738.686584 38.331890 9
-38.348614 -736.626831 35.947689 9
-37.822201 -738.128784 7.653364 9
-36.908489 -736.965820 3.089137 9
-33.130981 -743.275513 30.809689 9
-37.628643 -749.309631 42.257454 9
-38.108730 -738.952698 36.855927 9
-30.352123 -745.493713 41.947506 9
-36.773411 -740.609863 14.877630 9
-32.390953 -746.518982 38.651669 9
-35.941357 -736.596741 35.751308 9
-39.712223 -741.233887 21.697514 9
-31.370770 -745.400574 39.016090 9
-38.384239 -736.321533 38.152401 9
-36.062870 -737.917236 -0.694548 9
-41.676136 -743.559631 30.116320 9
-36.435104 -741.618835 18.096657 9
-36.993488 -738.970825 32.031315 9
-30.843792 -744.040710 37.847057 9
-36.042233 -738.649719 18.077438 9
-37.722740 -737.556091 9.774557 9
-37.858154 -748.860596 38.902245 9
-37.778263 -744.335205 28.280413 9
-38.854195 -736.655579 38.990578 9
-39.046310 -745.460510 31.530634 9
-35.386700 -737.886353 32.208031 9
-34.587963 -748.496521 39.591957 9
-33.354668 -741.374451 25.851246 9
-35.853249 -750.053101 43.233131 9
-38.140366 -739.460876 -0.736149 9
-39.115688 -748.320740 38.276474 9
-35.900578 -737.851013 12.238224 9
-32.150810 -739.512146 25.714373 9
-38.203960 -737.283020 0.309912 9
-39.296078 -738.315552 40.917252 9
-37.619160 -736.111328 38.488434 9
-40.625706 -747.741150 36.889687 9
-38.134010 -737.680298 25.761095 9
-36.532089 -736.360718 34.990593 9
-36.596909 -737.642517 13.546340 9
-35.223675 -739.415955 16.196814 9
-31.019827 -746.372437 43.043442 9
-35.509296 -749.360168 40.564331 9
-32.987724 -747.002808 38.369095 9
-36.115986 -738.222412 21.593485 9
-36.097778 -741.775146 21.181969 9
-38.699837 -739.344971 16.150621 9
-36.011932 -736.550720 8.765015 9
-37.088276 -736.610535 0.693863 9
-36.676044 -737.319519 22.050158 9
-36.544685 -738.752502 34.748432 9
-34.386032 -747.835510 38.285809 9
-36.701859 -739.987671 10.952993 9
-35.431187 -748.716370 39.155544 9
-33.561684 -738.919128 21.248442 9
-38.807823 -739.320740 -0.212662 9
-37.071110 -740.482422 15.643401 9
-31.886930 -742.271118 31.236912 9
-35.341900 -746.414490 34.504963 9
-37.177494 -738.810486 24.223549 9
-36.954014 -739.488708 6.748943 9
-38.163982 -737.715454 23.933376 9
-38.300220 -741.023438 19.560143 9
-39.330265 -746.486328 34.027836 9
-32.778042 -739.855286 24.332956 9
-37.968136 -743.512085 26.465208 9
-39.451275 -740.724304 20.354162 9
-30.585754 -741.152100 31.701147 9
-37.857609 -738.904053 9.180085 9
-33.153313 -750.653503 45.892323 9
-37.888668 -738.441406 28.078396 9
-36.092327 -738.352661 17.122313 9
-35.972301 -739.610718 12.003340 9
-41.645138 -741.518616 24.864941 9
-35.775581 -739.224915 28.379618 9
-35.785381 -743.479858 26.931141 9
-38.490356 -736.913574 30.301565 9
-35.463436 -738.201111 14.726427 9
-39.794678 -737.228516 42.492828 9
-36.467926 -738.671204 32.609234 9
-38.075783 -747.912231 37.091171 9
-37.851109 -736.912598 10.452101 9
-36.045349 -741.284668 18.686846 9
-32.136837 -739.216858 24.928192 9
-37.181850 -739.154846 -0.462316 9
-39.970219 -747.456238 36.436192 9
-39.617046 -739.970764 19.514748 9
-38.051456 -738.768677 0.855786 9
-32.061893 -745.740112 37.854710 9
-32.780262 -738.800659 22.728355 9
-37.180492 -736.798950 9.587636 9
-40.714592 -745.726807 32.900101 9
-30.832129 -744.626648 40.259693 9
-36.589008 -739.465515 10.268339 9
-37.894844 -737.376404 22.324030 9
-38.254200 -738.142334 29.584978 9
-36.747303 -749.558594 41.118683 9
-36.596844 -737.650146 10.285621 9
-38.990963 -737.484192 35.972603 9
-39.089531 -737.622314 36.860554 9
-35.285587 -742.348816 24.681376 9
-36.569740 -748.298584 37.106861 9
-38.541691 -741.519714 21.398518 9
-37.116516 -737.298157 19.218605 9
-36.922035 -737.392151 14.807486 9
-37.470432 -741.963684 22.059835 9
-37.847954 -739.127441 10.898570 9
-38.637978 -738.315247 4.588679 9
-35.916248 -736.748535 33.477581 9
-40.910271 -746.292419 33.841698 9
-35.260967 -743.665222 28.649368 9
-37.381420 -736.300659 35.658310 9
-30.628780 -740.690613 30.297596 9
-38.533745 -737.839294 6.420960 9
-36.328327 -737.706970 20.546062 9
-38.613693 -738.497314 35.568802 9
-36.688969 -739.385071 5.915959 9
-37.568737 -736.909790 26.452047 9
-33.467064 -749.408447 43.352882 9
-30.686710 -744.129517 39.144234 9
-34.635311 -750.436157 45.317451 9
-36.359467 -739.031738 7.776299 9
-38.328461 -738.533325 -0.274809 9
-37.339733 -737.150146 4.280393 9
-40.445110 -739.983032 21.113909 9
-34.657650 -739.543823 18.005760 9
-30.331223 -742.060608 34.612240 9
-35.666645 -750.596252 45.758667 9
-35.159988 -740.709595 19.754915 9
-37.111649 -735.848328 10.392836 9
-38.042393 -737.119690 -0.528809 9
-33.535191 -740.995605 24.330406 9
-38.253109 -748.452881 38.263496 9
-35.990246 -739.302063 27.575682 9
-37.322651 -739.069397 33.711029 9
-37.990929 -736.263977 34.135139 9
-40.672897 -744.697144 30.813221 9
-34.115776 -739.665344 19.988972 9
-36.580551 -737.361755 23.109322 9
-32.320965 -740.503174 26.640114 9
-39.020760 -738.573853 17.139772 9
-37.381924 -738.819153 4.240476 9
-36.159298 -738.338318 8.323852 9
-38.990925 -747.872803 37.047485 9
-36.110241 -737.599365 25.602299 9
-32.124203 -742.730530 31.894941 9
-39.290791 -736.879700 40.507000 9
-34.711014 -741.627991 23.611532 9
-36.836197 -737.389648 17.635061 9
-32.128189 -744.257263 34.803669 9
-32.538681 -745.579041 45.012344 9
-36.281574 -739.104492 25.925306 9
-38.227810 -738.792419 13.907532 9
-30.967781 -748.681946 44.556076 9
-34.719662 -745.690735 33.308117 9
-38.601509 -748.809387 39.621510 9
-33.855579 -742.086060 26.805031 9
-38.805321 -739.268921 16.887766 9
-35.499153 -738.172058 31.012775 9
-34.363323 -751.227905 46.080647 9
-36.453857 -746.934753 34.943707 9
-31.578583 -743.283630 34.237831 9
-39.347958 -742.814819 24.310072 9
-35.823925 -747.286804 36.189873 9
-39.397770 -739.648010 18.127789 9
-38.032543 -747.386230 35.968269 9
-36.951229 -736.721680 4.777901 9
-37.350479 -745.620300 31.205647 9
-36.275394 -743.975891 28.169739 9
-36.114475 -737.691101 9.674524 9
-39.350529 -743.600220 26.442001 9
-38.028519 -736.067566 40.747101 9
-35.827812 -737.932068 27.504566 9
-41.021034 -747.232056 35.478928 9
-32.819138 -746.114807 37.003517 9
-37.270458 -742.420349 23.415112 9
-35.839077 -747.946045 37.319092 9
-32.901939 -747.505127 39.777363 9
-38.485455 -749.120178 41.385471 9
-30.988409 -741.770081 32.096027 9
-38.213200 -737.016785 8.894242 9
-38.525291 -737.732300 31.018209 9
-37.855827 -747.001831 34.703014 9
-35.810638 -738.094971 4.425195 9
-36.692379 -748.577332 38.381310 9
-38.135712 -736.685730 33.200554 9
-38.837326 -747.591064 35.767097 9
-40.605808 -742.394592 25.155352 9
-38.188564 -742.662109 24.334095 9
-31.012262 -742.410156 33.756191 9
-36.124104 -735.911072 36.257137 9
-38.302685 -741.419128 20.658127 9
-33.426407 -739.612671 22.279396 9
-32.293182 -750.184631 45.344780 9
-37.097233 -736.198975 -0.083303 9
-37.022282 -748.303528 37.782738 9
-33.976807 -741.630798 25.300043 9
-37.047726 -736.427856 33.985748 9
-39.704281 -737.603760 43.330688 9
-35.252346 -740.402161 18.432255 9
-36.971439 -739.174561 0.701025 9
-38.575436 -746.810364 34.671524 9
-38.497852 -738.070862 28.740160 9
-32.843658 -743.882751 32.686703 9
-37.329517 -739.491638 11.328669 9
-31.572290 -747.097107 42.159187 9
-38.641380 -743.082703 25.342890 9
-36.469959 -739.190186 9.125440 9
-37.169647 -736.508911 30.818604 9
-32.035213 -747.123413 40.881287 9
-35.684456 -738.515564 28.522064 9
-35.868191 -737.429504 13.344069 9
-39.127888 -735.639893 42.631611 9
-37.847084 -737.834534 20.039734 9
-38.597687 -738.205261 33.814678 9
-39.380497 -743.051025 25.026146 9
-39.111504 -736.306152 41.731625 9
-41.182541 -744.226990 30.509262 9
-37.913673 -738.285400 11.633039 9
-33.742157 -750.302246 45.107334 9
-38.518742 -738.077271 0.267951 9
-36.614281 -740.353088 12.526076 9
-40.176609 -747.173767 35.747292 9
-33.276543 -741.426880 26.569641 9
-31.789249 -745.118652 37.246254 9
-34.467426 -742.394958 26.575153 9
-40.730751 -746.585693 34.504028 9
-40.522530 -743.751221 28.146305 9
-37.243633 -738.909424 5.478242 9
-41.266399 -741.081421 24.050138 9
-38.660694 -743.454529 26.080538 9
-37.591766 -747.351013 35.356617 9
-33.264061 -748.440308 41.342579 9
-33.856308 -737.623169 19.035471 9
-33.861637 -746.373352 36.015278 9
-34.652493 -747.421814 36.991390 9
-31.783150 -739.943481 27.151482 9
-36.919739 -747.749756 36.599224 9
-34.913986 -737.631348 17.745829 9
-39.580841 -748.053650 37.753563 9
-35.565609 -745.763123 33.188725 9
-40.801964 -741.622375 24.019217 9
-37.312012 -743.227600 25.685942 9
-38.241333 -740.088501 17.311558 9
-36.808819 -736.876404 7.433174 9
-34.990685 -749.657104 41.980255 9
-33.396286 -744.806702 33.595581 9
-37.030956 -749.141968 43.254646 9
-35.949524 -737.833496 0.969447 9
-32.996799 -740.781677 25.460272 9
-38.560177 -738.607544 36.438457 9
-41.762913 -742.863831 29.160063 9
-34.383099 -745.584290 33.942356 9
-34.312595 -741.035645 22.714560 9
-36.380753 -737.163330 27.039246 9
-39.392376 -738.492920 42.425049 9
-37.753044 -738.421631 26.523315 9
-34.630039 -740.455444 20.291712 9
-35.973228 -749.510437 41.103256 9
-33.460430 -740.126587 22.908546 9
-31.750925 -744.084900 35.436207 9
-37.956047 -738.782104 1.904258 9
-37.074497 -749.699280 42.554192 9
-37.707344 -738.696106 20.720388 9
-39.284798 -745.941162 32.804337 9
-36.518677 -742.854492 24.582159 9
-34.526527 -743.232727 28.691671 9
-35.552284 -741.307800 20.958725 9
-37.815002 -748.138000 37.711143 9
-39.244213 -747.561890 36.457870 9
-38.796806 -735.533936 41.919834 9
-32.619045 -746.893311 45.235489 9
-38.254807 -737.483276 27.409309 9
-35.776794 -737.122925 31.850828 9
-31.633827 -739.250977 26.145662 9
-33.095924 -738.428894 21.528008 9
-37.131752 -743.900391 27.444813 9
-30.618586 -741.511353 33.328892 9
-39.926437 -742.870911 25.453070 9
-38.005905 -738.171021 27.196991 9
-35.278164 -741.865295 23.277950 9
-37.560448 -737.273621 2.898171 9
-36.214771 -737.095947 3.865417 9
-41.921829 -744.989441 31.660358 9
-36.211105 -743.120483 25.537708 9
-39.958942 -743.242310 26.260998 9
-31.006950 -743.590759 36.357098 9
-35.743099 -750.011353 45.353954 9
-35.775120 -750.210754 44.448013 9
-37.496445 -738.984558 10.314389 9
-36.743641 -742.102783 22.230991 9
-37.792381 -740.298645 16.817986 9
-34.995655 -742.367188 25.417912 9
-38.579174 -737.943420 5.710750 9
-36.600067 -745.794800 32.223663 9
-33.230812 -744.930847 34.389206 9
-40.397266 -742.211914 24.481474 9
-36.841194 -746.803589 34.380680 9
-37.764378 -746.566101 33.512821 9
-34.333481 -744.075562 30.800926 9
-38.442993 -737.984131 7.387241 9
-38.764843 -736.180420 39.486420 9
-37.614326 -738.935669 31.253889 9
-37.410107 -737.151550 24.220255 9
-36.030453 -738.676331 10.888668 9
-36.459332 -745.092529 31.036409 9
-37.289085 -739.117798 8.006725 9
-38.038033 -737.720215 12.946541 9
-36.425930 -743.443359 26.714628 9
-38.111618 -744.842102 29.572479 9
-36.426056 -746.300537 33.703297 9
-33.715416 -751.071289 46.259834 9
-32.575176 -748.431091 42.578018 9
-36.199005 -737.799561 15.744400 9
-38.515278 -738.142761 1.488794 9
-40.411983 -743.536377 27.505495 9
-37.743538 -747.659241 36.554794 9
-36.286072 -737.462830 11.836857 9
-38.460083 -746.086365 32.825329 9
-36.605480 -740.488831 13.299467 9
-37.752792 -737.649170 10.502074 9
-37.553482 -749.415771 41.584690 9
-37.100471 -740.791504 17.649633 9
-36.809311 -736.784790 6.112307 9
-33.421959 -745.856689 35.935356 9
-41.965549 -743.124573 28.472713 9
-33.366959 -737.814453 20.326269 9
-38.484886 -738.082642 32.395153 9
-30.872894 -742.883850 35.194122 9
-37.868690 -737.966675 8.317570 9
-35.277256 -737.492371 16.287340 9
-38.606438 -744.189880 27.321085 9
-37.022179 -739.236389 2.667721 9
-36.891655 -738.600159 -0.050748 9
-31.480347 -745.849670 39.508572 9
-30.474276 -745.266479 41.295940 9
-39.968239 -746.663147 34.724037 9
-34.671467 -739.232239 17.370966 9
-37.956627 -736.598816 0.307050 9
-35.280979 -744.111389 29.221180 9
-39.733269 -736.919922 45.455387 9
-37.603447 -738.468140 22.577435 9
-35.391487 -738.749451 29.709835 9
-32.941574 -741.813721 27.923414 9
-34.612583 -750.082275 44.023506 9
-39.025253 -747.120300 35.295231 9
-39.635902 -742.072021 23.341669 9
-40.874027 -742.811890 26.439730 9
-38.902111 -738.107361 -0.869979 9
-37.516930 -746.901245 34.107056 9
-40.185272 -737.650757 44.476688 9
-41.247990 -745.085815 31.939970 9
-35.999439 -738.262329 25.163385 9
-37.069077 -737.157898 10.141525 9
-35.698486 -745.010864 31.383419 9
-37.697205 -738.176819 9.345805 9
-35.157078 -741.448547 22.244322 9
-35.261909 -738.651306 15.227491 9
-36.282249 -740.289734 14.154203 9
-36.258377 -737.247437 8.721744 9
-39.430737 -738.054688 40.207771 9
-35.698788 -737.589722 15.317529 9
-37.513168 -740.687195 18.290113 9
-37.551926 -738.656128 6.752650 9
-39.460751 -737.016541 41.153900 9
-41.210468 -746.958069 34.889122 9
-37.358166 -739.466431 23.653896 9
-40.638248 -745.043457 31.577320 9
-33.124588 -743.701355 31.758772 9
-36.831482 -735.842163 39.300579 9
-35.627983 -739.499207 14.736046 9
-37.773865 -738.179565 18.345158 9
-32.136612 -741.327942 28.686340 9
-37.098598 -737.303772 21.125013 9
-38.041946 -737.075134 2.416960 9
-37.798756 -736.802979 6.469991 9
-37.006981 -749.862000 44.021358 9
-35.507534 -743.002380 26.389265 9
-38.822994 -737.182617 34.657040 9
-34.130344 -740.033264 20.549717 9
-39.689522 -746.962585 35.260590 9
-36.519150 -749.563232 44.421963 9
-31.643850 -747.774109 43.052387 9
-39.286835 -737.316650 38.017841 9
-38.861122 -738.241516 36.937607 9
-35.863537 -737.450134 7.450651 9
-32.826950 -745.243713 35.254795 9
-37.654736 -737.628418 18.881742 9
-34.095383 -742.647949 27.890903 9
-38.109646 -737.353943 25.189995 9
-41.473194 -741.013000 25.278109 9
-38.631603 -738.026001 16.080391 9
-36.503960 -744.903870 30.398550 9
-37.490082 -739.588623 13.238522 9
-34.670692 -745.098206 32.352306 9
-37.108955 -736.224609 36.270866 9
-32.318432 -749.361572 44.192684 9
-40.971428 -741.235229 22.856421 9
-36.743183 -740.925781 16.098030 9
-37.081841 -736.649719 28.873367 9
-33.292763 -746.587646 37.124332 9
-30.333632 -743.116089 36.723820 9
-41.217793 -745.445740 32.573708 9
-39.684845 -746.241455 33.514511 9
-33.686153 -743.433960 30.354574 9
-36.047081 -738.581604 3.637953 9
-30.965797 -745.755432 42.211430 9
-39.373783 -737.859192 18.025402 9
-36.820850 -736.766724 -0.407194 9
-35.725174 -736.816833 8.012683 9
-37.363129 -738.998596 30.192009 9
-35.670422 -737.493713 3.304436 9
-35.792240 -737.652954 14.481302 9
-35.135014 -750.023132 43.181095 9
-31.116611 -741.297180 30.701771 9
-35.880280 -744.342407 29.423761 9
-38.372009 -738.929871 14.623111 9
-32.399296 -747.883301 41.810215 9
-36.870972 -741.274597 19.094294 9
-32.358952 -745.394958 36.455624 9
-35.011013 -748.070068 38.247589 9
-39.381737 -744.242859 28.193783 9
-38.672943 -745.059082 30.232006 9
-38.159927 -735.935852 39.604561 9
-38.599258 -737.230652 -0.823797 9
-31.883638 -749.554871 45.027752 9
-32.770714 -741.255127 27.102648 9
-36.981529 -737.452454 12.564751 9
-38.915382 -738.284180 37.916733 9
-35.749580 -746.759888 34.901913 9
-37.701523 -739.776672 12.569809 9
-36.122707 -737.340332 29.060087 9
-34.013241 -738.263733 19.518244 9
-38.203426 -735.922424 41.759178 9
-39.639214 -738.696228 18.737158 9
-37.103123 -738.836731 26.941551 9
-37.691528 -738.699707 29.517248 9
-30.798428 -744.714050 39.407787 9
-35.403446 -747.604187 36.975208 9
-38.111015 -738.689697 12.974496 9
-38.573551 -738.155273 2.987556 9
-36.161480 -738.027466 18.391157 9
-36.078289 -738.772583 23.901930 9
-37.120872 -736.911011 25.507977 9
-36.974606 -739.144348 22.775425 9
-36.328003 -739.660461 11.472646 9
-35.708939 -738.326294 13.572452 9
-40.403301 -746.032288 33.516724 9
-39.943970 -744.057800 28.561447 9
-33.838005 -744.023010 31.739508 9
-37.232975 -735.937805 37.959911 9
-36.474098 -747.557617 36.165337 9
-41.319080 -743.041260 27.326824 9
-36.006107 -737.068481 5.372523 9
-37.237000 -740.563843 17.058439 9
-31.200222 -746.958984 43.449921 9
-36.538189 -750.069763 43.270699 9
-32.974533 -739.689880 23.735338 9
-37.187233 -744.405640 28.675777 9
-41.530807 -742.081482 25.168404 9
-36.511711 -736.887573 29.333553 9
-30.352953 -742.753906 35.865616 9
-32.090317 -743.503662 33.418350 9
-34.941612 -740.371826 19.079662 9
-34.462467 -742.179077 25.863798 9
-35.378773 -744.660767 30.415020 9
-34.302681 -739.677612 19.372871 9
-35.681786 -741.305664 20.148172 9
-35.952919 -740.488586 16.053997 9
-34.821163 -744.158264 30.246048 9
-31.354092 -744.298767 36.879562 9
-39.538616 -736.363586 43.499271 9
-37.724163 -736.358459 32.852337 9
-36.953037 -747.332886 35.491375 9
-37.206974 -737.075745 23.296268 9
-38.624805 -742.669067 23.843193 9
-39.638332 -744.995911 30.761948 9
-38.282154 -737.608704 3.482939 9
-36.544052 -741.960693 19.800085 9
-36.333305 -738.315613 0.010422 9
-37.649536 -745.372131 30.698498 9
-37.817780 -738.247375 21.366495 9
-38.206924 -740.447144 17.976389 9
-35.849838 -742.617249 24.585453 9
-37.115536 -738.697998 36.047413 9
-37.630867 -739.237671 22.041872 9
-38.463142 -737.316772 29.788538 9
-34.326092 -741.623962 24.483372 9
-38.101528 -736.817932 31.693413 9
-38.294044 -738.926453 40.444992 9
-31.277527 -740.453369 28.681557 9
-41.874092 -744.606812 31.088125 9
-36.221073 -737.405151 26.245766 9
-38.974548 -737.048767 37.170631 9
-38.712776 -739.695068 17.422853 9
-39.388863 -744.579651 29.573908 9
-36.701714 -738.689819 3.689773 9
-38.101494 -737.188354 26.175537 9
-38.267803 -748.267090 40.540386 9
-32.287418 -742.192078 30.411196 9
-36.142406 -737.186218 30.367062 9
-36.302933 -737.757507 19.564541 9
-35.589607 -745.295837 31.964411 9
-36.157528 -738.646118 8.952717 9
-36.034237 -738.304443 22.738512 9
-38.002483 -738.370667 5.439981 9
-37.267452 -736.555115 30.180052 9
-38.730721 -737.995850 16.939365 9
-38.294903 -738.695801 3.323713 9
-41.522137 -742.944824 28.053120 9
-37.357697 -738.814270 28.997103 9
-37.277992 -737.186462 21.978094 9
-33.925613 -749.886841 46.353634 9
-38.333790 -737.464600 7.756279 9
-36.551746 -735.700317 37.548119 9
-37.999859 -737.174255 0.986319 9
-39.481491 -736.727173 44.913490 9
-40.087391 -737.461914 45.747231 9
-32.648788 -738.995056 23.315910 9
-36.725853 -737.488647 18.331654 9
-37.496292 -739.065247 32.470993 9
-38.983059 -736.785339 38.383236 9
-36.249218 -737.515747 24.252703 9
-40.099575 -745.622253 32.462696 9
-31.116400 -744.558777 38.056805 9
-36.819969 -740.985229 16.731194 9
-37.261322 -737.118713 3.583380 9
-36.054100 -743.154358 24.938799 9
-32.429516 -746.228394 38.046238 9
-41.271179 -740.439209 22.542082 9
-34.368149 -746.369202 35.429752 9
-36.527664 -738.786255 5.690264 9
-38.232845 -738.425598 31.785355 9
-39.429630 -737.402405 40.081013 9
-38.629761 -738.550659 1.017090 9
-34.279644 -741.215332 23.313066 9
-38.702587 -746.527832 33.857258 9
-39.218830 -737.786194 38.912380 9
-41.715954 -745.799072 32.793526 9
-38.662148 -740.587097 18.832495 9
-38.938473 -744.516724 28.580704 9
-39.816059 -742.411133 24.188480 9
-30.788616 -743.473083 37.599762 9
-36.980839 -740.132446 13.655231 9
-38.505966 -736.885376 32.674919 9
-39.628056 -736.792236 46.156139 9
-36.845676 -745.520630 31.540970 9
-39.502922 -748.514526 38.768841 9
-40.064312 -736.951965 44.923763 9
-31.198933 -746.002197 40.907715 9
-37.911953 -737.397583 5.455252 9
-36.585392 -737.627441 14.248569 9
-35.855881 -737.770691 5.870803 9
-35.765934 -738.445129 12.162865 9
-36.090363 -738.918945 10.337454 9
-36.230980 -736.645874 2.649341 9
-36.640366 -742.517944 23.528530 9
-36.975277 -739.324524 34.841785 9
-32.555607 -741.949036 29.212990 9
-32.514595 -751.042725 46.374577 9
-40.147587 -741.260254 22.341816 9
-37.321117 -737.253845 19.912210 9
-35.819443 -737.864624 2.137271 9
-37.871548 -738.906250 34.137447 9
-34.543884 -747.039551 36.451355 9
-35.926010 -741.947754 22.154762 9
-38.312569 -745.362671 30.643354 9
-38.488033 -745.688843 31.677078 9
-36.562080 -736.425293 8.999150 9
-37.698254 -736.180542 37.021454 9
-37.868786 -738.889832 -0.093227 9
-38.706348 -736.013855 42.910271 9
-36.202908 -740.903687 17.169329 9
-36.314274 -738.425964 33.706451 9
-35.899685 -737.460876 4.590914 9
-32.800407 -745.862122 36.458782 9
-37.133430 -736.407898 33.000324 9
-32.871780 -749.958862 44.454601 9
-39.233234 -738.963867 0.037728 9
-31.654352 -746.635437 40.704189 9
-36.855286 -737.355347 20.565130 9
-36.137104 -737.314209 0.672911 9
-32.064362 -740.876038 27.926659 9
-36.740547 -738.965515 34.212296 9
-35.392536 -737.592834 32.903320 9
-38.235355 -748.807129 40.811218 9
-37.126839 -738.930176 27.740515 9
-35.714207 -742.918884 25.829678 9
-38.033562 -738.213318 23.617050 9
-41.751202 -742.368347 26.491669 9
-37.664654 -737.790894 15.453055 9
-36.193081 -737.437927 -0.290453 9
-37.207600 -738.755066 25.609198 9
-33.077385 -748.755127 42.359272 9
-35.204098 -744.862061 31.051662 9
-36.863400 -738.853577 4.541521 9
-38.214622 -738.402283 4.133431 9
-32.782593 -750.248230 46.240353 9
-35.052685 -746.994995 35.933876 9
-38.333920 -737.498047 8.532973 9
-35.975246 -736.832520 32.873230 9
-36.406448 -737.807129 31.537989 9
-37.874844 -737.452698 4.694696 9
-33.750282 -750.474243 46.267414 9
-38.913204 -736.547485 40.166088 9
-37.250942 -746.399963 33.172039 9
-38.250347 -738.227417 30.464272 9
-36.033424 -738.418823 6.747983 9
-33.173492 -747.860291 40.176056 9
-38.619053 -737.362183 31.733204 9
-39.032280 -738.403198 39.541595 9
-36.648083 -737.057068 26.484909 9
-37.114983 -742.720581 24.678402 9
-36.565861 -742.001465 20.786144 9
-36.197330 -737.349182 28.339386 9
-34.118176 -740.497009 21.779085 9
-36.233070 -742.321594 21.425505 9
-36.841743 -736.565369 31.911972 9
-38.302460 -746.437622 33.306255 9
-31.730865 -741.420532 29.897141 9
-36.266239 -737.745178 21.921114 9
-33.756229 -742.265869 27.422560 9
-38.016029 -748.774963 42.371063 9
-37.554981 -749.358337 42.952446 9
-38.171368 -743.822021 26.958206 9
-35.499416 -748.110413 37.840458 9
-38.228237 -742.917480 24.926027 9
-35.108658 -743.134766 27.568651 9
-34.935764 -738.090942 16.844046 9
-37.931580 -736.789307 31.004482 9
-33.870041 -739.942566 21.097837 9
-35.846977 -737.945068 28.102266 9
-39.829628 -738.027771 42.385395 9
-37.688160 -736.862000 27.068874 9
-36.783806 -737.516602 15.372521 9
-40.501980 -737.249634 46.111874 9
-33.646469 -740.786865 23.784502 9
-38.316208 -736.044373 37.573696 9
-34.592503 -749.464844 42.398598 9
-36.425095 -738.367188 1.206410 9
-36.075142 -738.312134 5.446332 9
-34.494373 -746.076843 34.321888 9
-36.165974 -737.284912 1.870913 9
-38.178204 -737.950867 14.032020 9
-37.341568 -738.704346 0.914134 9
-34.213367 -738.830383 18.450348 9
-40.600574 -744.240112 29.529039 9
-33.745857 -738.310730 20.034817 9
-36.512119 -737.274536 9.831446 9
-38.563614 -738.736816 2.163368 9
-40.918278 -739.040588 20.942169 9
-35.682461 -743.925659 28.202085 9
-31.827986 -738.715576 25.009445 9
-36.226948 -742.625488 22.821287 9
-35.983067 -739.467102 13.192388 9
-32.821350 -742.755432 30.351860 9
-37.751289 -736.791199 1.948094 9
-37.303844 -739.163269 9.174014 9
-35.474171 -736.719238 33.975544 9
-37.902328 -737.832764 12.000386 9
-37.957413 -739.557495 15.321240 9
-30.876411 -747.449524 44.020889 9
-38.017067 -739.013794 37.440178 9
-38.542042 -737.901428 4.135468 9
-35.368828 -749.725464 44.960613 9
-37.801300 -737.117126 22.998930 9
-36.344765 -736.537231 4.994225 9
-36.330982 -736.384033 9.541621 9
-38.774410 -737.255676 33.762630 9
-35.951229 -737.685913 10.895097 9
-38.758537 -741.880371 22.391960 9
-36.556015 -736.367920 0.907534 9
-36.665909 -737.105469 24.376078 9
-34.320297 -738.263245 18.028725 9
-36.095943 -748.602173 38.446629 9
-38.136257 -742.258545 23.132092 9
-38.671383 -736.026794 41.321247 9
-37.370083 -743.478943 26.211754 9
-36.970879 -738.520508 35.089622 9
-37.894169 -738.958496 13.464588 9
-35.699764 -742.373230 24.072037 9
-32.139278 -741.866943 29.813667 9
-32.633518 -743.495117 32.229866 9
-33.518242 -749.770020 43.802437 9
-37.551216 -746.057373 32.395493 9
-37.513603 -741.656616 20.566372 9
-40.183746 -744.766418 30.473995 9
-38.779949 -738.078430 34.613136 9
-35.836193 -738.074463 2.727378 9
-37.498692 -738.521301 7.933569 9
-36.974617 -738.942078 31.349352 9
-30.248373 -743.476868 37.810150 9
-36.762329 -736.586304 1.635912 9
-33.341953 -745.547058 35.450150 9
-36.892365 -736.900146 8.895090 9
-30.695305 -744.211975 38.564880 9
-35.631405 -738.918091 27.300035 9
-34.008900 -749.920959 44.255920 9
-37.887470 -738.167786 16.535088 9
-37.602596 -742.618042 24.208202 9
-35.899391 -749.838440 42.329731 9
-30.249277 -744.636536 40.233414 9
-37.488602 -739.006470 36.688736 9
-38.340900 -736.709961 35.337799 9
-37.424168 -736.680054 10.090376 9
-36.006779 -737.980652 3.885980 9
-33.770603 -749.334045 46.438343 9
-36.630062 -736.959534 27.750063 9
-40.028778 -737.283386 43.747704 9
-37.772526 -736.833679 7.482944 9
-37.072929 -739.060852 3.295226 9
-36.007515 -738.247803 9.430717 9
-35.577320 -738.399292 29.074522 9
-36.598713 -736.116577 36.591721 9
-32.856197 -749.230469 43.407570 9
-37.230118 -735.471863 38.995537 9
-35.797367 -739.287659 13.854365 9
-37.616215 -738.648804 5.871534 9
-38.053127 -737.052490 29.031359 9
-36.654842 -749.511719 43.546780 9
-34.636040 -744.709412 31.901814 9
-38.441254 -738.092590 15.096973 9
-37.699432 -738.908997 33.015896 9
-36.683441 -736.563721 33.553467 9
-32.301304 -738.693726 23.731203 9
-32.509750 -743.863037 33.271152 9
-40.222004 -747.346375 36.974487 9
-37.656666 -737.499084 21.001698 9
-37.618549 -736.770813 0.855869 9
-39.376839 -737.259460 39.244270 9
-37.740280 -736.517883 9.206709 9
-37.762875 -738.866943 12.235252 9
-38.013939 -737.852661 24.491032 9
-41.479839 -746.378479 33.827793 9
-36.758202 -735.624207 38.114643 9
-38.261570 -739.396912 15.768613 9
-37.946331 -737.717102 21.598392 9
-39.133282 -738.353943 17.665476 9
-31.248644 -745.706543 40.042500 9
-38.614178 -736.093933 40.763355 9
-35.807922 -737.272583 6.730896 9
-37.268314 -749.337158 41.001980 9
-38.915836 -738.021118 35.801956 9
-35.155388 -746.494629 35.046406 9
-34.660877 -749.928040 43.477634 9
-39.159260 -737.857178 38.191212 9
-31.235382 -740.027588 27.920849 9
-32.563576 -748.601318 43.209141 9
-33.531666 -742.955750 29.551739 9
-37.519669 -737.233765 2.318877 9
-36.045551 -736.456665 34.595856 9
-38.704102 -738.322388 40.680389 9
-38.156605 -737.932800 6.862049 9
-39.814392 -736.121033 44.353020 9
-32.313301 -742.787354 31.360697 9
-36.996990 -739.929871 12.416188 9
-40.478500 -747.037537 36.311867 9
-32.813808 -747.859863 45.468216 9
-33.069099 -739.246277 22.489937 9
-37.528698 -737.367249 11.970265 9
-36.549377 -738.578003 33.211823 9
-36.667397 -741.527527 18.609850 9
-39.539501 -745.156738 31.329794 9
-37.826241 -736.376831 34.855461 9
-30.756538 -742.317810 34.964775 9
-32.438908 -747.530579 41.021339 9
-35.052326 -750.261902 44.329350 9
-37.765427 -738.749268 30.664442 9
-37.998207 -738.646790 19.417225 9
-33.721581 -738.982178 20.346933 9
-37.452053 -740.252380 16.004908 9
-37.240097 -736.390320 10.658232 9
-38.312336 -738.930786 -0.705979 9
-38.979519 -738.364685 41.389835 9
-34.452248 -739.451782 18.531240 9
-38.515320 -736.357666 36.486588 9
-30.824257 -740.278442 28.967896 9
-40.864910 -739.598877 21.844591 9
-32.165936 -743.029053 32.375648 9
-37.653492 -739.261292 38.475269 9
-38.131252 -737.458008 9.396259 9
-35.203430 -748.744263 39.674892 9
-40.280758 -739.059937 20.205875 9
-35.965588 -737.824158 13.741843 9
-34.815838 -743.836548 29.767488 9
-40.898090 -743.654053 28.553839 9
-36.932796 -739.627014 8.099053 9
-38.534119 -738.504150 35.013050 9
-37.794888 -745.745728 31.651232 9
-35.837631 -744.469788 30.062346 9
-36.456886 -738.780945 6.296406 9
-41.486729 -740.565674 23.028324 9
-32.567410 -739.483276 24.712267 9
-35.237556 -737.904114 15.937778 9
-36.346397 -736.541382 3.998771 9
-38.853580 -744.580444 29.131542 9
-36.851593 -739.962646 10.370250 9
-38.643738 -745.388611 31.140570 9
-36.663204 -744.240662 28.523144 9
-37.851616 -741.932800 21.582670 9
-32.256542 -740.296387 27.163507 9
-30.863802 -744.988464 40.966465 9
-37.652027 -749.122986 40.270416 9
-36.779530 -736.348328 34.469242 9
-35.144093 -750.454346 45.532608 9
-32.519840 -738.257751 22.707199 9
-34.118782 -748.193237 39.726688 9
-35.422398 -740.076599 17.144512 9
-33.261055 -742.296265 28.584801 9
-39.205494 -742.246277 23.034369 9
-41.056396 -739.675476 22.359322 9
-37.725399 -738.397949 25.174088 9
-32.486591 -747.108521 39.923641 9
-36.093460 -737.857727 24.691406 9
-33.949680 -740.628052 22.558680 9
-37.423634 -742.967590 25.212997 9
-35.550365 -740.492920 17.956348 9
-31.399698 -748.437805 44.304508 9
-36.526031 -741.414612 19.541779 9
-37.894283 -738.392822 17.802141 9
-36.574783 -736.882507 29.872364 9
-33.364113 -749.151428 42.665874 9
-35.300060 -738.422974 14.208200 9
-36.084370 -738.169495 4.897067 9
-31.829742 -744.531311 36.118820 9
-33.873608 -741.356323 24.778111 9
-36.290768 -738.373779 2.895363 9
-38.598454 -738.682922 39.780796 9
-37.187729 -736.804321 5.266130 9
-38.186687 -744.276978 27.829428 9
-31.953102 -743.817261 34.430557 9
-38.035133 -748.831299 39.456242 9
-35.915348 -746.943970 35.433418 9
-36.486778 -749.748840 42.137192 9
-37.261806 -741.857422 21.174501 9
-31.287622 -743.190002 34.788380 9
-39.227367 -736.114441 42.282784 9
-38.727184 -736.231201 38.639175 9
-41.289890 -740.526733 24.116394 9
-34.761143 -740.763733 20.821310 9
-40.368633 -743.096558 26.613792 9
-37.486179 -737.535400 16.048031 9
-37.246120 -738.736450 23.698711 9
-38.719994 -738.930420 15.740273 9
-34.780079 -741.834229 24.167831 9
-39.645977 -737.416382 41.938152 9
-34.125874 -738.781616 19.332054 9
-41.748333 -743.131409 29.656891 9
-33.401619 -740.319153 23.422094 9
-37.722118 -735.867859 39.917587 9
-37.235016 -737.267273 17.216539 9
-37.775303 -738.152832 19.550287 9
-37.051834 -736.081726 37.457542 9
-36.934376 -739.471497 9.823640 9
-39.702255 -736.717468 43.883064 9
-33.937603 -749.588989 43.171589 9
-35.142628 -743.419006 28.131992 9
-38.892555 -736.055420 43.426247 9
-38.218369 -738.585510 4.869047 9
-36.498425 -739.516663 26.234346 9
-36.383385 -742.530945 23.990025 9
-36.395958 -739.283264 9.795528 9
-35.890232 -739.800537 14.317095 9
-37.946495 -736.656494 -0.245756 9
-37.017693 -736.236755 35.224606 9
-38.340534 -738.884155 38.763371 9
-39.215340 -736.268188 43.035870 9
-30.789207 -742.136475 34.298939 9
-33.810551 -746.627014 36.485924 9
-36.116455 -736.215698 35.368786 9
-38.574482 -736.778564 32.138683 9
-37.587769 -736.717407 29.151201 9
-38.084866 -738.667175 2.712644 9
-38.538311 -737.324707 30.648357 9
-38.342503 -737.738953 28.353691 9
-38.604774 -738.356323 6.269543 9
-32.646835 -750.429138 45.676399 9
-37.519936 -737.306580 14.998464 9
-41.289902 -741.755981 24.224380 9
-38.852379 -736.966553 35.920441 9
-41.726955 -741.159790 24.370831 9
-37.044159 -740.280640 14.534911 9
-36.855038 -736.856079 2.544946 9
-41.316235 -739.996765 23.433428 9
-37.247803 -738.679382 -0.706176 9
-36.170948 -738.052429 19.123323 9
-36.792587 -741.281860 17.886662 9
-31.303368 -742.495239 33.297138 9
-37.537178 -737.533203 12.650976 9
-37.456692 -739.263000 2.031861 9
-41.125336 -740.922302 23.543327 9
-39.112598 -740.755066 19.916952 9
-38.309505 -737.330688 6.452556 9
-36.239784 -743.150757 26.287081 9
-37.533600 -737.605957 13.504216 9
-38.698830 -742.364136 23.401455 9
-40.140503 -745.296753 31.695229 9
-38.940575 -737.500549 35.100689 9
-36.683651 -739.160950 8.210908 9
-39.143269 -744.884583 30.048468 9
-32.414371 -745.106384 35.773396 9
-35.003803 -738.459106 16.408724 9
-34.516453 -738.644958 17.376698 9
-37.934654 -738.339966 10.417111 9
-34.793053 -746.700134 35.443810 9
-35.649780 -737.602356 30.944715 9
-36.709110 -736.637512 9.913084 9
-37.161629 -742.265503 22.540091 9
-37.555374 -739.079956 35.874092 9
-34.041161 -748.889832 41.690956 9
-37.637939 -745.027161 29.768879 9
-37.645966 -738.489136 8.913971 9
-39.206997 -738.153748 42.036034 9
-41.452229 -743.550232 29.233130 9
-38.692543 -736.607910 37.269295 9
-34.710537 -742.715332 26.955326 9
-33.028660 -742.591064 29.600224 9
-36.771164 -741.636047 20.316124 9
-36.728825 -737.284790 10.650672 9
-38.094330 -738.030212 22.539024 9
-32.940990 -738.578064 22.268740 9
-35.627495 -737.321716 5.684701 9
-36.987244 -739.282104 23.992283 9
-32.823261 -740.285034 25.254158 9
-37.969803 -749.082153 41.624992 9
-38.367985 -738.494324 33.237389 9
-36.065006 -738.976379 26.400120 9
-39.085796 -748.434143 39.103973 9
-38.221046 -739.066162 39.361183 9
-39.610577 -740.302490 19.991568 9
-38.222454 -737.571289 2.310898 9
-35.667980 -740.790466 18.458073 9
-36.827267 -735.743164 0.031072 9
-37.895458 -738.816711 1.369956 9
-36.859711 -744.674255 29.492762 9
-35.812229 -750.144775 43.815083 9
-37.754986 -737.217407 11.019245 9
-37.984135 -740.892822 19.033953 9
-36.304344 -736.793518 7.078589 9
-37.705544 -736.365723 32.022488 9
-37.809978 -738.617126 21.985861 9
-37.281006 -737.363342 11.364841 9
-38.210995 -742.064453 22.561993 9
-36.189777 -736.424438 36.400261 9
-30.799473 -743.248962 37.038586 9
-35.487175 -739.640137 15.794300 9
-38.561768 -748.195862 37.068188 9
-36.115791 -737.933289 23.129574 9
-33.962341 -743.409058 29.881262 9
-30.800608 -741.712402 32.631767 9
-37.841843 -738.606262 4.467710 9
-32.320713 -739.044373 24.470062 9
-36.215923 -749.134277 39.447666 9
-38.463551 -737.501465 15.996775 9
-35.792469 -738.397522 27.254047 9
-39.553726 -740.884521 20.834812 9
-35.891808 -738.643494 12.886839 9
-38.388531 -739.208435 0.103638 9
-36.663155 -737.107117 25.211996 9
-37.761559 -738.646301 11.260643 9
-32.771679 -743.075500 31.153740 9
-31.811308 -741.037048 29.017427 9
-37.734673 -737.191223 0.493383 9
-37.474300 -744.143921 27.819845 9
-31.404745 -743.770020 35.810608 9
-35.970921 -743.811523 27.756578 9
-39.844883 -738.944580 19.248898 9
-35.565964 -737.130920 33.103783 9
-35.771320 -737.625549 29.801470 9
-37.600861 -736.877991 3.906062 9
-37.837379 -744.618896 28.810545 9
-36.093285 -738.210327 22.216549 9
-36.203636 -740.481262 15.083771 9
-37.191074 -739.058167 6.941739 9
-35.500370 -749.652710 41.778355 9
-36.740334 -746.253723 33.238247 9
-34.651154 -745.237488 32.885590 9
-37.015511 -736.937927 1.109002 9
-37.879230 -740.013550 16.374893 9
-34.663509 -742.868286 27.470509 9
-31.250153 -742.827698 34.079170 9
-36.114628 -737.925415 7.941400 9
-35.927792 -738.019043 26.344355 9
-38.464489 -738.435181 -0.826404 9
-39.587509 -736.000488 43.886223 9
-33.728168 -748.240417 40.243011 9
-38.829243 -737.798157 33.572536 9
-32.746155 -741.362732 27.645227 9
-37.230217 -738.954224 35.186127 9
-37.424973 -736.450073 0.258343 9
-38.100155 -736.603760 33.744549 9
-36.952705 -739.818420 11.671676 9
-36.823002 -736.621887 0.093829 9
-35.087040 -741.106812 21.849161 9
-37.396137 -745.164856 30.294432 9
-40.490089 -741.609497 23.559116 9
-39.522861 -737.506042 41.302189 9
-36.283455 -737.848083 17.245644 9
-35.844334 -736.774231 6.571147 9
-31.840172 -743.060608 33.141651 9
-36.111874 -737.410889 1.250392 9
-35.782215 -737.631042 16.014679 9
-37.199833 -738.896606 23.191563 9
-32.079975 -748.537903 43.423565 9
-37.851765 -737.122681 8.467487 9
-31.470688 -740.462524 28.199112 9
-37.796284 -735.933899 -0.663856 9
-36.678234 -736.576172 32.498398 9
-33.234844 -738.204529 21.083715 9
-31.103924 -740.714905 29.689896 9
-37.627739 -738.643188 28.482443 9
-34.784679 -749.381775 41.489067 9
-36.534904 -737.341614 12.274597 9
-33.983738 -749.206787 42.178310 9
-36.014442 -737.337646 14.822696 9
-36.052620 -738.685425 7.232422 9
-32.448627 -746.007141 37.556923 9
-39.526962 -739.055969 18.213970 9
-33.203838 -744.245972 32.805386 9
-33.778885 -745.337585 34.531609 9
-36.698769 -739.072815 7.385359 9
-37.662670 -736.783813 29.895374 9
-37.941208 -736.312073 35.835579 9
-37.697014 -737.386230 3.519069 9
-31.577265 -741.889587 31.011425 9
-36.708618 -737.265137 22.610203 9
-31.144444 -746.199158 41.498981 9
-36.354691 -740.015442 13.393977 9
-37.555107 -735.951965 40.528282 9
-32.938892 -747.165588 38.880066 9
-33.126453 -743.467102 31.296978 9
-37.507401 -738.559448 24.546103 9
-36.751144 -740.999512 15.543556 9
-36.519245 -749.683411 41.600945 9
-34.217628 -746.076233 35.015617 9
-36.044777 -738.305237 23.654198 9
-31.739805 -746.469543 40.070545 9
-33.372509 -750.554504 45.431461 9
-37.274792 -738.767517 2.859002 9
-33.872528 -744.779907 33.361340 9
-36.249191 -737.094116 2.911392 9
-37.317200 -740.963562 18.755280 9
-33.685513 -747.718994 38.777122 9
-36.955597 -739.579041 9.112189 9
-39.808857 -743.731750 27.433617 9
-40.090477 -738.227600 19.831266 9
-37.954208 -738.965820 34.635708 9
-39.248138 -748.090210 39.678181 9
-37.125351 -736.823914 8.371517 9
-36.525265 -737.005981 3.461306 9
-35.898930 -738.308655 0.315674 9
-35.945026 -738.541260 16.606918 9
-34.675591 -747.766602 37.826824 9
-39.598873 -748.087280 38.394669 9
-41.220474 -742.427917 26.226786 9
-37.429203 -738.912537 8.701191 9
-37.140591 -736.750977 1.983058 9
-34.973125 -739.292114 16.656500 9
-33.873260 -744.384827 32.109077 9
-41.051758 -744.170044 29.972748 9
-41.922592 -743.803833 29.737591 9
-37.101471 -736.914124 26.213387 9
-39.319687 -738.385742 39.122337 9
-35.855801 -740.506165 16.636288 9
-37.115337 -737.312012 16.420628 9
-34.546555 -748.833130 40.474815 9
-36.830097 -743.570740 27.063116 9
-36.790424 -737.494141 13.081576 9
-30.756901 -742.071533 33.478287 9
-38.590149 -738.698792 3.944294 9
-39.776054 -738.100891 42.934639 9
-40.072048 -738.733337 19.712608 9
-35.616093 -742.163513 23.587559 9
-37.408955 -741.233215 19.693598 9
-36.192249 -736.957397 8.283361 9
-35.035736 -749.176575 40.641296 9
-37.379581 -735.496216 39.645950 9
-31.759054 -746.982788 41.287174 9
-38.779892 -748.566345 37.969803 9
-41.005836 -743.777039 29.039589 9
-40.629875 -738.900757 20.532204 9
-37.741905 -738.728271 3.880132 9
-34.801640 -744.619385 31.251625 9
-37.510086 -736.374268 34.248512 9
-36.699249 -743.923889 27.748798 9
-38.029095 -738.074646 26.120249 9
-37.444115 -739.727356 13.745841 9
-36.364944 -736.837402 5.884414 9
-36.296349 -749.168518 39.946049 9
-33.196850 -746.694702 45.442825 9
-36.172546 -737.737854 8.451429 9
-38.222569 -737.705383 -0.026559 9
-37.367290 -736.691162 -0.386615 9
-36.957893 -738.566833 34.493744 9
-35.853508 -738.088318 -0.149187 9
-36.952091 -737.272217 21.600128 9
-38.554676 -738.571899 14.922226 9
-35.718464 -736.818665 34.972645 9
-39.359447 -745.690613 32.363998 9
-37.048336 -736.542664 31.367395 9
-37.356365 -739.382324 23.145517 9
-36.268307 -737.506226 9.221570 9
-39.975681 -736.478088 45.417976 9
-36.204269 -736.940308 31.678329 9
-39.121376 -748.055908 37.506054 9
-37.498127 -738.852722 9.542235 9
-35.155960 -745.845276 33.491951 9
-37.971962 -739.116638 14.190856 9
-38.140743 -738.760559 0.344757 9
-35.938747 -737.759277 12.779922 9
-35.527134 -741.072021 19.616354 9
-30.902302 -746.181946 42.591656 9
-37.953026 -736.012634 38.062588 9
-40.283878 -739.815796 20.661180 9
-38.928349 -746.656799 34.330467 9
-30.799866 -744.389465 39.798229 9
-37.706989 -739.425903 10.142155 9
-37.486366 -738.904114 21.691389 9
-37.828785 -737.506165 20.524296 9
-39.153255 -744.002441 27.773455 9
-34.901268 -739.718994 17.583986 9
-35.232067 -739.097229 15.759153 9
-39.736782 -736.600891 44.494923 9
-34.206665 -744.838196 32.781109 9
-38.280121 -737.640320 1.383604 9
-33.877251 -748.460938 40.702053 9
-33.722534 -745.725952 35.006123 9
-31.264849 -742.125427 32.349232 9
-37.061878 -739.252258 35.734398 9
-39.479523 -739.801147 19.059906 9
-37.833084 -735.992554 38.920559 9
-35.684040 -739.791138 15.206091 9
-37.763557 -737.993286 10.013737 9
-39.037800 -738.214172 42.662579 9
-33.997696 -739.336243 19.607658 9
-35.965485 -741.844971 21.664206 9
-41.417488 -744.441650 30.944225 9
-33.969208 -743.737061 30.682911 9
-31.941799 -748.726013 43.893211 9
-37.620869 -739.409668 37.757725 9
-38.547680 -736.966125 34.321892 9
-38.343819 -744.348633 28.361319 9
-37.603363 -739.093567 0.689934 9
-31.482666 -741.396484 30.377600 9
-32.677010 -740.876831 26.771965 9
-35.237270 -738.382812 15.645578 9
-37.735691 -737.714539 14.275382 9
-38.234829 -737.514771 26.709282 9
-40.656872 -739.443176 21.185852 9
-35.651646 -737.583740 2.800919 9
-33.827072 -747.361389 37.792244 9
-30.345507 -742.749573 36.362316 9
-36.074142 -738.204529 9.920704 9
-40.033783 -744.289795 29.006464 9
-39.882267 -739.731567 19.908669 9
-38.552433 -738.686035 36.950191 9
-37.778168 -737.242737 13.249088 9
-36.196659 -736.563232 -0.402949 9
-36.448711 -738.469788 32.111805 9
-39.067123 -737.335571 36.437130 9
-38.013756 -738.543640 18.601770 9
-34.340427 -750.739685 46.041340 9
-36.673527 -736.708130 4.341744 9
-35.889294 -738.309082 1.883633 9
-38.363953 -738.852173 37.840984 9
-37.201077 -749.466553 43.660732 9
-37.461639 -740.160583 15.507568 9
-37.160728 -738.966064 4.932100 9
-37.701870 -737.077332 25.115965 9
-33.991261 -748.626343 46.527313 9
-37.275230 -738.833740 3.685087 9
-36.035553 -738.811890 25.511522 9
-37.737278 -737.099731 9.979028 9
-35.279640 -738.706665 14.672091 9
-30.275530 -743.995605 38.814835 9
-35.468773 -743.314697 27.283827 9
-35.305500 -741.724365 22.797060 9
-39.029110 -741.174011 20.590414 9
-36.002159 -736.940674 7.622096 9
-38.579647 -740.377197 18.400034 9
-36.153553 -742.207581 22.532402 9
-37.942791 -738.286743 6.596842 9
-32.604492 -750.104980 44.930462 9
-37.454189 -736.743347 2.974413 9
-38.274639 -738.661560 33.879913 9
-39.114590 -738.798828 41.061516 9
-32.107498 -746.672180 39.758762 9
-38.675037 -738.181702 17.546667 9
-40.101151 -744.533813 30.032827 9
-30.702799 -746.663025 43.311615 9
-39.231674 -737.365845 37.457912 9
-40.690842 -747.012329 35.772884 9
-32.275864 -740.132568 26.181553 9
-33.791229 -740.102173 21.669502 9
-40.307407 -747.855652 37.261806 9
-32.324177 -748.085510 42.335178 9
-32.976158 -747.969299 40.811375 9
-37.509884 -739.818054 14.591688 9
-35.267769 -737.401794 32.194412 9
-36.858303 -737.368530 18.799633 9
-37.658867 -738.669983 10.668679 9
-40.885635 -742.574646 25.814812 9
-38.660301 -748.588440 40.696892 9
-38.106716 -738.110168 9.067819 9
-38.024094 -737.534607 23.436321 9
-36.531616 -736.629822 30.912909 9
-31.762911 -745.355652 37.777039 9
-34.768421 -750.329102 44.775043 9
-37.466953 -748.845276 39.223701 9
-38.385628 -736.902222 -0.197418 9
-41.587872 -743.999878 30.299833 9
-31.968540 -739.094971 25.401007 9
-34.323708 -740.138672 20.076019 9
-37.259800 -736.885498 10.506227 9
-38.162693 -748.479126 37.614719 9
-38.687729 -737.557068 32.841892 9
-37.699295 -743.827698 27.056404 9
-37.927792 -738.322449 22.964891 9
-31.067982 -746.665649 42.639835 9
-31.822935 -748.045227 43.431278 9
-37.751579 -736.812134 28.109955 9
-36.557056 -736.237061 10.238227 9
-35.579239 -737.858765 13.330879 9
-35.959866 -736.028015 35.797676 9
-31.514164 -746.803223 41.695339 9
-40.027256 -740.311279 20.699343 9
-31.078201 -744.148804 37.329594 9
-32.420242 -744.265259 34.278439 9
-31.661207 -739.663574 26.760984 9
-31.961559 -749.513245 44.491886 9
-31.594028 -744.713135 37.039978 9
-36.478130 -746.652039 34.061695 9
-37.337921 -735.954712 38.851681 9
-34.388527 -743.614746 29.718168 9
-36.615616 -748.804565 39.262321 9
-39.580784 -738.147583 19.069105 9
-30.788210 -743.714966 38.226753 9
-36.452545 -738.133972 32.670334 9
-34.898014 -742.040039 24.585133 9
-36.686817 -737.501892 19.417643 9
-37.739429 -739.365417 12.191803 9
-35.554268 -747.038940 35.845814 9
-35.410797 -746.111389 34.108162 9
-39.010681 -739.592224 17.836342 9
-31.525927 -742.011780 31.485144 9
-38.869263 -742.708496 24.260378 9
-37.879780 -737.287903 -0.062785 9
-34.301483 -749.010559 41.292053 9
-33.758492 -739.404907 21.165413 9
-38.037189 -738.225647 12.836318 9
-36.089279 -739.280334 11.292696 9
-35.978409 -738.726990 21.685713 9
-31.545300 -745.481384 38.568153 9
-39.792305 -737.549133 42.868435 9
-41.361732 -739.600464 21.951277 9
-40.855118 -745.979919 33.330048 9
-36.413685 -742.015320 21.767704 9
-38.743275 -738.457764 -0.019254 9
-37.639313 -739.573242 14.192522 9
-37.284573 -737.035339 23.774782 9
-38.636318 -739.277405 -0.713547 9
-33.895138 -747.191589 37.248661 9
-34.265511 -748.727051 40.883492 9
-36.133152 -737.762390 10.167340 9
-37.478905 -739.258972 11.735121 9
-36.904255 -743.475830 26.514929 9
-34.597282 -739.982849 19.158848 9
-32.350338 -747.253906 40.469833 9
-34.453686 -740.723145 21.529844 9
-35.510227 -738.701843 13.882983 9
-36.715397 -749.140747 40.251659 9
-36.436028 -741.230774 16.908209 9
-32.471317 -739.862122 25.573191 9
-38.506718 -737.716003 29.501102 9
-36.830311 -749.910522 42.915035 9
-37.877193 -749.185181 42.630081 9
-38.377800 -738.422546 0.621059 9
-37.166111 -749.060181 39.871269 9
-37.068546 -736.642700 3.449010 9
-36.073235 -737.529602 27.319571 9
-38.044701 -735.943726 40.274872 9
-34.055336 -745.180542 33.611374 9
-38.220837 -735.626526 40.757988 9
-41.031822 -742.277161 25.317684 9
-33.220078 -746.940369 37.929230 9
-33.715260 -741.669556 25.707357 9
-36.213623 -737.921570 20.963181 9
-37.666260 -739.717346 11.737760 9
-38.410183 -744.760803 29.203594 9
-38.367779 -738.040833 5.281999 9
-39.726471 -746.527222 34.295959 9
-38.266342 -741.155823 20.054035 9
-35.843925 -737.693604 6.359960 9
-37.455559 -748.601440 38.764606 9
-38.103901 -736.166382 38.581055 9
-35.566109 -736.491882 34.422714 9
-36.324478 -741.179321 17.906387 9
-35.515274 -738.098999 30.216185 9
-34.902523 -750.531555 45.980598 9
-36.420574 -739.598877 10.691567 9
-33.343449 -747.304504 38.607967 9
-35.732220 -748.612915 38.768261 9
-36.387501 -740.518860 14.592126 9
-36.070171 -737.243713 3.440788 9
-36.388187 -737.365906 23.796614 9
-35.504711 -737.988464 31.641174 9
-36.764359 -736.140991 38.336708 9
-37.590435 -736.435303 31.037178 9
-34.920155 -739.927002 18.154392 9
-35.297348 -737.871582 30.703032 9
-37.860092 -737.378845 24.138901 9
-31.703329 -741.176636 29.470009 9
-35.014858 -748.459717 39.326416 9
-36.419231 -739.780823 11.994759 9
-35.731609 -747.577698 36.627533 9
-36.474060 -737.750122 16.456453 9
-35.284813 -748.325989 38.749943 9
-30.827894 -743.156311 35.872864 9
-39.431499 -737.964600 41.184414 9
-36.643482 -737.051697 0.771197 9
-38.241856 -736.957642 7.659031 9
-38.572159 -738.259888 6.931981 9
-32.587429 -744.155945 33.648663 9
-33.542881 -741.753174 26.320463 9
-35.901070 -738.221863 10.994334 9
-38.098598 -736.970032 29.961411 9
-34.954475 -738.932190 16.352102 9
-38.087555 -736.713257 -0.768586 9
-36.522434 -745.952515 32.687580 9
-36.818665 -749.322388 40.682465 9
-35.190662 -745.289429 32.271786 9
-38.939240 -736.121094 40.394405 9
-34.369877 -741.934875 25.403704 9
-38.030651 -735.890686 41.187046 9
-33.698895 -746.781738 36.948742 9
-37.762661 -736.804443 8.133627 9
-38.866558 -738.536499 38.674500 9
-39.477631 -743.593628 26.947075 9
-36.146515 -738.630371 7.907046 9
-36.563660 -737.042664 1.705365 9
-38.621605 -737.743896 31.998970 9
-36.163445 -738.208191 0.785094 9
-33.036957 -740.288513 24.367550 9
-37.093899 -749.461121 41.418911 9
-38.886379 -736.648071 39.467442 9
-38.238216 -748.734436 38.637657 9
-35.885326 -749.274292 40.277298 9
-30.770821 -745.108459 40.449223 9
-41.897045 -743.343750 28.889784 9
-32.736214 -746.628967 38.239033 9
-34.374947 -748.047546 38.704151 9
-34.607586 -748.598633 40.074505 9
-37.753609 -738.446167 7.225848 9
-35.807213 -741.200012 19.145166 9
-33.548008 -739.219238 21.782747 9
-38.324841 -737.645630 14.934336 9
-39.228283 -736.634949 41.369728 9
-34.403545 -748.277710 39.229240 9
-38.452000 -738.513672 40.277443 9
-37.833111 -738.783997 35.524120 9
-37.386211 -737.535156 14.619585 9
-38.204170 -738.116272 29.116638 9
-30.911446 -741.496033 31.609707 9
-36.536339 -737.077515 -0.205824 9
-37.965534 -737.877563 12.508533 9
-37.749882 -738.877502 7.739770 9
-38.562607 -736.679504 33.409840 9
-37.018295 -737.414612 13.497512 9
-38.251827 -737.222351 5.061603 9
-39.224060 -738.001587 37.137367 9
-34.951035 -746.178406 34.385151 9
-38.443417 -747.323120 35.703651 9
-37.606865 -739.563538 10.950928 9
-36.789524 -735.828064 -0.444331 9
-35.365429 -750.102783 46.018154 9
-38.068047 -736.107849 36.658379 9
-37.510326 -738.778748 27.970387 9
-38.167465 -736.619812 10.255736 9
-41.666683 -740.822632 24.045835 9
-33.603733 -744.413452 32.512623 9
-35.867626 -737.734924 29.145731 9
-32.040936 -742.130737 30.802809 9
-34.145950 -750.418335 45.297535 9
-38.290260 -737.097839 27.787548 9
-37.859085 -739.018555 36.408356 9
-37.239391 -736.798828 27.635731 9
-38.087952 -738.229126 28.565958 9
-38.298889 -738.487427 1.781745 9
-38.430073 -738.094360 31.288710 9
-38.348221 -737.542786 5.487769 9
-33.319626 -739.692261 22.735380 9
-36.854115 -747.710449 35.909740 9
-30.849653 -745.315247 41.714672 9
-36.202805 -738.627991 24.827887 9
-36.112537 -737.783630 25.136600 9
-33.168442 -739.957642 23.269655 9
-36.926819 -738.848755 4.074584 9
-37.608269 -736.992676 24.615438 9
-31.347839 -739.569153 27.161242 9
-32.638100 -740.569031 25.991219 9
-32.742435 -750.711731 46.146500 9
-31.758320 -742.557190 32.189526 9
-33.321518 -740.894531 24.739874 9
-35.351460 -742.671021 25.635550 9
-41.669746 -744.268066 31.314156 9
-32.111805 -744.905762 36.115395 9
-39.398579 -736.581482 42.147137 9
-37.356537 -741.363892 20.140699 9
-36.234108 -738.025696 16.809036 9
-31.452066 -740.004822 27.479359 9
-38.594379 -741.705261 21.837332 9
-31.271532 -745.061768 38.618565 9
-38.233971 -741.661255 21.049511 9
-39.607689 -736.827148 42.906574 9
-39.117737 -742.755554 24.695143 9
-36.220665 -737.360474 0.181618 9
-38.362751 -737.199341 28.710766 9
-33.640583 -750.409363 44.666950 9
-38.459488 -736.974365 29.470692 9
-35.647289 -749.775085 41.356308 9
-36.897324 -739.308899 4.515656 9
-38.746536 -736.004517 41.855362 9
-37.819904 -738.988770 9.883297 9
-39.182987 -738.801880 17.697044 9
-41.007336 -746.692444 34.030273 9
-40.004593 -741.579590 22.746548 9
-34.735115 -741.276245 22.282671 9
-35.898251 -738.353271 11.734123 9
-33.234837 -748.619690 41.774670 9
-38.705818 -738.044556 30.720491 9
-35.892376 -741.525146 20.717566 9
-36.786701 -743.161011 25.640736 9
-32.893421 -739.958130 24.842733 9
-37.971142 -738.633606 31.467749 9
-38.093128 -738.649292 32.229424 9
-32.513908 -741.608093 28.731169 9
-35.868176 -749.873901 42.798088 9
-37.686787 -742.288757 23.273918 9
-30.710361 -741.391296 32.063866 9
-36.247459 -737.218384 13.517915 9
-33.178944 -750.146240 44.750851 9
-39.253677 -738.004700 18.459274 9
-36.063511 -738.396423 17.581505 9
-38.126942 -739.670715 16.122807 9
-38.949539 -738.171509 34.110413 9
-32.879925 -742.263733 29.294418 9
-37.886574 -741.217102 19.671846 9
-38.509514 -736.484070 37.687405 9
-36.423870 -736.755005 8.686976 9
-37.866096 -738.707764 17.367208 9
-36.720970 -735.909546 37.109100 9
-30.566999 -746.343567 42.982754 9
-35.907543 -740.826355 17.523336 9
-37.000088 -740.943542 17.161301 9
-35.987984 -739.149902 11.979638 9
-33.525772 -747.813660 39.321533 9
-32.858253 -738.061829 21.681324 9
-34.946167 -737.229309 17.354933 9
-38.409882 -743.545288 26.556004 9
-37.052555 -740.385559 15.170033 9
-37.471046 -736.195740 35.191120 9
-40.794014 -744.748230 31.249302 9
-36.303955 -738.124634 31.162935 9
-38.218555 -736.998413 30.681906 9
-37.854946 -743.156860 25.111862 9
-36.210968 -741.408142 19.091295 9
-39.260513 -744.911743 30.502312 9
-35.805756 -748.905518 39.325035 9
-32.986267 -745.119934 34.795811 9
-38.047249 -737.785278 7.935968 9
-37.404110 -739.059631 31.766178 9
-33.292030 -741.926147 27.631819 9
-38.289829 -737.828064 1.819837 9
-35.677139 -745.604980 32.755836 9
-36.887489 -737.501526 11.019323 9
-37.255348 -737.135010 4.951068 9
-39.308620 -741.850525 22.279957 9
-40.426315 -737.210693 45.528778 9
-33.308971 -750.874268 46.272175 9
-37.310459 -741.956604 21.627726 9
-41.742931 -741.707153 25.479652 9
-38.700176 -740.933105 19.738855 9
-39.712929 -743.191162 25.825813 9
-36.447926 -736.192017 37.412918 9
-37.956730 -738.457642 8.060650 9
-36.263401 -737.615417 14.578913 9
-39.632290 -747.618042 36.716160 9
-31.099567 -744.983887 39.192749 9
-38.574581 -748.776733 40.076023 9
-35.662395 -739.361755 14.300724 9
-37.400196 -737.209106 18.872801 9
-37.776356 -736.845032 1.482528 9
-41.751400 -742.466919 27.023054 9
-37.264965 -736.199280 -0.593169 9
-33.526073 -738.850098 20.773983 9
-38.429436 -745.950806 32.382977 9
-36.449066 -737.131287 11.532310 9
-31.909466 -750.507263 45.642586 9
-39.881176 -747.759216 37.584148 9
-32.151211 -744.469849 35.201225 9
-40.113159 -736.988708 45.929043 9
-30.814871 -742.607117 35.574963 9
-36.194218 -749.933411 44.373692 9
-40.743412 -746.994263 34.732685 9
-38.268845 -737.612122 27.851164 9
-32.395519 -744.861084 35.350910 9
-38.031647 -737.267334 3.231421 9
-38.317104 -749.239014 40.937687 9
-35.463871 -739.097778 14.853422 9
-38.645855 -747.041626 35.069351 9
-36.591209 -736.138855 -0.056805 9
-36.545124 -736.639648 2.968760 9
-35.334198 -750.146179 45.241238 9
-36.249775 -744.261475 29.024391 9
-35.398335 -749.150757 40.175781 9
-38.238506 -737.796326 14.458365 9
-40.071980 -741.753418 23.305525 9
-38.282742 -738.577087 1.355055 9
-34.058628 -739.215698 20.068356 9
-32.058117 -746.221069 38.842003 9
-36.012917 -737.888367 7.390597 9
-35.408104 -737.532349 15.717856 9
-36.981316 -745.375793 31.127811 9
-38.369720 -745.145691 29.827147 9
-33.215206 -750.402405 46.280235 9
-35.280617 -739.786926 16.624760 9
-35.841648 -739.042786 27.982195 9
-38.974628 -738.197571 37.469662 9
-38.229847 -736.644714 34.173237 9
-38.624031 -738.220520 -0.430337 9
-32.070374 -749.790100 45.377224 9
-36.608990 -735.922424 0.919146 9
-32.965576 -747.352722 39.357533 9
-36.818256 -747.184448 35.089111 9
-36.190746 -737.649719 11.356185 9
-38.704670 -738.704529 -0.476733 9
-38.650387 -741.453247 20.968365 9
-36.748802 -736.757385 6.779487 9
-34.178314 -746.815918 36.265686 9
-37.037434 -738.678894 0.483626 9
-34.949005 -749.777588 42.422050 9
-38.255711 -737.990662 25.457115 9
-31.654642 -747.407593 42.532848 9
-36.069870 -744.737427 30.341549 9
-37.509697 -738.726929 -0.319394 9
-39.439217 -738.332397 39.730095 9
-37.920578 -738.485291 24.721704 9
-31.524067 -744.938538 37.628784 9
-38.156437 -738.631531 6.397658 9
-35.562550 -741.691345 22.216354 9
-35.504917 -737.943481 15.134045 9
-34.639217 -737.560059 18.210922 9
-38.296871 -748.680237 39.122177 9
-36.680134 -740.005371 12.809785 9
-39.116413 -742.037170 22.639906 9
-35.043125 -742.765320 26.601187 9
-38.311607 -737.647522 4.447976 9
-39.248260 -745.553406 31.949183 9
-36.950470 -739.264832 5.555218 9
-37.398392 -738.675598 26.642998 9
-39.401871 -737.665405 38.524532 9
-36.780254 -738.666626 2.528614 9
-37.277695 -738.740784 1.618376 9
-37.550919 -737.274841 10.337619 9
-33.534611 -748.546326 40.996609 9
-35.371586 -736.943542 33.462875 9
-40.262394 -742.664185 25.200808 9
-37.770756 -740.721191 17.943081 9
-31.423660 -748.789734 44.584293 9
-36.500648 -737.408813 20.854498 9
-37.318794 -746.915466 34.559055 9
-30.979355 -740.967896 30.393776 9
-38.000927 -738.345764 8.645588 9
-36.329689 -740.757935 16.113979 9
-38.197033 -737.939148 27.541862 9
-36.571949 -747.923645 36.844845 9
-37.427616 -737.481140 18.040377 9
-38.993099 -737.716003 35.501049 9
-38.272442 -737.704712 0.475866 9
-36.578609 -748.642517 38.817173 9
-38.884907 -737.643799 34.688904 9
-38.211155 -738.231445 30.023048 9
-38.386406 -737.977356 27.036949 9
-32.009392 -747.935913 42.727798 9
-40.523041 -747.338806 35.520348 9
-35.752098 -737.428772 2.015115 9
-39.696167 -745.786255 32.667507 9
-34.072910 -738.757324 18.868597 9
-31.242783 -747.979187 43.764820 9
-36.191238 -741.693909 19.730619 9
-38.159184 -738.340759 7.462999 9
-37.286732 -739.673035 12.709672 9
-35.923588 -737.951416 1.463667 9
-37.894123 -742.149231 22.246510 9
-33.665115 -742.504333 28.256088 9
-37.219337 -742.278503 22.985703 9
-38.362507 -748.851379 41.792843 9
-38.117943 -737.770569 13.401224 9
-36.868862 -738.933960 5.938694 9
-38.143887 -737.204285 10.272013 9
-36.033165 -739.112122 27.175638 9
-37.474052 -736.209106 36.637409 9
-38.217644 -743.484253 26.086615 9
-34.677341 -747.551880 37.438686 9
-36.693161 -736.606323 9.408039 9
-30.697083 -741.859070 33.052990 9
-30.306784 -745.781494 42.294109 9
-39.002258 -739.855957 18.252291 9
-41.668785 -742.273987 26.063011 9
-33.485870 -741.764893 26.784891 9
-38.854691 -738.769775 40.548817 9
-41.250343 -743.283997 28.316092 9
-33.279961 -747.733398 39.693378 9
-35.915836 -745.981323 33.374958 9
-35.747921 -750.008667 44.850773 9
-39.506390 -738.500000 41.990295 9
-36.165890 -750.063599 43.542782 9
-37.644154 -738.429810 23.690205 9
-31.835426 -743.326416 33.729370 9
-37.404247 -738.597961 25.978903 9
-38.456608 -738.036560 15.638526 9
-36.390221 -737.715515 18.125429 9
-37.708633 -736.910339 4.349172 9
-37.170330 -736.450500 33.501030 9
-36.002365 -742.195251 23.054783 9
-31.670189 -749.249512 44.687576 9
-32.254211 -746.753845 45.014912 9
-39.070831 -743.589417 25.974075 9
-35.883831 -743.282043 26.550924 9
-37.561527 -739.109314 11.319088 9
-36.580116 -741.874023 21.211300 9
-31.394056 -743.519409 35.218746 9
-35.386742 -740.988403 20.046083 9
-32.016483 -740.181641 26.724628 9
-30.949137 -745.429688 41.167908 9
-34.019234 -745.564270 34.238274 9
-32.622856 -749.681519 44.191166 9
-32.289665 -746.599792 39.187462 9
-37.382603 -748.093140 37.613289 9
-37.670582 -743.277283 25.947411 9
-38.937824 -747.429382 36.162346 9
-32.283974 -739.522644 25.214022 9
-38.917599 -748.574585 39.766499 9
-40.520248 -741.258484 22.717260 9
-32.762230 -741.653992 28.351809 9
-36.112350 -743.051147 24.500139 9
-37.607300 -747.354431 35.817924 9
-37.520611 -742.537109 23.759689 9
-37.318459 -747.809387 36.782139 9
-38.862038 -745.924683 32.698231 9
-36.992924 -739.678406 11.071923 9
-35.951885 -743.607544 27.329657 9
-37.754723 -737.763367 19.347008 9
-36.900803 -745.010803 30.274071 9
-36.956078 -739.008484 32.476452 9
-36.356461 -744.424377 29.421944 9
-36.755169 -738.921265 5.195214 9
-36.251987 -738.223816 -0.422995 9
-34.060280 -743.051208 28.914089 9
-40.842972 -743.204956 27.449253 9
-38.290798 -743.894958 27.404968 9
-33.270908 -744.522156 33.199432 9
-37.018860 -736.730530 5.660240 9
-38.210068 -738.991882 38.336849 9
-31.358837 -742.426208 32.820896 9
-38.279907 -737.060913 33.017010 9
-36.468018 -741.192383 16.423418 9
-31.957277 -740.565857 27.493168 9
-37.781273 -737.780823 10.987741 9
-36.946129 -739.268799 6.337767 9
-41.758331 -742.776917 28.696579 9
-36.635822 -748.254333 37.574097 9
-37.843266 -737.435730 2.589264 9
-37.647114 -739.039307 35.024971 9
-35.413685 -749.610779 45.373428 9
-37.028488 -748.834167 39.446617 9
-37.055546 -748.337463 38.218952 9
-35.973293 -738.562683 26.301567 9
-36.438599 -736.659912 1.355893 9
-38.894913 -743.868530 27.082890 9
-39.942314 -737.363831 44.729191 9
-35.305527 -742.482849 25.094526 9
-36.912140 -738.620422 0.932433 9
-35.912319 -736.600647 34.146938 9
-36.990242 -739.029114 33.370552 9
-36.670319 -749.947205 43.671356 9
-36.328991 -737.136292 2.318656 9
-40.897606 -746.595154 34.929195 9
-35.714485 -740.065674 16.043209 9
-35.759605 -746.389343 34.146790 9
-33.066811 -741.059998 25.917303 9
-33.551487 -742.588928 28.701031 9
-34.424145 -739.621094 18.934298 9
-31.493193 -746.072998 39.917816 9
-38.584755 -737.688171 31.458076 9
-35.454075 -744.045105 28.796022 9
-35.755089 -738.238586 0.931491 9
-38.717369 -738.379639 36.097950 9
-39.551025 -748.351379 39.189137 9
-35.316509 -741.258972 21.335659 9
-40.355892 -743.310791 27.114334 9
-34.277306 -749.515137 42.718555 9
-38.575298 -736.946472 34.942654 9
-37.189587 -736.746521 4.174894 9
-31.437948 -749.678650 45.143120 9
-36.432289 -737.034668 28.137249 9
-36.019836 -745.138855 31.117010 9
-36.248257 -748.001892 37.164047 9
-37.871761 -748.507385 38.523693 9
-40.401859 -747.479736 36.470749 9
-39.241627 -746.948853 34.290607 9
-33.601593 -748.758606 41.547127 9
-35.733078 -737.905212 3.543786 9
-36.922684 -738.866272 29.032700 9
-37.041512 -736.317139 10.283020 9
-35.742573 -737.375732 31.300226 9
-31.179008 -745.942566 41.894852 9
-35.949276 -737.150452 4.959629 9
-36.335293 -737.455872 10.704622 9
-35.518120 -737.494507 31.812740 9
-37.927818 -737.875549 9.569941 9
-37.575752 -740.336304 16.415054 9
-38.396385 -738.385315 5.884524 9
-38.846848 -743.334290 25.695820 9
-36.251095 -745.598938 32.039600 9
-39.648129 -742.262878 23.820883 9
-32.621960 -749.255310 43.832626 9
-37.271442 -736.785706 6.212242 9
-35.889778 -748.299072 38.040287 9
-35.673710 -749.709290 40.844070 9
-40.111141 -739.516174 20.204891 9
-34.412025 -745.392090 33.504536 9
-38.737480 -748.451172 38.493942 9
-37.144997 -749.622192 42.992622 9
-39.080673 -743.068726 25.338507 9
-35.991985 -738.478333 10.255790 9
-31.208933 -741.817810 31.719086 9
-37.629585 -736.944580 9.452065 9
-37.175831 -739.130005 34.214645 9
-30.799755 -741.201233 31.321945 9
-38.035816 -746.116333 32.525009 9
-36.216221 -738.299744 1.598766 9
-36.983276 -745.988953 32.293674 9
-34.103279 -747.614075 38.015999 9
-30.997614 -740.556030 29.255161 9
-38.256447 -749.361572 41.784908 9
-38.001247 -738.633423 11.906975 9
-38.906715 -738.855896 16.781420 9
-37.988350 -749.101929 42.110058 9
-35.916859 -738.769287 24.364590 9
-37.470863 -739.075256 0.014213 9
-38.145470 -739.186218 14.935629 9
-37.927189 -738.043274 24.095665 9
-37.211029 -736.033081 38.392075 9
-39.150764 -745.246033 31.148611 9
-38.876278 -739.041565 16.390516 9
-38.444717 -737.945190 2.634270 9
-41.106632 -742.946411 26.932808 9
-37.235474 -736.401367 31.939945 9
-32.535667 -742.461304 30.161829 9
-38.174313 -737.545959 24.761808 9
-31.918236 -747.442444 41.995705 9
-30.731911 -743.388306 36.607292 9
-37.468609 -747.089233 35.032478 9
-39.295086 -739.652954 18.545195 9
-36.058903 -739.397095 12.575988 9
-34.378513 -750.544739 45.667137 9
-36.764492 -736.418640 0.476194 9
-39.005409 -738.484924 42.250301 9
-36.683651 -737.499268 11.538367 9
-41.658848 -744.694275 31.492279 9
-38.696438 -738.484985 15.956489 9
-37.902931 -748.977234 39.892620 9
-35.910339 -736.929077 32.309433 9
-38.825848 -737.962708 32.638348 9
-41.429111 -741.882202 24.628929 9
-34.242603 -744.432373 31.898544 9
-39.506741 -738.361023 18.482235 9
-36.440044 -736.781860 7.647698 9
-37.753330 -738.455444 20.359587 9
-36.976654 -740.246521 14.114915 9
-36.368847 -749.420593 40.938541 9
-37.706596 -747.970459 37.321831 9
-39.154545 -736.958984 39.007030 9
-34.625137 -741.451599 23.206106 9
-41.470387 -743.865417 29.900839 9
-39.326447 -737.370605 39.655334 9
-32.445030 -741.066956 27.727283 9
-36.829403 -737.505127 13.914124 9
-37.656021 -737.158142 11.440902 9
-34.304035 -742.922180 28.161613 9
-36.177971 -737.610229 14.087885 9
-33.430687 -743.753357 31.390970 9
-38.185223 -737.630188 26.302216 9
-36.973915 -748.070740 36.921932 9
-36.255512 -742.033997 20.146870 9
-36.581978 -742.405334 22.490719 9
-30.276564 -744.169739 39.280472 9
-37.865952 -741.491760 20.718657 9
-40.753994 -741.388733 23.197023 9
-39.333500 -738.309631 41.643410 9
-33.255024 -740.658020 24.389902 9
-32.071754 -741.086426 28.318991 9
-36.602951 -739.222778 8.715931 9
-39.325924 -746.140869 33.233379 9
-38.238171 -748.083984 37.465485 9
-39.439804 -738.011108 43.172279 9
-35.464703 -738.364319 29.904348 9
-37.255890 -736.851929 7.273250 9
-40.000740 -737.494080 44.134663 9
-39.110653 -746.309570 33.708145 9
-37.395298 -746.224487 32.774673 9
-41.353683 -740.016479 22.503782 9
-38.112869 -739.445251 0.292503 9