-36.901245 -735.789612 38.633766 9
-38.886662 -738.874756 -0.846512 9
-36.522205 -741.826416 19.156704 9
-33.052193 -751.329956 46.278255 9
-41.924885 -744.295105 30.527552 9
-30.640278 -740.431824 29.477341 9
-36.763325 -736.037598 9.750840 9
-34.062962 -747.051147 36.808971 9
-38.246208 -737.031189 26.872530 9
-39.954884 -737.286194 46.375465 9
-38.420811 -749.143494 42.120331 9
-30.406670 -746.058655 42.625702 9
-35.854496 -743.477173 26.058584 9
-32.347557 -738.398743 23.236612 9
-40.680775 -747.532166 36.125740 9
-37.108639 -738.957520 32.949123 9
-41.179482 -741.452698 23.428505 9
-30.311644 -742.423767 35.310272 9
-35.664501 -737.491150 4.025587 9
-38.417702 -737.617493 15.416747 9
-36.230267 -745.410522 31.626245 9
-37.711643 -737.191833 21.523899 9
-34.264030 -737.678162 18.019724 9
-39.118439 -738.761169 41.826038 9
-36.616444 -740.197388 11.816077 9
-33.898457 -748.747498 41.198177 9
-33.219101 -747.153564 45.647720 9
-39.931351 -743.427734 26.925737 9
-30.989752 -744.708191 38.761917 9
-36.946747 -739.522705 7.566294 9
-32.648724 -743.229431 31.714708 9
-35.549274 -738.994324 29.090775 9
-39.140301 -738.173584 36.319225 9
-37.490227 -748.392090 38.319550 9
-36.425331 -736.010986 0.364445 9
-34.884727 -741.412231 22.861397 9
-32.821213 -740.899536 26.244356 9
-39.497505 -739.320496 18.786518 9
-36.308147 -740.731445 15.547763 9
-37.184822 -747.275635 34.772831 9
-35.921516 -749.607727 44.797859 9
-35.672485 -736.288818 35.036053 9
-39.961235 -745.893311 33.027184 9
-36.024761 -738.346619 24.398706 9
-37.828392 -736.533142 30.470665 9
-38.644505 -738.769714 2.805567 9
-39.385361 -735.753845 43.344410 9
-37.967258 -742.536865 23.622131 9
-32.637924 -744.797058 34.802467 9
-35.433594 -737.928833 14.008303 9
-34.798126 -743.586731 29.258791 9
-38.800911 -744.813049 29.640377 9
-38.346321 -737.218567 5.845668 9
-33.828968 -739.448364 20.658293 9
-38.027321 -739.345642 38.954205 9
-37.949585 -737.357178 12.351252 9
-37.297466 -737.256958 18.403498 9
-39.191204 -741.263062 21.071117 9
-30.507561 -741.304504 32.473259 9
-32.939068 -749.544128 43.892651 9
-35.762131 -736.879700 7.125153 9
-38.611187 -736.709961 33.885227 9
-32.630482 -746.965271 39.305004 9
-41.139599 -739.280701 21.463688 9
-39.239841 -736.931824 39.712849 9
-35.304001 -737.601807 31.457567 9
-37.862350 -738.522400 9.903140 9
-34.966339 -745.985046 33.958988 9
-35.838562 -738.382507 1.381185 9
-32.363167 -744.855286 44.704376 9
-32.804203 -741.972595 28.653727 9
-36.351322 -749.334473 40.490700 9
-41.756088 -742.412231 28.449671 9
-35.199577 -740.066223 17.795031 9
-30.924583 -747.988586 44.269691 9
-36.785885 -738.896179 35.495819 9
-36.326267 -739.391968 26.740587 9
-37.918411 -739.462646 13.816482 9
-36.910980 -739.386597 5.067681 9
-41.717682 -741.428711 25.862505 9
-36.127369 -738.111572 16.363497 9
-34.845837 -748.191650 38.875114 9
-31.555075 -738.904663 25.559263 9
-38.285931 -739.788025 16.663662 9
-37.777107 -736.104553 36.298206 9
-37.921520 -738.465271 28.955929 9
-37.031033 -744.066284 28.105618 9
-37.588390 -739.315735 22.680317 9
-37.384731 -736.709229 2.479306 9
-38.524269 -736.493652 -0.734730 9
-39.893208 -748.503235 38.293980 9
-36.852531 -742.000793 21.526011 9
-35.865440 -737.970703 11.400219 9
-38.067719 -737.195496 24.531988 9
-39.894032 -737.951965 43.954006 9
-32.015869 -747.372681 41.574162 9
-35.984798 -738.648438 20.913973 9
-35.369507 -749.877197 42.575504 9
-38.220119 -736.957642 8.129005 9
-34.260403 -749.032654 46.477379 9
-32.271397 -745.631165 37.101784 9
-38.361259 -735.539917 41.262104 9
-36.182457 -737.316345 27.733160 9
-33.218845 -740.391785 23.944754 9
-36.534256 -736.581543 32.995487 9
-38.052055 -743.301147 25.712431 9
-36.681171 -738.449707 -0.663656 9
-34.291531 -744.572144 32.363537 9
-36.154003 -747.813660 36.667088 9
-38.500679 -747.662964 36.488811 9
-37.805031 -746.278320 32.881081 9
-34.587673 -741.948853 24.965460 9
-31.386127 -739.567078 27.627769 9
-30.344559 -743.104614 37.376316 9
-39.922485 -742.652222 24.757113 9
-31.577471 -742.937012 33.573124 9
-38.754738 -738.079102 31.683393 9
-38.774513 -748.302856 40.153790 9
-30.246653 -744.903992 40.779095 9
-34.271889 -742.592468 27.255058 9
-36.085609 -737.904785 8.961164 9
-37.895161 -738.618774 19.969755 9
-38.268661 -737.805298 0.908119 9
-41.411930 -746.702698 34.304447 9
-39.057323 -737.792297 17.449781 9
-39.299225 -746.821045 34.741959 9
-37.081932 -738.900085 30.780224 9
-31.846348 -741.765503 30.513393 9
-35.175819 -740.978638 20.478685 9
-35.051758 -750.982605 46.028374 9
-40.533443 -743.993652 28.833803 9
-41.769035 -745.407349 32.217842 9
-31.576336 -750.062439 45.267426 9
-40.096043 -745.117737 31.190716 9
-36.028233 -742.959839 24.062094 9
-38.126781 -740.720947 18.539591 9
-38.880966 -736.821594 37.746849 9
-32.968212 -737.794922 21.272314 9
-36.091328 -737.194397 29.707333 9
-36.579922 -737.059021 25.846617 9
-38.439339 -738.573120 34.413624 9
-35.951530 -738.557434 18.904682 9
-36.015388 -739.820007 13.749104 9
-36.333103 -744.618835 29.825382 9
-31.485256 -744.120300 36.227482 9
-36.695232 -741.259277 17.328959 9
-37.135159 -749.888550 43.356911 9
-36.200455 -737.701904 22.569317 9
-39.509357 -736.905518 41.818573 9
-36.734447 -738.689392 2.981606 9
-37.400612 -739.263000 37.196915 9
-37.971088 -737.570862 4.064615 9
-38.105644 -745.564270 31.220560 9
-36.615807 -736.834412 5.428674 9
-36.670994 -739.814270 9.469540 9
-37.686352 -736.713257 28.618484 9
-37.228905 -737.382263 14.094582 9
-33.243401 -743.040894 30.032793 9
-39.594688 -741.881287 22.696117 9
-37.773010 -738.396851 25.811594 9
-33.870514 -745.995605 35.403446 9
-31.434597 -746.162476 40.342922 9
-34.158501 -739.202576 18.947283 9
-37.896507 -739.021301 11.665896 9
-33.738213 -740.281311 22.194492 9
-40.444191 -738.545898 20.027353 9
-35.382889 -746.840820 35.448349 9
-38.747982 -744.215637 27.985909 9
-39.969177 -736.302429 44.864979 9
-32.204025 -748.143799 43.083256 9
-34.298717 -750.190186 44.672810 9
-36.240040 -736.026611 37.028511 9
-38.160461 -738.485718 7.006451 9
-35.441338 -739.297485 15.341603 9
-33.612675 -737.773499 19.700411 9
-39.293484 -738.302185 38.563831 9
-34.965122 -744.334839 30.844345 9
-37.770618 -738.830017 18.110909 9
-37.813061 -741.303589 20.129082 9
-38.949883 -738.533508 40.176514 9
-37.149132 -739.578064 24.527624 9
-37.474117 -739.131714 1.502841 9
-36.135582 -738.277649 6.084636 9
-36.732319 -737.436401 19.933924 9
-37.259632 -737.297302 10.825960 9
-37.505535 -737.313538 16.754734 9
-34.712734 -738.811035 16.822601 9
-38.034035 -736.726807 32.323524 9
-35.469337 -743.585815 27.740267 9
-38.102234 -737.791016 23.019718 9
-33.049500 -744.169739 33.331745 9
-37.286980 -736.330872 34.717369 9
-41.175758 -739.942871 22.915390 9
-41.331703 -742.572205 26.882002 9
-39.934727 -740.016174 20.320171 9
-33.899048 -749.277100 42.681606 9
-37.236427 -735.746460 40.165630 9
-36.258717 -746.016174 33.084888 9
-37.538021 -738.641602 27.393610 9
-36.347305 -737.460449 12.801983 9
-38.480873 -739.193909 15.250009 9
-31.777769 -740.807861 28.481680 9
-32.097923 -746.367676 44.861294 9
-36.583416 -736.740601 31.390411 9
-37.270676 -736.775818 6.856407 9
-36.966850 -749.625732 41.866772 9
-38.815941 -737.036194 35.367256 9
-30.503368 -741.908386 33.886879 9
-33.640812 -747.439453 38.283760 9
-35.997959 -737.377197 2.510780 9
-36.207245 -748.833008 39.001335 9
-38.604008 -737.798706 30.181299 9
-33.568176 -748.081665 39.694946 9
-38.254814 -741.978516 22.038206 9
-37.604233 -749.115906 39.627747 9
-35.500492 -737.321960 33.756405 9
-31.544508 -742.235413 31.940947 9
-30.837620 -740.792969 31.032141 9
-36.240772 -737.012329 -0.723670 9
-35.883831 -738.995728 12.477450 9
-38.020264 -736.815857 9.608947 9
-36.798779 -737.106079 23.795057 9
-31.866291 -745.905945 38.591263 9
-38.344624 -736.031250 38.975464 9
-34.971535 -748.926208 40.159496 9
-37.783070 -738.686523 8.422988 9
-36.626511 -736.690979 8.278196 9
-36.011341 -739.356384 10.791726 9
-36.696140 -742.300842 22.947573 9
-36.089836 -738.293518 7.557457 9
-35.503944 -740.770691 19.025990 9
-38.214565 -739.793457 0.031953 9
-32.504047 -739.891785 25.083916 9
-38.634785 -738.526184 5.317832 9
-33.843304 -745.107971 34.069954 9
-38.611649 -738.043762 33.103065 9
-31.658697 -743.649719 34.876053 9
-32.970219 -750.383667 45.142811 9
-42.027069 -743.475647 29.351933 9
-37.445618 -736.971802 0.054516 9
-35.986397 -737.181824 10.220859 9
-36.866192 -736.705383 3.888809 9
-37.907063 -738.922913 21.353106 9
-38.112293 -738.988831 4.093287 9
-35.951931 -738.296875 25.841143 9
-33.153538 -739.008850 21.944241 9
-36.518814 -737.098999 1.238561 9
-36.749218 -738.273804 34.129128 9
-37.257782 -743.667908 26.785418 9
-40.697578 -741.055542 22.191050 9
-41.471096 -740.759094 24.663029 9
-36.452290 -737.970398 32.215881 9
-31.260515 -747.134888 42.827240 9
-35.132378 -747.726257 37.575562 9
-37.376778 -740.079529 15.000696 9
-39.756187 -747.794434 37.122486 9
-35.196106 -738.421448 30.359545 9
-36.794018 -743.023926 25.193342 9
-35.751682 -738.627197 27.802086 9
-36.304089 -737.790100 15.050986 9
-33.502399 -741.101562 25.103504 9
-33.929935 -742.815430 28.552559 9
-31.922888 -739.879395 26.406996 9
-35.618187 -740.055115 16.483961 9
-33.808502 -743.740173 31.161282 9
-35.546436 -741.509216 21.695852 9
-38.059235 -738.910583 35.993454 9
-37.307301 -735.757507 -0.619793 9
-40.608624 -744.412048 30.113417 9
-37.889126 -738.480469 24.140810 9
-38.623444 -738.683899 37.441853 9
-38.161751 -738.206848 13.407567 9
-33.217690 -741.712524 27.221817 9
-37.522274 -744.650208 29.212732 9
-37.730156 -736.155579 37.638153 9
-32.822239 -748.397766 41.938652 9
-38.809109 -738.598022 16.413818 9
-38.855911 -745.752075 32.290348 9
-31.341431 -744.543030 37.463276 9
-31.767761 -749.023438 44.296501 9
-36.269978 -737.950562 17.776440 9
-38.670418 -748.691040 38.841583 9
-31.021746 -745.688782 41.523499 9
-35.242474 -749.546875 41.295185 9
-39.703712 -737.996033 18.572287 9
-37.822399 -749.252380 40.929253 9
-39.240940 -739.226929 17.499504 9
-35.070812 -737.488892 16.994946 9
-38.711029 -743.881836 26.687595 9
-33.294193 -749.956726 46.344540 9
-36.099060 -746.591492 34.365124 9
-39.096874 -740.539246 19.405876 9
-38.144051 -746.638306 34.101021 9
-39.374069 -737.844910 42.728218 9
-37.281605 -739.579834 10.608742 9
-37.067326 -740.067932 13.037998 9
-33.932602 -741.882446 26.096575 9
-35.074116 -737.993103 15.382239 9
-37.295078 -747.618164 36.019009 9
-41.015469 -741.971985 24.712109 9
-35.130169 -745.483826 32.700272 9
-37.234180 -738.942444 6.238663 9
-35.964230 -737.799011 0.262228 9
-36.417648 -738.513123 4.252861 9
-38.715771 -743.059998 24.621983 9
-38.514523 -737.988098 27.894358 9
-35.270321 -750.118042 43.823853 9
-32.740215 -745.505249 35.929173 9
-36.236305 -741.684998 20.406721 9
-40.457745 -742.833679 25.902191 9
-32.671494 -747.613037 40.484810 9
-36.497009 -737.536133 21.281065 9
-34.134281 -741.297546 23.986233 9
-38.653664 -748.194580 37.636845 9
-36.261303 -748.334045 37.812298 9
-41.363537 -745.939697 33.295551 9
-41.017609 -743.286194 27.867462 9
-37.249741 -740.626038 16.411974 9
-32.073170 -738.532898 24.474449 9
-34.573460 -740.203796 19.630295 9
-37.022877 -745.276245 30.652250 9
-39.976173 -737.554199 45.138306 9
-37.761570 -736.161560 10.642185 9
-32.925541 -748.378845 45.680973 9
-32.908344 -746.508667 37.742645 9
-37.782101 -738.832458 31.913235 9
-37.488464 -748.777588 42.854919 9
-38.489845 -737.767395 -0.457715 9
-35.878735 -744.145325 28.762539 9
-38.665203 -736.101624 42.299313 9
-34.971123 -742.543945 26.089626 9
-33.081905 -739.503174 23.094656 9
-39.482742 -737.571655 40.737766 9
-37.447388 -738.774902 0.338763 9
-38.140793 -736.555847 0.977941 9
-38.197498 -737.554321 2.842540 9
-37.294998 -747.998169 37.183781 9
-32.309494 -740.872681 27.376200 9
-38.260609 -747.118408 35.322346 9
-40.471062 -746.922668 35.083157 9
-39.854168 -736.874634 43.320030 9
-35.234810 -742.033142 23.958879 9
-39.469505 -747.266357 35.877514 9
-36.628456 -736.154358 35.780689 9
-30.197977 -744.334106 39.708637 9
-36.114170 -739.083984 8.499525 9
-37.011806 -736.870056 26.975937 9
-39.255489 -743.208191 25.763887 9
-36.832569 -740.678162 14.056545 9
-36.452934 -737.806396 30.845116 9
-30.803402 -742.928040 36.284367 9
-30.319363 -743.731934 38.404560 9
-39.192310 -742.495178 23.639830 9
-38.804665 -736.914795 36.567860 9
-38.462128 -736.129639 40.155293 9
-35.609001 -737.164917 32.531532 9
-37.758476 -736.976135 25.685810 9
-40.182663 -746.335938 34.099720 9
-37.819065 -737.351379 19.507973 9
-35.706253 -737.614990 5.208288 9
-38.617760 -738.811218 1.580398 9
-37.585850 -736.308533 33.493053 9
-35.895191 -738.619446 23.266815 9
-34.267498 -740.469055 21.039850 9
-33.954418 -750.713623 45.719383 9
-37.310368 -737.286194 15.599733 9
-37.213047 -737.128174 22.619680 9
-37.048687 -738.929138 29.558596 9
-36.083675 -738.788696 9.723416 9
-41.243126 -744.719604 31.370481 9
-32.282867 -743.426880 32.805763 9
-37.682526 -736.879700 4.953653 9
-37.721127 -740.554260 17.475243 9
-32.071419 -741.471130 29.388779 9
-37.239864 -745.839050 31.952072 9
-31.036459 -745.222717 39.810753 9
-35.137138 -749.883972 45.659595 9
-35.779007 -737.813232 28.696363 9
-38.914852 -746.236145 33.336399 9
-35.703854 -742.721558 25.211296 9
-40.594654 -745.325928 32.202129 9
-38.656837 -738.800598 0.362556 9
-35.142170 -747.242676 36.495335 9
-38.317760 -737.350037 6.983407 9
-38.471584 -737.454285 29.107327 9
-38.495392 -737.039612 31.233709 9
-37.075291 -746.540222 33.735374 9
-37.777962 -738.755737 -0.749175 9
-38.347286 -738.291321 14.518622 9
-36.341614 -736.489685 34.098202 9
-37.949604 -738.341675 17.108303 9
-40.172157 -741.955139 23.800734 9
-37.058155 -736.658081 29.583199 9
-39.448494 -744.310303 28.885132 9
-34.386154 -738.837463 17.889605 9
-37.443291 -739.038330 34.554031 9
-35.626934 -737.139771 15.826735 9
-33.343685 -746.270935 36.505993 9
-34.109947 -749.836182 43.651600 9
-37.701260 -739.151489 12.751656 9
-39.848690 -743.880981 27.930590 9
-31.020170 -742.760986 34.547050 9
-35.963196 -738.744995 22.167772 9
-32.214413 -750.664856 45.948036 9
-37.881828 -737.678955 8.925397 9
-31.048496 -742.146301 32.940125 9
-32.189034 -743.866577 33.938301 9
-37.083302 -741.217163 18.363497 9
-35.083546 -744.991821 31.696835 9
-36.953403 -737.370544 11.875725 9
-36.701958 -739.570801 25.514616 9
-35.882305 -740.940247 17.983713 9
-39.030663 -745.264771 30.737148 9
-38.404613 -737.582642 10.263500 9
-37.105701 -738.932251 28.421816 9
-39.321281 -737.233582 38.660007 9
-36.834671 -739.068542 23.520559 9
-32.918457 -748.952209 42.921650 9
-38.712917 -740.030151 17.961029 9
-34.496880 -741.016663 21.953806 9
-39.060333 -738.057556 35.127865 9
-39.273289 -737.846436 37.576992 9
-37.924137 -737.970642 20.804741 9
-30.857294 -740.061035 28.414413 9
-30.577070 -747.014038 43.641491 9
-38.608711 -737.535522 16.516855 9
-34.286755 -743.705017 30.203262 9
-36.537964 -736.979797 28.689825 9
-33.485222 -738.445251 20.583673 9
-36.058311 -737.741394 26.765297 9
-37.791969 -738.217041 10.918228 9
-38.033588 -738.848572 33.485081 9
-32.485889 -742.629333 30.841887 9
-35.864334 -744.922119 30.735970 9
-36.315903 -747.315063 35.575951 9
-35.489330 -738.935425 14.291525 9
-36.374519 -737.383362 24.853985 9
-37.910275 -738.588501 30.145277 9
-39.047291 -736.371582 41.014015 9
-37.760612 -741.593750 21.139374 9
-35.985043 -740.084961 14.761765 9
-36.481796 -736.977783 9.311830 9
-38.526012 -737.963501 8.083954 9
-37.046677 -742.531006 24.110554 9
-37.957020 -745.127991 30.192356 9
-35.959217 -737.235168 6.167222 9
-36.164261 -737.189331 14.118455 9
-39.406013 -747.966980 39.047638 9
-37.821793 -738.081177 22.020514 9
-36.479519 -737.669006 18.900845 9
-35.340874 -744.307861 29.875380 9
-37.640305 -738.916504 2.521026 9
-33.817535 -740.714539 23.120584 9
-37.669140 -738.653015 4.977946 9
-38.882118 -737.655884 34.195488 9
-33.424362 -743.999451 32.270809 9
-37.796288 -738.268127 19.009525 9
-32.627773 -742.272034 29.761799 9
-38.289154 -748.423767 41.284954 9
-34.449997 -746.772400 35.905354 9
-31.224316 -741.107483 30.008472 9
-36.946198 -739.261353 3.824721 9
-35.738171 -742.017029 22.749853 9
-34.628883 -746.382507 34.847202 9
-32.097706 -744.664001 35.639950 9
-36.327831 -750.006653 43.945057 9
-36.395622 -749.855896 42.671734 9
-36.435314 -743.703979 27.363308 9
-36.456375 -736.113525 1.406455 9
-39.280651 -736.412537 44.132225 9
-35.165253 -742.999329 26.962488 9
-32.435883 -747.567993 45.174313 9
-38.049412 -738.916809 39.863789 9
-38.062305 -736.147217 35.334171 9
-32.677963 -738.099426 22.189388 9
-36.028751 -738.038879 3.267271 9
-41.566319 -740.540222 23.633360 9
-38.608021 -738.239014 3.653672 9
-31.449625 -746.562561 41.270870 9
-32.612129 -739.186523 23.909466 9
-39.682434 -744.765747 30.160219 9
-36.432983 -738.901489 6.841676 9
-37.665855 -743.022156 24.713633 9
-38.348736 -737.984558 26.581467 9
-37.084404 -739.351074 8.650446 9
-37.864063 -743.948364 27.516203 9
-36.249886 -740.827209 16.541676 9
-37.275299 -738.686523 25.014208 9
-35.629230 -738.141479 12.946653 9
-41.348522 -742.344116 25.735502 9
-39.368267 -737.889954 39.557106 9
-36.070244 -736.763855 3.270110 9
-35.994221 -737.406250 8.110048 9
-37.535465 -736.447021 31.515076 9
-40.377224 -736.767761 45.623371 9
-34.453495 -749.202698 41.883904 9
-37.304272 -737.310547 13.114152 9
-32.272068 -749.898560 44.622505 9
-32.971859 -746.269226 45.278603 9
-34.687698 -739.954407 18.659920 9
-35.247807 -750.412292 44.842777 9
-37.564949 -741.163818 19.200550 9
-39.968090 -740.631042 21.074165 9
-38.756874 -741.094910 20.190029 9
-32.072548 -746.867554 40.204067 9
-38.035160 -737.362732 1.735437 9
-37.663906 -742.120972 22.785078 9
-36.244102 -738.272949 2.256338 9
-37.958485 -739.130249 38.008858 9
-38.673817 -742.186951 22.883492 9
-36.587433 -738.429993 0.600815 9
-34.330708 -745.022766 33.248077 9
-39.510384 -737.898193 41.665108 9
-37.796089 -736.867493 3.408787 9
-38.008129 -738.302063 6.071348 9
-37.205875 -739.286438 36.261124 9
-40.422173 -739.318726 20.758617 9
-38.366356 -744.704712 28.712448 9
-33.834038 -738.878052 19.809023 9
-38.351665 -737.683716 4.968292 9
-37.446320 -737.166931 20.576586 9
-34.691326 -743.063171 28.028610 9
-37.365158 -736.684143 1.518071 9
-37.451485 -736.780151 8.787611 9
-36.987709 -738.956848 22.025135 9
-34.059326 -738.255005 18.772768 9
-31.931919 -744.900513 36.551964 9
-37.678883 -736.963501 27.656620 9
-36.614777 -736.804688 30.423983 9
-36.897942 -749.197205 43.957314 9
-38.149174 -738.075867 25.007298 9
-41.166862 -743.868591 29.563869 9
-35.956814 -738.102966 10.470482 9
-35.699200 -738.120117 29.614628 9
-37.457291 -739.346680 9.708702 9
-37.818230 -739.854797 15.813741 9
-38.149612 -738.438660 31.058969 9
-38.659065 -737.423279 32.349987 9
-36.616058 -737.565735 16.946581 9
-38.623505 -738.764587 41.020538 9
-40.025917 -737.000854 44.263515 9
-31.209862 -741.615234 31.265818 9
-37.765289 -737.131958 23.576677 9
-36.746952 -743.234924 26.119732 9
-33.365044 -745.383606 34.877918 9
-36.097805 -737.759766 23.684244 9
-30.911268 -743.772461 37.061394 9
-36.521049 -738.019592 33.147617 9
-36.026924 -749.654419 41.799522 9
-36.264366 -736.957214 4.546510 9
-36.524307 -737.029541 0.313570 9
-39.943775 -739.283691 19.727440 9
-41.188423 -740.059448 21.974009 9
-31.266478 -739.304749 26.731331 9
-36.204262 -742.476807 22.003971 9
-38.675343 -738.687012 39.140442 9
-39.709148 -745.529053 31.979401 9
-33.485584 -742.244385 27.944349 9
-33.352638 -748.223755 40.629089 9
-37.944481 -738.345520 12.355202 9
-37.311588 -739.633057 12.048980 9
-36.633327 -736.254456 37.847458 9
-37.061226 -738.793823 26.259827 9
-38.519585 -738.080872 2.178863 9
-36.014179 -739.004333 25.048269 9
-34.924545 -738.711121 15.914395 9
-37.211273 -737.014832 24.873798 9
-35.702400 -738.981812 13.370783 9
-36.778488 -736.625671 10.449336 9
-41.913776 -742.700623 27.606384 9
-37.571327 -738.484497 23.265720 9
-38.031956 -736.769165 29.537577 9
-35.937111 -738.856018 11.580854 9
-41.377823 -743.351074 28.732056 9
-34.169212 -748.544067 40.292526 9
-35.765556 -749.098389 39.767338 9
-31.977898 -746.365784 39.372696 9
-37.178421 -736.402100 32.370621 9
-35.552818 -748.434998 38.360191 9
-39.107376 -741.739136 21.894962 9
-31.100597 -746.398010 42.163563 9
-31.128942 -743.392273 35.550411 9
-34.261093 -747.492554 37.575100 9
-40.365269 -741.528015 23.034702 9
-35.677238 -737.674622 30.387203 9
-32.469376 -741.362061 28.082445 9
-37.848297 -737.976807 16.001432 9
-37.426846 -736.847473 5.812490 9
-35.888481 -738.613403 26.756365 9
-37.527020 -735.874817 39.332336 9
-33.447418 -750.076782 44.378235 9
-36.721729 -748.997192 39.714981 9
-31.593168 -748.314758 43.774532 9
-35.957340 -737.830261 6.837986 9
-33.634182 -739.659363 21.559908 9
-31.666649 -742.725220 32.720928 9
-37.433445 -738.807190 7.410967 9
-32.715672 -740.067688 25.952257 9
-31.467325 -745.122131 38.133389 9
-39.250401 -738.622620 18.145859 9
-35.725540 -740.532104 17.219522 9
-37.122406 -736.034302 36.904034 9
-33.280773 -742.562134 29.102402 9
-39.878700 -738.429138 19.327032 9
-36.259563 -739.749939 12.719793 9
-36.772507 -738.613159 1.628278 9
-39.434071 -736.510437 42.602531 9
-36.381508 -736.570068 6.582320 9
-37.923416 -737.531128 14.694443 9
-37.025127 -741.549683 19.832399 9
-36.505032 -736.191956 -0.492726 9
-37.365978 -736.934448 7.871769 9
-36.520027 -736.800232 2.121941 9
-33.560333 -748.901428 41.975590 9
-34.533733 -738.100464 17.293489 9
-36.660686 -744.474060 29.033869 9
-38.271801 -736.682007 34.693855 9
-35.054653 -739.655457 17.016317 9
-32.353897 -748.898865 43.675434 9
-37.783154 -737.562500 11.477699 9
-38.293541 -736.373413 36.974552 9
-34.168053 -745.679321 34.636074 9
-35.976318 -741.316345 19.577541 9
-40.763123 -743.211121 27.007998 9
-33.307652 -747.472839 39.075321 9
-34.361416 -744.299561 31.505400 9
-35.712048 -737.557251 1.581302 9
-38.704239 -737.187988 33.179684 9
-31.309698 -749.249573 44.989677 9
-36.292625 -736.779968 32.207291 9
-36.467461 -737.362122 11.133955 9
-38.278507 -737.191284 28.245749 9
-34.585735 -749.714233 42.933826 9
-31.990034 -747.653259 42.373070 9
-31.394760 -740.795227 29.224609 9
-30.931738 -745.478943 40.707344 9
-38.175133 -748.957764 40.219387 9
-34.026363 -743.233398 29.320208 9
-31.175751 -747.607117 43.536888 9
-37.645702 -737.320068 17.631298 9
-37.297867 -739.942444 14.167166 9
-36.421680 -738.639954 5.095361 9
-36.585754 -738.966187 33.621956 9
-38.103580 -738.877197 35.142963 9
-31.786444 -740.293640 27.774088 9
-35.792461 -740.065918 15.595539 9
-36.111668 -738.348999 19.706543 9
-34.789974 -737.977905 16.282137 9
-36.993896 -741.546021 20.807333 9
-35.938862 -745.638794 32.392376 9
-31.955172 -745.599304 44.531651 9
-39.278576 -743.875488 27.290552 9
-34.663452 -748.986938 40.975025 9
-33.641399 -744.620117 32.934174 9
-37.041191 -748.667847 39.021843 9
-38.654598 -738.426392 15.535471 9
-38.058235 -745.968811 32.117310 9
-37.466133 -739.393005 35.395317 9
-38.012585 -737.454712 13.747910 9
-39.327370 -748.597900 39.585594 9
-38.163754 -738.607422 32.666340 9
-37.676125 -738.913330 3.354501 9
-40.015575 -744.329163 29.506844 9
-35.764389 -746.131836 33.758617 9
-37.174465 -749.410828 40.380817 9
-39.093140 -740.088867 18.705395 9
-34.512531 -750.287231 46.144470 9
-36.985012 -746.146484 32.695457 9
-37.115002 -744.931702 29.876583 9
-35.624859 -736.967529 34.501301 9
-34.078144 -747.932434 39.048878 9
-33.035946 -740.495544 24.813614 9
-37.878273 -739.466797 14.725023 9
-32.762585 -744.496216 34.030098 9
-40.287094 -748.190247 37.631420 9
-37.665340 -736.491272 -0.749128 9
-36.056057 -742.394043 23.459299 9
-35.957676 -737.152100 30.980005 9
-37.998936 -735.465210 40.302799 9
-33.568520 -746.972839 37.581406 9
-36.434834 -738.413940 31.512194 9
-34.941818 -741.042603 21.252090 9
-36.217186 -736.421692 7.632528 9
-37.039886 -736.703491 28.103611 9
-36.729092 -737.560547 16.103424 9
-32.729645 -747.964539 41.252171 9
-38.583317 -738.686218 38.331467 9
-38.351109 -736.622864 35.952076 9
-37.819298 -738.130676 7.656078 9
-36.894405 -736.962158 3.092689 9
-33.118317 -743.285156 30.814838 9
-37.630344 -749.324951 42.254311 9
-38.112514 -738.965088 36.861935 9
-30.345814 -745.494141 41.943027 9
-36.765007 -740.604980 14.869200 9
-32.390282 -746.514526 38.647968 9
-35.936596 -736.602844 35.742516 9
-39.724377 -741.226990 21.690193 9
-31.371651 -745.411560 39.024246 9
-38.373001 -736.326538 38.159134 9
-36.063591 -737.928589 -0.690690 9
-41.669315 -743.546692 30.112720 9
-36.436348 -741.627625 18.093506 9
-36.989273 -738.956848 32.037315 9
-30.841679 -744.051147 37.849960 9
-36.034298 -738.655518 18.081333 9
-37.726845 -737.565552 9.784126 9
-37.860291 -748.854797 38.918961 9
-37.773903 -744.340332 28.296417 9
-38.852474 -736.655212 38.984150 9
-39.047554 -745.458740 31.523506 9
-35.385727 -737.877075 32.212456 9
-34.572926 -748.499512 39.586842 9
-33.346737 -741.380615 25.862898 9
-35.858727 -750.050232 43.225677 9
-38.142799 -739.466309 -0.722979 9
-39.114525 -748.331970 38.268211 9
-35.903557 -737.849182 12.233930 9
-32.141304 -739.522583 25.702103 9
-38.218380 -737.293518 0.292089 9
-39.276371 -738.324707 40.919666 9
-37.628017 -736.104492 38.477692 9
-40.623695 -747.743591 36.897182 9
-38.126404 -737.686401 25.757156 9
-36.522453 -736.355957 34.999001 9
-36.600475 -737.640625 13.533095 9
-35.217663 -739.420837 16.197100 9
-31.014956 -746.377258 43.040169 9
-35.501045 -749.362061 40.566872 9
-32.990486 -747.006409 38.368416 9
-36.111488 -738.223083 21.587700 9
-36.087734 -741.771973 21.181149 9
-38.699203 -739.337158 16.145912 9
-36.020336 -736.551697 8.761194 9
-37.107048 -736.612671 0.696752 9
-36.677025 -737.314758 22.056332 9
-36.545925 -738.746094 34.755352 9
-34.387001 -747.835632 38.288803 9
-36.698074 -739.986816 10.957456 9
-35.432465 -748.708008 39.156967 9
-33.572426 -738.928772 21.255863 9
-38.807259 -739.319275 -0.200797 9
-37.077034 -740.494446 15.649433 9
-31.887980 -742.272156 31.236401 9
-35.333961 -746.421082 34.502556 9
-37.171528 -738.811890 24.235298 9
-36.965054 -739.494324 6.750256 9
-38.157658 -737.711060 23.940380 9
-38.287884 -741.014099 19.555275 9
-39.332184 -746.475769 34.033810 9
-32.778152 -739.842590 24.333065 9
-37.953152 -743.512146 26.472050 9
-39.439259 -740.724854 20.346624 9
-30.576981 -741.146545 31.686995 9
-37.858837 -738.900208 9.189088 9
-33.149315 -750.654907 45.900494 9
-37.893318 -738.437073 28.073183 9
-36.090874 -738.351257 17.114231 9
-35.968842 -739.600098 12.011995 9
-41.642963 -741.517395 24.864857 9
-35.772842 -739.227722 28.392105 9
-35.787437 -743.483948 26.932106 9
-38.492958 -736.911987 30.299131 9
-35.467522 -738.202148 14.739127 9
-39.799335 -737.221252 42.514320 9
-36.464226 -738.677490 32.598415 9
-38.066780 -747.921509 37.085556 9
-37.862228 -736.902771 10.449524 9
-36.032993 -741.281189 18.685514 9
-32.139862 -739.210327 24.925642 9
-37.182629 -739.153381 -0.458179 9
-39.968472 -747.460693 36.436356 9
-39.622936 -739.965515 19.513966 9
-38.047871 -738.770386 0.860066 9
-32.057575 -745.748840 37.855896 9
-32.781219 -738.795166 22.732229 9
-37.176453 -736.792419 9.585181 9
-40.721462 -745.721436 32.904720 9
-30.839087 -744.627930 40.262592 9
-36.593609 -739.477966 10.263900 9
-37.902122 -737.371216 22.330837 9
-38.249748 -738.157043 29.573414 9
-36.750896 -749.557312 41.131569 9
-36.585281 -737.658325 10.284297 9
-38.993519 -737.503784 35.966084 9
-39.086964 -737.619934 36.861225 9
-35.286247 -742.345764 24.674759 9
-36.578640 -748.298401 37.110928 9
-38.549194 -741.520813 21.409172 9
-37.110889 -737.305664 19.216822 9
-36.936745 -737.387939 14.808136 9
-37.463577 -741.954163 22.059126 9
-37.840969 -739.126465 10.904370 9
-38.637302 -738.315063 4.572760 9
-35.926895 -736.740234 33.476295 9
-40.899498 -746.284668 33.837196 9
-35.246063 -743.680237 28.651981 9
-37.394154 -736.292419 35.668175 9
-30.627665 -740.679504 30.303394 9
-38.526035 -737.833435 6.420299 9
-36.329227 -737.708679 20.550222 9
-38.613075 -738.490845 35.565605 9
-36.691635 -739.393250 5.920231 9
-37.568638 -736.918335 26.454344 9
-33.453064 -749.407349 43.342659 9
-30.678457 -744.137268 39.150875 9
-34.634163 -750.429016 45.327515 9
-36.364063 -739.043884 7.777583 9
-38.339012 -738.532043 -0.281968 9
-37.342457 -737.149109 4.288902 9
-40.444103 -739.991211 21.107883 9
-34.646969 -739.539978 18.006643 9
-30.341780 -742.068909 34.605915 9
-35.662575 -750.592041 45.753399 9
-35.172188 -740.711914 19.759291 9
-37.115612 -735.844360 10.386250 9
-38.038761 -737.115723 -0.538547 9
-33.533844 -740.996460 24.339033 9
-38.253181 -748.462830 38.269104 9
-35.991745 -739.310913 27.589315 9
-37.320278 -739.076721 33.714577 9
-37.989975 -736.260864 34.130623 9
-40.671623 -744.706909 30.806746 9
-34.118389 -739.659912 19.990200 9
-36.575146 -737.363831 23.109301 9
-32.311996 -740.485962 26.643942 9
-39.026955 -738.575195 17.146778 9
-37.389610 -738.821960 4.232150 9
-36.169586 -738.332947 8.323687 9
-38.988071 -747.875244 37.048519 9
-36.126656 -737.600342 25.606716 9
-32.129204 -742.718384 31.888504 9
-39.287376 -736.876099 40.516483 9
-34.705509 -741.625732 23.618876 9
-36.839012 -737.399719 17.645948 9
-32.133644 -744.254395 34.805386 9
-32.536301 -745.581421 45.009083 9
-36.273335 -739.100037 25.929518 9
-38.230919 -738.795044 13.907941 9
-30.964991 -748.676331 44.559895 9
-34.713116 -745.676086 33.298210 9
-38.591312 -748.818848 39.616859 9
-33.857029 -742.084290 26.802059 9
-38.808792 -739.261047 16.885323 9
-35.498444 -738.170044 31.005613 9
-34.357796 -751.241028 46.073509 9
-36.451290 -746.925476 34.939587 9
-31.581957 -743.287781 34.245190 9
-39.348732 -742.816528 24.299282 9
-35.834904 -747.290833 36.188526 9
-39.396664 -739.650757 18.132713 9
-38.038185 -747.388184 35.988335 9
-36.955883 -736.709778 4.773340 9
-37.369373 -745.619629 31.214333 9
-36.279488 -743.979309 28.172029 9
-36.115574 -737.687317 9.671589 9
-39.356792 -743.596924 26.449167 9
-38.024849 -736.059448 40.747375 9
-35.816864 -737.933655 27.504835 9
-41.018047 -747.232483 35.474049 9
-32.811829 -746.112427 37.013481 9
-37.260860 -742.412842 23.405031 9
-35.844898 -747.940186 37.324837 9
-32.904285 -747.516602 39.777790 9
-38.490047 -749.109619 41.384533 9
-30.995264 -741.772095 32.094418 9
-38.218925 -737.018372 8.890312 9
-38.532803 -737.735229 31.023130 9
-37.862843 -747.007385 34.716976 9
-35.824348 -738.101257 4.421583 9
-36.696415 -748.586670 38.376892 9
-38.135040 -736.689880 33.196590 9
-38.822247 -747.590332 35.769352 9
-40.603886 -742.399048 25.150570 9
-38.180733 -742.665344 24.315699 9
-31.019123 -742.414185 33.760559 9
-36.120701 -735.908936 36.259636 9
-38.306698 -741.422119 20.659698 9
-33.418354 -739.634766 22.264868 9
-32.304047 -750.187927 45.352699 9
-37.092316 -736.195984 -0.078805 9
-37.010395 -748.292603 37.771339 9
-33.984890 -741.628357 25.309479 9
-37.059669 -736.434937 33.975758 9
-39.706875 -737.603088 43.345417 9
-35.258892 -740.405029 18.442217 9
-36.981339 -739.178345 0.708318 9
-38.570198 -746.825317 34.670738 9
-38.497864 -738.083435 28.741413 9
-32.835907 -743.883911 32.680653 9
-37.323467 -739.483704 11.329439 9
-31.570368 -747.112488 42.161140 9
-38.638409 -743.084412 25.342049 9
-36.459484 -739.190796 9.122374 9
-37.170071 -736.519348 30.802923 9
-32.029633 -747.137024 40.881630 9
-35.690063 -738.512756 28.534500 9
-35.873047 -737.421936 13.348641 9
-39.130604 -735.652466 42.632122 9
-37.853729 -737.842041 20.055729 9
-38.594715 -738.200928 33.820225 9
-39.377201 -743.052124 25.035398 9
-39.107567 -736.313904 41.734661 9
-41.188545 -744.224243 30.514111 9
-37.907543 -738.297424 11.630416 9
-33.737328 -750.305725 45.108032 9
-38.507053 -738.085815 0.266170 9
-36.627979 -740.347656 12.509338 9
-40.180599 -747.161682 35.749836 9
-33.281563 -741.428589 26.569143 9
-31.782574 -745.115540 37.251411 9
-34.476135 -742.390381 26.573980 9
-40.735382 -746.585327 34.509571 9
-40.526917 -743.757324 28.148739 9
-37.248283 -738.900146 5.482017 9
-41.263401 -741.082397 24.051863 9
-38.660751 -743.456787 26.066128 9
-37.597260 -747.352966 35.349602 9
-33.261303 -748.455688 41.332310 9
-33.862686 -737.630005 19.027132 9
-33.856331 -746.368347 36.019176 9
-34.655052 -747.414490 36.981796 9
-31.777603 -739.953674 27.149378 9
-36.920765 -747.761719 36.596111 9
-34.913296 -737.617493 17.752625 9
-39.574127 -748.053406 37.760712 9
-35.576435 -745.765747 33.195480 9
-40.805950 -741.625732 24.022711 9
-37.319077 -743.234131 25.677315 9
-38.233864 -740.084106 17.308205 9
-36.815018 -736.880432 7.429359 9
-34.993454 -749.656677 41.981056 9
-33.394878 -744.792114 33.603790 9
-37.034779 -749.143250 43.246452 9
-35.943153 -737.829834 0.962373 9
-33.007900 -740.780701 25.464584 9
-38.573223 -738.619690 36.443539 9
-41.748550 -742.848267 29.155647 9
-34.385006 -745.589661 33.947380 9
-34.311043 -741.029114 22.717093 9
-36.374023 -737.167542 27.039759 9
-39.394531 -738.492004 42.420761 9
-37.750153 -738.422729 26.522526 9
-34.626514 -740.459656 20.293959 9
-35.972363 -749.507446 41.104443 9
-33.466660 -740.117554 22.894173 9
-31.757181 -744.081604 35.423080 9
-37.953789 -738.773743 1.906530 9
-37.071350 -749.693726 42.569233 9
-37.704124 -738.687561 20.720732 9
-39.291370 -745.952637 32.802773 9
-36.509098 -742.851135 24.579945 9
-34.529743 -743.245361 28.682962 9
-35.544697 -741.311279 20.940041 9
-37.815044 -748.149231 37.715847 9
-39.245678 -747.566650 36.463146 9
-38.788097 -735.531433 41.923973 9
-32.616238 -746.888794 45.235996 9
-38.261776 -737.474304 27.410732 9
-35.767776 -737.130859 31.853703 9
-31.635174 -739.257080 26.149485 9
-33.093559 -738.432007 21.527700 9
-37.131676 -743.911194 27.438450 9
-30.602875 -741.517090 33.324249 9
-39.936897 -742.853027 25.444395 9
-37.997738 -738.161621 27.202526 9
-35.272743 -741.865723 23.282543 9
-37.558193 -737.279724 2.888344 9
-36.216648 -737.105774 3.868207 9
-41.914051 -745.009277 31.661297 9
-36.215866 -743.113525 25.541027 9
-39.955822 -743.232483 26.268631 9
-31.013987 -743.578857 36.344757 9
-35.756306 -750.010742 45.348927 9
-35.788734 -750.197449 44.447327 9
-37.505219 -738.986511 10.312481 9
-36.741543 -742.115295 22.238398 9
-37.798046 -740.290283 16.826912 9
-34.997345 -742.368286 25.426300 9
-38.574322 -737.956726 5.712335 9
-36.590786 -745.794678 32.220638 9
-33.233849 -744.927429 34.383678 9
-40.388218 -742.209717 24.484587 9
-36.830837 -746.806091 34.376858 9
-37.758595 -746.562012 33.528545 9
-34.334389 -744.069397 30.787169 9
-38.435989 -737.975037 7.389885 9
-38.756950 -736.178284 39.494610 9
-37.610378 -738.930603 31.266886 9
-37.412434 -737.163757 24.222862 9
-36.025047 -738.670654 10.889338 9
-36.466709 -745.103577 31.031294 9
-37.282841 -739.114319 7.996970 9
-38.043446 -737.709290 12.946672 9
-36.431725 -743.429871 26.702009 9
-38.115692 -744.841858 29.569578 9
-36.420811 -746.306580 33.703617 9
-33.720715 -751.081360 46.265961 9
-32.565720 -748.423828 42.576614 9
-36.197887 -737.790894 15.744609 9
-38.510399 -738.138489 1.489895 9
-40.412327 -743.530029 27.499712 9
-37.734257 -747.654480 36.569054 9
-36.289928 -737.461731 11.824983 9
-38.462288 -746.083374 32.824730 9
-36.603817 -740.488037 13.297320 9
-37.753544 -737.648987 10.504342 9
-37.552727 -749.403381 41.575951 9
-37.102749 -740.784241 17.644796 9
-36.811081 -736.781555 6.113419 9
-33.417744 -745.850647 35.923615 9
-41.954540 -743.126099 28.483818 9
-33.364708 -737.814636 20.338917 9
-38.491901 -738.076965 32.398792 9
-30.864950 -742.864075 35.202293 9
-37.865311 -737.971558 8.321330 9
-35.283081 -737.480286 16.292694 9
-38.608601 -744.192993 27.322378 9
-37.016422 -739.224304 2.678837 9
-36.894329 -738.606201 -0.039646 9
-31.484629 -745.846252 39.515484 9
-30.480080 -745.270142 41.296597 9
-39.971272 -746.660706 34.715115 9
-34.670414 -739.232300 17.374393 9
-37.954102 -736.610718 0.312420 9
-35.281940 -744.110474 29.216524 9
-39.739460 -736.923462 45.446728 9
-37.608757 -738.464355 22.583820 9
-35.392529 -738.757446 29.713970 9
-32.955242 -741.818970 27.931782 9
-34.615841 -750.075928 44.021126 9
-39.032967 -747.120850 35.287617 9
-39.638412 -742.080444 23.351856 9
-40.873257 -742.816711 26.443384 9
-38.908264 -738.115234 -0.872590 9
-37.518368 -746.896484 34.093136 9
-40.188835 -737.657715 44.490761 9
-41.248497 -745.079041 31.941080 9
-35.989883 -738.264099 25.167585 9
-37.062218 -737.155151 10.135889 9
-35.701012 -745.015503 31.378773 9
-37.706009 -738.164062 9.345753 9
-35.167480 -741.448914 22.243917 9
-35.256794 -738.657043 15.226177 9
-36.264259 -740.302002 14.142776 9
-36.265877 -737.247620 8.727528 9
-39.432915 -738.047852 40.203861 9
-35.701885 -737.584167 15.323909 9
-37.510231 -740.682495 18.290421 9
-37.565929 -738.648743 6.744835 9
-39.457409 -736.995911 41.146763 9
-41.206161 -746.944641 34.895809 9
-37.362392 -739.453064 23.649652 9
-40.633060 -745.037720 31.580265 9
-33.118271 -743.693909 31.758301 9
-36.837856 -735.850342 39.299664 9
-35.628860 -739.513184 14.742086 9
-37.775856 -738.178650 18.344656 9
-32.139721 -741.326904 28.685265 9
-37.094803 -737.307373 21.121086 9
-38.047195 -737.075623 2.415883 9
-37.802372 -736.798889 6.460823 9
-37.009239 -749.858276 44.024727 9
-35.498985 -743.012512 26.377958 9
-38.825535 -737.188232 34.656689 9
-34.137783 -740.034912 20.549557 9
-39.694439 -746.960022 35.270248 9
-36.514740 -749.566589 44.421787 9
-31.646494 -747.771912 43.049183 9
-39.276924 -737.314880 38.006409 9
-38.855503 -738.247253 36.947880 9
-35.860126 -737.448120 7.446222 9
-32.833290 -745.234436 35.267460 9
-37.646339 -737.614380 18.891434 9
-34.098900 -742.655090 27.890667 9
-38.111568 -737.350891 25.191618 9
-41.465961 -741.015991 25.269001 9
-38.641678 -738.022400 16.073814 9
-36.498314 -744.905029 30.398283 9
-37.498421 -739.591675 13.235300 9
-34.672680 -745.109558 32.361748 9
-37.107319 -736.219116 36.269405 9
-32.320641 -749.366760 44.193165 9
-40.972988 -741.246521 22.851622 9
-36.765018 -740.925110 16.107288 9
-37.083519 -736.644775 28.872702 9
-33.285038 -746.589050 37.125069 9
-30.326422 -743.127747 36.718647 9
-41.223717 -745.447754 32.561138 9
-39.697998 -746.236694 33.512276 9
-33.697029 -743.426270 30.345398 9
-36.049667 -738.589233 3.649537 9
-30.946613 -745.753967 42.208496 9
-39.374966 -737.863464 18.020052 9
-36.815235 -736.770935 -0.411321 9
-35.727829 -736.828125 8.004654 9
-37.368217 -739.007996 30.194275 9
-35.669262 -737.495728 3.295634 9
-35.786743 -737.655762 14.471566 9
-35.142040 -750.026550 43.170586 9
-31.108225 -741.296997 30.706350 9
-35.876732 -744.352783 29.438791 9
-38.366104 -738.950439 14.612323 9
-32.399876 -747.894592 41.811329 9
-36.873653 -741.279358 19.090384 9
-32.363464 -745.406555 36.459404 9
-35.017513 -748.069946 38.245373 9
-39.366447 -744.238525 28.185440 9
-38.661011 -745.057739 30.244667 9
-38.161648 -735.946899 39.595745 9
-38.611366 -737.235474 -0.815705 9
-31.883608 -749.546509 45.029526 9
-32.779819 -741.254517 27.107054 9
-36.970451 -737.439697 12.561412 9
-38.906910 -738.291687 37.901421 9
-35.734978 -746.747986 34.903809 9
-37.697525 -739.787659 12.573128 9
-36.110813 -737.331299 29.071798 9
-34.025787 -738.265991 19.514179 9
-38.202000 -735.922363 41.747139 9
-39.633533 -738.692444 18.744434 9
-37.100925 -738.834656 26.952801 9
-37.681484 -738.685791 29.503536 9
-30.805086 -744.719727 39.405575 9
-35.399559 -747.600098 36.973217 9
-38.109867 -738.689392 12.971522 9
-38.571194 -738.155090 2.987882 9
-36.159100 -738.028931 18.397221 9
-36.085278 -738.770447 23.907763 9
-37.139790 -736.915039 25.510807 9
-36.974209 -739.157532 22.784060 9
-36.327583 -739.670410 11.460281 9
-35.707584 -738.328979 13.573998 9
-40.396904 -746.043762 33.523186 9
-39.956764 -744.059326 28.554808 9
-33.834156 -744.025940 31.739832 9
-37.219925 -735.939453 37.958672 9
-36.477436 -747.560974 36.161121 9
-41.323853 -743.051086 27.318047 9
-36.014851 -737.060181 5.374110 9
-37.221878 -740.555664 17.058315 9
-31.194822 -746.955200 43.456417 9
-36.541813 -750.071045 43.265694 9
-32.962803 -739.691772 23.733988 9
-37.192669 -744.403442 28.687136 9
-41.540020 -742.079102 25.164112 9
-36.503025 -736.889832 29.318651 9
-30.353477 -742.742554 35.860130 9
-32.091961 -743.508911 33.417023 9
-34.950859 -740.367126 19.084610 9
-34.460648 -742.164185 25.857935 9
-35.387119 -744.665771 30.416502 9
-34.297321 -739.670837 19.378241 9
-35.674976 -741.311768 20.155218 9
-35.956505 -740.495056 16.053999 9
-34.818604 -744.158081 30.249128 9
-31.358475 -744.305359 36.885689 9
-39.537148 -736.369019 43.494030 9
-37.725605 -736.343384 32.852875 9
-36.952904 -747.338074 35.495243 9
-37.208881 -737.076416 23.291206 9
-38.619293 -742.672058 23.857609 9
-39.636753 -744.996338 30.768099 9
-38.288818 -737.613220 3.483145 9
-36.538040 -741.959839 19.793793 9
-36.321274 -738.312988 -0.002553 9
-37.656956 -745.376221 30.708376 9
-37.827259 -738.244812 21.380386 9
-38.202816 -740.454773 17.969666 9
-35.854248 -742.613647 24.578348 9
-37.111835 -738.700684 36.052094 9
-37.638573 -739.234558 22.034842 9
-38.456425 -737.306519 29.797783 9
-34.321545 -741.627502 24.489813 9
-38.089664 -736.817139 31.688570 9
-38.282932 -738.930664 40.435543 9
-31.272612 -740.460449 28.679535 9
-41.872139 -744.617310 31.077641 9
-36.224770 -737.405518 26.248520 9
-38.979256 -737.056274 37.170856 9
-38.727177 -739.701782 17.422701 9
-39.375568 -744.585449 29.568436 9
-36.701614 -738.697571 3.681881 9
-38.094662 -737.200928 26.177692 9
-38.269142 -748.248962 40.526157 9
-32.300236 -742.201660 30.408188 9
-36.130440 -737.182983 30.362648 9
-36.299744 -737.762939 19.579346 9
-35.590893 -745.288208 31.964609 9
-36.143436 -738.655212 8.961411 9
-36.043743 -738.306824 22.745441 9
-37.998039 -738.361633 5.444440 9
-37.260586 -736.563293 30.189556 9
-38.728825 -737.996643 16.947517 9
-38.290527 -738.687683 3.333273 9
-41.522724 -742.948181 28.053505 9
-37.354702 -738.819946 28.984892 9
-37.286842 -737.201538 21.982588 9
-33.926857 -749.888794 46.355431 9
-38.318993 -737.469177 7.755029 9
-36.546333 -735.701721 37.547897 9
-37.999180 -737.184814 0.996108 9
-39.479046 -736.713989 44.909969 9
-40.088352 -737.463379 45.746422 9
-32.645229 -738.988281 23.315908 9
-36.718994 -737.494080 18.340380 9
-37.504379 -739.058350 32.481720 9
-38.981247 -736.778137 38.387260 9
-36.264305 -737.524170 24.252060 9
-40.098869 -745.613647 32.465057 9
-31.107948 -744.557739 38.052654 9
-36.811291 -740.995483 16.733963 9
-37.253616 -737.124207 3.579692 9
-36.051781 -743.167419 24.939890 9
-32.426758 -746.223816 38.032928 9
-41.265335 -740.439331 22.545359 9
-34.360329 -746.373596 35.436691 9
-36.527130 -738.783508 5.689538 9
-38.228123 -738.429443 31.776138 9
-39.420731 -737.403015 40.085941 9
-38.636051 -738.539368 1.010031 9
-34.274551 -741.205750 23.300486 9
-38.702610 -746.530762 33.859425 9
-39.204380 -737.791748 38.915283 9
-41.720901 -745.802856 32.802147 9
-38.665096 -740.579590 18.831335 9
-38.931580 -744.518860 28.584881 9
-39.816227 -742.416870 24.193239 9
-30.788586 -743.481445 37.601799 9
-36.983517 -740.131287 13.664774 9
-38.507065 -736.882751 32.674397 9
-39.634296 -736.796997 46.155376 9
-36.849228 -745.518066 31.539627 9
-39.504101 -748.516846 38.767658 9
-40.064301 -736.955200 44.925594 9
-31.196976 -745.993835 40.908802 9
-37.911102 -737.402771 5.455078 9
-36.588753 -737.622864 14.248948 9
-35.861374 -737.770264 5.872015 9
-35.781422 -738.451294 12.159699 9
-36.090363 -738.941956 10.325410 9
-36.233521 -736.653076 2.642481 9
-36.652382 -742.518555 23.517807 9
-36.970776 -739.319885 34.846882 9
-32.548470 -741.969788 29.205057 9
-32.506668 -751.039429 46.382481 9
-40.138237 -741.273315 22.343771 9
-37.322365 -737.246765 19.918379 9
-35.820400 -737.851440 2.144108 9
-37.869595 -738.902527 34.137539 9
-34.558781 -747.050781 36.445698 9
-35.925507 -741.953552 22.169405 9
-38.304829 -745.359009 30.651030 9
-38.490044 -745.681458 31.683290 9
-36.569008 -736.424927 8.981192 9
-37.697231 -736.183655 37.014439 9
-37.860332 -738.888062 -0.101271 9
-38.708099 -735.997070 42.905972 9
-36.203823 -740.903564 17.171415 9
-36.313694 -738.418945 33.696159 9
-35.901657 -737.470886 4.581710 9
-32.799362 -745.854370 36.466137 9
-37.131199 -736.402710 33.007290 9
-32.873817 -749.950256 44.454609 9
-39.239956 -738.957458 0.054275 9
-31.652132 -746.632874 40.703442 9
-36.851898 -737.354980 20.556501 9
-36.133865 -737.314270 0.673991 9
-32.067238 -740.882935 27.930784 9
-36.730022 -738.965027 34.212299 9
-35.380806 -737.590881 32.909775 9
-38.243610 -748.802795 40.809441 9
-37.130085 -738.931030 27.747852 9
-35.714603 -742.901489 25.828594 9
-38.025379 -738.219543 23.605736 9
-41.753895 -742.367798 26.492605 9
-37.662167 -737.791016 15.440801 9
-36.196728 -737.454224 -0.292724 9
-37.212399 -738.758789 25.612808 9
-33.073395 -748.763428 42.366058 9
-35.195511 -744.861267 31.057821 9
-36.861301 -738.840759 4.540972 9
-38.222229 -738.402405 4.128721 9
-32.787853 -750.245483 46.254143 9
-35.070110 -746.995178 35.933475 9
-38.327847 -737.502991 8.540005 9
-35.971153 -736.825928 32.887787 9
-36.413200 -737.799866 31.540199 9
-37.872635 -737.439453 4.694733 9
-33.769707 -750.472839 46.269169 9
-38.910038 -736.540039 40.173958 9
-37.242516 -746.400635 33.174656 9
-38.256329 -738.215637 30.474327 9
-36.034637 -738.414062 6.756767 9
-33.174072 -747.861633 40.176487 9
-38.632225 -737.354675 31.736500 9
-39.028465 -738.403748 39.545471 9
-36.648224 -737.060242 26.485216 9
-37.122387 -742.718994 24.676125 9
-36.564358 -742.003540 20.785311 9
-36.194580 -737.354248 28.334921 9
-34.119537 -740.489197 21.779110 9
-36.235012 -742.304810 21.420467 9
-36.841614 -736.582886 31.909237 9
-38.299660 -746.434082 33.308308 9
-31.734327 -741.413025 29.898653 9
-36.267357 -737.745728 21.917610 9
-33.766079 -742.271729 27.402193 9
-38.026848 -748.775696 42.369774 9
-37.547047 -749.361328 42.957325 9
-38.186958 -743.824585 26.964928 9
-35.516796 -748.113159 37.846272 9
-38.230663 -742.923401 24.934910 9
-35.110291 -743.126831 27.562536 9
-34.944599 -738.102112 16.847549 9
-37.930798 -736.783936 31.001526 9
-33.861713 -739.938538 21.090532 9
-35.848408 -737.941223 28.111673 9
-39.819714 -738.038330 42.392002 9
-37.687061 -736.863220 27.069700 9
-36.781345 -737.523438 15.374743 9
-40.499264 -737.241882 46.105793 9
-33.652222 -740.786377 23.798553 9
-38.320511 -736.051453 37.571705 9
-34.596619 -749.468628 42.387703 9
-36.424290 -738.367737 1.219415 9
-36.085045 -738.314819 5.449584 9
-34.494686 -746.075806 34.317211 9
-36.155731 -737.293152 1.872120 9
-38.180664 -737.947327 14.034492 9
-37.332108 -738.701965 0.906952 9
-34.217201 -738.819763 18.456694 9
-40.604637 -744.237000 29.538578 9
-33.744263 -738.315613 20.035868 9
-36.521141 -737.268494 9.827281 9
-38.558670 -738.745056 2.169538 9
-40.915154 -739.031616 20.925901 9
-35.687454 -743.931213 28.203871 9
-31.821966 -738.720093 25.012257 9
-36.226513 -742.634277 22.821152 9
-35.973347 -739.463928 13.200924 9
-32.824318 -742.754333 30.354774 9
-37.746780 -736.788269 1.954875 9
-37.309963 -739.152771 9.161533 9
-35.476097 -736.709412 33.983307 9
-37.908081 -737.832031 11.999499 9
-37.939373 -739.563782 15.311716 9
-30.884121 -747.462891 44.020969 9
-38.014023 -739.011292 37.434952 9
-38.530769 -737.910828 4.131845 9
-35.377438 -749.723572 44.947399 9
-37.805420 -737.121948 23.002943 9
-36.348225 -736.547363 4.999288 9
-36.330658 -736.374084 9.547455 9
-38.768490 -737.266541 33.766617 9
-35.947735 -737.688660 10.886084 9
-38.762001 -741.867126 22.396286 9
-36.571125 -736.363342 0.906360 9
-36.652172 -737.114197 24.368494 9
-34.318592 -738.265747 18.024559 9
-36.100094 -748.587524 38.455135 9
-38.134792 -742.254944 23.124535 9
-38.672157 -736.024597 41.325825 9
-37.368229 -743.466064 26.209442 9
-36.962807 -738.508362 35.085281 9
-37.898788 -738.950867 13.466121 9
-35.706955 -742.366882 24.078970 9
-32.148224 -741.864380 29.811945 9
-32.620029 -743.491150 32.232243 9
-33.520924 -749.757324 43.806149 9
-37.562790 -746.066162 32.406891 9
-37.503822 -741.656555 20.568094 9
-40.169380 -744.768005 30.474825 9
-38.766018 -738.071838 34.620060 9
-35.830917 -738.073608 2.713025 9
-37.509407 -738.522766 7.942575 9
-36.962193 -738.934631 31.343332 9
-30.228334 -743.478943 37.811420 9
-36.757828 -736.591187 1.629367 9
-33.345409 -745.543335 35.450397 9
-36.888359 -736.891113 8.889549 9
-30.690783 -744.213196 38.574043 9
-35.637367 -738.906006 27.301891 9
-34.002560 -749.916748 44.248901 9
-37.890995 -738.176819 16.528488 9
-37.615108 -742.619202 24.208023 9
-35.904606 -749.832764 42.332153 9
-30.243509 -744.639404 40.230911 9
-37.490139 -739.003967 36.686306 9
-38.338657 -736.708679 35.329044 9
-37.427910 -736.687073 10.092581 9
-36.006073 -737.973511 3.883821 9
-33.754799 -749.332520 46.431019 9
-36.630531 -736.960754 27.754519 9
-40.032078 -737.281860 43.751953 9
-37.781010 -736.828857 7.488080 9
-37.075844 -739.065674 3.290591 9
-36.011200 -738.248352 9.423490 9
-35.567043 -738.394104 29.076105 9
-36.604458 -736.119812 36.590263 9
-32.864159 -749.224792 43.418636 9
-37.231953 -735.480225 38.991302 9
-35.800644 -739.294556 13.854012 9
-37.617527 -738.655884 5.879253 9
-38.045681 -737.055054 29.027172 9
-36.659492 -749.527039 43.538986 9
-34.639191 -744.709595 31.904329 9
-38.441784 -738.094543 15.089178 9
-37.698792 -738.905396 33.007126 9
-36.690063 -736.567932 33.548862 9
-32.307823 -738.696289 23.730461 9
-32.509880 -743.872498 33.273800 9
-40.226612 -747.330627 36.982796 9
-37.653450 -737.503601 20.989359 9
-37.621037 -736.773254 0.857960 9
-39.379009 -737.248047 39.230663 9
-37.742954 -736.499023 9.210610 9
-37.769753 -738.875427 12.230234 9
-38.011627 -737.854248 24.504902 9
-41.493729 -746.373718 33.838696 9
-36.749634 -735.634827 38.113293 9
-38.270397 -739.397400 15.759958 9
-37.938755 -737.710144 21.608639 9
-39.134487 -738.350403 17.649981 9
-31.254391 -745.702759 40.046768 9
-38.623234 -736.101196 40.766838 9
-35.807358 -737.280518 6.722003 9
-37.268867 -749.347473 40.987656 9
-38.913631 -738.031494 35.812176 9
-35.149525 -746.497131 35.050495 9
-34.667690 -749.929199 43.477203 9
-39.157398 -737.840698 38.188576 9
-31.231077 -740.022644 27.909981 9
-32.554260 -748.609131 43.215939 9
-33.525261 -742.949890 29.552858 9
-37.518063 -737.240417 2.308178 9
-36.047119 -736.458435 34.595745 9
-38.694836 -738.336121 40.672684 9
-38.154404 -737.941833 6.869012 9
-39.798450 -736.126038 44.353409 9
-32.308197 -742.799805 31.359465 9
-37.000683 -739.927246 12.426889 9
-40.478909 -747.045959 36.320145 9
-32.814507 -747.870117 45.459850 9
-33.065056 -739.235413 22.495626 9
-37.524540 -737.373779 11.975911 9
-36.543114 -738.576233 33.190582 9
-36.670467 -741.530396 18.607847 9
-39.547482 -745.172241 31.325470 9
-37.829441 -736.370605 34.859497 9
-30.747824 -742.310120 34.977749 9
-32.443832 -747.528503 41.012257 9
-35.049858 -750.265381 44.327812 9
-37.763069 -738.742493 30.670477 9
-37.997200 -738.649963 19.412941 9
-33.719913 -738.978271 20.346245 9
-37.463425 -740.257568 15.997653 9
-37.242573 -736.389343 10.658829 9
-38.321507 -738.911682 -0.699862 9
-38.978508 -738.357361 41.393578 9
-34.462399 -739.450073 18.537495 9
-38.524513 -736.346924 36.479836 9
-30.825781 -740.292786 28.975180 9
-40.855743 -739.593506 21.843311 9
-32.167503 -743.022034 32.358589 9
-37.657345 -739.269104 38.467045 9
-38.130112 -737.453247 9.400270 9
-35.203701 -748.748108 39.679447 9
-40.279228 -739.063660 20.192072 9
-35.958221 -737.823242 13.742999 9
-34.816208 -743.840576 29.769571 9
-40.901470 -743.656738 28.549736 9
-36.940395 -739.630188 8.108732 9
-38.547455 -738.513672 35.014442 9
-37.806324 -745.740417 31.652092 9
-35.836906 -744.458618 30.059835 9
-36.452042 -738.777161 6.291993 9
-41.481709 -740.553101 23.037155 9
-32.569534 -739.486450 24.699055 9
-35.245853 -737.897827 15.931330 9
-36.344761 -736.538818 3.994334 9
-38.854347 -744.579529 29.139254 9
-36.849739 -739.961487 10.377478 9
-38.640766 -745.398010 31.144382 9
-36.669308 -744.249939 28.516529 9
-37.843838 -741.939941 21.582460 9
-32.249168 -740.296875 27.163996 9
-30.856457 -744.982361 40.960251 9
-37.655762 -749.122742 40.274151 9
-36.782478 -736.348206 34.468159 9
-35.152225 -750.460144 45.548656 9
-32.525864 -738.255676 22.704271 9
-34.110268 -748.202271 39.731464 9
-35.412323 -740.083191 17.152355 9
-33.264896 -742.285706 28.600431 9
-39.201954 -742.243835 23.042116 9
-41.062832 -739.680542 22.355282 9
-37.735554 -738.395935 25.187452 9
-32.488064 -747.103943 39.910778 9
-36.093521 -737.835083 24.681631 9
-33.957531 -740.624756 22.564404 9
-37.418304 -742.956421 25.195000 9
-35.544250 -740.475525 17.940632 9
-31.396320 -748.445007 44.304367 9
-36.513195 -741.422791 19.537552 9
-37.903450 -738.389648 17.816460 9
-36.577389 -736.879578 29.876492 9
-33.361935 -749.149780 42.663616 9
-35.304588 -738.427673 14.205391 9
-36.097118 -738.174744 4.907322 9
-31.826460 -744.525635 36.115818 9
-33.875893 -741.356873 24.779922 9
-36.303463 -738.383606 2.913024 9
-38.608257 -738.675842 39.781818 9
-37.192116 -736.800232 5.266960 9
-38.185558 -744.277344 27.835011 9
-31.959213 -743.816162 34.441864 9
-38.028198 -748.825989 39.450237 9
-35.921333 -746.940979 35.439072 9
-36.492058 -749.737915 42.141117 9
-37.254383 -741.861694 21.165195 9
-31.277739 -743.191223 34.791565 9
-39.226719 -736.122986 42.270424 9
-38.723534 -736.242126 38.638042 9
-41.291035 -740.528259 24.122984 9
-34.763783 -740.760498 20.800131 9
-40.366531 -743.106873 26.618532 9
-37.484200 -737.540283 16.051453 9
-37.259880 -738.734009 23.699862 9
-38.733994 -738.941528 15.732875 9
-34.775528 -741.833862 24.168005 9
-39.648716 -737.431152 41.933350 9
-34.135628 -738.774658 19.314699 9
-41.751118 -743.123657 29.661541 9
-33.404858 -740.325073 23.417091 9
-37.720432 -735.854370 39.931046 9
-37.226040 -737.268311 17.223511 9
-37.783375 -738.149841 19.558025 9
-37.059040 -736.084351 37.471886 9
-36.946098 -739.467590 9.830876 9
-39.702099 -736.710754 43.868114 9
-33.947121 -749.586670 43.169132 9
-35.129051 -743.417603 28.136330 9
-38.893257 -736.051636 43.427628 9
-38.211315 -738.588989 4.865613 9
-36.479271 -739.504028 26.235399 9
-36.362995 -742.533447 23.996290 9
-36.390167 -739.273315 9.796082 9
-35.889698 -739.793152 14.311833 9
-37.968433 -736.654419 -0.234443 9
-37.014153 -736.227783 35.216782 9
-38.326252 -738.884766 38.770123 9
-39.220646 -736.263245 43.041435 9
-30.783892 -742.126648 34.302711 9
-33.810715 -746.632324 36.492535 9
-36.099068 -736.220886 35.370720 9
-38.577118 -736.782166 32.131748 9
-37.583210 -736.710876 29.165615 9
-38.092464 -738.668152 2.710994 9
-38.546650 -737.330017 30.657297 9
-38.336269 -737.723633 28.346115 9
-38.603653 -738.343384 6.262234 9
-32.656441 -750.432373 45.681717 9
-37.527596 -737.306702 15.005349 9
-41.294346 -741.749329 24.214764 9
-38.859154 -736.968262 35.917492 9
-41.725300 -741.158447 24.377718 9
-37.050323 -740.270935 14.540635 9
-36.856777 -736.853088 2.556129 9
-41.314293 -739.997192 23.451567 9
-37.233124 -738.676880 -0.716288 9
-36.173885 -738.052612 19.116938 9
-36.805061 -741.272888 17.892267 9
-31.302820 -742.482056 33.306057 9
-37.548092 -737.539062 12.650750 9
-37.452801 -739.264160 2.040556 9
-41.132687 -740.919250 23.545326 9
-39.118404 -740.764343 19.906847 9
-38.308254 -737.333740 6.437006 9
-36.231167 -743.148010 26.293348 9
-37.551537 -737.598633 13.512146 9
-38.696857 -742.371643 23.396183 9
-40.144535 -745.299927 31.699245 9
-38.938675 -737.498291 35.105152 9
-36.679989 -739.164673 8.221447 9
-39.151901 -744.883240 30.037546 9
-32.415886 -745.090393 35.780270 9
-35.006969 -738.448120 16.409637 9
-34.518108 -738.639221 17.379147 9
-37.939278 -738.335388 10.411677 9
-34.793949 -746.694885 35.438660 9
-35.646744 -737.597839 30.946545 9
-36.713158 -736.636963 9.910723 9
-37.154034 -742.264832 22.534737 9
-37.554550 -739.079651 35.867744 9
-34.041164 -748.910217 41.691044 9
-37.643650 -745.000977 29.771765 9
-37.655064 -738.477661 8.914928 9
-39.205330 -738.145386 42.038315 9
-41.446716 -743.546814 29.251795 9
-38.685566 -736.599670 37.268364 9
-34.711098 -742.706299 26.944757 9
-33.032360 -742.594360 29.608122 9
-36.752243 -741.627747 20.316347 9
-36.718788 -737.283264 10.642315 9
-38.084145 -738.024963 22.530733 9
-32.943542 -738.568848 22.274139 9
-35.629593 -737.317505 5.680315 9
-36.981339 -739.286133 23.991110 9
-32.819408 -740.284424 25.256491 9
-37.986729 -749.095825 41.624931 9
-38.359013 -738.492920 33.234112 9
-36.067268 -738.975647 26.401005 9
-39.084122 -748.435669 39.098301 9
-38.211029 -739.062744 39.353256 9
-39.607178 -740.290833 19.990194 9
-38.224731 -737.559937 2.324513 9
-35.664822 -740.800354 18.459011 9
-36.828835 -735.755676 0.017548 9
-37.888237 -738.822388 1.357261 9
-36.874222 -744.676514 29.490267 9
-35.808155 -750.144775 43.824787 9
-37.760799 -737.214050 11.000885 9
-37.987049 -740.879761 19.037256 9
-36.304237 -736.790771 7.078410 9
-37.700722 -736.368530 32.018509 9
-37.809143 -738.625244 21.993050 9
-37.285812 -737.359436 11.359314 9
-38.198883 -742.070801 22.570599 9
-36.182976 -736.432190 36.397259 9
-30.804506 -743.243591 37.047192 9
-35.494465 -739.652222 15.800537 9
-38.559467 -748.194519 37.076176 9
-36.107262 -737.933350 23.122358 9
-33.960442 -743.407043 29.884523 9
-30.801607 -741.722412 32.634884 9
-37.838352 -738.597534 4.469254 9
-32.325428 -739.049683 24.457355 9
-36.211014 -749.132568 39.439278 9
-38.464733 -737.505310 15.996678 9
-35.791969 -738.395935 27.256678 9
-39.550930 -740.880127 20.836191 9
-35.891064 -738.641541 12.884732 9
-38.387749 -739.206421 0.099984 9
-36.657661 -737.107483 25.212542 9
-37.757538 -738.640991 11.256474 9
-32.777000 -743.067810 31.145954 9
-31.811155 -741.051086 29.029556 9
-37.730331 -737.188477 0.500479 9
-37.472939 -744.140808 27.821262 9
-31.401255 -743.773071 35.804958 9
-35.966633 -743.806946 27.764517 9
-39.838322 -738.949341 19.240856 9
-35.579697 -737.137939 33.112480 9
-35.776608 -737.628967 29.790657 9
-37.600094 -736.875488 3.910062 9
-37.845547 -744.611145 28.800219 9
-36.095089 -738.213013 22.224306 9
-36.205067 -740.472778 15.083192 9
-37.207890 -739.062805 6.949747 9
-35.504982 -749.644958 41.787624 9
-36.744125 -746.265991 33.240849 9
-34.651939 -745.242615 32.876583 9
-37.022060 -736.942871 1.110780 9
-37.886467 -740.004272 16.376659 9
-34.667213 -742.861572 27.472065 9
-31.258734 -742.807800 34.083427 9
-36.114506 -737.929871 7.941745 9
-35.938869 -738.020752 26.347427 9
-38.468723 -738.433044 -0.822145 9
-39.565845 -736.006592 43.885464 9
-33.727657 -748.245178 40.243950 9
-38.820091 -737.790588 33.574635 9
-32.745262 -741.364258 27.633333 9
-37.231186 -738.962280 35.189514 9
-37.419075 -736.461792 0.262209 9
-38.103191 -736.598572 33.738297 9
-36.952984 -739.812500 11.676029 9
-36.825977 -736.615967 0.096910 9
-35.078560 -741.113831 21.838274 9
-37.401169 -745.158813 30.294762 9
-40.496937 -741.607361 23.555170 9
-39.520233 -737.518738 41.307735 9
-36.279819 -737.851562 17.252449 9
-35.848789 -736.770874 6.567215 9
-31.849207 -743.061890 33.147350 9
-36.094673 -737.410889 1.252467 9
-35.781567 -737.638855 16.004852 9
-37.205956 -738.893127 23.175879 9
-32.086018 -748.534790 43.425613 9
-37.842831 -737.119690 8.466524 9
-31.466541 -740.453613 28.191683 9
-37.805355 -735.930725 -0.657442 9
-36.674610 -736.570679 32.489365 9
-33.238392 -738.208557 21.084198 9
-31.105986 -740.719788 29.706614 9
-37.627258 -738.623901 28.477146 9
-34.774174 -749.382385 41.494419 9
-36.534992 -737.356628 12.264041 9
-33.992432 -749.216980 42.177193 9
-36.018333 -737.332947 14.821358 9
-36.048161 -738.695129 7.232376 9
-32.442379 -746.005676 37.555595 9
-39.541119 -739.061035 18.199667 9
-33.201435 -744.238953 32.804478 9
-33.772869 -745.332092 34.536079 9
-36.699589 -739.066772 7.376397 9
-37.655914 -736.789490 29.885860 9
-37.939247 -736.308350 35.836998 9
-37.700935 -737.394043 3.525530 9
-31.573458 -741.881226 31.010054 9
-36.718807 -737.267578 22.612383 9
-31.143641 -746.194275 41.502586 9
-36.352379 -740.022034 13.393932 9
-37.544861 -735.958008 40.523590 9
-32.945950 -747.166138 38.886101 9
-33.112923 -743.472534 31.298410 9
-37.512741 -738.571472 24.534883 9
-36.760544 -740.997498 15.541791 9
-36.525665 -749.683167 41.608299 9
-34.205524 -746.088867 35.027199 9
-36.033623 -738.313904 23.660715 9
-31.749062 -746.453613 40.054298 9
-33.366093 -750.547791 45.429123 9
-37.275852 -738.768433 2.867448 9
-33.877449 -744.769348 33.368622 9
-36.251862 -737.099426 2.919574 9
-37.310394 -740.962585 18.746668 9
-33.694679 -747.723145 38.776730 9
-36.945950 -739.580811 9.099165 9
-39.805779 -743.734436 27.439690 9
-40.090836 -738.227295 19.830465 9
-37.966240 -738.959106 34.650200 9
-39.250153 -748.091431 39.673897 9
-37.129898 -736.809875 8.365691 9
-36.517197 -737.014587 3.469049 9
-35.898476 -738.299072 0.320461 9
-35.942196 -738.547119 16.609236 9
-34.671795 -747.774292 37.819820 9
-39.592735 -748.092041 38.406464 9
-41.224136 -742.428589 26.225832 9
-37.430992 -738.921204 8.700386 9
-37.146732 -736.762085 1.984503 9
-34.973404 -739.291870 16.651314 9
-33.879215 -744.377441 32.106079 9
-41.058655 -744.180603 29.986946 9
-41.919285 -743.809387 29.728928 9
-37.106892 -736.913269 26.207951 9
-39.318382 -738.388916 39.121914 9
-35.852066 -740.500793 16.633230 9
-37.113304 -737.313965 16.426943 9
-34.544926 -748.831299 40.471321 9
-36.825775 -743.568298 27.072578 9
-36.794975 -737.488708 13.094805 9
-30.743629 -742.063965 33.470844 9
-38.607914 -738.696350 3.945646 9
-39.780861 -738.102661 42.932117 9
-40.069992 -738.736633 19.704357 9
-35.607609 -742.165894 23.586784 9
-37.416588 -741.226379 19.692909 9
-36.194946 -736.956665 8.285023 9
-35.030762 -749.181213 40.633514 9
-37.378506 -735.498474 39.657215 9
-31.757664 -746.963196 41.293564 9
-38.783695 -748.569214 37.987617 9
-41.002159 -743.770691 29.045631 9
-40.639339 -738.888977 20.532471 9
-37.744247 -738.739929 3.887302 9
-34.776218 -744.622253 31.246500 9
-37.513977 -736.364685 34.243164 9
-36.695335 -743.916016 27.742140 9
-38.021431 -738.074036 26.125469 9
-37.448151 -739.719788 13.736657 9
-36.357182 -736.840637 5.870818 9
-36.289455 -749.174500 39.948753 9
-33.191002 -746.692078 45.444305 9
-36.176079 -737.743347 8.453879 9
-38.222942 -737.708618 -0.020079 9
-37.364330 -736.695862 -0.378875 9
-36.955612 -738.560669 34.494335 9
-35.852676 -738.075317 -0.155222 9
-36.943237 -737.274902 21.614002 9
-38.559372 -738.577209 14.918624 9
-35.715054 -736.813599 34.970467 9
-39.366795 -745.683167 32.370098 9
-37.048359 -736.536621 31.366272 9
-37.361740 -739.376404 23.150185 9
-36.278049 -737.520325 9.222374 9
-39.982353 -736.471191 45.425194 9
-36.202900 -736.936890 31.675491 9
-39.118690 -748.049683 37.505531 9
-37.504238 -738.849182 9.545951 9
-35.155331 -745.839050 33.485645 9
-37.973179 -739.123352 14.190566 9
-38.144615 -738.761169 0.350479 9
-35.950558 -737.758606 12.780927 9
-35.538235 -741.064209 19.615120 9
-30.897104 -746.182190 42.582603 9
-37.961052 -736.026062 38.066692 9
-40.282787 -739.812195 20.662624 9
-38.922382 -746.656799 34.346478 9
-30.805574 -744.385498 39.787106 9
-37.701645 -739.427673 10.147991 9
-37.491833 -738.913025 21.684196 9
-37.828907 -737.510132 20.526386 9
-39.154427 -743.999146 27.780298 9
-34.904205 -739.724243 17.580727 9
-35.235973 -739.102051 15.761157 9
-39.742638 -736.597839 44.489471 9
-34.202782 -744.845886 32.774506 9
-38.280506 -737.646912 1.389216 9
-33.880253 -748.462524 40.703861 9
-33.725052 -745.722778 34.998981 9
-31.273643 -742.129211 32.357601 9
-37.052807 -739.254333 35.731934 9
-39.491886 -739.812988 19.057777 9
-37.819981 -735.993958 38.935577 9
-35.684204 -739.773499 15.204113 9
-37.773052 -737.996094 10.021707 9
-39.040573 -738.219238 42.660229 9
-34.012478 -739.327759 19.606937 9
-35.960915 -741.846436 21.657820 9
-41.415688 -744.436401 30.944096 9
-33.957844 -743.748230 30.684242 9
-31.941328 -748.711121 43.886742 9
-37.624664 -739.406677 37.745636 9
-38.552925 -736.951599 34.317417 9
-38.337727 -744.346680 28.359739 9
-37.606030 -739.088806 0.683681 9
-31.485415 -741.396423 30.381865 9
-32.677956 -740.881653 26.787037 9
-35.224060 -738.382202 15.647518 9
-37.736507 -737.723083 14.278826 9
-38.243999 -737.505493 26.691879 9
-40.646809 -739.438721 21.180883 9
-35.640362 -737.585632 2.804935 9
-33.826126 -747.362061 37.790302 9
-30.341581 -742.754028 36.363724 9
-36.074474 -738.210510 9.922926 9
-40.038868 -744.291077 28.999563 9
-39.868660 -739.745728 19.908072 9
-38.553497 -738.686401 36.953430 9
-37.780739 -737.234619 13.247561 9
-36.197582 -736.569824 -0.404670 9
-36.461231 -738.470154 32.114059 9
-39.073730 -737.339844 36.445515 9
-38.007904 -738.550293 18.607737 9
-34.324898 -750.748413 46.042797 9
-36.676750 -736.717529 4.347876 9
-35.897541 -738.302856 1.880459 9
-38.371826 -738.849731 37.847103 9
-37.192600 -749.461487 43.667828 9
-37.453644 -740.148865 15.500639 9
-37.149372 -738.968079 4.941236 9
-37.698467 -737.068054 25.110949 9
-33.998661 -748.624329 46.529987 9
-37.294933 -738.826904 3.675711 9
-36.038662 -738.818420 25.511276 9
-37.740479 -737.099060 9.973544 9
-35.282021 -738.701416 14.684567 9
-30.271112 -744.002441 38.813122 9
-35.474590 -743.319824 27.277712 9
-35.306450 -741.717773 22.796473 9
-39.025799 -741.187012 20.601475 9
-36.004021 -736.937012 7.619896 9
-38.571953 -740.382263 18.382889 9
-36.160282 -742.210815 22.541977 9
-37.937790 -738.281067 6.594476 9
-32.611645 -750.108459 44.917824 9
-37.456570 -736.746582 2.965403 9
-38.268005 -738.661377 33.882374 9
-39.120621 -738.797485 41.059422 9
-32.102310 -746.657593 39.749016 9
-38.682991 -738.187317 17.535862 9
-40.108852 -744.538391 30.036999 9
-30.707903 -746.660767 43.310120 9
-39.228115 -737.374207 37.453270 9
-40.693554 -747.018555 35.777393 9
-32.279510 -740.130859 26.190243 9
-33.797436 -740.108704 21.670620 9
-40.301323 -747.856140 37.277752 9
-32.330242 -748.079529 42.329777 9
-32.973400 -747.967468 40.817085 9
-37.510391 -739.820618 14.594315 9
-35.259125 -737.398010 32.200470 9
-36.863880 -737.370544 18.804556 9
-37.669380 -738.666260 10.663611 9
-40.882679 -742.576843 25.808619 9
-38.664055 -748.575745 40.694550 9
-38.100349 -738.096802 9.072223 9
-38.013470 -737.540771 23.445421 9
-36.536892 -736.642517 30.920277 9
-31.764744 -745.334290 37.769676 9
-34.759098 -750.328918 44.773319 9
-37.460682 -748.837219 39.224098 9
-38.391193 -736.901550 -0.205923 9
-41.582664 -743.998840 30.306896 9
-31.969118 -739.097107 25.405132 9
-34.328159 -740.131287 20.082262 9
-37.257141 -736.890381 10.507529 9
-38.163944 -748.477112 37.609112 9
-38.687977 -737.556946 32.844131 9
-37.707367 -743.825317 27.064722 9
-37.920124 -738.326660 22.961838 9
-31.055077 -746.668518 42.641602 9
-31.827751 -748.044617 43.433804 9
-37.762531 -736.814697 28.114332 9
-36.557732 -736.243103 10.235947 9
-35.577518 -737.862915 13.337806 9
-35.956818 -736.026184 35.799091 9
-31.520021 -746.801331 41.689323 9
-40.023567 -740.307373 20.701836 9
-31.080961 -744.158325 37.317909 9
-32.409489 -744.264587 34.277981 9
-31.664103 -739.660156 26.770348 9
-31.956726 -749.511536 44.485222 9
-31.602308 -744.714661 37.043495 9
-36.473969 -746.662842 34.061565 9
-37.340557 -735.945374 38.855267 9
-34.395077 -743.607910 29.710369 9
-36.618599 -748.794495 39.256001 9
-39.578243 -738.143311 19.054916 9
-30.784359 -743.718628 38.222862 9
-36.453224 -738.128540 32.665276 9
-34.891914 -742.020264 24.587090 9
-36.688263 -737.493896 19.412508 9
-37.747105 -739.365967 12.199290 9
-35.553925 -747.038330 35.856655 9
-35.411484 -746.112671 34.107674 9
-38.992790 -739.582092 17.832991 9
-31.526934 -742.010986 31.490520 9
-38.868870 -742.717896 24.278614 9
-37.874195 -737.278992 -0.070410 9
-34.296055 -749.008484 41.284245 9
-33.763443 -739.391968 21.155483 9
-38.034615 -738.229858 12.832859 9
-36.094509 -739.268066 11.295420 9
-35.972462 -738.732544 21.694775 9
-31.539116 -745.473206 38.556015 9
-39.782669 -737.559082 42.856842 9
-41.357246 -739.608276 21.961927 9
-40.846779 -745.974243 33.328804 9
-36.413071 -742.012207 21.770561 9
-38.746864 -738.454285 -0.028855 9
-37.629681 -739.580688 14.191430 9
-37.292473 -737.042175 23.770884 9
-38.634354 -739.273621 -0.725422 9
-33.882454 -747.173706 37.250465 9
-34.272003 -748.727417 40.874435 9
-36.128716 -737.766418 10.167933 9
-37.481117 -739.257019 11.724766 9
-36.913841 -743.483154 26.514284 9
-34.601463 -739.993774 19.163595 9
-32.349667 -747.256470 40.477688 9
-34.456371 -740.734985 21.524488 9
-35.513527 -738.702026 13.865752 9
-36.716942 -749.134094 40.246212 9
-36.421879 -741.242737 16.906128 9
-32.478821 -739.860107 25.566023 9
-38.514210 -737.716858 29.505381 9
-36.843674 -749.916565 42.922188 9
-37.888355 -749.189819 42.644753 9
-38.367535 -738.428162 0.625812 9
-37.174599 -749.063599 39.877819 9
-37.065853 -736.631409 3.453666 9
-36.082767 -737.520813 27.309967 9
-38.039867 -735.933228 40.272388 9
-34.055527 -745.184143 33.606220 9
-38.225155 -735.626587 40.763824 9
-41.041306 -742.270935 25.322554 9
-33.219093 -746.939636 37.920582 9
-33.715538 -741.660583 25.713545 9
-36.205585 -737.926392 20.966211 9
-37.665039 -739.718323 11.741168 9
-38.410725 -744.771179 29.200483 9
-38.380501 -738.028198 5.275768 9
-39.736374 -746.531250 34.294556 9
-38.275955 -741.147644 20.068720 9
-35.839066 -737.690796 6.353648 9
-37.455223 -748.603271 38.779335 9
-38.110836 -736.155701 38.572586 9
-35.553856 -736.498047 34.426525 9
-36.339638 -741.180054 17.907587 9
-35.519508 -738.093750 30.220524 9
-34.897751 -750.524170 45.988850 9
-36.415340 -739.594788 10.694758 9
-33.338741 -747.293579 38.613251 9
-35.740818 -748.602051 38.775078 9
-36.393986 -740.523621 14.592231 9
-36.071896 -737.250549 3.431452 9
-36.390934 -737.367004 23.804493 9
-35.511841 -737.984253 31.645872 9
-36.766270 -736.136719 38.340088 9
-37.592796 -736.443542 31.039896 9
-34.926903 -739.928711 18.151674 9
-35.284946 -737.885986 30.701092 9
-37.849194 -737.366699 24.160231 9
-31.705500 -741.171143 29.469334 9
-35.012676 -748.469666 39.321812 9
-36.421272 -739.781006 11.986845 9
-35.723328 -747.572693 36.630009 9
-36.474068 -737.750549 16.457424 9
-35.282391 -748.334045 38.757698 9
-30.839771 -743.158264 35.866180 9
-39.428802 -737.965149 41.183865 9
-36.648193 -737.056091 0.782788 9
-38.253216 -736.966125 7.650974 9
-38.570793 -738.252747 6.931875 9
-32.595043 -744.154663 33.651066 9
-33.543285 -741.750977 26.322241 9
-35.894234 -738.224060 10.980581 9
-38.083641 -736.971130 29.961212 9
-34.952316 -738.936768 16.355726 9
-38.091980 -736.716431 -0.780083 9
-36.522362 -745.944336 32.695480 9
-36.818550 -749.330994 40.675037 9
-35.189053 -745.277954 32.278309 9
-38.930248 -736.126404 40.397533 9
-34.369251 -741.938049 25.394684 9
-38.027782 -735.899231 41.183384 9
-33.696556 -746.771790 36.953796 9
-37.758110 -736.800537 8.128160 9
-38.864780 -738.535889 38.670036 9
-39.496281 -743.587708 26.943327 9
-36.143883 -738.644897 7.903596 9
-36.559376 -737.046631 1.704875 9
-38.630257 -737.743896 32.006088 9
-36.157970 -738.216858 0.791754 9
-33.040558 -740.296143 24.370693 9
-37.092644 -749.458801 41.421597 9
-38.886543 -736.634277 39.471283 9
-38.246758 -748.733887 38.656067 9
-35.877815 -749.276367 40.276886 9
-30.772160 -745.111450 40.443386 9
-41.906097 -743.343262 28.894749 9
-32.733898 -746.634766 38.230518 9
-34.376549 -748.050354 38.704327 9
-34.616653 -748.595459 40.077934 9
-37.745171 -738.438599 7.215644 9
-35.809891 -741.194519 19.153545 9
-33.540726 -739.229187 21.780430 9
-38.316490 -737.654846 14.931535 9
-39.209877 -736.634460 41.366528 9
-34.391380 -748.274658 39.212475 9
-38.463989 -738.520264 40.280846 9
-37.827679 -738.783325 35.517532 9
-37.383369 -737.533752 14.598905 9
-38.208370 -738.121704 29.113989 9
-30.899263 -741.493896 31.617601 9
-36.541553 -737.075684 -0.197170 9
-37.964340 -737.894226 12.506103 9
-37.748444 -738.883179 7.741567 9
-38.561275 -736.689026 33.397831 9
-37.026184 -737.423157 13.499434 9
-38.249062 -737.223877 5.065531 9
-39.225323 -737.995728 37.143669 9
-34.955402 -746.174194 34.384632 9
-38.444420 -747.316406 35.702675 9
-37.617802 -739.552673 10.949675 9
-36.789928 -735.822815 -0.431258 9
-35.364700 -750.101196 46.005104 9
-38.069748 -736.101318 36.665699 9
-37.519321 -738.769165 27.961391 9
-38.167713 -736.622620 10.253873 9
-41.672325 -740.815063 24.047400 9
-33.599133 -744.403503 32.516979 9
-35.868046 -737.738342 29.141735 9
-32.047604 -742.136353 30.806549 9
-34.155945 -750.419128 45.306206 9
-38.301319 -737.092834 27.792189 9
-37.871166 -739.013550 36.407619 9
-37.227657 -736.808289 27.632950 9
-38.081699 -738.226624 28.573774 9
-38.304142 -738.478210 1.790453 9
-38.409176 -738.109375 31.287113 9
-38.360088 -737.531921 5.492021 9
-33.310741 -739.686951 22.724642 9
-36.859283 -747.709961 35.920494 9
-30.842831 -745.299194 41.714424 9
-36.206367 -738.630920 24.822018 9
-36.113560 -737.778137 25.137323 9
-33.167187 -739.953979 23.272272 9
-36.932014 -738.847534 4.083961 9
-37.610085 -736.991150 24.620230 9
-31.345266 -739.565430 27.153063 9
-32.646637 -740.562988 25.989992 9
-32.749134 -750.702698 46.145359 9
-31.762850 -742.550049 32.192467 9
-33.310692 -740.903809 24.735826 9
-35.347420 -742.668274 25.649258 9
-41.656761 -744.271606 31.325605 9
-32.107113 -744.898926 36.125179 9
-39.382469 -736.584106 42.141068 9
-37.354816 -741.364258 20.139309 9
-36.239697 -738.017822 16.800718 9
-31.454872 -740.003662 27.474218 9
-38.591354 -741.704224 21.845507 9
-31.265425 -745.061279 38.611015 9
-38.239445 -741.669678 21.050093 9
-39.604496 -736.841309 42.905750 9
-39.116753 -742.752319 24.706636 9
-36.221523 -737.355835 0.180426 9
-38.365719 -737.188293 28.711237 9
-33.644157 -750.404114 44.659863 9
-38.456718 -736.979614 29.468407 9
-35.638008 -749.780273 41.353642 9
-36.889832 -739.307373 4.519428 9
-38.743530 -736.001709 41.841606 9
-37.823330 -738.980225 9.885177 9
-39.193180 -738.811340 17.691713 9
-41.005859 -746.697266 34.043575 9
-40.006172 -741.576782 22.750948 9
-34.743137 -741.248962 22.280891 9
-35.910763 -738.351379 11.728238 9
-33.239822 -748.627441 41.781231 9
-38.709942 -738.045959 30.719368 9
-35.889977 -741.522644 20.726868 9
-36.786232 -743.158569 25.636480 9
-32.895676 -739.957458 24.832127 9
-37.973988 -738.644775 31.467642 9
-38.086823 -738.648499 32.220348 9
-32.517757 -741.597351 28.732861 9
-35.869308 -749.876160 42.805431 9
-37.693146 -742.287842 23.269579 9
-30.722908 -741.393188 32.059990 9
-36.254486 -737.221558 13.527002 9
-33.165195 -750.139954 44.748497 9
-39.262356 -737.999207 18.452171 9
-36.069477 -738.390808 17.582499 9
-38.125755 -739.681824 16.114096 9
-38.957504 -738.182861 34.111683 9
-32.881100 -742.270996 29.304388 9
-37.886280 -741.211121 19.674761 9
-38.516666 -736.479248 37.676056 9
-36.426926 -736.752197 8.689439 9
-37.860779 -738.716248 17.372971 9
-36.716446 -735.900757 37.105476 9
-30.561506 -746.348877 42.984718 9
-35.913185 -740.837280 17.514534 9
-36.995388 -740.946960 17.160271 9
-35.996593 -739.146729 11.980617 9
-33.518509 -747.802002 39.321815 9
-32.854961 -738.065430 21.692623 9
-34.954918 -737.233215 17.347639 9
-38.425781 -743.548767 26.557034 9
-37.059307 -740.383972 15.164368 9
-37.468121 -736.191650 35.192787 9
-40.804405 -744.753235 31.241915 9
-36.314468 -738.126221 31.158974 9
-38.213547 -736.998779 30.691669 9
-37.846310 -743.152405 25.115343 9
-36.213654 -741.422913 19.084614 9
-39.272377 -744.904968 30.496433 9
-35.820450 -748.903259 39.322617 9
-32.976791 -745.115356 34.797592 9
-38.049316 -737.784973 7.927719 9
-37.410110 -739.051086 31.774494 9
-33.290531 -741.930176 27.636610 9
-38.279938 -737.833252 1.806852 9
-35.681965 -745.589355 32.760906 9
-36.883118 -737.502686 11.027741 9
-37.263138 -737.144592 4.951875 9
-39.314228 -741.845337 22.286850 9
-40.421944 -737.215820 45.520229 9
-33.311188 -750.869507 46.280323 9
-37.316891 -741.964966 21.628893 9
-41.738071 -741.689758 25.495073 9
-38.697212 -740.930481 19.749025 9
-39.714233 -743.189819 25.842226 9
-36.430939 -736.191528 37.410595 9
-37.952312 -738.451172 8.055725 9
-36.263130 -737.620972 14.562954 9
-39.628906 -747.613037 36.712433 9
-31.091599 -744.991638 39.184647 9
-38.570335 -748.769775 40.079746 9
-35.652515 -739.367981 14.309820 9
-37.382965 -737.208313 18.868618 9
-37.791420 -736.843628 1.482678 9
-41.755161 -742.466858 27.011337 9
-37.274048 -736.212830 -0.598356 9
-33.521046 -738.860962 20.782234 9
-38.426769 -745.946960 32.392033 9
-36.443645 -737.133423 11.533069 9
-31.901302 -750.508118 45.644848 9
-39.879910 -747.755554 37.590881 9
-32.145927 -744.462769 35.215248 9
-40.108635 -737.001160 45.920944 9
-30.812794 -742.604736 35.564121 9
-36.183773 -749.938049 44.372955 9
-40.754978 -747.002441 34.737007 9
-38.275620 -737.608826 27.856974 9
-32.398151 -744.852905 35.348850 9
-38.040382 -737.270142 3.229197 9
-38.317326 -749.234375 40.943169 9
-35.458019 -739.102478 14.843902 9
-38.638138 -747.038513 35.071667 9
-36.598835 -736.143677 -0.053647 9
-36.553543 -736.632629 2.975591 9
-35.331863 -750.142517 45.238182 9
-36.249100 -744.257080 29.010546 9
-35.388565 -749.145447 40.168636 9
-38.237419 -737.817200 14.468224 9
-40.075424 -741.746216 23.294428 9
-38.275330 -738.582825 1.344403 9
-34.058945 -739.216248 20.072586 9
-32.050175 -746.236755 38.846817 9
-36.016426 -737.886047 7.395638 9
-35.411304 -737.533203 15.711281 9
-36.978588 -745.382568 31.124601 9
-38.361614 -745.139099 29.818958 9
-33.204876 -750.396790 46.271568 9
-35.286938 -739.776245 16.616371 9
-35.840687 -739.037659 27.984594 9
-38.978981 -738.194275 37.459473 9
-38.221527 -736.649475 34.173454 9
-38.627678 -738.208496 -0.424480 9
-32.070950 -749.793152 45.389214 9
-36.607353 -735.927063 0.912428 9
-32.978851 -747.364746 39.349831 9
-36.831367 -747.172241 35.073368 9
-36.182632 -737.645447 11.358520 9
-38.691616 -738.707458 -0.468786 9
-38.636932 -741.454102 20.968582 9
-36.742367 -736.770935 6.776031 9
-34.167660 -746.815735 36.266487 9
-37.032372 -738.689697 0.489718 9
-34.941788 -749.777588 42.416420 9
-38.257561 -737.999939 25.454782 9
-31.658083 -747.411438 42.545528 9
-36.066929 -744.734070 30.332073 9
-37.520901 -738.719177 -0.323677 9
-39.445580 -738.329956 39.726120 9
-37.916824 -738.478333 24.711346 9
-31.519592 -744.952026 37.612450 9
-38.157867 -738.632324 6.398563 9
-35.559517 -741.693909 22.203735 9
-35.500496 -737.942139 15.136327 9
-34.654022 -737.553345 18.213531 9
-38.302368 -748.685608 39.117027 9
-36.684105 -740.003967 12.803645 9
-39.114487 -742.045715 22.649050 9
-35.032810 -742.766174 26.608150 9
-38.313324 -737.649536 4.444460 9
-39.241268 -745.553711 31.949257 9
-36.942959 -739.256958 5.572782 9
-37.386314 -738.667664 26.639965 9
-39.398788 -737.653625 38.527134 9
-36.769981 -738.648499 2.532807 9
-37.267609 -738.736145 1.625857 9
-37.553234 -737.277100 10.343891 9
-33.541462 -748.538940 40.992290 9
-35.363430 -736.946594 33.460678 9
-40.259369 -742.662109 25.204975 9
-37.781498 -740.726074 17.940582 9
-31.421373 -748.795837 44.582535 9
-36.496983 -737.408752 20.844341 9
-37.308987 -746.916748 34.558422 9
-30.975199 -740.963867 30.384588 9
-37.990135 -738.350159 8.636317 9
-36.333279 -740.745544 16.107910 9
-38.194996 -737.945923 27.538706 9
-36.572231 -747.935791 36.848408 9
-37.430828 -737.495117 18.040674 9
-38.992966 -737.710205 35.504898 9
-38.267048 -737.705811 0.462763 9
-36.575371 -748.647705 38.823067 9
-38.886887 -737.647095 34.682659 9
-38.210793 -738.246582 30.028883 9
-38.372372 -737.969604 27.038754 9
-32.013355 -747.929260 42.735577 9
-40.520569 -747.339355 35.513668 9
-35.746651 -737.420715 2.028112 9
-39.691078 -745.779175 32.662048 9
-34.073048 -738.756653 18.879568 9
-31.240612 -747.973572 43.779587 9
-36.200214 -741.697205 19.732624 9
-38.170071 -738.344849 7.451988 9
-37.292999 -739.682251 12.711172 9
-35.923100 -737.958252 1.459897 9
-37.911507 -742.143982 22.252802 9
-33.672817 -742.503723 28.248137 9
-37.201618 -742.281860 22.981474 9
-38.373337 -748.844421 41.786366 9
-38.130562 -737.767456 13.402848 9
-36.874474 -738.936523 5.941226 9
-38.152573 -737.195068 10.265224 9
-36.027954 -739.110413 27.182898 9
-37.466557 -736.211304 36.636150 9
-38.221149 -743.478943 26.087791 9
-34.686134 -747.551270 37.434280 9
-36.691700 -736.606934 9.414249 9
-30.694469 -741.855713 33.041367 9
-30.308031 -745.770081 42.313126 9
-39.018837 -739.871094 18.262913 9
-41.668884 -742.268738 26.067574 9
-33.476963 -741.764587 26.791815 9
-38.853737 -738.774292 40.559181 9
-41.261559 -743.286621 28.320271 9
-33.285378 -747.729919 39.690189 9
-35.910107 -745.975098 33.379238 9
-35.744343 -750.009521 44.848225 9
-39.504955 -738.499512 41.993748 9
-36.170746 -750.062744 43.551968 9
-37.648113 -738.433594 23.686209 9
-31.828794 -743.327820 33.736134 9
-37.403156 -738.612610 25.978764 9
-38.465309 -738.037231 15.641788 9
-36.392311 -737.713928 18.135397 9
-37.704681 -736.901428 4.352312 9
-37.164997 -736.449158 33.496777 9
-36.010075 -742.197021 23.055847 9
-31.670034 -749.243469 44.685837 9
-32.260635 -746.741211 45.014835 9
-39.084019 -743.574829 25.977840 9
-35.890884 -743.285950 26.549612 9
-37.564167 -739.110352 11.330564 9
-36.576317 -741.870361 21.204044 9
-31.400597 -743.517639 35.221069 9
-35.395947 -740.989075 20.049122 9
-32.003353 -740.184998 26.732656 9
-30.945625 -745.422119 41.168060 9
-34.022766 -745.566895 34.236324 9
-32.628567 -749.687439 44.193645 9
-32.303303 -746.614319 39.188942 9
-37.378136 -748.087463 37.621861 9
-37.669941 -743.274109 25.941122 9
-38.937721 -747.446167 36.172779 9
-32.274956 -739.517456 25.221193 9
-38.913673 -748.576294 39.777668 9
-40.524025 -741.248840 22.725861 9
-32.754990 -741.659912 28.354614 9
-36.115826 -743.045837 24.519981 9
-37.617908 -747.358093 35.830776 9
-37.519711 -742.542542 23.749289 9
-37.314548 -747.815857 36.789112 9
-38.854431 -745.925171 32.682659 9
-36.992348 -739.680359 11.078002 9
-35.956036 -743.603271 27.320681 9
-37.755085 -737.774170 19.342007 9
-36.906452 -745.017517 30.253357 9
-36.958420 -739.001038 32.477016 9
-36.359344 -744.420288 29.425430 9
-36.754051 -738.929321 5.193957 9
-36.262669 -738.212769 -0.427179 9
-34.063625 -743.040894 28.915339 9
-40.829922 -743.208374 27.448151 9
-38.293816 -743.900635 27.395643 9
-33.280224 -744.528198 33.192848 9
-37.011635 -736.726807 5.668423 9
-38.199837 -738.995239 38.340782 9
-31.356361 -742.429260 32.810715 9
-38.274773 -737.063904 33.023041 9
-36.467533 -741.188049 16.433365 9
-31.964649 -740.576904 27.497555 9
-37.785202 -737.777466 10.987219 9
-36.944904 -739.267456 6.333529 9
-41.765617 -742.777771 28.684423 9
-36.624065 -748.250000 37.560146 9
-37.839565 -737.436218 2.596626 9
-37.642368 -739.047058 35.028267 9
-35.421463 -749.614197 45.373421 9
-37.026939 -748.828979 39.457573 9
-37.049751 -748.339966 38.209106 9
-35.972668 -738.557678 26.308901 9
-36.438747 -736.671631 1.349685 9
-38.899643 -743.883240 27.090498 9
-39.944973 -737.354065 44.752361 9
-35.314220 -742.470276 25.093130 9
-36.906803 -738.623779 0.936381 9
-35.920303 -736.595215 34.140976 9
-36.992664 -739.032471 33.359848 9
-36.658432 -749.936462 43.673470 9
-36.320522 -737.130981 2.319501 9
-40.899521 -746.595520 34.919170 9
-35.717487 -740.065369 16.025869 9
-35.750381 -746.390564 34.149616 9
-33.063999 -741.052124 25.925043 9
-33.553108 -742.580322 28.698538 9
-34.421917 -739.624756 18.937372 9
-31.488914 -746.068420 39.918610 9
-38.593346 -737.687561 31.456682 9
-35.450016 -744.041809 28.802551 9
-35.752785 -738.252625 0.939590 9
-38.717396 -738.372070 36.105453 9
-39.547115 -748.355957 39.189537 9
-35.298519 -741.262390 21.336666 9
-40.348297 -743.304565 27.113832 9
-34.279274 -749.513611 42.711807 9
-38.581573 -736.940918 34.930634 9
-37.198296 -736.750366 4.186165 9
-31.441521 -749.677307 45.141472 9
-36.429348 -737.033081 28.139755 9
-36.028793 -745.131958 31.108824 9
-36.241444 -748.006775 37.171776 9
-37.865173 -748.510010 38.529282 9
-40.402081 -747.474792 36.466629 9
-39.241425 -746.948608 34.280506 9
-33.597309 -748.763184 41.549793 9
-35.730354 -737.894836 3.550006 9
-36.907360 -738.866760 29.037502 9
-37.041924 -736.316833 10.276257 9
-35.744095 -737.367493 31.302475 9
-31.176664 -745.939453 41.886417 9
-35.946617 -737.155151 4.950550 9
-36.328629 -737.458313 10.710976 9
-35.516827 -737.491211 31.812859 9
-37.932251 -737.872314 9.558149 9
-37.579075 -740.329712 16.403296 9
-38.392296 -738.393860 5.880717 9
-38.847961 -743.331421 25.697887 9
-36.251469 -745.597778 32.039993 9
-39.646717 -742.264832 23.828972 9
-32.619038 -749.254272 43.831337 9
-37.267605 -736.777771 6.216609 9
-35.879665 -748.291504 38.038979 9
-35.667038 -749.687439 40.854847 9
-40.103600 -739.515198 20.204403 9
-34.417423 -745.399597 33.510448 9
-38.731735 -748.448059 38.491962 9
-37.153744 -749.624084 42.985188 9
-39.071495 -743.073914 25.329657 9
-35.976871 -738.475220 10.250451 9
-31.210308 -741.822449 31.709787 9
-37.630665 -736.934998 9.444994 9
-37.174274 -739.132629 34.238941 9
-30.808315 -741.196777 31.314789 9
-38.033794 -746.127563 32.523689 9
-36.219601 -738.296082 1.586897 9
-36.961189 -745.989929 32.297810 9
-34.101181 -747.619812 38.003796 9
-30.997129 -740.557068 29.257610 9
-38.276207 -749.364868 41.771481 9
-37.989719 -738.630737 11.889260 9
-38.918034 -738.853699 16.770554 9
-37.994236 -749.117676 42.095802 9
-35.924282 -738.785645 24.363163 9
-37.478573 -739.059509 0.014049 9
-38.135685 -739.183044 14.927324 9
-37.928448 -738.040466 24.100836 9
-37.219208 -736.027344 38.390633 9
-39.145920 -745.247620 31.156660 9
-38.892605 -739.031372 16.383778 9
-38.445614 -737.941345 2.638379 9
-41.108673 -742.936829 26.941042 9
-37.236629 -736.402039 31.938498 9
-32.537407 -742.446838 30.160162 9
-38.180836 -737.543579 24.776928 9
-31.916225 -747.432556 41.984257 9
-30.729094 -743.383850 36.607414 9
-37.467525 -747.089233 35.023438 9
-39.291737 -739.646545 18.550758 9
-36.056652 -739.390137 12.571507 9
-34.372856 -750.539551 45.658901 9
-36.770069 -736.424194 0.477277 9
-39.005825 -738.479553 42.241283 9
-36.682453 -737.499390 11.536967 9
-41.664783 -744.699646 31.493477 9
-38.690796 -738.495911 15.954932 9
-37.898376 -748.968445 39.898998 9
-35.912258 -736.934692 32.311680 9
-38.818981 -737.962524 32.638332 9
-41.442539 -741.879944 24.626207 9
-34.248974 -744.429565 31.898857 9
-39.497620 -738.367249 18.484972 9
-36.448833 -736.776001 7.646193 9
-37.749443 -738.462341 20.352585 9
-36.979630 -740.252380 14.119867 9
-36.374786 -749.417419 40.939617 9
-37.709785 -747.968689 37.316544 9
-39.153526 -736.964600 38.994701 9
-34.623405 -741.460938 23.224058 9
-41.473206 -743.860901 29.904133 9
-39.328400 -737.358398 39.668095 9
-32.444576 -741.066956 27.736534 9
-36.844624 -737.508179 13.917830 9
-37.652905 -737.149841 11.445373 9
-34.307983 -742.928040 28.164753 9
-36.192318 -737.618530 14.084262 9
-33.435944 -743.762390 31.392551 9
-38.190708 -737.643311 26.292509 9
-36.965523 -748.077637 36.915947 9
-36.258095 -742.030212 20.146072 9
-36.576164 -742.405457 22.483475 9
-30.288008 -744.161804 39.283710 9
-37.874825 -741.487183 20.730684 9
-40.762897 -741.395813 23.191725 9
-39.327915 -738.307434 41.651749 9
-33.252598 -740.662109 24.394024 9
-32.075451 -741.073181 28.324171 9
-36.601284 -739.224060 8.715799 9
-39.327751 -746.135803 33.244492 9
-38.244900 -748.075684 37.468586 9
-39.436451 -738.001282 43.182499 9
-35.458778 -738.370544 29.904852 9
-37.251282 -736.858582 7.264492 9
-39.990921 -737.492188 44.132580 9
-39.116573 -746.313354 33.693783 9
-37.389668 -746.229614 32.776245 9
-41.352570 -740.020081 22.504829 9
-38.105656 -739.456665 0.294460 9