-36.899967 -735.800171 38.637863 9
-38.891949 -738.876526 -0.849538 9
-36.525822 -741.832031 19.158121 9
-33.050808 -751.323853 46.282318 9
-41.919533 -744.304321 30.526840 9
-30.621986 -740.446716 29.496847 9
-36.764839 -736.039185 9.750125 9
-34.059025 -747.065247 36.814796 9
-38.257488 -737.036438 26.862171 9
-39.956070 -737.291992 46.354435 9
-38.421535 -749.136841 42.114113 9
-30.411285 -746.049744 42.631847 9
-35.848213 -743.474365 26.064545 9
-32.349602 -738.407288 23.241329 9
-40.689777 -747.531067 36.123749 9
-37.105129 -738.950867 32.953342 9
-41.176834 -741.456543 23.442543 9
-30.310457 -742.407959 35.297844 9
-35.661785 -737.505676 4.017533 9
-38.437012 -737.609863 15.412796 9
-36.231354 -745.398743 31.639177 9
-37.716679 -737.180847 21.527197 9
-34.260380 -737.683289 18.025589 9
-39.120098 -738.763855 41.832779 9
-36.616505 -740.197510 11.809361 9
-33.888771 -748.747803 41.205944 9
-33.216751 -747.174072 45.650417 9
-39.923100 -743.429199 26.928984 9
-30.993233 -744.727051 38.762642 9
-36.946804 -739.526917 7.568872 9
-32.649483 -743.225220 31.711746 9
-35.540104 -738.994995 29.105740 9
-39.145229 -738.169006 36.318253 9
-37.488251 -748.392944 38.323040 9
-36.422253 -736.013550 0.360333 9
-34.883263 -741.416077 22.869638 9
-32.811172 -740.902222 26.243645 9
-39.510323 -739.324646 18.784830 9
-36.305092 -740.728394 15.536330 9
-37.173031 -747.291809 34.769936 9
-35.924889 -749.598999 44.799614 9
-35.675278 -736.287903 35.035786 9
-39.956894 -745.891968 33.018215 9
-36.029903 -738.360657 24.401949 9
-37.832508 -736.542725 30.461149 9
-38.637112 -738.768250 2.808099 9
-39.386936 -735.761353 43.351864 9
-37.977764 -742.534485 23.621496 9
-32.655853 -744.793762 34.793114 9
-35.422401 -737.931885 13.996834 9
-34.793922 -743.584167 29.252935 9
-38.811302 -744.817749 29.640924 9
-38.349236 -737.218140 5.845050 9
-33.826607 -739.453735 20.656746 9
-38.020897 -739.343628 38.950943 9
-37.961132 -737.360413 12.343603 9
-37.294605 -737.251160 18.396307 9
-39.191639 -741.261902 21.074423 9
-30.510902 -741.308411 32.471836 9
-32.929966 -749.547729 43.896446 9
-35.745033 -736.879333 7.130474 9
-38.622913 -736.702209 33.885342 9
-32.635708 -746.976440 39.314442 9
-41.139801 -739.288696 21.478659 9
-39.251179 -736.927063 39.716217 9
-35.305019 -737.596802 31.449785 9
-37.877865 -738.519592 9.905518 9
-34.967651 -745.977051 33.948555 9
-35.839050 -738.384155 1.394786 9
-32.361893 -744.859070 44.693821 9
-32.804405 -741.975403 28.656544 9
-36.357464 -749.337280 40.488174 9
-41.758160 -742.409729 28.451065 9
-35.207371 -740.072998 17.794920 9
-30.939039 -747.985107 44.262211 9
-36.793461 -738.893188 35.485371 9
-36.333477 -739.393860 26.726942 9
-37.912300 -739.466003 13.823037 9
-36.907719 -739.374634 5.075314 9
-41.730923 -741.423889 25.863031 9
-36.122284 -738.112000 16.366238 9
-34.840649 -748.202271 38.872551 9
-31.555527 -738.902405 25.543432 9
-38.294193 -739.792297 16.657776 9
-37.772243 -736.105652 36.296642 9
-37.928307 -738.459839 28.958696 9
-37.029392 -744.061218 28.108627 9
-37.589066 -739.320801 22.680544 9
-37.389675 -736.709473 2.480079 9
-38.520809 -736.482849 -0.743195 9
-39.897781 -748.491699 38.295155 9
-36.846115 -741.999573 21.531929 9
-35.873779 -737.969116 11.407895 9
-38.066906 -737.185852 24.541597 9
-39.880989 -737.953125 43.946205 9
-32.013054 -747.376770 41.572723 9
-35.981899 -738.657776 20.924412 9
-35.354492 -749.892517 42.563057 9
-38.213291 -736.965820 8.124540 9
-34.254944 -749.039429 46.468945 9
-32.264359 -745.632202 37.102020 9
-38.362049 -735.535583 41.249584 9
-36.172176 -737.312134 27.727013 9
-33.223164 -740.382629 23.939903 9
-36.527500 -736.575867 32.998486 9
-38.050598 -743.289551 25.703707 9
-36.686222 -738.449524 -0.668884 9
-34.287281 -744.574890 32.355644 9
-36.160763 -747.818970 36.660854 9
-38.502598 -747.665039 36.489983 9
-37.812748 -746.291138 32.887104 9
-34.580467 -741.940674 24.972572 9
-31.381924 -739.564392 27.625990 9
-30.341831 -743.106262 37.376392 9
-39.924042 -742.649841 24.764462 9
-31.576416 -742.929077 33.584198 9
-38.763168 -738.086304 31.675936 9
-38.772396 -748.308350 40.151783 9
-30.244122 -744.916504 40.776962 9
-34.267170 -742.578064 27.259514 9
-36.078568 -737.914551 8.964924 9
-37.908455 -738.629028 19.971783 9
-38.262184 -737.801025 0.903183 9
-41.408154 -746.705811 34.299797 9
-39.053928 -737.786926 17.440928 9
-39.305080 -746.822083 34.740395 9
-37.079990 -738.896545 30.780668 9
-31.851286 -741.752258 30.507963 9
-35.174847 -740.973938 20.462122 9
-35.058239 -750.973572 46.023197 9
-40.550446 -743.990967 28.836592 9
-41.770340 -745.391052 32.208931 9
-31.573166 -750.068909 45.268486 9
-40.089622 -745.113342 31.187330 9
-36.031231 -742.953735 24.067232 9
-38.135792 -740.721375 18.543926 9
-38.880558 -736.841553 37.759872 9
-32.967007 -737.796631 21.274725 9
-36.087448 -737.192871 29.705343 9
-36.584255 -737.050171 25.836611 9
-38.445507 -738.573425 34.416004 9
-35.960144 -738.566711 18.898970 9
-36.015297 -739.809875 13.745247 9
-36.329620 -744.620239 29.816933 9
-31.480572 -744.119019 36.218220 9
-36.685528 -741.253662 17.334595 9
-37.146347 -749.883301 43.359447 9
-36.202271 -737.692078 22.561306 9
-39.511681 -736.912964 41.818855 9
-36.734081 -738.698669 2.978259 9
-37.406895 -739.274719 37.204479 9
-37.982048 -737.576477 4.064562 9
-38.099384 -745.572632 31.211531 9
-36.621796 -736.830872 5.417442 9
-36.677898 -739.812256 9.466992 9
-37.692543 -736.707947 28.624252 9
-37.217987 -737.375793 14.099327 9
-33.252483 -743.049194 30.039579 9
-39.597610 -741.866760 22.709978 9
-37.767834 -738.397949 25.816883 9
-33.871326 -746.008362 35.397739 9
-31.434820 -746.161987 40.346199 9
-34.161983 -739.191711 18.939014 9
-37.897850 -739.016663 11.664864 9
-33.722786 -740.273865 22.178759 9
-40.440968 -738.556702 20.031990 9
-35.375378 -746.844543 35.446178 9
-38.743164 -744.206238 27.990744 9
-39.958565 -736.297119 44.870510 9
-32.203083 -748.149109 43.086998 9
-34.307594 -750.188416 44.681183 9
-36.236523 -736.009766 37.042877 9
-38.169033 -738.488159 7.002626 9
-35.440990 -739.299133 15.340402 9
-33.621017 -737.783203 19.693987 9
-39.292088 -738.304993 38.548153 9
-34.971046 -744.337830 30.845936 9
-37.763252 -738.827637 18.113781 9
-37.818573 -741.305115 20.132811 9
-38.961617 -738.538574 40.179493 9
-37.141319 -739.580750 24.525141 9
-37.474758 -739.125122 1.500953 9
-36.142063 -738.273193 6.078082 9
-36.732025 -737.425842 19.951603 9
-37.262676 -737.304504 10.826385 9
-37.507080 -737.324524 16.751419 9
-34.705498 -738.821289 16.822071 9
-38.011520 -736.734009 32.333633 9
-35.479568 -743.565979 27.737246 9
-38.094086 -737.784424 23.012461 9
-33.052601 -744.177551 33.337345 9
-37.279312 -736.329895 34.711548 9
-41.181061 -739.952454 22.917896 9
-41.327213 -742.570435 26.886642 9
-39.935356 -740.025940 20.314833 9
-33.910236 -749.271484 42.683395 9
-37.233807 -735.748535 40.167427 9
-36.250797 -746.007019 33.083080 9
-37.533268 -738.635742 27.399061 9
-36.334850 -737.458862 12.800429 9
-38.486092 -739.186890 15.246788 9
-31.793648 -740.794800 28.472601 9
-32.090519 -746.359863 44.856625 9
-36.583828 -736.744385 31.395216 9
-37.261509 -736.766663 6.838897 9
-36.970112 -749.630798 41.860336 9
-38.818085 -737.020264 35.366978 9
-30.491743 -741.911316 33.893776 9
-33.645653 -747.451660 38.281803 9
-35.996662 -737.382690 2.506390 9
-36.203865 -748.839600 39.007248 9
-38.594540 -737.801575 30.179726 9
-33.580868 -748.079468 39.702084 9
-38.245979 -741.969055 22.040995 9
-37.609367 -749.130371 39.620529 9
-35.491478 -737.322083 33.752518 9
-31.538929 -742.237061 31.941404 9
-30.833473 -740.793152 31.029236 9
-36.251179 -737.014221 -0.718091 9
-35.881351 -738.986023 12.464993 9
-38.021168 -736.810669 9.607160 9
-36.794399 -737.117188 23.794760 9
-31.865900 -745.891724 38.598904 9
-38.342274 -736.023438 38.970242 9
-34.983173 -748.918335 40.160034 9
-37.791767 -738.680237 8.420362 9
-36.633656 -736.684387 8.281371 9
-36.008598 -739.358215 10.797360 9
-36.702576 -742.294434 22.953974 9
-36.088516 -738.299988 7.569420 9
-35.511562 -740.776855 19.032372 9
-38.212677 -739.785522 0.011148 9
-32.495720 -739.890320 25.083130 9
-38.636963 -738.518738 5.321705 9
-33.840363 -745.114624 34.057182 9
-38.611862 -738.040222 33.109562 9
-31.656866 -743.658386 34.882599 9
-32.964340 -750.386780 45.148502 9
-42.032475 -743.474915 29.345160 9
-37.429348 -736.963318 0.064229 9
-35.980988 -737.180603 10.226565 9
-36.863754 -736.690735 3.888809 9
-37.908596 -738.918640 21.351831 9
-38.128902 -739.001892 4.079828 9
-35.959587 -738.308350 25.838259 9
-33.160297 -739.003479 21.953152 9
-36.530220 -737.100220 1.241545 9
-36.755306 -738.276306 34.121887 9
-37.255936 -743.669556 26.785540 9
-40.700825 -741.054565 22.200068 9
-41.483871 -740.766418 24.659107 9
-36.453205 -737.971863 32.204117 9
-31.261772 -747.134766 42.827724 9
-35.117859 -747.732666 37.581867 9
-37.393936 -740.072144 14.996967 9
-39.753262 -747.797241 37.125317 9
-35.196243 -738.424561 30.357641 9
-36.802967 -743.019226 25.198069 9
-35.746117 -738.634155 27.803387 9
-36.301277 -737.785461 15.048307 9
-33.511124 -741.105164 25.094288 9
-33.940510 -742.814636 28.549601 9
-31.929106 -739.887085 26.408415 9
-35.615250 -740.052246 16.480463 9
-33.812344 -743.746216 31.162901 9
-35.543419 -741.501282 21.686323 9
-38.063828 -738.914062 35.987457 9
-37.311012 -735.749573 -0.612563 9
-40.624477 -744.426025 30.109467 9
-37.886692 -738.474121 24.141340 9
-38.615387 -738.690308 37.446625 9
-38.162685 -738.218445 13.409236 9
-33.223137 -741.722107 27.229521 9
-37.528076 -744.653320 29.211798 9
-37.728031 -736.156860 37.636608 9
-32.811066 -748.398254 41.935818 9
-38.801731 -738.592041 16.412985 9
-38.863171 -745.752625 32.287228 9
-31.342199 -744.533081 37.473553 9
-31.756359 -749.015198 44.303867 9
-36.276306 -737.945740 17.777967 9
-38.681564 -748.693665 38.850185 9
-31.024935 -745.679688 41.524494 9
-35.234436 -749.535034 41.301689 9
-39.702694 -737.988220 18.583010 9
-37.825455 -749.255493 40.925373 9
-39.241325 -739.232849 17.492685 9
-35.069569 -737.488892 16.990580 9
-38.710373 -743.880005 26.683172 9
-33.303825 -749.940125 46.347328 9
-36.098537 -746.594727 34.367443 9
-39.100147 -740.538269 19.400684 9
-38.146431 -746.625000 34.103756 9
-39.376236 -737.841309 42.723713 9
-37.291168 -739.582703 10.594109 9
-37.062721 -740.060974 13.045751 9
-33.934593 -741.887024 26.088577 9
-35.068623 -737.989502 15.376698 9
-37.305634 -747.625061 36.007324 9
-41.021423 -741.977844 24.706221 9
-35.128716 -745.496277 32.693104 9
-37.234451 -738.955811 6.240860 9
-35.966843 -737.795898 0.253128 9
-36.416401 -738.500000 4.257589 9
-38.713783 -743.065063 24.621389 9
-38.507729 -737.989624 27.897734 9
-35.274551 -750.113403 43.818409 9
-32.739346 -745.504272 35.934044 9
-36.240242 -741.681091 20.396704 9
-40.456039 -742.835266 25.886629 9
-32.667084 -747.612000 40.476208 9
-36.495918 -737.534851 21.270432 9
-34.131218 -741.299377 23.977350 9
-38.648354 -748.184204 37.635845 9
-36.260361 -748.335083 37.815998 9
-41.376396 -745.942810 33.294853 9
-41.021461 -743.276855 27.872252 9
-37.255638 -740.608704 16.417513 9
-32.076576 -738.524841 24.471384 9
-34.559761 -740.210754 19.630548 9
-37.028893 -745.261414 30.646402 9
-39.968777 -737.552856 45.149139 9
-37.753876 -736.156616 10.639735 9
-32.934612 -748.375427 45.678959 9
-32.901814 -746.505615 37.724777 9
-37.782585 -738.848633 31.921183 9
-37.490162 -748.773132 42.846886 9
-38.486973 -737.767761 -0.454341 9
-35.877018 -744.160034 28.776714 9
-38.673168 -736.090820 42.312103 9
-34.973873 -742.541626 26.077467 9
-33.081070 -739.515869 23.102974 9
-39.481663 -737.565979 40.730770 9
-37.444237 -738.778381 0.334022 9
-38.149868 -736.568298 0.977777 9
-38.196350 -737.548218 2.857679 9
-37.301270 -747.998962 37.181580 9
-32.310551 -740.860962 27.375628 9
-38.256035 -747.116455 35.313484 9
-40.474541 -746.913696 35.097469 9
-39.855965 -736.887207 43.318352 9
-35.238392 -742.028748 23.947042 9
-39.479450 -747.268005 35.865360 9
-36.627666 -736.157227 35.790817 9
-30.191553 -744.334229 39.703472 9
-36.114265 -739.087646 8.492056 9
-37.006214 -736.871094 26.980852 9
-39.254486 -743.204773 25.759794 9
-36.825466 -740.664917 14.062646 9
-36.452019 -737.808777 30.845650 9
-30.813845 -742.922974 36.277882 9
-30.327456 -743.723450 38.409142 9
-39.208977 -742.491699 23.633121 9
-38.799503 -736.923462 36.566074 9
-38.464397 -736.128906 40.158562 9
-35.603592 -737.162231 32.528130 9
-37.758324 -736.966370 25.698862 9
-40.181641 -746.333374 34.105736 9
-37.821625 -737.363464 19.507074 9
-35.716305 -737.608582 5.222957 9
-38.607422 -738.819031 1.577818 9
-37.579281 -736.302368 33.487446 9
-35.885727 -738.631836 23.259144 9
-34.272713 -740.467041 21.053066 9
-33.948662 -750.712585 45.717388 9
-37.316723 -737.290833 15.599717 9
-37.222187 -737.127380 22.607832 9
-37.043968 -738.938416 29.567924 9
-36.081417 -738.793091 9.722450 9
-41.239925 -744.725037 31.369747 9
-32.288792 -743.421021 32.808102 9
-37.680016 -736.888855 4.959379 9
-37.723537 -740.549866 17.476854 9
-32.067410 -741.465515 29.381952 9
-37.236660 -745.835693 31.950031 9
-31.046858 -745.222351 39.802711 9
-35.131310 -749.879578 45.672329 9
-35.779762 -737.808960 28.690615 9
-38.914444 -746.242249 33.324863 9
-35.692978 -742.710815 25.205984 9
-40.581108 -745.315979 32.200851 9
-38.651203 -738.776489 0.356131 9
-35.135181 -747.239868 36.484058 9
-38.313602 -737.360901 6.993431 9
-38.471588 -737.444275 29.103456 9
-38.492382 -737.035950 31.241045 9
-37.075703 -746.543274 33.747330 9
-37.778439 -738.756531 -0.752805 9
-38.342575 -738.294250 14.522836 9
-36.335907 -736.475830 34.103092 9
-37.958855 -738.344727 17.114868 9
-40.166252 -741.954407 23.799265 9
-37.064125 -736.649414 29.582619 9
-39.454704 -744.311340 28.882257 9
-34.381676 -738.840393 17.899841 9
-37.436687 -739.043518 34.556419 9
-35.623283 -737.150330 15.832469 9
-33.336601 -746.274475 36.497108 9
-34.103500 -749.837952 43.650692 9
-37.700665 -739.153931 12.739069 9
-39.862400 -743.884094 27.931318 9
-31.025818 -742.763855 34.543587 9
-35.959362 -738.744751 22.178286 9
-32.199333 -750.665588 45.943161 9
-37.878979 -737.670715 8.923422 9
-31.034855 -742.150574 32.938904 9
-32.183571 -743.866516 33.944206 9
-37.078678 -741.209412 18.358093 9
-35.075741 -744.992554 31.706400 9
-36.966873 -737.375488 11.877787 9
-36.693119 -739.570740 25.525263 9
-35.880341 -740.950073 17.987185 9
-39.019810 -745.267151 30.743349 9
-38.395161 -737.578857 10.272593 9
-37.101082 -738.934204 28.425879 9
-39.322536 -737.236755 38.665218 9
-36.834255 -739.077332 23.517675 9
-32.910172 -748.934814 42.915325 9
-38.714867 -740.025024 17.971189 9
-34.499477 -741.021118 21.948830 9
-39.074947 -738.062439 35.121731 9
-39.267208 -737.852234 37.578728 9
-37.926426 -737.967407 20.810062 9
-30.863794 -740.055298 28.417242 9
-30.579430 -747.020020 43.639091 9
-38.613888 -737.527100 16.506235 9
-34.272499 -743.704163 30.190933 9
-36.533348 -736.987305 28.681677 9
-33.484642 -738.446289 20.580265 9
-36.060852 -737.738586 26.767477 9
-37.790325 -738.216919 10.920948 9
-38.027924 -738.852051 33.470348 9
-32.499187 -742.631287 30.838963 9
-35.869728 -744.934082 30.723928 9
-36.327843 -747.318237 35.577122 9
-35.484467 -738.953979 14.297809 9
-36.373409 -737.380981 24.849054 9
-37.913258 -738.596802 30.142504 9
-39.037174 -736.372437 41.006584 9
-37.763882 -741.597351 21.143457 9
-35.992474 -740.085022 14.770959 9
-36.476669 -736.989807 9.306643 9
-38.518024 -737.972473 8.084455 9
-37.055130 -742.537354 24.119230 9
-37.958939 -745.123657 30.203932 9
-35.960262 -737.237000 6.161187 9
-36.163513 -737.188232 14.105831 9
-39.402172 -747.962036 39.045914 9
-37.826157 -738.080017 22.032564 9
-36.476700 -737.663574 18.907042 9
-35.332485 -744.294373 29.873487 9
-37.647945 -738.909790 2.520329 9
-33.819027 -740.695557 23.122219 9
-37.666729 -738.648010 4.967397 9
-38.892941 -737.655273 34.198513 9
-33.435856 -743.999817 32.271191 9
-37.791996 -738.261780 19.016134 9
-32.634853 -742.269653 29.766882 9
-38.297192 -748.414368 41.278225 9
-34.443214 -746.778442 35.905403 9
-31.231476 -741.117310 30.004089 9
-36.930695 -739.267944 3.821424 9
-35.743591 -742.024109 22.761295 9
-34.615658 -746.382751 34.850430 9
-32.115070 -744.659973 35.643738 9
-36.328049 -749.995422 43.946407 9
-36.403008 -749.855103 42.667877 9
-36.423634 -743.707886 27.376295 9
-36.459225 -736.114868 1.423495 9
-39.270599 -736.411682 44.142246 9
-35.162601 -742.999939 26.965714 9
-32.427292 -747.566772 45.175407 9
-38.044029 -738.916138 39.854557 9
-38.055710 -736.147034 35.338524 9
-32.686642 -738.108948 22.194471 9
-36.036522 -738.038635 3.253328 9
-41.571117 -740.539795 23.630228 9
-38.600193 -738.234497 3.651629 9
-31.458269 -746.556213 41.295696 9
-32.609055 -739.172913 23.909817 9
-39.680531 -744.768860 30.162275 9
-36.438797 -738.899536 6.845993 9
-37.679600 -743.030212 24.707691 9
-38.342079 -737.993347 26.585730 9
-37.082561 -739.345276 8.652064 9
-37.881161 -743.941467 27.524683 9
-36.242386 -740.820862 16.542088 9
-37.264000 -738.677002 25.005169 9
-35.657215 -738.138611 12.945495 9
-41.349014 -742.333130 25.732944 9
-39.378384 -737.887146 39.548470 9
-36.084263 -736.758545 3.269785 9
-35.999298 -737.411865 8.108909 9
-37.528255 -736.456909 31.514072 9
-40.361923 -736.765808 45.633312 9
-34.460522 -749.196533 41.890911 9
-37.299355 -737.294434 13.115234 9
-32.284721 -749.882507 44.632969 9
-32.978615 -746.251099 45.266529 9
-34.681324 -739.957397 18.655056 9
-35.252819 -750.407837 44.837910 9
-37.562004 -741.172668 19.196482 9
-39.976959 -740.637268 21.068716 9
-38.752422 -741.095825 20.184404 9
-32.070015 -746.874329 40.206219 9
-38.034855 -737.363831 1.746720 9
-37.662876 -742.125916 22.783030 9
-36.248985 -738.286255 2.260216 9
-37.949921 -739.124146 38.005650 9
-38.670990 -742.187256 22.869358 9
-36.586853 -738.445129 0.599822 9
-34.328293 -745.043457 33.244080 9
-39.510807 -737.890991 41.654224 9
-37.805077 -736.877869 3.402306 9
-38.011368 -738.301270 6.068332 9
-37.205471 -739.296692 36.257458 9
-40.423584 -739.309998 20.754602 9
-38.365196 -744.700867 28.715128 9
-33.842449 -738.877991 19.804226 9
-38.351486 -737.683350 4.973963 9
-37.448067 -737.176880 20.565018 9
-34.686577 -743.055237 28.019794 9
-37.363377 -736.669922 1.520720 9
-37.445507 -736.769348 8.775657 9
-36.990116 -738.967346 22.026722 9
-34.056629 -738.263489 18.780460 9
-31.927620 -744.908936 36.563004 9
-37.673935 -736.964783 27.647299 9
-36.640316 -736.792725 30.420300 9
-36.897522 -749.197693 43.964207 9
-38.146896 -738.077637 24.999901 9
-41.166039 -743.876404 29.566996 9
-35.955238 -738.103149 10.475654 9
-35.702744 -738.112427 29.612114 9
-37.456074 -739.350586 9.699862 9
-37.821655 -739.849792 15.805346 9
-38.137669 -738.432739 31.066238 9
-38.658562 -737.411865 32.346657 9
-36.616226 -737.569763 16.954844 9
-38.610638 -738.764282 41.031670 9
-40.027134 -737.002686 44.268055 9
-31.207556 -741.622681 31.281103 9
-37.777443 -737.121582 23.586996 9
-36.746788 -743.234192 26.123459 9
-33.374233 -745.387146 34.887417 9
-36.105007 -737.759583 23.688320 9
-30.912903 -743.767822 37.071556 9
-36.518654 -738.017944 33.142448 9
-36.023758 -749.656799 41.788929 9
-36.268425 -736.953674 4.549004 9
-36.523006 -737.030457 0.307525 9
-39.951065 -739.275818 19.722301 9
-41.200794 -740.062927 21.974331 9
-31.259750 -739.302307 26.736757 9
-36.199074 -742.476868 22.006084 9
-38.669720 -738.689331 39.150700 9
-39.710133 -745.513977 31.980539 9
-33.484612 -742.251770 27.937006 9
-33.354973 -748.223572 40.620193 9
-37.940784 -738.350220 12.359653 9
-37.297321 -739.633484 12.050885 9
-36.624798 -736.261536 37.848152 9
-37.074196 -738.791809 26.253624 9
-38.520245 -738.077148 2.175143 9
-36.022190 -739.003784 25.043575 9
-34.909351 -738.717896 15.924706 9
-37.215176 -737.015869 24.865776 9
-35.711658 -738.974915 13.371943 9
-36.781151 -736.635986 10.441534 9
-41.915901 -742.693787 27.601585 9
-37.566158 -738.489929 23.252300 9
-38.032650 -736.771729 29.529551 9
-35.934727 -738.858582 11.583040 9
-41.380577 -743.361328 28.746099 9
-34.153263 -748.543945 40.298927 9
-35.770374 -749.092773 39.759575 9
-31.970322 -746.371399 39.373734 9
-37.176212 -736.399292 32.369392 9
-35.550713 -748.423523 38.360771 9
-39.114189 -741.738647 21.885647 9
-31.094017 -746.400513 42.162529 9
-31.124002 -743.395142 35.565018 9
-34.253036 -747.496765 37.569870 9
-40.374767 -741.532654 23.037518 9
-35.674770 -737.674988 30.394865 9
-32.473804 -741.374695 28.086517 9
-37.840267 -737.977417 15.990550 9
-37.429420 -736.851990 5.815260 9
-35.890465 -738.627441 26.753761 9
-37.522968 -735.860107 39.337330 9
-33.457809 -750.079346 44.376579 9
-36.718090 -749.005615 39.723721 9
-31.607044 -748.303894 43.776176 9
-35.949181 -737.817627 6.824114 9
-33.652573 -739.653259 21.560711 9
-31.675838 -742.726013 32.715805 9
-37.435696 -738.813721 7.404293 9
-32.713055 -740.077698 25.948626 9
-31.471195 -745.119507 38.131504 9
-39.256298 -738.629272 18.143938 9
-35.720127 -740.529053 17.226492 9
-37.116764 -736.037903 36.904121 9
-33.290749 -742.570984 29.102537 9
-39.882114 -738.432312 19.328093 9
-36.255001 -739.747803 12.731671 9
-36.776703 -738.621521 1.640280 9
-39.443810 -736.523071 42.599701 9
-36.370041 -736.553772 6.600529 9
-37.929745 -737.533142 14.697212 9
-37.023880 -741.528625 19.825703 9
-36.504944 -736.181519 -0.491181 9
-37.362366 -736.938538 7.865341 9
-36.510250 -736.787903 2.112264 9
-33.548260 -748.895691 41.983341 9
-34.524700 -738.102417 17.291233 9
-36.652660 -744.470276 29.036547 9
-38.276051 -736.695862 34.685787 9
-35.067169 -739.653870 17.026447 9
-32.361717 -748.906860 43.674355 9
-37.782982 -737.554565 11.480482 9
-38.285236 -736.371033 36.984684 9
-34.178497 -745.679932 34.629292 9
-35.971760 -741.326477 19.581554 9
-40.765545 -743.208740 27.010792 9
-33.314606 -747.488586 39.072624 9
-34.364647 -744.301697 31.501806 9
-35.720707 -737.562866 1.587950 9
-38.702503 -737.185547 33.173786 9
-31.298389 -749.257324 44.981583 9
-36.292267 -736.765320 32.208969 9
-36.455063 -737.354675 11.132299 9
-38.285175 -737.186279 28.252296 9
-34.591953 -749.719421 42.934875 9
-31.999212 -747.666809 42.369514 9
-31.385443 -740.791260 29.234133 9
-30.926395 -745.477600 40.697533 9
-38.173950 -748.948853 40.224052 9
-34.033291 -743.226196 29.323729 9
-31.173223 -747.610107 43.533672 9
-37.645741 -737.307129 17.631819 9
-37.300129 -739.954468 14.165811 9
-36.429714 -738.648560 5.091631 9
-36.580513 -738.963501 33.621387 9
-38.107948 -738.889404 35.145546 9
-31.785936 -740.284302 27.778749 9
-35.776131 -740.067017 15.601232 9
-36.112671 -738.346008 19.699869 9
-34.791355 -737.973999 16.279266 9
-36.989040 -741.541809 20.814768 9
-35.934494 -745.644043 32.388500 9
-31.951872 -745.605347 44.535694 9
-39.290436 -743.881409 27.292759 9
-34.667377 -748.990601 40.961102 9
-33.634232 -744.626160 32.937298 9
-37.045284 -748.674011 39.025173 9
-38.655685 -738.432983 15.527064 9
-38.055962 -745.966614 32.123699 9
-37.465958 -739.388550 35.408325 9
-38.021767 -737.461792 13.746259 9
-39.323097 -748.598999 39.593872 9
-38.169777 -738.617188 32.682014 9
-37.673569 -738.909607 3.352820 9
-40.013142 -744.324402 29.510481 9
-35.756279 -746.148010 33.764530 9
-37.165173 -749.399353 40.384171 9
-39.088230 -740.085571 18.709093 9
-34.515808 -750.272705 46.146652 9
-36.992222 -746.149536 32.699921 9
-37.112854 -744.930847 29.888920 9
-35.618874 -736.970703 34.494278 9
-34.068752 -747.928894 39.051670 9
-33.033539 -740.494690 24.809507 9
-37.874687 -739.446655 14.727817 9
-32.784332 -744.494263 34.048637 9
-40.290916 -748.192810 37.626472 9
-37.662609 -736.488342 -0.751256 9
-36.056171 -742.384216 23.464077 9
-35.952686 -737.164551 30.988901 9
-37.989967 -735.462219 40.294804 9
-33.573067 -746.959656 37.581188 9
-36.427116 -738.409424 31.515245 9
-34.942490 -741.043396 21.246443 9
-36.224438 -736.408813 7.627643 9
-37.042736 -736.699036 28.113609 9
-36.722694 -737.553772 16.113321 9
-32.732124 -747.956604 41.252625 9
-38.587696 -738.694763 38.323536 9
-38.356136 -736.619934 35.951817 9
-37.826981 -738.119812 7.651583 9
-36.901585 -736.959717 3.081965 9
-33.128517 -743.283447 30.817135 9
-37.636299 -749.311279 42.251125 9
-38.113895 -738.952820 36.865444 9
-30.346790 -745.489136 41.957249 9
-36.768864 -740.606689 14.876268 9
-32.391136 -746.520386 38.648560 9
-35.935192 -736.604614 35.747852 9
-39.723309 -741.221741 21.689505 9
-31.371170 -745.399780 39.021664 9
-38.374268 -736.318481 38.144379 9
-36.045837 -737.922791 -0.693125 9
-41.676773 -743.543945 30.118170 9
-36.426586 -741.626343 18.094397 9
-36.987972 -738.963257 32.024723 9
-30.840935 -744.046814 37.837494 9
-36.037003 -738.653503 18.083450 9
-37.719383 -737.550476 9.781059 9
-37.855824 -748.859924 38.913307 9
-37.771984 -744.338196 28.287071 9
-38.863125 -736.653687 38.985275 9
-39.054977 -745.457397 31.530033 9
-35.380653 -737.883301 32.210064 9
-34.592571 -748.499512 39.597733 9
-33.350872 -741.375732 25.854040 9
-35.856590 -750.051575 43.222427 9
-38.141354 -739.471924 -0.727345 9
-39.118279 -748.320496 38.275433 9
-35.896999 -737.849243 12.236597 9
-32.149910 -739.522522 25.709677 9
-38.204384 -737.302734 0.295179 9
-39.296158 -738.319519 40.917473 9
-37.613365 -736.098877 38.480164 9
-40.630806 -747.735229 36.898823 9
-38.141693 -737.683960 25.762741 9
-36.524799 -736.357422 34.990810 9
-36.592670 -737.645508 13.545842 9
-35.224716 -739.420471 16.198511 9
-31.023432 -746.388306 43.035351 9
-35.513863 -749.369507 40.557018 9
-32.985813 -746.999512 38.361195 9
-36.116924 -738.223755 21.585833 9
-36.084587 -741.768311 21.181465 9
-38.693272 -739.337280 16.140875 9
-36.016651 -736.556885 8.769362 9
-37.090805 -736.619690 0.686305 9
-36.673527 -737.312988 22.048183 9
-36.544155 -738.747253 34.740246 9
-34.389156 -747.831665 38.279327 9
-36.701080 -739.993958 10.954900 9
-35.425514 -748.713806 39.150410 9
-33.569553 -738.917847 21.260347 9
-38.819595 -739.328796 -0.207203 9
-37.064323 -740.482300 15.644932 9
-31.894554 -742.262756 31.235277 9
-35.337803 -746.421997 34.494530 9
-37.167347 -738.816772 24.231331 9
-36.959610 -739.496460 6.739892 9
-38.152027 -737.706970 23.939062 9
-38.297169 -741.030823 19.559845 9
-39.334820 -746.479553 34.036484 9
-32.774925 -739.856995 24.330416 9
-37.955872 -743.504944 26.475973 9
-39.439716 -740.724609 20.339386 9
-30.591867 -741.150208 31.690723 9
-37.864086 -738.902527 9.198894 9
-33.152267 -750.649353 45.898109 9
-37.884293 -738.436157 28.077612 9
-36.088997 -738.359741 17.118170 9
-35.966053 -739.611633 11.995134 9
-41.646252 -741.517395 24.857584 9
-35.769482 -739.232178 28.387484 9
-35.795292 -743.487610 26.927155 9
-38.509239 -736.910950 30.306107 9
-35.465660 -738.195129 14.741219 9
-39.801788 -737.228394 42.504444 9
-36.457924 -738.680359 32.610771 9
-38.071964 -747.915344 37.088333 9
-37.856148 -736.905762 10.444338 9
-36.030186 -741.281921 18.690439 9
-32.138683 -739.221924 24.928951 9
-37.179737 -739.159912 -0.451519 9
-39.963848 -747.460571 36.442291 9
-39.614323 -739.963989 19.518885 9
-38.040222 -738.760620 0.854560 9
-32.046310 -745.734558 37.843903 9
-32.776867 -738.801636 22.725475 9
-37.179012 -736.792908 9.577126 9
-40.713535 -745.720032 32.901836 9
-30.832861 -744.625488 40.257191 9
-36.590656 -739.472839 10.263522 9
-37.908180 -737.372437 22.333351 9
-38.245602 -738.150879 29.576530 9
-36.736439 -749.556091 41.120216 9
-36.589626 -737.656250 10.284352 9
-38.992504 -737.501831 35.968826 9
-39.092300 -737.616272 36.863827 9
-35.280941 -742.346436 24.674397 9
-36.576954 -748.295105 37.107212 9
-38.539730 -741.513123 21.405022 9
-37.110279 -737.308105 19.232447 9
-36.934998 -737.388245 14.807841 9
-37.465477 -741.959229 22.058292 9
-37.836567 -739.132507 10.899558 9
-38.645184 -738.316406 4.577209 9
-35.926243 -736.744080 33.473911 9
-40.911327 -746.290405 33.840435 9
-35.253349 -743.669922 28.654335 9
-37.381329 -736.300293 35.661400 9
-30.635986 -740.680603 30.303230 9
-38.532143 -737.840576 6.430317 9
-36.323257 -737.708191 20.559406 9
-38.611973 -738.497192 35.571278 9
-36.703308 -739.393250 5.923594 9
-37.567795 -736.916199 26.458115 9
-33.456322 -749.392456 43.350033 9
-30.683767 -744.128174 39.149284 9
-34.632866 -750.435120 45.320057 9
-36.366138 -739.032471 7.777347 9
-38.326744 -738.526367 -0.274636 9
-37.345684 -737.143738 4.286068 9
-40.442959 -739.990967 21.109621 9
-34.657120 -739.536865 18.008957 9
-30.337767 -742.072510 34.615891 9
-35.661327 -750.596436 45.755772 9
-35.171986 -740.705627 19.756792 9
-37.111683 -735.847473 10.394582 9
-38.032463 -737.104675 -0.537072 9
-33.543137 -740.985107 24.345198 9
-38.250099 -748.469666 38.254963 9
-35.989426 -739.306030 27.584953 9
-37.315422 -739.071716 33.718643 9
-38.003677 -736.255676 34.142147 9
-40.665131 -744.699402 30.804869 9
-34.110523 -739.659302 19.990671 9
-36.576447 -737.365601 23.113338 9
-32.317787 -740.491821 26.640018 9
-39.019081 -738.568604 17.136003 9
-37.381664 -738.829773 4.241427 9
-36.168037 -738.333130 8.320677 9
-38.982304 -747.864624 37.046616 9
-36.114094 -737.596008 25.598488 9
-32.128067 -742.719910 31.886929 9
-39.293552 -736.869934 40.514400 9
-34.705414 -741.632324 23.618450 9
-36.833019 -737.390381 17.643261 9
-32.126507 -744.251465 34.802502 9
-32.527298 -745.590271 44.997879 9
-36.287636 -739.098938 25.914476 9
-38.241386 -738.781250 13.897477 9
-30.968224 -748.678040 44.556149 9
-34.714016 -745.683411 33.292633 9
-38.584885 -748.816711 39.614605 9
-33.857414 -742.080566 26.804838 9
-38.796577 -739.259277 16.886433 9
-35.492710 -738.174866 31.008850 9
-34.357937 -751.229248 46.076328 9
-36.451054 -746.911804 34.939754 9
-31.582504 -743.281982 34.237423 9
-39.353855 -742.824463 24.303986 9
-35.832027 -747.285156 36.189644 9
-39.401012 -739.653809 18.119171 9
-38.041019 -747.390442 35.966599 9
-36.957520 -736.718750 4.776506 9
-37.360077 -745.623901 31.203321 9
-36.278706 -743.972839 28.164413 9
-36.109474 -737.688782 9.680483 9
-39.356255 -743.598206 26.439167 9
-38.031357 -736.071777 40.753174 9
-35.821182 -737.931091 27.516792 9
-41.025906 -747.228333 35.478455 9
-32.818821 -746.116089 37.015991 9
-37.263550 -742.415894 23.411831 9
-35.841789 -747.938171 37.314964 9
-32.901150 -747.503967 39.772167 9
-38.490833 -749.116394 41.378887 9
-30.994596 -741.763428 32.089176 9
-38.218784 -737.023254 8.880446 9
-38.528908 -737.736389 31.012684 9
-37.854832 -747.003723 34.705902 9
-35.814590 -738.093689 4.424730 9
-36.697334 -748.581970 38.382053 9
-38.133720 -736.696594 33.196915 9
-38.824825 -747.589355 35.763092 9
-40.610302 -742.392944 25.157972 9
-38.185299 -742.662048 24.333509 9
-31.022202 -742.409790 33.763977 9
-36.114681 -735.912781 36.258839 9
-38.300171 -741.426147 20.658020 9
-33.419945 -739.621887 22.276562 9
-32.303951 -750.182068 45.335629 9
-37.107368 -736.206116 -0.071945 9
-37.007542 -748.299072 37.781948 9
-33.977852 -741.628174 25.293587 9
-37.060219 -736.431641 33.985909 9
-39.703945 -737.610962 43.335938 9
-35.261528 -740.403076 18.437639 9
-36.971943 -739.177368 0.698261 9
-38.580696 -746.801758 34.675243 9
-38.500813 -738.092529 28.732685 9
-32.844582 -743.871460 32.681908 9
-37.341553 -739.484924 11.330778 9
-31.561258 -747.100342 42.175674 9
-38.649174 -743.082764 25.341978 9
-36.471424 -739.187378 9.127846 9
-37.170994 -736.507385 30.806316 9
-32.029469 -747.131287 40.888489 9
-35.686436 -738.505981 28.521900 9
-35.875977 -737.421814 13.356021 9
-39.120148 -735.644043 42.626259 9
-37.845772 -737.841675 20.051029 9
-38.601128 -738.199890 33.814640 9
-39.381279 -743.041504 25.033245 9
-39.106567 -736.302490 41.744225 9
-41.183052 -744.227905 30.515236 9
-37.922565 -738.292236 11.629254 9
-33.729691 -750.310547 45.114994 9
-38.526196 -738.085693 0.265986 9
-36.621380 -740.349792 12.509541 9
-40.181889 -747.164673 35.745663 9
-33.268501 -741.435303 26.574829 9
-31.792173 -745.125000 37.252903 9
-34.467278 -742.392883 26.568905 9
-40.740974 -746.586731 34.521286 9
-40.518528 -743.758362 28.142626 9
-37.242764 -738.906250 5.504657 9
-41.262581 -741.075562 24.051020 9
-38.671852 -743.456787 26.081293 9
-37.579781 -747.347717 35.348480 9
-33.262341 -748.440918 41.339298 9
-33.858166 -737.620972 19.037178 9
-33.861416 -746.371338 36.016491 9
-34.644894 -747.425232 36.977459 9
-31.775253 -739.950378 27.156586 9
-36.919453 -747.758545 36.596737 9
-34.917385 -737.632141 17.754446 9
-39.572826 -748.045288 37.757442 9
-35.567535 -745.761780 33.180275 9
-40.799774 -741.624451 24.016977 9
-37.313782 -743.218018 25.682840 9
-38.234699 -740.091125 17.308592 9
-36.806835 -736.876953 7.427287 9
-34.984505 -749.656555 41.982754 9
-33.394848 -744.800476 33.588566 9
-37.030315 -749.149414 43.250099 9
-35.945595 -737.829895 0.961646 9
-32.996292 -740.778687 25.469185 9
-38.571331 -738.620605 36.442707 9
-41.759071 -742.857361 29.150272 9
-34.383068 -745.570374 33.951454 9
-34.313766 -741.032593 22.726278 9
-36.374058 -737.171631 27.042376 9
-39.392586 -738.499084 42.421513 9
-37.751980 -738.419983 26.527025 9
-34.619205 -740.456604 20.293053 9
-35.973267 -749.512146 41.105347 9
-33.463413 -740.133423 22.902760 9
-31.756168 -744.091492 35.426308 9
-37.955002 -738.768982 1.899973 9
-37.073334 -749.700928 42.559814 9
-37.715672 -738.687256 20.727594 9
-39.292820 -745.939270 32.806599 9
-36.511528 -742.849304 24.563169 9
-34.521221 -743.235291 28.685480 9
-35.554348 -741.316162 20.960073 9
-37.803711 -748.143860 37.703068 9
-39.238651 -747.560974 36.458916 9
-38.795712 -735.544922 41.917625 9
-32.632866 -746.884033 45.226009 9
-38.265617 -737.482178 27.410145 9
-35.765724 -737.133484 31.848219 9
-31.639748 -739.268005 26.141096 9
-33.085922 -738.428406 21.529697 9
-37.116676 -743.898438 27.440634 9
-30.611946 -741.517578 33.326935 9
-39.929901 -742.861694 25.452665 9
-38.010342 -738.167969 27.200251 9
-35.275806 -741.865051 23.273476 9
-37.550461 -737.276306 2.899921 9
-36.212769 -737.100647 3.867523 9
-41.923267 -745.000061 31.670259 9
-36.206635 -743.121155 25.545555 9
-39.973026 -743.232849 26.263645 9
-31.008793 -743.584351 36.346352 9
-35.761089 -750.005798 45.350918 9
-35.779041 -750.220581 44.447987 9
-37.501106 -738.988342 10.317190 9
-36.735447 -742.105164 22.232306 9
-37.795349 -740.293640 16.807537 9
-34.996338 -742.374878 25.416519 9
-38.574661 -737.947205 5.707070 9
-36.583469 -745.792908 32.229042 9
-33.230690 -744.925598 34.387070 9
-40.390484 -742.221313 24.483324 9
-36.838135 -746.811951 34.381878 9
-37.764355 -746.566345 33.526291 9
-34.333977 -744.083984 30.791637 9
-38.443485 -737.973145 7.388959 9
-38.772930 -736.173340 39.492207 9
-37.612186 -738.932495 31.247864 9
-37.398491 -737.160339 24.233124 9
-36.024555 -738.678955 10.884599 9
-36.453640 -745.102051 31.036150 9
-37.285313 -739.125916 7.998410 9
-38.046814 -737.717285 12.946914 9
-36.440010 -743.431274 26.712198 9
-38.127335 -744.855896 29.584452 9
-36.425419 -746.304443 33.705585 9
-33.723221 -751.079163 46.259758 9
-32.576900 -748.427673 42.578369 9
-36.205856 -737.791321 15.730911 9
-38.514526 -738.131775 1.487550 9
-40.409966 -743.531006 27.495489 9
-37.736805 -747.659241 36.560425 9
-36.281460 -737.461731 11.822386 9
-38.457775 -746.077087 32.826012 9
-36.602245 -740.488098 13.308701 9
-37.750092 -737.651489 10.514842 9
-37.544933 -749.422302 41.575264 9
-37.097828 -740.788696 17.646904 9
-36.825821 -736.779541 6.108812 9
-33.426491 -745.849426 35.923603 9
-41.961075 -743.134277 28.490587 9
-33.362713 -737.807861 20.337688 9
-38.491074 -738.089783 32.390762 9
-30.871441 -742.881042 35.194328 9
-37.870373 -737.973755 8.318748 9
-35.279503 -737.498962 16.304583 9
-38.606873 -744.202759 27.312998 9
-37.024776 -739.231079 2.672034 9
-36.896526 -738.609741 -0.056335 9
-31.494469 -745.854919 39.515144 9
-30.480953 -745.276855 41.294605 9
-39.971703 -746.665894 34.714855 9
-34.668194 -739.235901 17.362850 9
-37.956062 -736.598938 0.308669 9
-35.302261 -744.117493 29.219742 9
-39.727211 -736.925903 45.450603 9
-37.607574 -738.456238 22.572041 9
-35.398224 -738.754456 29.722988 9
-32.949310 -741.814697 27.931358 9
-34.612572 -750.076416 44.026955 9
-39.042290 -747.122253 35.287174 9
-39.637165 -742.079956 23.343071 9
-40.873180 -742.818298 26.441339 9
-38.904114 -738.104370 -0.873411 9
-37.520725 -746.896729 34.105686 9
-40.180775 -737.660645 44.485741 9
-41.242222 -745.094360 31.936853 9
-35.984898 -738.269775 25.166218 9
-37.064960 -737.156555 10.136595 9
-35.698746 -745.012085 31.371538 9
-37.694134 -738.165771 9.345095 9
-35.157646 -741.442932 22.244303 9
-35.258743 -738.658569 15.216932 9
-36.271103 -740.292908 14.149650 9
-36.270954 -737.237366 8.721615 9
-39.424793 -738.063660 40.204994 9
-35.701851 -737.588745 15.322012 9
-37.502377 -740.698181 18.294415 9
-37.566738 -738.654541 6.750291 9
-39.465927 -737.008911 41.145393 9
-41.197598 -746.946106 34.882992 9
-37.347454 -739.465942 23.644148 9
-40.630276 -745.043274 31.574442 9
-33.130459 -743.701843 31.765097 9
-36.844040 -735.843872 39.311371 9
-35.629238 -739.506714 14.735607 9
-37.774166 -738.172058 18.345608 9
-32.140537 -741.322266 28.687550 9
-37.095909 -737.312073 21.127815 9
-38.049709 -737.066589 2.408480 9
-37.802990 -736.797974 6.460746 9
-37.004658 -749.855225 44.024239 9
-35.497551 -743.016174 26.374292 9
-38.825684 -737.186035 34.668488 9
-34.135365 -740.028870 20.550962 9
-39.695667 -746.961487 35.267136 9
-36.514442 -749.568665 44.421860 9
-31.649944 -747.778198 43.059513 9
-39.274319 -737.318115 38.012081 9
-38.864220 -738.255310 36.946690 9
-35.848854 -737.445251 7.457190 9
-32.828777 -745.247925 35.263275 9
-37.646404 -737.614990 18.880424 9
-34.087803 -742.649170 27.891438 9
-38.106247 -737.351074 25.189503 9
-41.461864 -741.014587 25.271244 9
-38.636410 -738.032410 16.068394 9
-36.496857 -744.895935 30.407455 9
-37.500168 -739.601318 13.238004 9
-34.666763 -745.105591 32.348743 9
-37.102249 -736.227600 36.265846 9
-32.310299 -749.363892 44.202396 9
-40.971661 -741.231995 22.851725 9
-36.748734 -740.940308 16.108364 9
-37.083427 -736.656189 28.881683 9
-33.293720 -746.582581 37.116508 9
-30.328907 -743.127686 36.717213 9
-41.230034 -745.452332 32.573700 9
-39.685638 -746.235107 33.517796 9
-33.693386 -743.436584 30.344606 9
-36.038670 -738.594421 3.638925 9
-30.944471 -745.756531 42.209972 9
-39.374603 -737.859131 18.021685 9
-36.822472 -736.764282 -0.403609 9
-35.728878 -736.819092 8.018197 9
-37.372204 -739.011536 30.191265 9
-35.665462 -737.493530 3.308212 9
-35.789715 -737.660278 14.478151 9
-35.140881 -750.020142 43.175823 9
-31.116987 -741.300476 30.710302 9
-35.871784 -744.346130 29.425795 9
-38.376316 -738.949280 14.624760 9
-32.394749 -747.902466 41.808910 9
-36.874283 -741.275940 19.089199 9
-32.363544 -745.402588 36.463364 9
-35.014114 -748.075684 38.236687 9
-39.365189 -744.244019 28.201921 9
-38.669258 -745.055176 30.242031 9
-38.164730 -735.937561 39.594097 9
-38.612888 -737.241211 -0.821454 9
-31.890793 -749.563904 45.029209 9
-32.782219 -741.253479 27.100803 9
-36.972370 -737.442383 12.570823 9
-38.914490 -738.291016 37.916908 9
-35.743900 -746.745850 34.912384 9
-37.701134 -739.781738 12.569520 9
-36.113838 -737.336548 29.062288 9
-34.024487 -738.269348 19.517914 9
-38.200264 -735.922058 41.753738 9
-39.631878 -738.682068 18.749882 9
-37.100342 -738.832092 26.958458 9
-37.690323 -738.686951 29.515257 9
-30.802914 -744.714966 39.412880 9
-35.389328 -747.601135 36.969315 9
-38.108280 -738.688477 12.978368 9
-38.583279 -738.143982 2.990339 9
-36.153812 -738.028320 18.405880 9
-36.068954 -738.766968 23.895113 9
-37.135036 -736.922363 25.503973 9
-36.970264 -739.134521 22.781975 9
-36.326675 -739.676270 11.471725 9
-35.714523 -738.330627 13.585659 9
-40.404697 -746.036743 33.522488 9
-39.939758 -744.060791 28.558554 9
-33.838039 -744.027649 31.734634 9
-37.230602 -735.927368 37.964539 9
-36.480480 -747.552979 36.157776 9
-41.321236 -743.054626 27.312450 9
-36.013416 -737.061646 5.381553 9
-37.235043 -740.554810 17.055716 9
-31.206915 -746.958496 43.452995 9
-36.533169 -750.073975 43.261864 9
-32.963795 -739.697266 23.737101 9
-37.188866 -744.392090 28.677250 9
-41.538261 -742.074158 25.162621 9
-36.492527 -736.890381 29.330997 9
-30.344076 -742.749634 35.865505 9
-32.091869 -743.506958 33.412727 9
-34.951187 -740.376831 19.079746 9
-34.459366 -742.173889 25.860867 9
-35.373875 -744.652039 30.430748 9
-34.299053 -739.668518 19.371799 9
-35.679707 -741.311951 20.151793 9
-35.962135 -740.495972 16.053370 9
-34.825478 -744.165771 30.252584 9
-31.358963 -744.299744 36.882610 9
-39.530159 -736.361938 43.494175 9
-37.726166 -736.342590 32.851723 9
-36.954472 -747.339600 35.486755 9
-37.198486 -737.070007 23.295418 9
-38.618114 -742.681091 23.859230 9
-39.632099 -744.988586 30.752802 9
-38.268089 -737.612854 3.479939 9
-36.544796 -741.958618 19.795832 9
-36.326691 -738.310364 0.003772 9
-37.661602 -745.370911 30.697357 9
-37.830528 -738.247986 21.370544 9
-38.211472 -740.450134 17.971947 9
-35.848896 -742.617554 24.584644 9
-37.122887 -738.690918 36.048618 9
-37.635662 -739.231079 22.043230 9
-38.465298 -737.305664 29.792368 9
-34.315498 -741.617065 24.495480 9
-38.091473 -736.810730 31.701063 9
-38.300110 -738.924255 40.446072 9
-31.284822 -740.453491 28.689365 9
-41.865128 -744.614319 31.079065 9
-36.216194 -737.404419 26.248741 9
-38.981277 -737.056213 37.153545 9
-38.716320 -739.688416 17.413607 9
-39.378891 -744.575928 29.576578 9
-36.705929 -738.694824 3.693017 9
-38.099770 -737.190613 26.182112 9
-38.262718 -748.259827 40.528893 9
-32.296158 -742.191528 30.416306 9
-36.129639 -737.184021 30.366629 9
-36.297203 -737.760803 19.570406 9
-35.579601 -745.284790 31.964933 9
-36.150581 -738.652039 8.963184 9
-36.044983 -738.299622 22.749222 9
-37.991741 -738.375610 5.448007 9
-37.262592 -736.557800 30.180906 9
-38.728142 -738.004822 16.949402 9
-38.297543 -738.700562 3.340502 9
-41.521305 -742.939453 28.046526 9
-37.338577 -738.821167 28.997604 9
-37.294525 -737.205139 21.996630 9
-33.924416 -749.886658 46.357895 9
-38.320621 -737.460449 7.762982 9
-36.550728 -735.693420 37.559334 9
-38.012337 -737.182983 0.986614 9
-39.488110 -736.712097 44.908119 9
-40.079861 -737.466309 45.744488 9
-32.640358 -738.991211 23.317942 9
-36.719784 -737.491699 18.339489 9
-37.498619 -739.065674 32.471546 9
-38.982033 -736.784363 38.387493 9
-36.251141 -737.526978 24.249977 9
-40.096283 -745.614380 32.458328 9
-31.109678 -744.564941 38.056015 9
-36.816914 -740.984680 16.721579 9
-37.261246 -737.124146 3.581125 9
-36.051479 -743.153809 24.942392 9
-32.432728 -746.220642 38.040928 9
-41.270657 -740.439575 22.537384 9
-34.372917 -746.383850 35.441681 9
-36.530396 -738.794739 5.684535 9
-38.231503 -738.429688 31.783485 9
-39.430561 -737.392578 40.077564 9
-38.633282 -738.554871 1.018460 9
-34.269547 -741.215271 23.299366 9
-38.702545 -746.535767 33.859459 9
-39.214378 -737.780334 38.919445 9
-41.710930 -745.804810 32.795013 9
-38.667595 -740.579224 18.829836 9
-38.927116 -744.525330 28.588095 9
-39.814217 -742.423584 24.190496 9
-30.787455 -743.482239 37.597462 9
-36.976974 -740.134033 13.645901 9
-38.509377 -736.887939 32.676983 9
-39.636368 -736.794861 46.153725 9
-36.857342 -745.517029 31.538994 9
-39.512913 -748.509705 38.764854 9
-40.067757 -736.942993 44.927113 9
-31.194899 -745.994995 40.910904 9
-37.908508 -737.402588 5.451181 9
-36.592102 -737.630005 14.244219 9
-35.859898 -737.758118 5.877111 9
-35.777630 -738.453064 12.168323 9
-36.096565 -738.927368 10.319107 9
-36.234077 -736.650940 2.637590 9
-36.659904 -742.514893 23.523260 9
-36.979172 -739.311707 34.844196 9
-32.560368 -741.950012 29.223083 9
-32.509186 -751.036377 46.378941 9
-40.133446 -741.258850 22.343628 9
-37.329315 -737.242737 19.912828 9
-35.818710 -737.857483 2.141983 9
-37.867630 -738.907349 34.136787 9
-34.557602 -747.043213 36.444618 9
-35.934959 -741.962036 22.165363 9
-38.303947 -745.362549 30.651073 9
-38.482563 -745.687134 31.684038 9
-36.568398 -736.416931 8.994720 9
-37.693150 -736.183167 37.022774 9
-37.866341 -738.904114 -0.102272 9
-38.702328 -736.008545 42.915295 9
-36.213234 -740.910339 17.171934 9
-36.315578 -738.423767 33.705238 9
-35.899471 -737.458374 4.575968 9
-32.804825 -745.851562 36.474171 9
-37.135738 -736.410339 33.010754 9
-32.869019 -749.965881 44.456566 9
-39.233833 -738.968262 0.051195 9
-31.661425 -746.638367 40.707401 9
-36.855560 -737.350525 20.568716 9
-36.127846 -737.320923 0.680740 9
-32.060890 -740.887329 27.926506 9
-36.747166 -738.958313 34.209305 9
-35.377926 -737.590088 32.906193 9
-38.246220 -748.798706 40.815701 9
-37.132835 -738.929626 27.761667 9
-35.708904 -742.909485 25.820467 9
-38.029293 -738.221313 23.617428 9
-41.756416 -742.372742 26.502525 9
-37.654129 -737.789246 15.442452 9
-36.197899 -737.445312 -0.285515 9
-37.213642 -738.756592 25.613174 9
-33.069321 -748.762085 42.359043 9
-35.193218 -744.864258 31.062614 9
-36.862263 -738.848572 4.542479 9
-38.213886 -738.397949 4.134220 9
-32.783043 -750.252808 46.242504 9
-35.069214 -747.007996 35.940590 9
-38.320751 -737.494629 8.532316 9
-35.985626 -736.824036 32.877453 9
-36.403362 -737.809570 31.542307 9
-37.872711 -737.433228 4.682724 9
-33.750378 -750.467957 46.279427 9
-38.906746 -736.540894 40.177044 9
-37.250164 -746.408020 33.178017 9
-38.250858 -738.223389 30.464903 9
-36.030525 -738.423767 6.755592 9
-33.167618 -747.864136 40.175426 9
-38.628864 -737.347107 31.742723 9
-39.036255 -738.404907 39.543400 9
-36.655701 -737.049194 26.483391 9
-37.109016 -742.715698 24.674276 9
-36.576332 -741.994629 20.780334 9
-36.184559 -737.353943 28.329357 9
-34.122833 -740.505981 21.773767 9
-36.241108 -742.317505 21.432142 9
-36.848820 -736.578308 31.918596 9
-38.312092 -746.447144 33.302837 9
-31.732460 -741.412659 29.896143 9
-36.272045 -737.742798 21.918299 9
-33.773514 -742.263062 27.428865 9
-38.025063 -748.780396 42.376579 9
-37.555607 -749.370300 42.944096 9
-38.180523 -743.818970 26.959734 9
-35.516983 -748.104004 37.840179 9
-38.227421 -742.919189 24.930336 9
-35.107700 -743.136536 27.562555 9
-34.944210 -738.099792 16.849743 9
-37.934788 -736.782776 31.001255 9
-33.866375 -739.939819 21.087297 9
-35.838921 -737.939819 28.102558 9
-39.825001 -738.035339 42.384544 9
-37.679985 -736.854309 27.063639 9
-36.767830 -737.510986 15.369811 9
-40.510464 -737.250916 46.124348 9
-33.646034 -740.778625 23.789448 9
-38.318485 -736.042908 37.572735 9
-34.587528 -749.471863 42.401619 9
-36.430374 -738.372681 1.208788 9
-36.071346 -738.319275 5.442021 9
-34.488327 -746.079285 34.323833 9
-36.155659 -737.301392 1.865440 9
-38.177601 -737.942566 14.039362 9
-37.335094 -738.708557 0.912902 9
-34.215378 -738.826111 18.458931 9
-40.605644 -744.247070 29.533283 9
-33.746922 -738.316345 20.030535 9
-36.509007 -737.268860 9.828926 9
-38.563419 -738.746521 2.161385 9
-40.916431 -739.036743 20.944235 9
-35.688976 -743.920959 28.194618 9
-31.820702 -738.716064 25.019732 9
-36.227940 -742.632141 22.825689 9
-35.975975 -739.474487 13.193529 9
-32.823982 -742.757263 30.344353 9
-37.750523 -736.792847 1.951469 9
-37.314800 -739.160034 9.166466 9
-35.485523 -736.712097 33.978893 9
-37.906303 -737.838074 12.002566 9
-37.945999 -739.558472 15.309127 9
-30.880844 -747.455872 44.017082 9
-38.019001 -738.993713 37.438061 9
-38.528355 -737.900452 4.132607 9
-35.367218 -749.726562 44.941063 9
-37.805393 -737.115173 22.996113 9
-36.348007 -736.543274 4.998878 9
-36.324688 -736.373962 9.533045 9
-38.770123 -737.272339 33.763653 9
-35.944363 -737.679810 10.884041 9
-38.763786 -741.877625 22.392000 9
-36.567440 -736.368652 0.917164 9
-36.649784 -737.109497 24.360140 9
-34.318798 -738.264221 18.021170 9
-36.091755 -748.604553 38.453342 9
-38.126595 -742.259094 23.123045 9
-38.665421 -736.024841 41.321033 9
-37.368210 -743.462708 26.207981 9
-36.967129 -738.516235 35.080109 9
-37.901871 -738.950439 13.458830 9
-35.707443 -742.373474 24.075014 9
-32.149708 -741.877930 29.811935 9
-32.639240 -743.495605 32.239941 9
-33.525444 -749.762146 43.797966 9
-37.556801 -746.061035 32.405972 9
-37.507282 -741.660400 20.563765 9
-40.177601 -744.760925 30.478559 9
-38.772614 -738.073608 34.624031 9
-35.826530 -738.073425 2.707115 9
-37.518795 -738.520264 7.939318 9
-36.967056 -738.935791 31.346952 9
-30.239723 -743.473511 37.811798 9
-36.769531 -736.589783 1.629937 9
-33.334240 -745.539307 35.445862 9
-36.882202 -736.901306 8.894013 9
-30.698408 -744.214050 38.573711 9
-35.630188 -738.920471 27.305813 9
-33.999538 -749.928833 44.245342 9
-37.891468 -738.173462 16.527407 9
-37.613487 -742.614929 24.208139 9
-35.890106 -749.848999 42.317039 9
-30.248266 -744.629211 40.228802 9
-37.486790 -738.996399 36.692699 9
-38.351078 -736.705322 35.332829 9
-37.425480 -736.689209 10.090986 9
-36.006783 -737.985291 3.885032 9
-33.765591 -749.333984 46.437412 9
-36.629925 -736.956238 27.760534 9
-40.038849 -737.280945 43.747879 9
-37.770988 -736.838013 7.479252 9
-37.077618 -739.067261 3.288495 9
-35.997162 -738.234619 9.431556 9
-35.575497 -738.391296 29.072723 9
-36.602257 -736.113159 36.586315 9
-32.862465 -749.221436 43.421326 9
-37.220940 -735.472900 38.994373 9
-35.796490 -739.295898 13.846177 9
-37.617085 -738.656128 5.874833 9
-38.045628 -737.048218 29.035744 9
-36.656990 -749.513550 43.558853 9
-34.627598 -744.704468 31.897036 9
-38.436260 -738.103027 15.103207 9
-37.688492 -738.914978 33.011940 9
-36.683788 -736.580139 33.547058 9
-32.306854 -738.686523 23.727797 9
-32.512264 -743.873779 33.272316 9
-40.230408 -747.348633 36.975857 9
-37.658379 -737.501160 20.996515 9
-37.619427 -736.771301 0.851081 9
-39.373302 -737.242004 39.232170 9
-37.742683 -736.491882 9.213792 9
-37.769516 -738.875305 12.244844 9
-38.011234 -737.853149 24.496515 9
-41.476532 -746.382385 33.826820 9
-36.751198 -735.628296 38.111870 9
-38.265675 -739.397095 15.754314 9
-37.944103 -737.707947 21.616110 9
-39.141270 -738.353455 17.656155 9
-31.253096 -745.716858 40.034767 9
-38.611008 -736.106201 40.756725 9
-35.810600 -737.271606 6.724954 9
-37.260021 -749.347473 40.990108 9
-38.915936 -738.034302 35.819355 9
-35.146618 -746.495728 35.048157 9
-34.653957 -749.928955 43.481647 9
-39.149853 -737.856079 38.189167 9
-31.231064 -740.029968 27.915924 9
-32.553673 -748.595764 43.206997 9
-33.525761 -742.952393 29.553839 9
-37.515869 -737.250183 2.310172 9
-36.044762 -736.457031 34.595989 9
-38.687557 -738.326416 40.673187 9
-38.162689 -737.926270 6.865460 9
-39.810425 -736.123230 44.351879 9
-32.318260 -742.804565 31.369402 9
-37.010471 -739.922913 12.421921 9
-40.474213 -747.044312 36.312096 9
-32.818504 -747.858276 45.471775 9
-33.070965 -739.235962 22.488075 9
-37.525612 -737.367920 11.972898 9
-36.545124 -738.574280 33.204140 9
-36.656906 -741.531982 18.602552 9
-39.542721 -745.155334 31.328661 9
-37.820965 -736.381348 34.856365 9
-30.746786 -742.299561 34.969948 9
-32.436764 -747.533386 41.016930 9
-35.058609 -750.263977 44.334652 9
-37.764301 -738.745178 30.660545 9
-37.994423 -738.662720 19.409645 9
-33.712173 -738.990356 20.354376 9
-37.460934 -740.257507 15.995980 9
-37.243969 -736.392944 10.655564 9
-38.320770 -738.919678 -0.701719 9
-38.983761 -738.351624 41.389416 9
-34.446728 -739.450317 18.530748 9
-38.519257 -736.348450 36.473698 9
-30.821857 -740.292786 28.961313 9
-40.851330 -739.603210 21.839186 9
-32.173241 -743.024780 32.370907 9
-37.649597 -739.269592 38.464794 9
-38.134964 -737.459717 9.395365 9
-35.209053 -748.742249 39.674335 9
-40.282661 -739.056274 20.193913 9
-35.960899 -737.811707 13.744339 9
-34.815449 -743.831482 29.767612 9
-40.897179 -743.650391 28.543457 9
-36.937603 -739.630432 8.120631 9
-38.543716 -738.506287 35.021206 9
-37.792458 -745.737366 31.651611 9
-35.839020 -744.466492 30.053610 9
-36.455299 -738.788757 6.296598 9
-41.479321 -740.557556 23.041449 9
-32.575260 -739.482483 24.701944 9
-35.250423 -737.914856 15.935442 9
-36.344849 -736.546143 4.008627 9
-38.849731 -744.574341 29.136284 9
-36.855755 -739.965027 10.367136 9
-38.634357 -745.404541 31.156908 9
-36.665058 -744.233337 28.530540 9
-37.851536 -741.929138 21.584545 9
-32.249710 -740.296265 27.173536 9
-30.853388 -744.989441 40.963921 9
-37.650806 -749.117065 40.280785 9
-36.778965 -736.346191 34.470982 9
-35.151928 -750.449158 45.549179 9
-32.520267 -738.259460 22.697691 9
-34.120377 -748.199402 39.736301 9
-35.412453 -740.066650 17.148613 9
-33.257870 -742.285583 28.592402 9
-39.203812 -742.262939 23.037355 9
-41.056335 -739.673828 22.359005 9
-37.719120 -738.400635 25.179731 9
-32.491371 -747.101685 39.929192 9
-36.087730 -737.845337 24.676065 9
-33.965736 -740.621460 22.560780 9
-37.412643 -742.966614 25.203745 9
-35.551426 -740.477417 17.936722 9
-31.407093 -748.439941 44.307884 9
-36.523518 -741.420044 19.537947 9
-37.899048 -738.385620 17.801544 9
-36.574154 -736.881042 29.882662 9
-33.360809 -749.146606 42.666794 9
-35.305824 -738.411621 14.209126 9
-36.093021 -738.163879 4.908232 9
-31.818159 -744.534973 36.113274 9
-33.873566 -741.355225 24.774693 9
-36.293167 -738.369873 2.904273 9
-38.605694 -738.694519 39.780823 9
-37.187305 -736.803955 5.265913 9
-38.183266 -744.277466 27.826897 9
-31.956446 -743.815430 34.418015 9
-38.025406 -748.839172 39.450634 9
-35.918148 -746.948975 35.427799 9
-36.488411 -749.756042 42.138111 9
-37.263222 -741.864990 21.176825 9
-31.274937 -743.184204 34.784336 9
-39.215321 -736.112976 42.285091 9
-38.736004 -736.236450 38.631958 9
-41.293098 -740.523193 24.117893 9
-34.764259 -740.762695 20.816133 9
-40.369179 -743.103577 26.620180 9
-37.482353 -737.548340 16.054583 9
-37.232056 -738.728027 23.690603 9
-38.732197 -738.935486 15.727761 9
-34.770416 -741.843384 24.157099 9
-39.644314 -737.435303 41.928989 9
-34.130577 -738.781006 19.327637 9
-41.745068 -743.124451 29.663105 9
-33.402401 -740.331055 23.415672 9
-37.720753 -735.854431 39.913464 9
-37.221397 -737.267456 17.224068 9
-37.769745 -738.153564 19.554752 9
-37.053726 -736.086121 37.458771 9
-36.948250 -739.474670 9.823814 9
-39.702728 -736.713379 43.874184 9
-33.936886 -749.589355 43.167850 9
-35.139030 -743.425720 28.136091 9
-38.890221 -736.057617 43.431301 9
-38.215755 -738.579407 4.866204 9
-36.493759 -739.508240 26.216646 9
-36.379471 -742.531128 24.001310 9
-36.392551 -739.285400 9.800353 9
-35.876675 -739.797546 14.320721 9
-37.963242 -736.662354 -0.246179 9
-37.018833 -736.238037 35.219440 9
-38.325706 -738.887207 38.769985 9
-39.213150 -736.255859 43.035606 9
-30.787609 -742.118774 34.301319 9
-33.823864 -746.633972 36.502205 9
-36.103096 -736.214966 35.372829 9
-38.588100 -736.773926 32.141838 9
-37.576130 -736.708008 29.157900 9
-38.086903 -738.662781 2.718567 9
-38.543716 -737.328247 30.653301 9
-38.330662 -737.747681 28.359270 9
-38.608055 -738.361145 6.267141 9
-32.663513 -750.426941 45.687878 9
-37.518276 -737.312378 15.005564 9
-41.294189 -741.749756 24.222673 9
-38.847179 -736.966187 35.927128 9
-41.728725 -741.157837 24.374985 9
-37.052902 -740.280579 14.537774 9
-36.849751 -736.858093 2.550962 9
-41.307968 -739.998230 23.443779 9
-37.246525 -738.681152 -0.718384 9
-36.177486 -738.050598 19.124886 9
-36.804619 -741.269531 17.890760 9
-31.308100 -742.494934 33.302715 9
-37.551937 -737.537292 12.660498 9
-37.447754 -739.264160 2.027979 9
-41.137115 -740.921692 23.541100 9
-39.110123 -740.756958 19.914577 9
-38.304005 -737.330811 6.440413 9
-36.240475 -743.155334 26.288023 9
-37.525684 -737.609375 13.511955 9
-38.692516 -742.376465 23.391562 9
-40.143204 -745.305054 31.705027 9
-38.938313 -737.494446 35.106396 9
-36.674210 -739.163025 8.219457 9
-39.157730 -744.887756 30.051479 9
-32.414188 -745.099609 35.777279 9
-34.997475 -738.450012 16.411182 9
-34.519909 -738.636780 17.388147 9
-37.939232 -738.344849 10.424372 9
-34.802898 -746.702454 35.434258 9
-35.644745 -737.594421 30.945238 9
-36.711819 -736.639648 9.897627 9
-37.157799 -742.267761 22.533684 9
-37.561447 -739.075684 35.868038 9
-34.033943 -748.893555 41.693687 9
-37.646622 -745.028198 29.772926 9
-37.646606 -738.481506 8.904963 9
-39.202126 -738.147766 42.029137 9
-41.454456 -743.547302 29.238499 9
-38.692352 -736.606506 37.268143 9
-34.702026 -742.709229 26.953259 9
-33.040070 -742.590210 29.604359 9
-36.775013 -741.635010 20.310242 9
-36.726768 -737.287476 10.653513 9
-38.095348 -738.023193 22.534937 9
-32.939087 -738.567444 22.274151 9
-35.622353 -737.318359 5.691400 9
-36.976673 -739.283508 23.993643 9
-32.822495 -740.279114 25.255114 9
-37.982117 -749.086182 41.624779 9
-38.354347 -738.493896 33.241146 9
-36.056793 -738.975037 26.402611 9
-39.092190 -748.432007 39.089813 9
-38.220089 -739.058105 39.363422 9
-39.616230 -740.286865 19.981215 9
-38.218510 -737.563538 2.310307 9
-35.662514 -740.791992 18.456345 9
-36.833412 -735.748596 0.025272 9
-37.892036 -738.810669 1.364620 9
-36.860401 -744.681641 29.476339 9
-35.810230 -750.151184 43.825073 9
-37.756123 -737.216614 11.009289 9
-37.989765 -740.893127 19.040508 9
-36.303806 -736.782593 7.072516 9
-37.705021 -736.367004 32.013874 9
-37.802204 -738.619385 21.994329 9
-37.286362 -737.347229 11.364912 9
-38.217720 -742.075684 22.576391 9
-36.190113 -736.427856 36.397743 9
-30.805313 -743.244690 37.047241 9
-35.493668 -739.641541 15.795987 9
-38.552402 -748.196045 37.071514 9
-36.113968 -737.937073 23.129715 9
-33.957527 -743.413513 29.887062 9
-30.800529 -741.718933 32.638130 9
-37.835049 -738.614807 4.474489 9
-32.326809 -739.045288 24.457031 9
-36.209332 -749.139526 39.442699 9
-38.456211 -737.509766 15.997764 9
-35.796444 -738.398315 27.249468 9
-39.555473 -740.892456 20.852522 9
-35.886806 -738.647888 12.879664 9
-38.392620 -739.195740 0.097390 9
-36.663284 -737.112244 25.213579 9
-37.760315 -738.638550 11.263556 9
-32.784008 -743.065735 31.160093 9
-31.811954 -741.040588 29.006445 9
-37.737114 -737.188232 0.497532 9
-37.477825 -744.136841 27.812895 9
-31.394663 -743.779663 35.819950 9
-35.969307 -743.817627 27.768702 9
-39.845085 -738.965942 19.256899 9
-35.561939 -737.126526 33.109161 9
-35.768353 -737.620117 29.794744 9
-37.609264 -736.877808 3.910546 9
-37.843273 -744.619995 28.797747 9
-36.097115 -738.219849 22.221642 9
-36.204422 -740.475525 15.084587 9
-37.194298 -739.056885 6.937950 9
-35.496857 -749.652405 41.778152 9
-36.737228 -746.257812 33.246784 9
-34.656124 -745.245789 32.880596 9
-37.011917 -736.950378 1.109538 9
-37.876305 -740.008972 16.379005 9
-34.664349 -742.867798 27.461897 9
-31.262396 -742.822754 34.074169 9
-36.117439 -737.924561 7.948225 9
-35.925434 -738.029236 26.331121 9
-38.475075 -738.420532 -0.820974 9
-39.575935 -735.996521 43.882484 9
-33.735050 -748.235962 40.249447 9
-38.826454 -737.794983 33.584114 9
-32.740974 -741.362427 27.638109 9
-37.246498 -738.959534 35.195068 9
-37.415146 -736.457642 0.253899 9
-38.097786 -736.598938 33.751202 9
-36.948868 -739.816040 11.674973 9
-36.823864 -736.629333 0.095173 9
-35.081104 -741.107300 21.852711 9
-37.397076 -745.153442 30.284323 9
-40.497616 -741.599426 23.557253 9
-39.523685 -737.508179 41.300251 9
-36.280010 -737.858093 17.253420 9
-35.842747 -736.771301 6.567251 9
-31.854998 -743.055481 33.145485 9
-36.102493 -737.415833 1.246397 9
-35.779560 -737.637207 16.002871 9
-37.199654 -738.890198 23.188719 9
-32.082100 -748.534302 43.419487 9
-37.855957 -737.114868 8.466951 9
-31.473576 -740.462830 28.199005 9
-37.806534 -735.931152 -0.655301 9
-36.673569 -736.564575 32.495167 9
-33.244236 -738.202698 21.082830 9
-31.113970 -740.708130 29.698606 9
-37.617512 -738.640869 28.480282 9
-34.790970 -749.380066 41.495102 9
-36.542744 -737.342712 12.276067 9
-33.988461 -749.214539 42.177372 9
-36.017204 -737.322266 14.827003 9
-36.045563 -738.693298 7.239000 9
-32.443409 -746.018005 37.564274 9
-39.533989 -739.059875 18.208740 9
-33.206467 -744.248718 32.799988 9
-33.777615 -745.340088 34.529465 9
-36.699577 -739.065491 7.373882 9
-37.641724 -736.777344 29.899376 9
-37.949326 -736.316833 35.841957 9
-37.695488 -737.388245 3.520379 9
-31.570824 -741.892090 31.008497 9
-36.718033 -737.271179 22.613026 9
-31.153893 -746.194214 41.501305 9
-36.343388 -740.020081 13.406617 9
-37.548069 -735.953491 40.527771 9
-32.929527 -747.165955 38.891132 9
-33.119804 -743.468201 31.298140 9
-37.510418 -738.565002 24.538733 9
-36.758121 -741.000061 15.535885 9
-36.516865 -749.685181 41.602718 9
-34.195972 -746.086975 35.022266 9
-36.034599 -738.325195 23.664976 9
-31.741932 -746.473877 40.059265 9
-33.360832 -750.563171 45.434742 9
-37.271488 -738.762817 2.854655 9
-33.874802 -744.773560 33.367466 9
-36.253670 -737.100159 2.917278 9
-37.313057 -740.970947 18.754395 9
-33.687237 -747.722961 38.768696 9
-36.945705 -739.586121 9.106192 9
-39.819740 -743.734009 27.436451 9
-40.091526 -738.227600 19.822170 9
-37.961906 -738.967957 34.650913 9
-39.255123 -748.094543 39.675850 9
-37.129780 -736.823120 8.368254 9
-36.518440 -737.004211 3.458589 9
-35.904907 -738.306335 0.314835 9
-35.952053 -738.539062 16.606281 9
-34.675179 -747.769958 37.831360 9
-39.591759 -748.090332 38.398659 9
-41.225662 -742.444824 26.229259 9
-37.428406 -738.918274 8.700933 9
-37.142651 -736.740295 1.982324 9
-34.973495 -739.293823 16.666229 9
-33.880569 -744.382141 32.108902 9
-41.046936 -744.178223 29.975149 9
-41.921509 -743.807373 29.723524 9
-37.107479 -736.916809 26.208666 9
-39.321499 -738.382996 39.117310 9
-35.843918 -740.497498 16.632849 9
-37.126183 -737.296631 16.417274 9
-34.551617 -748.829773 40.485447 9
-36.826122 -743.560974 27.074453 9
-36.798035 -737.491028 13.081818 9
-30.756920 -742.064697 33.466064 9
-38.595421 -738.687134 3.943576 9
-39.765995 -738.104431 42.931980 9
-40.057816 -738.722778 19.697783 9
-35.610542 -742.163879 23.579466 9
-37.410587 -741.227173 19.704405 9
-36.197769 -736.966248 8.285292 9
-35.033527 -749.187805 40.626942 9
-37.388302 -735.502625 39.646408 9
-31.756517 -746.966858 41.290707 9
-38.782261 -748.571289 37.971607 9
-41.013988 -743.770935 29.045603 9
-40.641109 -738.892395 20.526674 9
-37.743736 -738.734741 3.877002 9
-34.785244 -744.613647 31.245001 9
-37.516472 -736.362915 34.250767 9
-36.707394 -743.921814 27.742226 9
-38.020355 -738.071594 26.128201 9
-37.446438 -739.717102 13.736586 9
-36.361965 -736.837341 5.880008 9
-36.289688 -749.170776 39.957188 9
-33.192760 -746.695312 45.445152 9
-36.177235 -737.743347 8.447385 9
-38.228832 -737.727234 -0.017013 9
-37.362350 -736.687317 -0.389175 9
-36.951942 -738.565491 34.499538 9
-35.843319 -738.077209 -0.151353 9
-36.949745 -737.287109 21.608070 9
-38.563046 -738.562500 14.919096 9
-35.716038 -736.827332 34.974949 9
-39.360153 -745.699097 32.381523 9
-37.041344 -736.535461 31.370758 9
-37.352455 -739.380615 23.147984 9
-36.278877 -737.510315 9.221488 9
-39.977085 -736.473877 45.431389 9
-36.200592 -736.935486 31.668049 9
-39.116371 -748.052246 37.504253 9
-37.494919 -738.851257 9.549274 9
-35.157974 -745.834045 33.489239 9
-37.982147 -739.118958 14.183160 9
-38.145866 -738.749329 0.350837 9
-35.934788 -737.763855 12.778734 9
-35.531975 -741.069458 19.610594 9
-30.908594 -746.185120 42.588066 9
-37.968231 -736.012207 38.069950 9
-40.286938 -739.810364 20.674601 9
-38.933365 -746.659668 34.331059 9
-30.803759 -744.389099 39.799335 9
-37.705032 -739.437378 10.133842 9
-37.480274 -738.907471 21.677172 9
-37.824123 -737.512268 20.524351 9
-39.156151 -743.997681 27.777836 9
-34.912167 -739.721252 17.581516 9
-35.232563 -739.105591 15.767963 9
-39.744637 -736.609253 44.490173 9
-34.196468 -744.840698 32.773144 9
-38.285477 -737.651672 1.397363 9
-33.865265 -748.463379 40.703915 9
-33.718521 -745.724365 35.002380 9
-31.260956 -742.128052 32.363873 9
-37.054047 -739.249695 35.730042 9
-39.484276 -739.807983 19.054960 9
-37.832565 -735.989624 38.933590 9
-35.686241 -739.772400 15.200766 9
-37.778816 -737.991455 10.013768 9
-39.036884 -738.217834 42.650017 9
-34.007591 -739.326172 19.604710 9
-35.974396 -741.844360 21.673115 9
-41.423866 -744.448547 30.949526 9
-33.962795 -743.752319 30.677317 9
-31.938747 -748.718994 43.885998 9
-37.622429 -739.404053 37.748360 9
-38.551132 -736.957520 34.327690 9
-38.349297 -744.348206 28.364138 9
-37.602348 -739.097595 0.691830 9
-31.471687 -741.400818 30.379498 9
-32.687271 -740.872559 26.785599 9
-35.231529 -738.387451 15.651980 9
-37.733967 -737.719666 14.279468 9
-38.238071 -737.498718 26.704052 9
-40.659161 -739.441895 21.183590 9
-35.650383 -737.579529 2.803347 9
-33.827206 -747.369263 37.786297 9
-30.352453 -742.755859 36.367470 9
-36.081104 -738.194214 9.918928 9
-40.034153 -744.292053 29.003805 9
-39.881439 -739.744995 19.905632 9
-38.551987 -738.685120 36.948505 9
-37.781395 -737.246765 13.244230 9
-36.192623 -736.567261 -0.398019 9
-36.447887 -738.460449 32.113007 9
-39.064514 -737.336975 36.437824 9
-38.020523 -738.536438 18.595375 9
-34.327396 -750.737183 46.043129 9
-36.679264 -736.711914 4.343808 9
-35.879101 -738.306335 1.878852 9
-38.371864 -738.843262 37.862762 9
-37.198963 -749.455750 43.652683 9
-37.447037 -740.159241 15.499557 9
-37.163513 -738.970032 4.942061 9
-37.696262 -737.080811 25.111340 9
-33.993916 -748.621460 46.528027 9
-37.299908 -738.826599 3.682932 9
-36.040722 -738.825928 25.515860 9
-37.745819 -737.101196 9.975820 9
-35.289761 -738.699951 14.685593 9
-30.281456 -743.998413 38.816341 9
-35.475475 -743.315735 27.277916 9
-35.302124 -741.709656 22.798943 9
-39.025181 -741.184082 20.592731 9
-36.015156 -736.930603 7.618024 9
-38.590061 -740.368042 18.395184 9
-36.148193 -742.206482 22.532116 9
-37.938274 -738.280884 6.599349 9
-32.606483 -750.119629 44.924248 9
-37.464718 -736.751404 2.964174 9
-38.256107 -738.663513 33.876434 9
-39.124981 -738.796082 41.059906 9
-32.116562 -746.661987 39.755936 9
-38.682095 -738.174866 17.540850 9
-40.115074 -744.540955 30.038639 9
-30.708839 -746.660828 43.317654 9
-39.231205 -737.373047 37.450832 9
-40.696507 -747.002808 35.767223 9
-32.279419 -740.134216 26.183792 9
-33.799240 -740.115417 21.662642 9
-40.306656 -747.856201 37.267956 9
-32.328911 -748.079163 42.320293 9
-32.980286 -747.977417 40.807205 9
-37.520493 -739.826111 14.589378 9
-35.267445 -737.403076 32.198769 9
-36.857777 -737.371826 18.796217 9
-37.656532 -738.668030 10.656653 9
-40.884750 -742.585754 25.807903 9
-38.660587 -748.575562 40.701481 9
-38.108521 -738.107605 9.063740 9
-38.021255 -737.538452 23.436945 9
-36.535633 -736.632874 30.921801 9
-31.767427 -745.350952 37.772472 9
-34.768448 -750.331055 44.777157 9
-37.469509 -748.845093 39.220520 9
-38.383282 -736.896606 -0.211847 9
-41.587173 -743.996765 30.312059 9
-31.972439 -739.101685 25.399830 9
-34.316334 -740.138611 20.083342 9
-37.252666 -736.880432 10.503482 9
-38.159649 -748.474182 37.614990 9
-38.691093 -737.549866 32.843864 9
-37.691151 -743.819397 27.061338 9
-37.921253 -738.323853 22.957491 9
-31.061241 -746.660950 42.638893 9
-31.810381 -748.043518 43.437073 9
-37.755833 -736.817810 28.110538 9
-36.551105 -736.244629 10.237446 9
-35.568691 -737.862915 13.334161 9
-35.959915 -736.034058 35.791161 9
-31.520382 -746.803345 41.691898 9
-40.038193 -740.310059 20.701630 9
-31.082455 -744.163635 37.337471 9
-32.412708 -744.267029 34.273537 9
-31.661907 -739.666992 26.760771 9
-31.949940 -749.502014 44.496460 9
-31.597893 -744.713074 37.045845 9
-36.473186 -746.650757 34.062229 9
-37.343269 -735.960632 38.856033 9
-34.387314 -743.610657 29.719641 9
-36.625702 -748.806885 39.249863 9
-39.584488 -738.139465 19.057384 9
-30.797827 -743.714478 38.231030 9
-36.449905 -738.128906 32.676235 9
-34.906506 -742.042603 24.582499 9
-36.681881 -737.496826 19.413004 9
-37.739994 -739.362244 12.201168 9
-35.554974 -747.036377 35.853050 9
-35.408375 -746.117432 34.110386 9
-39.006409 -739.585388 17.839861 9
-31.520187 -742.013367 31.486469 9
-38.877937 -742.726807 24.278584 9
-37.873985 -737.294800 -0.055746 9
-34.298058 -749.006165 41.287148 9
-33.753700 -739.398010 21.161798 9
-38.036030 -738.239685 12.831233 9
-36.096222 -739.275208 11.301360 9
-35.973640 -738.723145 21.690952 9
-31.529354 -745.475403 38.561596 9
-39.795815 -737.554871 42.864559 9
-41.353218 -739.608215 21.954082 9
-40.850758 -745.985046 33.336979 9
-36.414612 -742.019836 21.762482 9
-38.747818 -738.458313 -0.024145 9
-37.632225 -739.567078 14.202843 9
-37.282593 -737.034729 23.767460 9
-38.642166 -739.284607 -0.725684 9
-33.886536 -747.179932 37.254093 9
-34.266624 -748.726379 40.885010 9
-36.137859 -737.760620 10.166150 9
-37.483421 -739.259216 11.741955 9
-36.901756 -743.489685 26.513924 9
-34.595764 -739.980896 19.163500 9
-32.349453 -747.258057 40.482967 9
-34.458401 -740.731750 21.529982 9
-35.507843 -738.710449 13.871784 9
-36.707325 -749.135254 40.243111 9
-36.417965 -741.234375 16.908026 9
-32.471138 -739.861877 25.573643 9
-38.513329 -737.727112 29.497299 9
-36.837593 -749.907898 42.935516 9
-37.882103 -749.177124 42.631432 9
-38.372799 -738.426697 0.620786 9
-37.179047 -749.061401 39.871986 9
-37.073082 -736.641052 3.451876 9
-36.071484 -737.518982 27.316513 9
-38.045216 -735.947266 40.275867 9
-34.056229 -745.178528 33.613472 9
-38.225105 -735.630554 40.765804 9
-41.044659 -742.272461 25.329351 9
-33.217468 -746.938782 37.923740 9
-33.718933 -741.659119 25.716814 9
-36.216320 -737.926392 20.970783 9
-37.663097 -739.706543 11.736361 9
-38.405994 -744.759888 29.206635 9
-38.368656 -738.038635 5.285726 9
-39.725094 -746.531799 34.304466 9
-38.267139 -741.164001 20.069801 9
-35.842812 -737.702148 6.339386 9
-37.459820 -748.598877 38.768341 9
-38.109238 -736.161865 38.574352 9
-35.555408 -736.497253 34.428082 9
-36.323822 -741.184265 17.910610 9
-35.517323 -738.087524 30.221256 9
-34.897789 -750.524048 45.987469 9
-36.407436 -739.605408 10.692136 9
-33.330143 -747.305359 38.622482 9
-35.737865 -748.605164 38.763218 9
-36.389133 -740.526978 14.598441 9
-36.074642 -737.248596 3.436860 9
-36.383095 -737.366394 23.797421 9
-35.510857 -737.983521 31.647827 9
-36.768574 -736.136719 38.343285 9
-37.584415 -736.443481 31.043776 9
-34.923035 -739.917419 18.155056 9
-35.285919 -737.870117 30.698175 9
-37.857006 -737.375122 24.143345 9
-31.704885 -741.174438 29.463228 9
-35.022984 -748.464661 39.328491 9
-36.416222 -739.778809 11.988469 9
-35.713318 -747.582397 36.621368 9
-36.482540 -737.739014 16.455488 9
-35.285030 -748.335083 38.751129 9
-30.835587 -743.156189 35.861122 9
-39.439896 -737.959229 41.178089 9
-36.643223 -737.054932 0.771947 9
-38.263500 -736.955261 7.648824 9
-38.564590 -738.258667 6.923554 9
-32.588211 -744.157349 33.643906 9
-33.545238 -741.750305 26.328327 9
-35.899357 -738.218018 10.983412 9
-38.088936 -736.967712 29.959297 9
-34.947815 -738.932556 16.359812 9
-38.088951 -736.707397 -0.766672 9
-36.520367 -745.954773 32.688915 9
-36.817215 -749.319824 40.686050 9
-35.191296 -745.275513 32.266590 9
-38.943588 -736.125610 40.381550 9
-34.368637 -741.940125 25.400568 9
-38.032707 -735.898315 41.190166 9
-33.681293 -746.784546 36.951950 9
-37.760368 -736.792480 8.119999 9
-38.870770 -738.529053 38.680477 9
-39.486526 -743.585327 26.932203 9
-36.142647 -738.638062 7.904034 9
-36.569706 -737.039673 1.704313 9
-38.631714 -737.750488 32.001911 9
-36.163147 -738.211060 0.777669 9
-33.032471 -740.289062 24.377535 9
-37.093647 -749.458679 41.428555 9
-38.890995 -736.636963 39.465603 9
-38.245033 -748.737427 38.641998 9
-35.890739 -749.277161 40.277657 9
-30.773718 -745.109802 40.451878 9
-41.907772 -743.352051 28.894951 9
-32.723663 -746.625916 38.231209 9
-34.364235 -748.060608 38.699005 9
-34.611225 -748.600220 40.072010 9
-37.737366 -738.440247 7.224760 9
-35.802933 -741.189087 19.158163 9
-33.546772 -739.226501 21.782515 9
-38.319530 -737.655273 14.933784 9
-39.217693 -736.635254 41.370441 9
-34.398941 -748.280579 39.224411 9
-38.452835 -738.508057 40.265816 9
-37.828762 -738.769409 35.519642 9
-37.387081 -737.534485 14.613656 9
-38.205296 -738.112915 29.113668 9
-30.901865 -741.497375 31.623053 9
-36.535496 -737.081360 -0.205116 9
-37.972790 -737.877441 12.509859 9
-37.745850 -738.889099 7.745478 9
-38.569180 -736.700562 33.408501 9
-37.017006 -737.423523 13.512162 9
-38.251381 -737.228149 5.056708 9
-39.217403 -737.993958 37.134895 9
-34.949738 -746.169006 34.392456 9
-38.443165 -747.315430 35.711647 9
-37.621449 -739.554871 10.954604 9
-36.787754 -735.817139 -0.430288 9
-35.368855 -750.097534 46.009510 9
-38.066208 -736.100525 36.667126 9
-37.515858 -738.761475 27.970253 9
-38.170406 -736.615356 10.252462 9
-41.667435 -740.820374 24.047943 9
-33.608223 -744.397705 32.525120 9
-35.866032 -737.730652 29.143852 9
-32.044456 -742.134399 30.803982 9
-34.146313 -750.417969 45.294601 9
-38.293045 -737.086792 27.781487 9
-37.861393 -739.011841 36.404232 9
-37.238789 -736.808228 27.635157 9
-38.087299 -738.237854 28.569435 9
-38.304039 -738.488647 1.790580 9
-38.423611 -738.107056 31.287701 9
-38.363949 -737.541687 5.486190 9
-33.303520 -739.698486 22.719687 9
-36.856052 -747.707153 35.913113 9
-30.838877 -745.305847 41.722782 9
-36.206478 -738.629456 24.823954 9
-36.123486 -737.780212 25.143293 9
-33.159740 -739.951416 23.273897 9
-36.944508 -738.857422 4.077103 9
-37.607502 -736.991028 24.613712 9
-31.349651 -739.566162 27.157927 9
-32.650356 -740.558167 25.987398 9
-32.743202 -750.712158 46.144356 9
-31.770884 -742.554260 32.184162 9
-33.312721 -740.892517 24.737316 9
-35.353188 -742.677490 25.637949 9
-41.658512 -744.270081 31.314354 9
-32.111557 -744.907166 36.113625 9
-39.399784 -736.584839 42.150856 9
-37.358185 -741.365112 20.139093 9
-36.240704 -738.020264 16.813374 9
-31.444769 -739.996094 27.481316 9
-38.594593 -741.708679 21.851070 9
-31.267796 -745.051331 38.616817 9
-38.224316 -741.662720 21.052469 9
-39.601467 -736.825500 42.897488 9
-39.113033 -742.745667 24.706604 9
-36.216137 -737.358459 0.183383 9
-38.357731 -737.201782 28.715151 9
-33.635712 -750.400024 44.667751 9
-38.455894 -736.977783 29.472715 9
-35.635719 -749.783875 41.363129 9
-36.896957 -739.304016 4.525845 9
-38.746643 -735.999512 41.839016 9
-37.829597 -738.976196 9.885383 9
-39.190002 -738.813293 17.697508 9
-41.007332 -746.708313 34.028313 9
-40.008514 -741.578369 22.756947 9
-34.737499 -741.259766 22.284826 9
-35.901733 -738.341187 11.728695 9
-33.233982 -748.627075 41.782082 9
-38.714890 -738.034119 30.726240 9
-35.895477 -741.518494 20.717123 9
-36.784763 -743.154724 25.637280 9
-32.888790 -739.970093 24.843445 9
-37.970528 -738.641724 31.466854 9
-38.087940 -738.642212 32.229187 9
-32.518623 -741.592712 28.732328 9
-35.870602 -749.858948 42.797146 9
-37.690105 -742.298157 23.268431 9
-30.705067 -741.386963 32.060246 9
-36.242397 -737.213928 13.522020 9
-33.166649 -750.140991 44.745972 9
-39.263840 -738.003601 18.443001 9
-36.068558 -738.396851 17.584219 9
-38.122643 -739.677673 16.115528 9
-38.958031 -738.175598 34.104542 9
-32.883251 -742.269348 29.299362 9
-37.883678 -741.207642 19.671518 9
-38.509315 -736.496277 37.678791 9
-36.426891 -736.755127 8.688293 9
-37.861382 -738.709534 17.377254 9
-36.726261 -735.902832 37.109829 9
-30.566032 -746.356445 42.973366 9
-35.902657 -740.835205 17.519077 9
-36.995964 -740.943054 17.154512 9
-35.990208 -739.148193 11.991632 9
-33.519547 -747.823059 39.314297 9
-32.852715 -738.065735 21.688772 9
-34.948654 -737.230225 17.355503 9
-38.407833 -743.552185 26.555185 9
-37.057034 -740.387756 15.165978 9
-37.472412 -736.190369 35.191994 9
-40.807709 -744.750000 31.239286 9
-36.316444 -738.125000 31.152861 9
-38.216988 -736.999084 30.681061 9
-37.867607 -743.155640 25.120657 9
-36.219341 -741.412781 19.098450 9
-39.259701 -744.925110 30.497478 9
-35.820812 -748.897034 39.326229 9
-32.983189 -745.119446 34.792305 9
-38.045338 -737.790161 7.934345 9
-37.411190 -739.057068 31.771980 9
-33.283607 -741.912842 27.633326 9
-38.288040 -737.820129 1.802640 9
-35.668110 -745.613892 32.760517 9
-36.887276 -737.496704 11.033407 9
-37.260159 -737.129272 4.950202 9
-39.306335 -741.841064 22.286051 9
-40.436588 -737.211060 45.521828 9
-33.304180 -750.873718 46.277061 9
-37.310322 -741.968811 21.631720 9
-41.733559 -741.689209 25.500526 9
-38.703766 -740.932190 19.746405 9
-39.702168 -743.199585 25.828518 9
-36.436333 -736.187622 37.417164 9
-37.956268 -738.452759 8.057287 9
-36.269630 -737.613953 14.582076 9
-39.629669 -747.610596 36.709820 9
-31.094927 -744.994324 39.189934 9
-38.570847 -748.774170 40.075768 9
-35.653133 -739.368713 14.301200 9
-37.393017 -737.196716 18.870544 9
-37.798618 -736.836060 1.487405 9
-41.755016 -742.470215 27.009459 9
-37.282543 -736.204163 -0.594697 9
-33.523285 -738.854736 20.777157 9
-38.421574 -745.945679 32.381470 9
-36.446999 -737.140259 11.533579 9
-31.898069 -750.494751 45.644875 9
-39.875587 -747.751587 37.582321 9
-32.149048 -744.467773 35.203911 9
-40.108650 -736.999390 45.922993 9
-30.813362 -742.597778 35.575500 9
-36.179356 -749.930664 44.379543 9
-40.748131 -746.987183 34.732994 9
-38.259563 -737.607666 27.864565 9
-32.404179 -744.865112 35.359200 9
-38.034668 -737.267395 3.228858 9
-38.316467 -749.229614 40.935688 9
-35.458538 -739.105347 14.845400 9
-38.643608 -747.042847 35.077229 9
-36.593266 -736.150330 -0.053816 9
-36.541973 -736.646851 2.960623 9
-35.336689 -750.143005 45.240543 9
-36.248127 -744.268799 29.016607 9
-35.394833 -749.155823 40.168392 9
-38.228756 -737.819397 14.467340 9
-40.077862 -741.761169 23.302465 9
-38.276268 -738.584229 1.343454 9
-34.060272 -739.212280 20.065207 9
-32.046040 -746.239990 38.838310 9
-36.013363 -737.884155 7.378101 9
-35.407585 -737.526123 15.722008 9
-36.974865 -745.371765 31.127665 9
-38.353455 -745.134094 29.819212 9
-33.219460 -750.397278 46.282837 9
-35.276897 -739.781799 16.614355 9
-35.839550 -739.041809 27.976511 9
-38.973289 -738.194458 37.468391 9
-38.232964 -736.652405 34.169205 9
-38.634720 -738.220459 -0.429056 9
-32.077950 -749.788879 45.379559 9
-36.605053 -735.913696 0.917704 9
-32.977985 -747.359802 39.362965 9
-36.833038 -747.182678 35.078285 9
-36.188503 -737.651550 11.354163 9
-38.705597 -738.709229 -0.475264 9
-38.643166 -741.463562 20.963081 9
-36.741203 -736.760132 6.777414 9
-34.177856 -746.826172 36.259094 9
-37.032330 -738.696655 0.497419 9
-34.949032 -749.785095 42.420750 9
-38.266014 -737.991455 25.452110 9
-31.659065 -747.409241 42.539162 9
-36.080593 -744.745239 30.332659 9
-37.520515 -738.727661 -0.318305 9
-39.427681 -738.328186 39.723324 9
-37.919079 -738.480957 24.710714 9
-31.520094 -744.940796 37.617882 9
-38.145695 -738.645142 6.401313 9
-35.553818 -741.688110 22.214869 9
-35.494339 -737.945312 15.143205 9
-34.653133 -737.572266 18.218781 9
-38.296730 -748.679749 39.121021 9
-36.687634 -740.010193 12.808774 9
-39.113201 -742.042664 22.640554 9
-35.047928 -742.761230 26.605568 9
-38.324047 -737.642151 4.444335 9
-39.245342 -745.551880 31.950830 9
-36.945309 -739.261475 5.568311 9
-37.394783 -738.677673 26.639259 9
-39.403759 -737.666870 38.531025 9
-36.785667 -738.662903 2.537112 9
-37.280323 -738.743225 1.623611 9
-37.548267 -737.280212 10.336199 9
-33.537010 -748.552246 40.995045 9
-35.367382 -736.948242 33.471481 9
-40.253262 -742.664917 25.198101 9
-37.777462 -740.725525 17.941244 9
-31.422516 -748.791138 44.587551 9
-36.502701 -737.415588 20.848131 9
-37.310040 -746.916748 34.552063 9
-30.977688 -740.963501 30.395735 9
-37.997559 -738.345581 8.638781 9
-36.330605 -740.749878 16.099615 9
-38.191212 -737.950378 27.542482 9
-36.572281 -747.926575 36.847034 9
-37.428318 -737.487427 18.044731 9
-38.999264 -737.717834 35.500854 9
-38.279320 -737.692322 0.467628 9
-36.564545 -748.645142 38.834270 9
-38.883095 -737.641602 34.686993 9
-38.219440 -738.247620 30.021400 9
-38.389500 -737.979126 27.035740 9
-32.002857 -747.945618 42.720383 9
-40.518135 -747.343506 35.509079 9
-35.756321 -737.435120 2.024494 9
-39.685982 -745.794373 32.666477 9
-34.073742 -738.751343 18.877495 9
-31.242832 -747.981567 43.778599 9
-36.198376 -741.690735 19.726309 9
-38.158020 -738.338928 7.464624 9
-37.280777 -739.675293 12.711617 9
-35.931984 -737.947754 1.459077 9
-37.894390 -742.145996 22.253393 9
-33.682816 -742.505188 28.258871 9
-37.203693 -742.281128 22.992157 9
-38.375992 -748.839844 41.782806 9
-38.124672 -737.763306 13.402207 9
-36.857777 -738.938416 5.950605 9
-38.146568 -737.201660 10.272958 9
-36.028522 -739.120544 27.176533 9
-37.470695 -736.212219 36.639793 9
-38.223438 -743.479736 26.083714 9
-34.685131 -747.560669 37.431747 9
-36.690289 -736.605347 9.420613 9
-30.693848 -741.861694 33.050274 9
-30.305580 -745.772827 42.307743 9
-39.010334 -739.856140 18.253889 9
-41.666145 -742.274597 26.058464 9
-33.485134 -741.763611 26.785908 9
-38.860931 -738.776855 40.550804 9
-41.269035 -743.287842 28.313650 9
-33.279499 -747.722839 39.689129 9
-35.916775 -745.984131 33.371559 9
-35.743500 -750.016907 44.846909 9
-39.502068 -738.495667 41.996407 9
-36.187954 -750.062073 43.535065 9
-37.643597 -738.436218 23.686800 9
-31.829096 -743.332397 33.735737 9
-37.398468 -738.595703 25.987822 9
-38.459919 -738.042419 15.640510 9
-36.398266 -737.718506 18.140987 9
-37.702801 -736.907898 4.358241 9
-37.172474 -736.456482 33.498859 9
-36.011532 -742.190552 23.047670 9
-31.659836 -749.235229 44.694767 9
-32.262241 -746.753906 45.011665 9
-39.083248 -743.585876 25.980762 9
-35.883919 -743.288818 26.556055 9
-37.569092 -739.108643 11.321709 9
-36.582119 -741.874939 21.210123 9
-31.396566 -743.520081 35.203190 9
-35.400360 -740.995361 20.039505 9
-32.014183 -740.180481 26.724537 9
-30.951069 -745.415527 41.168861 9
-34.025249 -745.559448 34.228886 9
-32.628735 -749.684814 44.199963 9
-32.285553 -746.617310 39.183994 9
-37.385647 -748.094482 37.614243 9
-37.665546 -743.286316 25.932575 9
-38.934292 -747.438171 36.173874 9
-32.280945 -739.515320 25.216419 9
-38.920456 -748.578003 39.773800 9
-40.518848 -741.244080 22.718800 9
-32.769588 -741.645630 28.341722 9
-36.110886 -743.044800 24.522089 9
-37.619343 -747.368713 35.814281 9
-37.518188 -742.550537 23.740400 9
-37.311520 -747.806396 36.782784 9
-38.851223 -745.924194 32.693035 9
-36.984821 -739.682007 11.084431 9
-35.949196 -743.599609 27.319086 9
-37.752998 -737.774963 19.345068 9
-36.911942 -745.006287 30.276810 9
-36.963169 -739.013977 32.474300 9
-36.361797 -744.428589 29.426220 9
-36.758591 -738.919373 5.194499 9
-36.257271 -738.217957 -0.432324 9
-34.050541 -743.045105 28.910456 9
-40.838490 -743.218750 27.446987 9
-38.287136 -743.894714 27.398123 9
-33.273457 -744.525085 33.196690 9
-37.018471 -736.726013 5.660719 9
-38.208221 -738.985474 38.343563 9
-31.366058 -742.423950 32.809078 9
-38.272446 -737.062683 33.017563 9
-36.468822 -741.191406 16.423985 9
-31.964920 -740.582947 27.502365 9
-37.788197 -737.770508 10.977067 9
-36.958344 -739.270874 6.333047 9
-41.767040 -742.780945 28.685392 9
-36.629875 -748.254700 37.560024 9
-37.836567 -737.431030 2.594193 9
-37.645977 -739.053284 35.029270 9
-35.416008 -749.614929 45.376984 9
-37.023441 -748.822388 39.452702 9
-37.053268 -748.338928 38.214001 9
-35.984791 -738.555725 26.300676 9
-36.433292 -736.653748 1.348111 9
-38.895939 -743.874146 27.085243 9
-39.935940 -737.364746 44.737137 9
-35.304867 -742.478577 25.103260 9
-36.909672 -738.621826 0.936390 9
-35.914745 -736.598389 34.146381 9
-36.986969 -739.028564 33.368385 9
-36.665802 -749.941956 43.676666 9
-36.324020 -737.127014 2.321387 9
-40.883007 -746.587280 34.925598 9
-35.714378 -740.057983 16.028179 9
-35.749489 -746.380371 34.147491 9
-33.057995 -741.057495 25.908657 9
-33.560661 -742.592957 28.702156 9
-34.415928 -739.617432 18.946232 9
-31.485975 -746.075256 39.921371 9
-38.593433 -737.687195 31.463985 9
-35.451561 -744.031555 28.792702 9
-35.752155 -738.234863 0.935781 9
-38.714893 -738.390320 36.102921 9
-39.549271 -748.353760 39.198860 9
-35.311287 -741.271179 21.337410 9
-40.346172 -743.301086 27.106560 9
-34.275841 -749.510498 42.706341 9
-38.582706 -736.941406 34.944916 9
-37.192814 -736.755127 4.180120 9
-31.430025 -749.684265 45.142776 9
-36.430576 -737.027832 28.129969 9
-36.022362 -745.136902 31.111389 9
-36.235672 -748.000488 37.169067 9
-37.851009 -748.512634 38.528622 9
-40.394962 -747.478394 36.477982 9
-39.247581 -746.952209 34.289829 9
-33.594086 -748.763062 41.555260 9
-35.737343 -737.899536 3.538645 9
-36.907555 -738.859497 29.031433 9
-37.036552 -736.315613 10.280396 9
-35.738144 -737.386719 31.298222 9
-31.170704 -745.950623 41.891201 9
-35.951176 -737.150085 4.955560 9
-36.323833 -737.460449 10.709953 9
-35.517864 -737.481689 31.822014 9
-37.932587 -737.879761 9.569551 9
-37.576004 -740.333435 16.418911 9
-38.403152 -738.388184 5.877537 9
-38.846092 -743.335327 25.702002 9
-36.254345 -745.597046 32.046921 9
-39.643589 -742.264221 23.820183 9
-32.627281 -749.251465 43.824509 9
-37.265984 -736.790649 6.216405 9
-35.888359 -748.299377 38.036575 9
-35.675220 -749.698242 40.851116 9
-40.093117 -739.505371 20.203899 9
-34.407230 -745.386414 33.511047 9
-38.736839 -748.446289 38.489990 9
-37.149940 -749.623779 42.987305 9
-39.074623 -743.073181 25.337053 9
-35.996052 -738.487793 10.248180 9
-31.199924 -741.824890 31.716665 9
-37.619415 -736.932129 9.451163 9
-37.176281 -739.132629 34.232536 9
-30.797531 -741.203308 31.306202 9
-38.028038 -746.124207 32.533020 9
-36.226917 -738.292297 1.595162 9
-36.978394 -745.986877 32.287037 9
-34.112225 -747.618286 38.015564 9
-30.989077 -740.550049 29.262957 9
-38.275024 -749.367920 41.777557 9
-37.995968 -738.630981 11.899724 9
-38.906803 -738.864563 16.775692 9
-37.987507 -749.111450 42.107059 9
-35.924225 -738.786560 24.357763 9
-37.478748 -739.055969 0.013282 9
-38.145809 -739.190125 14.930390 9
-37.933777 -738.046265 24.096390 9
-37.206875 -736.031860 38.389610 9
-39.151363 -745.239502 31.153246 9
-38.877872 -739.035828 16.384438 9
-38.437847 -737.948120 2.626877 9
-41.109966 -742.934875 26.926638 9
-37.233295 -736.399719 31.945717 9
-32.536739 -742.459656 30.171980 9
-38.178806 -737.545166 24.766459 9
-31.918148 -747.440186 41.985542 9
-30.727795 -743.383789 36.605053 9
-37.467693 -747.088440 35.027508 9
-39.290260 -739.639771 18.544437 9
-36.050850 -739.398865 12.578338 9
-34.377174 -750.536255 45.663544 9
-36.761646 -736.413940 0.474361 9
-39.001038 -738.495300 42.251041 9
-36.691177 -737.498718 11.544469 9
-41.659351 -744.705139 31.494984 9
-38.700409 -738.482483 15.961857 9
-37.903469 -748.965271 39.897041 9
-35.904369 -736.937439 32.315430 9
-38.819500 -737.955811 32.645618 9
-41.416496 -741.869629 24.632473 9
-34.252247 -744.428040 31.898384 9
-39.497765 -738.365906 18.475554 9
-36.457211 -736.773315 7.640921 9
-37.749805 -738.457275 20.355516 9
-36.978828 -740.247498 14.115154 9
-36.382298 -749.420837 40.941330 9
-37.710438 -747.973877 37.306759 9
-39.169895 -736.958435 38.993347 9
-34.627335 -741.462585 23.216644 9
-41.470470 -743.861511 29.890707 9
-39.325592 -737.359192 39.660030 9
-32.448826 -741.068176 27.738140 9
-36.837616 -737.518982 13.912967 9
-37.653259 -737.149170 11.440967 9
-34.312752 -742.925354 28.164555 9
-36.181835 -737.617615 14.091013 9
-33.423237 -743.756897 31.399570 9
-38.189117 -737.639832 26.306450 9
-36.973682 -748.078674 36.922161 9
-36.255856 -742.036194 20.149796 9
-36.567574 -742.404724 22.493336 9
-30.271618 -744.159363 39.289555 9
-37.874454 -741.487244 20.724266 9
-40.752655 -741.392212 23.190536 9
-39.342819 -738.310181 41.654541 9
-33.260307 -740.658936 24.389769 9
-32.066025 -741.087463 28.328257 9
-36.603310 -739.221680 8.716761 9
-39.319019 -746.141968 33.231041 9
-38.241455 -748.073242 37.465847 9
-39.432514 -738.002380 43.181046 9
-35.457451 -738.369812 29.899445 9
-37.249565 -736.853333 7.268063 9
-39.991173 -737.501038 44.129883 9
-39.122494 -746.316040 33.693451 9
-37.397320 -746.221985 32.769905 9
-41.357014 -740.021179 22.506357 9
-38.097641 -739.453247 0.293547 9