-36.903259 -735.794739 38.642002 9
-38.889248 -738.873474 -0.862405 9
-36.529362 -741.835022 19.158426 9
-33.041759 -751.331482 46.281761 9
-41.917568 -744.303711 30.526857 9
-30.643003 -740.438110 29.485985 9
-36.762230 -736.042847 9.751454 9
-34.065388 -747.061768 36.814098 9
-38.244194 -737.032288 26.875845 9
-39.951126 -737.282898 46.373577 9
-38.412376 -749.147827 42.118176 9
-30.414175 -746.056824 42.642017 9
-35.861752 -743.477173 26.065266 9
-32.347008 -738.400208 23.240591 9
-40.691193 -747.527893 36.122135 9
-37.107948 -738.959106 32.951763 9
-41.176414 -741.452393 23.438433 9
-30.316397 -742.419128 35.307865 9
-35.659073 -737.499084 4.023973 9
-38.440781 -737.616577 15.409692 9
-36.223354 -745.395020 31.628542 9
-37.722080 -737.196838 21.516327 9
-34.263977 -737.678955 18.022705 9
-39.125526 -738.755371 41.826767 9
-36.616882 -740.196350 11.815135 9
-33.905914 -748.746399 41.196396 9
-33.220383 -747.159424 45.646664 9
-39.934776 -743.430115 26.918346 9
-30.997320 -744.721802 38.764885 9
-36.946159 -739.522461 7.558441 9
-32.643681 -743.226868 31.718746 9
-35.542118 -738.998169 29.092270 9
-39.144470 -738.176575 36.315674 9
-37.498051 -748.399109 38.325069 9
-36.424099 -736.019165 0.357377 9
-34.882137 -741.408020 22.863207 9
-32.814995 -740.895508 26.256746 9
-39.505112 -739.321655 18.792448 9
-36.302841 -740.742371 15.541889 9
-37.184334 -747.280273 34.767288 9
-35.922333 -749.598572 44.785389 9
-35.676090 -736.282349 35.032040 9
-39.972878 -745.897888 33.019920 9
-36.025108 -738.364258 24.396097 9
-37.835190 -736.544922 30.468575 9
-38.642746 -738.764587 2.804090 9
-39.386192 -735.741821 43.344753 9
-37.983231 -742.528870 23.613752 9
-32.641838 -744.797180 34.803158 9
-35.423794 -737.918213 13.993320 9
-34.804531 -743.583496 29.257147 9
-38.801479 -744.826294 29.635452 9
-38.351597 -737.216370 5.843205 9
-33.828442 -739.445862 20.661190 9
-38.037930 -739.344116 38.937881 9
-37.953991 -737.346680 12.357130 9
-37.302929 -737.247498 18.407104 9
-39.204494 -741.271301 21.067642 9
-30.517494 -741.304626 32.475361 9
-32.933502 -749.551697 43.889450 9
-35.747108 -736.876648 7.130820 9
-38.610569 -736.703979 33.883194 9
-32.643269 -746.969238 39.300602 9
-41.144356 -739.291016 21.455963 9
-39.257782 -736.918701 39.712078 9
-35.298817 -737.598328 31.453793 9
-37.877380 -738.526978 9.909966 9
-34.962406 -745.982788 33.959450 9
-35.841854 -738.397156 1.389244 9
-32.364853 -744.859314 44.708603 9
-32.812222 -741.977478 28.652193 9
-36.356182 -749.336487 40.494431 9
-41.751423 -742.408203 28.443733 9
-35.206318 -740.070801 17.798090 9
-30.921572 -747.992554 44.263332 9
-36.788097 -738.899170 35.500801 9
-36.331047 -739.392761 26.739321 9
-37.920284 -739.459412 13.827910 9
-36.913494 -739.390198 5.073533 9
-41.717941 -741.432129 25.861162 9
-36.132095 -738.120361 16.358210 9
-34.846741 -748.202576 38.874264 9
-31.544033 -738.898865 25.540571 9
-38.291203 -739.794739 16.660433 9
-37.767590 -736.107178 36.295822 9
-37.922382 -738.467285 28.953224 9
-37.023006 -744.068481 28.111034 9
-37.593243 -739.321350 22.672340 9
-37.382030 -736.718506 2.477299 9
-38.513718 -736.492493 -0.735097 9
-39.909203 -748.497986 38.303623 9
-36.842861 -742.000488 21.540802 9
-35.867668 -737.968811 11.407528 9
-38.072105 -737.197693 24.545357 9
-39.883335 -737.954712 43.948330 9
-32.011501 -747.378296 41.573910 9
-35.995373 -738.654480 20.914274 9
-35.364040 -749.890381 42.571777 9
-38.218090 -736.966797 8.122501 9
-34.263409 -749.037903 46.473843 9
-32.267223 -745.632141 37.107712 9
-38.362354 -735.530579 41.257446 9
-36.167946 -737.312805 27.735846 9
-33.223770 -740.389832 23.947039 9
-36.528461 -736.572083 33.008675 9
-38.045845 -743.289429 25.705025 9
-36.679638 -738.445435 -0.673211 9
-34.273476 -744.569519 32.367062 9
-36.152901 -747.818848 36.665779 9
-38.508965 -747.648499 36.492718 9
-37.810600 -746.291260 32.879177 9
-34.575134 -741.962158 24.979879 9
-31.379137 -739.563049 27.625196 9
-30.341593 -743.100098 37.377846 9
-39.918633 -742.651306 24.755505 9
-31.571085 -742.945618 33.577187 9
-38.760761 -738.087341 31.679852 9
-38.768383 -748.305664 40.146122 9
-30.237793 -744.912659 40.774231 9
-34.267067 -742.585144 27.254066 9
-36.098190 -737.906372 8.973085 9
-37.897900 -738.616150 19.966555 9
-38.263477 -737.784973 0.899591 9
-41.421741 -746.697876 34.310097 9
-39.057045 -737.795288 17.445452 9
-39.302937 -746.824890 34.748848 9
-37.081135 -738.900269 30.773041 9
-31.847631 -741.751770 30.500568 9
-35.177586 -740.967957 20.460579 9
-35.056797 -750.982056 46.028320 9
-40.545647 -743.994202 28.830772 9
-41.784191 -745.400818 32.213982 9
-31.571196 -750.072266 45.275242 9
-40.098793 -745.125427 31.184212 9
-36.031620 -742.962158 24.059599 9
-38.134773 -740.716797 18.544880 9
-38.881355 -736.828857 37.764618 9
-32.962914 -737.791077 21.270300 9
-36.092953 -737.206543 29.701574 9
-36.578815 -737.046753 25.851152 9
-38.430973 -738.574890 34.420570 9
-35.956959 -738.561462 18.900856 9
-36.008411 -739.815552 13.746962 9
-36.330528 -744.625549 29.820036 9
-31.479692 -744.113831 36.224869 9
-36.680408 -741.269470 17.332294 9
-37.139492 -749.893677 43.354164 9
-36.199314 -737.710876 22.561991 9
-39.506069 -736.901550 41.815556 9
-36.741619 -738.682495 2.982108 9
-37.399830 -739.258972 37.201488 9
-37.973431 -737.582397 4.070086 9
-38.107819 -745.555298 31.214624 9
-36.612122 -736.834961 5.426164 9
-36.674572 -739.816345 9.472974 9
-37.687531 -736.715149 28.615393 9
-37.217724 -737.381775 14.093213 9
-33.244381 -743.033691 30.041368 9
-39.601677 -741.875000 22.708227 9
-37.782249 -738.389709 25.809290 9
-33.864086 -745.998718 35.407818 9
-31.427795 -746.149780 40.352600 9
-34.153084 -739.197632 18.937935 9
-37.901886 -739.020630 11.662128 9
-33.735283 -740.279358 22.171947 9
-40.433388 -738.551270 20.027924 9
-35.382027 -746.840088 35.441502 9
-38.741280 -744.211243 27.989752 9
-39.960293 -736.300659 44.861942 9
-32.189877 -748.153259 43.094051 9
-34.297531 -750.193115 44.686333 9
-36.249878 -736.023865 37.031155 9
-38.160576 -738.496338 7.000928 9
-35.436134 -739.299377 15.337194 9
-33.623753 -737.786499 19.692881 9
-39.290306 -738.305298 38.557079 9
-34.972820 -744.351074 30.845924 9
-37.769882 -738.826721 18.124346 9
-37.810406 -741.304138 20.126616 9
-38.955826 -738.534607 40.177921 9
-37.148479 -739.580994 24.534594 9
-37.474937 -739.128662 1.510308 9
-36.134411 -738.281250 6.079700 9
-36.731293 -737.430420 19.935881 9
-37.255779 -737.302307 10.834912 9
-37.505363 -737.323242 16.750244 9
-34.712101 -738.812988 16.827251 9
-38.020042 -736.725769 32.327995 9
-35.473984 -743.576660 27.732147 9
-38.103619 -737.784058 23.021479 9
-33.062588 -744.172424 33.331863 9
-37.279839 -736.342529 34.703079 9
-41.183178 -739.956543 22.912292 9
-41.325287 -742.574707 26.880850 9
-39.927254 -740.014343 20.322773 9
-33.909328 -749.280762 42.686680 9
-37.235592 -735.759888 40.170959 9
-36.250214 -746.014771 33.076996 9
-37.535450 -738.630188 27.403151 9
-36.345997 -737.455505 12.814173 9
-38.476501 -739.193909 15.240559 9
-31.791897 -740.801086 28.475731 9
-32.093063 -746.365906 44.861538 9
-36.579300 -736.741272 31.397221 9
-37.257336 -736.777283 6.848342 9
-36.964935 -749.630737 41.854908 9
-38.815262 -737.044006 35.360916 9
-30.504049 -741.914246 33.895981 9
-33.650791 -747.444458 38.286346 9
-35.999851 -737.381104 2.514771 9
-36.204750 -748.834900 39.008972 9
-38.601555 -737.792175 30.178307 9
-33.572815 -748.073242 39.699745 9
-38.267387 -741.962585 22.034218 9
-37.594837 -749.120911 39.629475 9
-35.495640 -737.312195 33.754837 9
-31.540619 -742.234009 31.940651 9
-30.841005 -740.800781 31.036135 9
-36.250019 -737.017944 -0.715980 9
-35.882778 -738.989502 12.482738 9
-38.013062 -736.829407 9.605047 9
-36.796703 -737.116577 23.798141 9
-31.866957 -745.896912 38.599384 9
-38.345211 -736.024719 38.972691 9
-34.980106 -748.920105 40.163578 9
-37.781403 -738.681824 8.420996 9
-36.636662 -736.688293 8.282660 9
-36.012863 -739.360168 10.791476 9
-36.700340 -742.293335 22.951994 9
-36.089149 -738.297424 7.569374 9
-35.511250 -740.766113 19.026825 9
-38.220074 -739.793457 0.030411 9
-32.500053 -739.880066 25.090422 9
-38.641647 -738.529236 5.336860 9
-33.836319 -745.111450 34.070080 9
-38.622105 -738.042603 33.096962 9
-31.657976 -743.644470 34.885387 9
-32.980972 -750.383606 45.141415 9
-42.029987 -743.478516 29.352335 9
-37.434254 -736.964417 0.050586 9
-35.978470 -737.181274 10.220336 9
-36.873154 -736.702087 3.882291 9
-37.901520 -738.918274 21.345695 9
-38.117550 -738.991760 4.091519 9
-35.948212 -738.312256 25.830320 9
-33.143772 -739.013733 21.964506 9
-36.527752 -737.099548 1.237567 9
-36.752350 -738.279236 34.120827 9
-37.253689 -743.674927 26.797213 9
-40.698769 -741.048340 22.199223 9
-41.463257 -740.772522 24.657488 9
-36.453312 -737.975159 32.210716 9
-31.254591 -747.124695 42.818092 9
-35.119389 -747.733582 37.576984 9
-37.392914 -740.076355 15.002272 9
-39.745403 -747.795898 37.111652 9
-35.194866 -738.423584 30.351326 9
-36.797001 -743.024048 25.200615 9
-35.746979 -738.626343 27.798370 9
-36.299404 -737.779419 15.056332 9
-33.512642 -741.110718 25.095434 9
-33.934269 -742.808289 28.552113 9
-31.914743 -739.874756 26.401955 9
-35.624359 -740.039185 16.493666 9
-33.806870 -743.735413 31.157375 9
-35.538494 -741.503479 21.692894 9
-38.064583 -738.909729 35.991096 9
-37.303989 -735.749878 -0.614737 9
-40.608784 -744.422852 30.110903 9
-37.881889 -738.484863 24.129351 9
-38.621857 -738.692322 37.445011 9
-38.156075 -738.208984 13.398330 9
-33.219849 -741.726685 27.232401 9
-37.525776 -744.647339 29.210943 9
-37.734276 -736.150940 37.635883 9
-32.823921 -748.406067 41.944748 9
-38.814041 -738.595215 16.413647 9
-38.873653 -745.742554 32.286484 9
-31.340359 -744.541382 37.469193 9
-31.762205 -749.021973 44.299351 9
-36.268795 -737.949646 17.765339 9
-38.679790 -748.697571 38.848011 9
-31.023233 -745.690247 41.525665 9
-35.250214 -749.536987 41.295822 9
-39.716427 -737.986511 18.576979 9
-37.817753 -749.253967 40.931015 9
-39.242886 -739.224854 17.485504 9
-35.070145 -737.486145 16.999878 9
-38.698959 -743.877930 26.690483 9
-33.304756 -749.952026 46.337654 9
-36.101387 -746.592468 34.361454 9
-39.102879 -740.539795 19.407621 9
-38.134769 -746.636719 34.096630 9
-39.372753 -737.840088 42.718605 9
-37.292854 -739.578369 10.601393 9
-37.073250 -740.069397 13.036833 9
-33.922668 -741.883301 26.086405 9
-35.072834 -737.992310 15.371826 9
-37.307251 -747.622681 36.010765 9
-41.023586 -741.968384 24.708839 9
-35.137314 -745.485413 32.701069 9
-37.230701 -738.946106 6.238931 9
-35.957684 -737.795898 0.259902 9
-36.411072 -738.502441 4.253006 9
-38.722908 -743.053772 24.624176 9
-38.513519 -737.979248 27.897591 9
-35.277271 -750.112610 43.822628 9
-32.739712 -745.505005 35.931328 9
-36.232132 -741.690552 20.395288 9
-40.469685 -742.834045 25.904396 9
-32.675785 -747.618042 40.473434 9
-36.487797 -737.532837 21.276415 9
-34.129616 -741.296082 23.979717 9
-38.644791 -748.182312 37.635712 9
-36.260536 -748.326721 37.812412 9
-41.362019 -745.948547 33.296223 9
-41.027096 -743.285706 27.876345 9
-37.258106 -740.626404 16.408739 9
-32.077560 -738.516479 24.469360 9
-34.564392 -740.212280 19.641399 9
-37.029972 -745.276123 30.644796 9
-39.975742 -737.550110 45.132248 9
-37.772556 -736.159363 10.644306 9
-32.937695 -748.381958 45.681541 9
-32.892189 -746.515991 37.741673 9
-37.775352 -738.828857 31.923351 9
-37.490505 -748.780396 42.852821 9
-38.492222 -737.776489 -0.452160 9
-35.873428 -744.152588 28.769178 9
-38.670792 -736.111694 42.307499 9
-34.965508 -742.542358 26.089043 9
-33.082069 -739.510803 23.098091 9
-39.477654 -737.573486 40.724915 9
-37.442013 -738.771667 0.331143 9
-38.142700 -736.562561 0.979215 9
-38.200760 -737.545227 2.849935 9
-37.291634 -747.997314 37.188786 9
-32.319168 -740.862610 27.371132 9
-38.261066 -747.125061 35.311932 9
-40.470242 -746.919861 35.085251 9
-39.860538 -736.885559 43.322788 9
-35.242706 -742.028687 23.960201 9
-39.466064 -747.262878 35.873882 9
-36.620285 -736.149780 35.784393 9
-30.194756 -744.341614 39.705872 9
-36.116882 -739.071472 8.491940 9
-37.015202 -736.859924 26.978401 9
-39.260746 -743.214661 25.771145 9
-36.828438 -740.677490 14.051997 9
-36.437737 -737.817871 30.844379 9
-30.801693 -742.916748 36.283531 9
-30.323538 -743.717896 38.397774 9
-39.201202 -742.490784 23.641356 9
-38.794117 -736.925049 36.565029 9
-38.472721 -736.126343 40.158886 9
-35.604801 -737.164001 32.537033 9
-37.754166 -736.968445 25.697762 9
-40.177628 -746.343323 34.094147 9
-37.816254 -737.361084 19.503965 9
-35.695507 -737.613342 5.213749 9
-38.607750 -738.814331 1.572775 9
-37.576492 -736.288818 33.493668 9
-35.883148 -738.624390 23.259779 9
-34.271477 -740.461731 21.053812 9
-33.948952 -750.712891 45.724365 9
-37.312714 -737.282898 15.600754 9
-37.212208 -737.119324 22.612854 9
-37.040745 -738.938232 29.554821 9
-36.083580 -738.790100 9.725895 9
-41.244560 -744.719971 31.360785 9
-32.289696 -743.405518 32.814781 9
-37.682812 -736.878235 4.961948 9
-37.724854 -740.549011 17.476473 9
-32.065514 -741.469299 29.380676 9
-37.239689 -745.832764 31.953259 9
-31.037863 -745.214050 39.803017 9
-35.131912 -749.887085 45.652325 9
-35.770813 -737.819031 28.679554 9
-38.923119 -746.245178 33.326332 9
-35.694592 -742.719666 25.217216 9
-40.597706 -745.324951 32.197556 9
-38.650909 -738.795715 0.363321 9
-35.144516 -747.243225 36.490284 9
-38.310581 -737.356567 6.978836 9
-38.465145 -737.450989 29.104034 9
-38.489372 -737.036255 31.250893 9
-37.062042 -746.536682 33.742912 9
-37.777653 -738.754456 -0.754631 9
-38.338608 -738.292969 14.520495 9
-36.331985 -736.483765 34.108215 9
-37.966881 -738.349182 17.112711 9
-40.172287 -741.946472 23.803919 9
-37.068058 -736.646667 29.594437 9
-39.452091 -744.303894 28.893559 9
-34.383682 -738.836182 17.898624 9
-37.446381 -739.035889 34.556309 9
-35.626797 -737.137695 15.829177 9
-33.338314 -746.270935 36.501450 9
-34.111073 -749.839233 43.644577 9
-37.699478 -739.144653 12.753378 9
-39.855095 -743.889648 27.930935 9
-31.021887 -742.746948 34.537354 9
-35.965836 -738.753784 22.175190 9
-32.195286 -750.657898 45.942062 9
-37.874847 -737.666321 8.931408 9
-31.037470 -742.148743 32.944782 9
-32.198959 -743.862610 33.941952 9
-37.082066 -741.222290 18.362953 9
-35.088959 -745.000793 31.697882 9
-36.955086 -737.377869 11.874251 9
-36.703663 -739.569580 25.515863 9
-35.881660 -740.941223 17.974396 9
-39.040157 -745.267822 30.737286 9
-38.394447 -737.585571 10.259909 9
-37.107849 -738.923462 28.422106 9
-39.330692 -737.232605 38.661995 9
-36.830643 -739.067383 23.516727 9
-32.910988 -748.933105 42.912601 9
-38.714840 -740.026550 17.974682 9
-34.500137 -741.010315 21.949551 9
-39.066891 -738.061951 35.122921 9
-39.267578 -737.848389 37.586563 9
-37.923176 -737.966187 20.805527 9
-30.866310 -740.061829 28.412687 9
-30.580957 -747.017334 43.635071 9
-38.609570 -737.538269 16.511288 9
-34.265949 -743.716187 30.197462 9
-36.517803 -736.988037 28.681583 9
-33.479355 -738.459229 20.574879 9
-36.057167 -737.743286 26.757294 9
-37.790264 -738.214783 10.923242 9
-38.037991 -738.842590 33.487007 9
-32.494404 -742.631470 30.849602 9
-35.868572 -744.922607 30.722530 9
-36.315701 -747.308228 35.576775 9
-35.483940 -738.944824 14.294806 9
-36.373348 -737.380310 24.856627 9
-37.916325 -738.603882 30.137526 9
-39.039032 -736.369751 41.025501 9
-37.759693 -741.605042 21.142559 9
-35.995617 -740.091553 14.763912 9
-36.474567 -736.993652 9.305701 9
-38.522461 -737.971680 8.094792 9
-37.041401 -742.542542 24.112265 9
-37.965317 -745.118530 30.185505 9
-35.956123 -737.238220 6.169768 9
-36.164101 -737.183716 14.119276 9
-39.413086 -747.962830 39.044876 9
-37.819122 -738.083923 22.036512 9
-36.474545 -737.660950 18.909758 9
-35.333237 -744.303528 29.866646 9
-37.640720 -738.910400 2.518836 9
-33.817684 -740.704163 23.123274 9
-37.676979 -738.660095 4.975150 9
-38.883129 -737.648193 34.195679 9
-33.428822 -744.001160 32.276810 9
-37.792721 -738.259521 19.004419 9
-32.623951 -742.267212 29.754929 9
-38.295773 -748.419434 41.284580 9
-34.451668 -746.782043 35.908871 9
-31.225544 -741.116028 30.009045 9
-36.937004 -739.259583 3.818406 9
-35.752544 -742.020142 22.746500 9
-34.624249 -746.376343 34.843330 9
-32.111950 -744.660583 35.649155 9
-36.339260 -750.000549 43.944386 9
-36.400398 -749.856445 42.674587 9
-36.433666 -743.701416 27.369486 9
-36.455925 -736.109070 1.415733 9
-39.268925 -736.414917 44.138905 9
-35.171867 -743.003235 26.968927 9
-32.430145 -747.569641 45.179813 9
-38.054237 -738.916626 39.858807 9
-38.057987 -736.154602 35.328575 9
-32.683453 -738.105591 22.188183 9
-36.031300 -738.043762 3.267650 9
-41.573967 -740.543030 23.630301 9
-38.603729 -738.234924 3.649707 9
-31.464626 -746.558533 41.268417 9
-32.614147 -739.183838 23.911861 9
-39.680401 -744.757812 30.154640 9
-36.444740 -738.904663 6.838208 9
-37.682770 -743.026672 24.715740 9
-38.350582 -737.996155 26.598797 9
-37.085266 -739.344299 8.643522 9
-37.868198 -743.944397 27.527096 9
-36.248581 -740.828003 16.531418 9
-37.269409 -738.671082 25.015310 9
-35.642662 -738.145447 12.945863 9
-41.349712 -742.331726 25.736782 9
-39.364906 -737.893982 39.551407 9
-36.067291 -736.746826 3.269043 9
-35.992348 -737.424194 8.109555 9
-37.537457 -736.449768 31.510948 9
-40.373920 -736.758545 45.634319 9
-34.464912 -749.200317 41.885284 9
-37.300804 -737.312012 13.112619 9
-32.270157 -749.888733 44.634445 9
-32.980675 -746.253662 45.271290 9
-34.697308 -739.964722 18.653185 9
-35.259739 -750.402039 44.836441 9
-37.564537 -741.162720 19.205238 9
-39.965343 -740.642639 21.070126 9
-38.756783 -741.090149 20.191643 9
-32.081543 -746.867615 40.212635 9
-38.030907 -737.368652 1.751394 9
-37.676971 -742.125183 22.787390 9
-36.248581 -738.281128 2.248386 9
-37.955418 -739.126221 38.004780 9
-38.678799 -742.181274 22.884592 9
-36.590599 -738.435974 0.599432 9
-34.334610 -745.039490 33.243855 9
-39.520882 -737.890442 41.671040 9
-37.804237 -736.882202 3.403536 9
-38.014664 -738.293884 6.067040 9
-37.213104 -739.293091 36.265972 9
-40.426552 -739.316895 20.757711 9
-38.359653 -744.706665 28.696293 9
-33.832344 -738.876221 19.800846 9
-38.359932 -737.674683 4.970995 9
-37.449795 -737.177429 20.574158 9
-34.693409 -743.071106 28.031065 9
-37.370323 -736.667480 1.518961 9
-37.436180 -736.773987 8.779635 9
-36.988316 -738.963135 22.015287 9
-34.056587 -738.256104 18.773426 9
-31.930351 -744.904419 36.558468 9
-37.673000 -736.964294 27.657906 9
-36.629333 -736.799988 30.431168 9
-36.893261 -749.204102 43.964153 9
-38.147690 -738.086914 25.004597 9
-41.167377 -743.870361 29.553497 9
-35.957558 -738.087402 10.464335 9
-35.687607 -738.119385 29.616129 9
-37.460545 -739.359741 9.691824 9
-37.829716 -739.851379 15.810025 9
-38.142471 -738.437500 31.058746 9
-38.650997 -737.412476 32.349293 9
-36.619675 -737.564026 16.950314 9
-38.623432 -738.761353 41.019650 9
-40.020576 -736.997681 44.246845 9
-31.198639 -741.619690 31.274096 9
-37.759560 -737.116760 23.593719 9
-36.754200 -743.240479 26.129637 9
-33.367062 -745.383423 34.886406 9
-36.099140 -737.755737 23.692297 9
-30.903175 -743.776489 37.070915 9
-36.525028 -738.015991 33.138809 9
-36.023987 -749.661255 41.792446 9
-36.260048 -736.959106 4.545953 9
-36.527252 -737.025085 0.306570 9
-39.937336 -739.280273 19.734999 9
-41.198559 -740.065491 21.977112 9
-31.277447 -739.310608 26.728937 9
-36.200600 -742.483521 22.010544 9
-38.672108 -738.680298 39.151379 9
-39.710442 -745.527039 31.989294 9
-33.485718 -742.246033 27.951605 9
-33.361370 -748.226929 40.631645 9
-37.943306 -738.349365 12.360571 9
-37.309063 -739.634277 12.041255 9
-36.623161 -736.263733 37.838108 9
-37.060493 -738.793335 26.253500 9
-38.518799 -738.070740 2.178070 9
-36.011642 -739.004211 25.046516 9
-34.909630 -738.710449 15.923847 9
-37.203671 -737.013306 24.866306 9
-35.714241 -738.972046 13.380549 9
-36.776691 -736.634277 10.449925 9
-41.931602 -742.690125 27.608107 9
-37.568867 -738.489319 23.252623 9
-38.027168 -736.769836 29.526827 9
-35.940681 -738.848511 11.581209 9
-41.378864 -743.364624 28.731585 9
-34.165718 -748.543030 40.292683 9
-35.771725 -749.100220 39.755680 9
-31.967916 -746.365784 39.376228 9
-37.184570 -736.393555 32.369644 9
-35.554176 -748.429626 38.368141 9
-39.117336 -741.740845 21.895531 9
-31.090204 -746.397522 42.163151 9
-31.133728 -743.382019 35.562370 9
-34.262932 -747.487976 37.582592 9
-40.372669 -741.529480 23.035368 9
-35.676666 -737.668579 30.390717 9
-32.471073 -741.371155 28.089705 9
-37.838009 -737.968689 15.998035 9
-37.421013 -736.857910 5.816695 9
-35.888103 -738.618225 26.755680 9
-37.532413 -735.867981 39.338692 9
-33.458012 -750.083496 44.378853 9
-36.709660 -748.999146 39.720333 9
-31.600805 -748.303711 43.776936 9
-35.944984 -737.825867 6.830528 9
-33.636040 -739.663208 21.564579 9
-31.674589 -742.726379 32.729584 9
-37.426392 -738.806213 7.403781 9
-32.715687 -740.079773 25.944386 9
-31.476431 -745.116089 38.128658 9
-39.236679 -738.623596 18.144766 9
-35.716503 -740.530151 17.215759 9
-37.116604 -736.035767 36.904690 9
-33.284271 -742.559326 29.109632 9
-39.877148 -738.435181 19.331686 9
-36.248795 -739.747864 12.736055 9
-36.769550 -738.618042 1.629883 9
-39.448105 -736.512268 42.598354 9
-36.377037 -736.564209 6.587148 9
-37.922428 -737.535767 14.712141 9
-37.034832 -741.539185 19.831398 9
-36.502647 -736.188660 -0.502999 9
-37.355152 -736.940552 7.860745 9
-36.517002 -736.792358 2.118085 9
-33.553135 -748.897705 41.985855 9
-34.531406 -738.095032 17.291409 9
-36.648960 -744.470032 29.034554 9
-38.277618 -736.694885 34.686405 9
-35.057873 -739.660278 17.014805 9
-32.362202 -748.890625 43.679703 9
-37.774979 -737.559570 11.482182 9
-38.293606 -736.364258 36.992298 9
-34.166138 -745.684509 34.624809 9
-35.965931 -741.315857 19.585138 9
-40.769001 -743.204224 27.020756 9
-33.311993 -747.488342 39.062740 9
-34.362537 -744.293030 31.492918 9
-35.715996 -737.566528 1.585026 9
-38.702446 -737.189148 33.175636 9
-31.303589 -749.252014 44.984127 9
-36.291000 -736.778198 32.204353 9
-36.460415 -737.357239 11.133081 9
-38.276089 -737.188049 28.245649 9
-34.583050 -749.729736 42.937271 9
-31.983992 -747.666809 42.372643 9
-31.379843 -740.782288 29.228653 9
-30.929768 -745.477905 40.701126 9
-38.178127 -748.945618 40.218494 9
-34.026073 -743.227844 29.324894 9
-31.177294 -747.604492 43.531090 9
-37.633465 -737.319824 17.628403 9
-37.301128 -739.958496 14.165820 9
-36.426968 -738.646973 5.107902 9
-36.574253 -738.964539 33.603985 9
-38.105762 -738.885742 35.147507 9
-31.783384 -740.288574 27.773769 9
-35.784752 -740.079041 15.601053 9
-36.114468 -738.340454 19.696802 9
-34.784283 -737.971375 16.281324 9
-36.988182 -741.542175 20.809343 9
-35.938225 -745.634521 32.382080 9
-31.955397 -745.595581 44.538670 9
-39.285816 -743.886475 27.284946 9
-34.659580 -748.987854 40.977585 9
-33.630985 -744.622742 32.935909 9
-37.042427 -748.672607 39.018162 9
-38.648182 -738.428040 15.536999 9
-38.058777 -745.974731 32.113117 9
-37.478634 -739.375549 35.396893 9
-38.025585 -737.457520 13.745834 9
-39.327778 -748.600342 39.594669 9
-38.155598 -738.605713 32.687500 9
-37.679512 -738.915222 3.346287 9
-40.015472 -744.331116 29.501341 9
-35.751278 -746.142090 33.767944 9
-37.159477 -749.403259 40.387440 9
-39.083530 -740.076660 18.715471 9
-34.515644 -750.286438 46.142704 9
-36.983681 -746.145447 32.694996 9
-37.111694 -744.925903 29.893011 9
-35.627357 -736.964539 34.497513 9
-34.075359 -747.941711 39.060757 9
-33.031643 -740.489929 24.818804 9
-37.869087 -739.454590 14.730522 9
-32.773849 -744.494507 34.042927 9
-40.293499 -748.190247 37.628895 9
-37.667381 -736.487488 -0.740119 9
-36.044815 -742.392944 23.452238 9
-35.954781 -737.149658 30.980650 9
-38.008358 -735.456665 40.306023 9
-33.564980 -746.963806 37.593925 9
-36.413887 -738.414001 31.519075 9
-34.946373 -741.039673 21.243114 9
-36.214108 -736.408081 7.620199 9
-37.043873 -736.699219 28.098995 9
-36.725666 -737.541687 16.095951 9
-32.729824 -747.959473 41.258389 9
-38.582535 -738.693481 38.332455 9
-38.348701 -736.613281 35.944031 9
-37.833981 -738.121704 7.654830 9
-36.897961 -736.957642 3.080836 9
-33.127544 -743.280151 30.809895 9
-37.623474 -749.314636 42.257763 9
-38.102123 -738.954468 36.848835 9
-30.357265 -745.486938 41.950340 9
-36.763474 -740.604126 14.872494 9
-32.399635 -746.528381 38.639328 9
-35.925182 -736.600586 35.740425 9
-39.726559 -741.228088 21.690714 9
-31.374592 -745.401794 39.014526 9
-38.376488 -736.318176 38.152855 9
-36.061764 -737.919739 -0.693011 9
-41.669823 -743.549683 30.109663 9
-36.428158 -741.626831 18.092684 9
-36.992344 -738.962891 32.031788 9
-30.842484 -744.047852 37.849346 9
-36.028584 -738.652344 18.093794 9
-37.717922 -737.549805 9.782940 9
-37.857624 -748.858765 38.911697 9
-37.764893 -744.340271 28.294617 9
-38.859013 -736.661438 38.979393 9
-39.043575 -745.453430 31.527267 9
-35.382500 -737.877930 32.207253 9
-34.586941 -748.509460 39.591572 9
-33.350662 -741.381470 25.854748 9
-35.845871 -750.052124 43.221264 9
-38.134815 -739.472656 -0.728858 9
-39.105843 -748.323364 38.269318 9
-35.898430 -737.852539 12.241739 9
-32.150379 -739.522949 25.720282 9
-38.204124 -737.293579 0.290956 9
-39.278980 -738.327148 40.915722 9
-37.629005 -736.099548 38.486515 9
-40.634567 -747.745911 36.894257 9
-38.137611 -737.677612 25.757507 9
-36.538200 -736.358765 34.992622 9
-36.604565 -737.638245 13.538047 9
-35.226364 -739.422974 16.200125 9
-31.018141 -746.379761 43.036377 9
-35.509613 -749.359192 40.570496 9
-32.999622 -747.000488 38.362000 9
-36.113178 -738.227478 21.586948 9
-36.088684 -741.765869 21.181000 9
-38.694786 -739.347595 16.148451 9
-36.020592 -736.547485 8.770093 9
-37.089245 -736.604492 0.681146 9
-36.673649 -737.318970 22.043674 9
-36.553223 -738.763428 34.750950 9
-34.381752 -747.833740 38.282177 9
-36.710583 -739.991882 10.963648 9
-35.427299 -748.715637 39.156406 9
-33.567326 -738.919128 21.263176 9
-38.823452 -739.327454 -0.203067 9
-37.073509 -740.487549 15.654725 9
-31.895184 -742.266663 31.229033 9
-35.342442 -746.416931 34.504284 9
-37.170631 -738.801514 24.232996 9
-36.963665 -739.496216 6.755910 9
-38.158745 -737.696777 23.953445 9
-38.289780 -741.026123 19.552694 9
-39.336067 -746.473450 34.032837 9
-32.792084 -739.852600 24.330467 9
-37.956097 -743.513245 26.471050 9
-39.438816 -740.728394 20.344698 9
-30.588404 -741.129700 31.688793 9
-37.855904 -738.903259 9.184110 9
-33.150627 -750.647278 45.894062 9
-37.890820 -738.438721 28.076225 9
-36.097607 -738.356750 17.119865 9
-35.978836 -739.609009 12.005706 9
-41.639355 -741.520935 24.864433 9
-35.769772 -739.233643 28.391731 9
-35.782581 -743.489197 26.937254 9
-38.497513 -736.914490 30.294060 9
-35.468582 -738.195618 14.734625 9
-39.803299 -737.232239 42.507725 9
-36.458385 -738.668213 32.611225 9
-38.076370 -747.929810 37.094135 9
-37.856934 -736.913757 10.453890 9
-36.042339 -741.281860 18.688137 9
-32.140068 -739.212219 24.919470 9
-37.178722 -739.160950 -0.454503 9
-39.968952 -747.456909 36.439709 9
-39.611691 -739.972961 19.513680 9
-38.047630 -738.769348 0.852301 9
-32.058563 -745.736633 37.852928 9
-32.771877 -738.796509 22.728586 9
-37.180904 -736.788818 9.571425 9
-40.712414 -745.719604 32.906513 9
-30.836435 -744.620239 40.260288 9
-36.598248 -739.473267 10.274019 9
-37.909271 -737.372314 22.312704 9
-38.250607 -738.144348 29.586470 9
-36.740818 -749.557129 41.119587 9
-36.597546 -737.647034 10.272695 9
-38.988865 -737.478455 35.972469 9
-39.082016 -737.620728 36.868748 9
-35.283081 -742.342102 24.680614 9
-36.573257 -748.293030 37.110191 9
-38.554245 -741.519775 21.405352 9
-37.111809 -737.303162 19.219973 9
-36.935131 -737.395386 14.806918 9
-37.467403 -741.958557 22.062479 9
-37.841522 -739.128479 10.895659 9
-38.640835 -738.304565 4.582257 9
-35.918758 -736.742249 33.471191 9
-40.907333 -746.285156 33.838863 9
-35.256306 -743.675171 28.649120 9
-37.383850 -736.296631 35.652695 9
-30.635580 -740.689758 30.297836 9
-38.526691 -737.836792 6.429708 9
-36.316662 -737.703430 20.545084 9
-38.608120 -738.488403 35.576862 9
-36.700581 -739.383484 5.911196 9
-37.571068 -736.909668 26.458139 9
-33.452023 -749.402161 43.354290 9
-30.686014 -744.123657 39.151085 9
-34.638184 -750.428894 45.321793 9
-36.361912 -739.032410 7.780658 9
-38.341259 -738.524109 -0.283865 9
-37.349918 -737.147461 4.286633 9
-40.433437 -739.976013 21.110334 9
-34.650639 -739.539612 18.009281 9
-30.330702 -742.067627 34.609219 9
-35.659336 -750.610291 45.756435 9
-35.166409 -740.704590 19.757250 9
-37.118484 -735.841187 10.384776 9
-38.029682 -737.118225 -0.526017 9
-33.531754 -740.989746 24.337744 9
-38.251072 -748.456787 38.257751 9
-35.995152 -739.308655 27.579288 9
-37.325760 -739.075317 33.711098 9
-37.998867 -736.258667 34.130276 9
-40.663212 -744.700134 30.809679 9
-34.115120 -739.666870 19.990829 9
-36.575912 -737.352661 23.119364 9
-32.316547 -740.494019 26.640213 9
-39.027096 -738.572632 17.132812 9
-37.387901 -738.822021 4.240994 9
-36.165173 -738.347900 8.310508 9
-38.990860 -747.859131 37.050785 9
-36.111862 -737.596741 25.597961 9
-32.132549 -742.728516 31.890388 9
-39.286114 -736.871948 40.505386 9
-34.698410 -741.618652 23.617973 9
-36.838749 -737.394775 17.646137 9
-32.116627 -744.251160 34.798641 9
-32.537868 -745.580566 45.011787 9
-36.281490 -739.106323 25.925377 9
-38.222469 -738.791748 13.895477 9
-30.968441 -748.672913 44.563515 9
-34.717957 -745.686340 33.301682 9
-38.589851 -748.822632 39.604542 9
-33.851440 -742.084534 26.803213 9
-38.797115 -739.272766 16.882183 9
-35.498333 -738.165344 31.013165 9
-34.363041 -751.222839 46.076466 9
-36.456993 -746.925659 34.942081 9
-31.592676 -743.274414 34.233059 9
-39.345829 -742.816895 24.302347 9
-35.820980 -747.288147 36.181797 9
-39.397030 -739.641968 18.131065 9
-38.033504 -747.382568 35.976341 9
-36.958851 -736.724609 4.772115 9
-37.370247 -745.619080 31.210638 9
-36.273109 -743.977356 28.168711 9
-36.120361 -737.691040 9.676562 9
-39.346451 -743.588806 26.445118 9
-38.027439 -736.069763 40.748180 9
-35.821110 -737.930847 27.503784 9
-41.018753 -747.234192 35.485207 9
-32.815548 -746.105286 37.007919 9
-37.264023 -742.419983 23.410803 9
-35.841431 -747.935730 37.322102 9
-32.901890 -747.506531 39.769299 9
-38.494022 -749.115417 41.381012 9
-30.995531 -741.768127 32.100399 9
-38.226368 -737.022095 8.887053 9
-38.530182 -737.738708 31.014044 9
-37.862484 -747.002136 34.704781 9
-35.806068 -738.086670 4.422029 9
-36.689121 -748.574158 38.384678 9
-38.131165 -736.695312 33.201530 9
-38.828823 -747.586975 35.763680 9
-40.615013 -742.395203 25.138559 9
-38.187061 -742.657715 24.320055 9
-31.019289 -742.412964 33.755314 9
-36.121319 -735.910034 36.267323 9
-38.312481 -741.422424 20.656002 9
-33.420589 -739.634155 22.279350 9
-32.299576 -750.180237 45.342556 9
-37.103367 -736.184814 -0.079724 9
-37.009804 -748.300842 37.780109 9
-33.984550 -741.631653 25.307816 9
-37.047626 -736.430847 33.977634 9
-39.699150 -737.616821 43.334839 9
-35.256824 -740.401855 18.437445 9
-36.974785 -739.178894 0.707236 9
-38.574764 -746.819092 34.662567 9
-38.510296 -738.083191 28.744732 9
-32.840405 -743.887390 32.675224 9
-37.332005 -739.487061 11.311031 9
-31.578863 -747.102356 42.160934 9
-38.648117 -743.067139 25.344906 9
-36.454716 -739.183411 9.121853 9
-37.167507 -736.520386 30.811045 9
-32.032234 -747.129639 40.882732 9
-35.686882 -738.504333 28.525539 9
-35.865746 -737.426208 13.351816 9
-39.130569 -735.645386 42.630138 9
-37.843800 -737.850098 20.052994 9
-38.604282 -738.200623 33.821335 9
-39.386208 -743.046509 25.033991 9
-39.105625 -736.298096 41.733242 9
-41.178482 -744.218140 30.518311 9
-37.919609 -738.296753 11.634488 9
-33.735607 -750.308472 45.112591 9
-38.511230 -738.083862 0.262279 9
-36.619583 -740.350586 12.510751 9
-40.179333 -747.174133 35.745720 9
-33.271896 -741.440979 26.566431 9
-31.787117 -745.106873 37.246178 9
-34.470581 -742.391113 26.577677 9
-40.731312 -746.587830 34.510033 9
-40.521538 -743.752747 28.144390 9
-37.242817 -738.899170 5.501230 9
-41.264072 -741.080566 24.050259 9
-38.665020 -743.462524 26.078337 9
-37.589584 -747.355103 35.359226 9
-33.266262 -748.451416 41.336761 9
-33.857113 -737.622498 19.031954 9
-33.851280 -746.373474 36.016747 9
-34.659748 -747.416748 36.978561 9
-31.772434 -739.956543 27.150724 9
-36.921196 -747.753479 36.593204 9
-34.900475 -737.619873 17.755783 9
-39.582077 -748.056030 37.760700 9
-35.568287 -745.752808 33.185173 9
-40.802273 -741.632141 24.017530 9
-37.306957 -743.218262 25.678774 9
-38.228539 -740.079285 17.309004 9
-36.806408 -736.883606 7.430599 9
-34.984707 -749.657166 41.980801 9
-33.397781 -744.802002 33.598286 9
-37.020981 -749.146729 43.253391 9
-35.953571 -737.831299 0.964430 9
-32.993526 -740.776306 25.473175 9
-38.570679 -738.612793 36.448849 9
-41.755726 -742.862854 29.157204 9
-34.378307 -745.587280 33.946804 9
-34.314510 -741.025208 22.705603 9
-36.370075 -737.169434 27.044344 9
-39.391987 -738.492371 42.419762 9
-37.750359 -738.423767 26.523687 9
-34.625381 -740.456543 20.289949 9
-35.976761 -749.504089 41.111076 9
-33.466450 -740.121765 22.912237 9
-31.740259 -744.088745 35.426826 9
-37.950272 -738.773804 1.898157 9
-37.077602 -749.691650 42.571327 9
-37.707314 -738.699524 20.716227 9
-39.295807 -745.940979 32.809128 9
-36.517185 -742.843506 24.573584 9
-34.530029 -743.247742 28.691792 9
-35.557480 -741.308960 20.949764 9
-37.799397 -748.132812 37.708942 9
-39.248692 -747.561401 36.473209 9
-38.792896 -735.534180 41.912632 9
-32.623352 -746.900024 45.230537 9
-38.260742 -737.484375 27.413139 9
-35.763325 -737.125916 31.852478 9
-31.634729 -739.262329 26.146118 9
-33.096909 -738.434937 21.529293 9
-37.131081 -743.895447 27.445953 9
-30.617739 -741.524902 33.314640 9
-39.930855 -742.867310 25.444389 9
-38.006027 -738.172119 27.196354 9
-35.272972 -741.866821 23.277311 9
-37.562801 -737.274719 2.890985 9
-36.229279 -737.095703 3.869420 9
-41.928093 -745.003723 31.673302 9
-36.204174 -743.107056 25.537125 9
-39.969246 -743.237732 26.262062 9
-31.005421 -743.575867 36.341003 9
-35.748375 -750.001038 45.351250 9
-35.781338 -750.211670 44.441029 9
-37.501286 -738.990356 10.314130 9
-36.741341 -742.102417 22.226749 9
-37.789753 -740.294067 16.823799 9
-34.998520 -742.365967 25.420765 9
-38.570278 -737.954163 5.714542 9
-36.605038 -745.795532 32.222916 9
-33.226139 -744.923706 34.381561 9
-40.386856 -742.200928 24.479786 9
-36.835922 -746.808838 34.375988 9
-37.753010 -746.572571 33.521851 9
-34.338791 -744.076233 30.787394 9
-38.447407 -737.976685 7.391095 9
-38.772655 -736.177917 39.492306 9
-37.618217 -738.927856 31.252468 9
-37.408150 -737.155945 24.230349 9
-36.026535 -738.676453 10.880352 9
-36.461994 -745.087219 31.035463 9
-37.289532 -739.113159 8.006149 9
-38.037926 -737.717407 12.946922 9
-36.433708 -743.427673 26.711237 9
-38.113113 -744.838440 29.564484 9
-36.421787 -746.305969 33.703522 9
-33.717720 -751.073364 46.265171 9
-32.571190 -748.426392 42.579342 9
-36.211384 -737.788513 15.742751 9
-38.517338 -738.126465 1.481979 9
-40.408566 -743.531860 27.503437 9
-37.722897 -747.654602 36.562893 9
-36.282578 -737.455200 11.827492 9
-38.464035 -746.085876 32.827362 9
-36.590443 -740.489624 13.305821 9
-37.755638 -737.642334 10.507368 9
-37.539520 -749.419128 41.588547 9
-37.107578 -740.791016 17.642076 9
-36.814732 -736.779297 6.107768 9
-33.417107 -745.862183 35.927361 9
-41.965782 -743.121216 28.481668 9
-33.368828 -737.823425 20.335007 9
-38.486553 -738.085510 32.394268 9
-30.861486 -742.872131 35.191372 9
-37.871349 -737.976379 8.318842 9
-35.281326 -737.491211 16.303408 9
-38.602570 -744.192078 27.310797 9
-37.025375 -739.224792 2.678271 9
-36.895638 -738.606995 -0.054527 9
-31.491085 -745.855591 39.512478 9
-30.484377 -745.260315 41.305557 9
-39.966541 -746.656433 34.712399 9
-34.666054 -739.237793 17.370403 9
-37.950165 -736.606873 0.317398 9
-35.299160 -744.119812 29.223715 9
-39.730755 -736.920898 45.446064 9
-37.598480 -738.475159 22.581169 9
-35.407017 -738.747681 29.715427 9
-32.956364 -741.810547 27.930651 9
-34.607174 -750.069031 44.022572 9
-39.038036 -747.121521 35.289249 9
-39.637020 -742.071045 23.342522 9
-40.860119 -742.815918 26.454006 9
-38.906914 -738.110107 -0.877083 9
-37.511543 -746.901917 34.104939 9
-40.181839 -737.655579 44.478264 9
-41.240925 -745.086731 31.936108 9
-35.996063 -738.267212 25.174099 9
-37.058308 -737.151978 10.143065 9
-35.702305 -745.013611 31.380207 9
-37.704350 -738.160828 9.342258 9
-35.152035 -741.444214 22.241833 9
-35.250465 -738.666138 15.218443 9
-36.269840 -740.295105 14.141426 9
-36.266182 -737.239502 8.730439 9
-39.420475 -738.056885 40.200050 9
-35.702587 -737.594055 15.331832 9
-37.504002 -740.681885 18.295259 9
-37.550003 -738.644958 6.752219 9
-39.454762 -737.003479 41.146236 9
-41.202896 -746.950012 34.896202 9
-37.354984 -739.472412 23.648787 9
-40.628670 -745.036743 31.590614 9
-33.117645 -743.711914 31.765802 9
-36.836796 -735.858093 39.304939 9
-35.627659 -739.503845 14.729762 9
-37.779335 -738.174988 18.348734 9
-32.144299 -741.325623 28.682541 9
-37.097939 -737.301819 21.114309 9
-38.044952 -737.072754 2.412521 9
-37.800251 -736.803040 6.461449 9
-37.008411 -749.851257 44.022854 9
-35.505524 -743.010803 26.392096 9
-38.832603 -737.191345 34.664604 9
-34.133717 -740.020325 20.552956 9
-39.694660 -746.961121 35.256340 9
-36.515461 -749.563782 44.419998 9
-31.645420 -747.769043 43.063534 9
-39.281631 -737.324890 38.001671 9
-38.858822 -738.246826 36.945179 9
-35.862862 -737.452820 7.452525 9
-32.823513 -745.247864 35.265942 9
-37.664551 -737.621643 18.882109 9
-34.090179 -742.656982 27.901695 9
-38.104156 -737.340454 25.184141 9
-41.465702 -741.020386 25.272562 9
-38.629158 -738.026367 16.070868 9
-36.494061 -744.900208 30.390684 9
-37.493359 -739.607361 13.236519 9
-34.677700 -745.114014 32.359215 9
-37.102730 -736.222046 36.272060 9
-32.311886 -749.361633 44.194775 9
-40.963081 -741.238098 22.846449 9
-36.746506 -740.924622 16.108772 9
-37.080441 -736.653564 28.879993 9
-33.292583 -746.589355 37.119781 9
-30.331566 -743.123657 36.708824 9
-41.220581 -745.447998 32.568527 9
-39.683681 -746.235596 33.513203 9
-33.695492 -743.431702 30.350178 9
-36.055687 -738.595642 3.637468 9
-30.954145 -745.758728 42.220409 9
-39.369019 -737.856506 18.021221 9
-36.821053 -736.761047 -0.416271 9
-35.713619 -736.820374 8.015544 9
-37.373108 -739.014160 30.188612 9
-35.672619 -737.493591 3.297556 9
-35.794441 -737.654114 14.467759 9
-35.144817 -750.023376 43.172127 9
-31.102032 -741.295837 30.707561 9
-35.878979 -744.341858 29.430859 9
-38.372715 -738.950073 14.624106 9
-32.395882 -747.889771 41.814293 9
-36.876896 -741.280334 19.078907 9
-32.376419 -745.410400 36.455257 9
-35.017559 -748.066650 38.241249 9
-39.368565 -744.241516 28.192312 9
-38.665615 -745.062805 30.240353 9
-38.163639 -735.942444 39.596313 9
-38.601471 -737.241577 -0.817856 9
-31.883144 -749.553345 45.027966 9
-32.775028 -741.245972 27.115715 9
-36.978649 -737.448486 12.566869 9
-38.906952 -738.283875 37.913567 9
-35.742493 -746.741089 34.910988 9
-37.699139 -739.780212 12.565840 9
-36.109264 -737.331848 29.073305 9
-34.021839 -738.268311 19.508499 9
-38.199074 -735.924805 41.747509 9
-39.630993 -738.682739 18.746904 9
-37.108326 -738.835083 26.959246 9
-37.687531 -738.688538 29.511957 9
-30.801449 -744.707214 39.399315 9
-35.392986 -747.588379 36.967442 9
-38.110065 -738.695923 12.964478 9
-38.570530 -738.152344 2.983788 9
-36.157574 -738.031189 18.404396 9
-36.076260 -738.772156 23.904169 9
-37.131542 -736.914246 25.499481 9
-36.957298 -739.141785 22.789936 9
-36.343792 -739.668030 11.468489 9
-35.707832 -738.334900 13.593523 9
-40.407097 -746.035767 33.517593 9
-39.942200 -744.056213 28.554428 9
-33.836300 -744.013184 31.740540 9
-37.214870 -735.942017 37.957718 9
-36.472874 -747.563293 36.159832 9
-41.324543 -743.042969 27.316101 9
-36.015884 -737.055481 5.374926 9
-37.218895 -740.563843 17.051954 9
-31.197481 -746.963989 43.455296 9
-36.539513 -750.069946 43.268124 9
-32.957199 -739.692139 23.734182 9
-37.182804 -744.396484 28.685278 9
-41.529118 -742.081604 25.170691 9
-36.501785 -736.886292 29.320724 9
-30.352995 -742.746460 35.859722 9
-32.099064 -743.504150 33.420071 9
-34.953278 -740.369019 19.076675 9
-34.457752 -742.171875 25.861126 9
-35.372757 -744.653687 30.412876 9
-34.300686 -739.681213 19.363890 9
-35.683750 -741.302063 20.161036 9
-35.958691 -740.490662 16.059433 9
-34.820190 -744.159058 30.247261 9
-31.364199 -744.299011 36.884933 9
-39.537155 -736.346191 43.493507 9
-37.722664 -736.352905 32.861336 9
-36.948795 -747.330933 35.498043 9
-37.207409 -737.075623 23.293089 9
-38.626434 -742.670105 23.858696 9
-39.626926 -744.995728 30.759222 9
-38.289104 -737.607483 3.488417 9
-36.544590 -741.965698 19.793526 9
-36.328594 -738.305603 0.006483 9
-37.661678 -745.378296 30.702101 9
-37.812595 -738.256836 21.374849 9
-38.197201 -740.441467 17.978886 9
-35.850742 -742.610168 24.579546 9
-37.123829 -738.695251 36.052402 9
-37.635010 -739.235046 22.055645 9
-38.463463 -737.312927 29.792097 9
-34.314156 -741.627869 24.489292 9
-38.100273 -736.819214 31.700926 9
-38.294292 -738.925110 40.440136 9
-31.280441 -740.454468 28.684622 9
-41.868683 -744.610352 31.076471 9
-36.218552 -737.404419 26.255966 9
-38.985085 -737.051208 37.167484 9
-38.722454 -739.695068 17.420233 9
-39.390106 -744.574829 29.576525 9
-36.702618 -738.688232 3.680691 9
-38.100849 -737.198608 26.182144 9
-38.263157 -748.253357 40.536839 9
-32.295628 -742.201294 30.402266 9
-36.132080 -737.191284 30.365692 9
-36.302578 -737.768616 19.566742 9
-35.584911 -745.286743 31.965370 9
-36.155025 -738.648621 8.958348 9
-36.045143 -738.305054 22.737682 9
-37.986092 -738.368713 5.440970 9
-37.257507 -736.560425 30.181204 9
-38.724739 -738.005127 16.942839 9
-38.294441 -738.699707 3.336684 9
-41.523266 -742.949890 28.057562 9
-37.348537 -738.810303 28.997890 9
-37.297619 -737.196899 21.990498 9
-33.921795 -749.884094 46.352699 9
-38.323185 -737.459900 7.763065 9
-36.539185 -735.706421 37.558620 9
-37.998127 -737.183716 0.995384 9
-39.479801 -736.725098 44.908493 9
-40.088524 -737.458984 45.746204 9
-32.649193 -738.995422 23.323269 9
-36.727570 -737.490662 18.339369 9
-37.504234 -739.052368 32.473534 9
-38.991970 -736.774414 38.377941 9
-36.258991 -737.521240 24.255920 9
-40.096554 -745.613037 32.456036 9
-31.106279 -744.557434 38.051418 9
-36.820576 -740.996094 16.730001 9
-37.252556 -737.124817 3.580014 9
-36.044968 -743.158752 24.942091 9
-32.432671 -746.225708 38.039261 9
-41.270683 -740.434509 22.544828 9
-34.364960 -746.386414 35.443348 9
-36.529503 -738.786133 5.701508 9
-38.230995 -738.425049 31.781784 9
-39.427250 -737.403625 40.091095 9
-38.644173 -738.555237 1.003511 9
-34.281048 -741.211121 23.305082 9
-38.708130 -746.535461 33.855167 9
-39.211979 -737.785950 38.912136 9
-41.717682 -745.803284 32.795429 9
-38.654522 -740.585205 18.832237 9
-38.932327 -744.522522 28.583063 9
-39.824024 -742.432556 24.182461 9
-30.787037 -743.480164 37.601517 9
-36.985725 -740.125000 13.643436 9
-38.508778 -736.891785 32.671242 9
-39.627998 -736.797302 46.152981 9
-36.852669 -745.524719 31.542017 9
-39.502014 -748.517456 38.770351 9
-40.067474 -736.943604 44.930840 9
-31.194168 -745.983826 40.914734 9
-37.923580 -737.410339 5.440384 9
-36.586067 -737.629944 14.237749 9
-35.858994 -737.760681 5.874029 9
-35.774239 -738.448120 12.163116 9
-36.092716 -738.928772 10.322066 9
-36.230804 -736.655884 2.644565 9
-36.650864 -742.520813 23.536135 9
-36.978573 -739.315857 34.857441 9
-32.563351 -741.961487 29.220961 9
-32.505711 -751.045105 46.369602 9
-40.140572 -741.264221 22.339014 9
-37.315346 -737.251892 19.914400 9
-35.816849 -737.854248 2.137109 9
-37.875271 -738.895447 34.139118 9
-34.551571 -747.043457 36.444775 9
-35.924412 -741.951477 22.161236 9
-38.300930 -745.361267 30.649323 9
-38.486050 -745.683655 31.678898 9
-36.561825 -736.426086 8.989160 9
-37.694008 -736.175842 37.010662 9
-37.870438 -738.901978 -0.099063 9
-38.704830 -736.001282 42.917934 9
-36.212715 -740.912781 17.173380 9
-36.306042 -738.430725 33.699116 9
-35.890011 -737.464539 4.581204 9
-32.806995 -745.854858 36.460297 9
-37.137001 -736.410950 33.018291 9
-32.867210 -749.960632 44.454357 9
-39.238564 -738.974121 0.037760 9
-31.663641 -746.630859 40.702316 9
-36.855106 -737.357849 20.561213 9
-36.126427 -737.312805 0.675761 9
-32.069996 -740.885620 27.925331 9
-36.743103 -738.970886 34.209999 9
-35.385902 -737.587341 32.904957 9
-38.235184 -748.807129 40.810944 9
-37.133842 -738.933533 27.745121 9
-35.711884 -742.909363 25.819387 9
-38.032810 -738.218811 23.615191 9
-41.749290 -742.372253 26.497610 9
-37.657104 -737.779114 15.447601 9
-36.186420 -737.448425 -0.282882 9
-37.210724 -738.760620 25.609175 9
-33.079212 -748.758301 42.363838 9
-35.191837 -744.872070 31.060146 9
-36.854900 -738.839294 4.537623 9
-38.216572 -738.404480 4.129289 9
-32.779274 -750.252014 46.260139 9
-35.070766 -747.000916 35.944916 9
-38.334484 -737.498108 8.533058 9
-35.967049 -736.819153 32.877747 9
-36.408035 -737.800049 31.536846 9
-37.873199 -737.437744 4.691830 9
-33.761784 -750.472595 46.276012 9
-38.909714 -736.544983 40.188885 9
-37.248840 -746.391846 33.171459 9
-38.262104 -738.226440 30.469286 9
-36.033611 -738.415894 6.759555 9
-33.185417 -747.865051 40.182632 9
-38.631229 -737.349426 31.738176 9
-39.042419 -738.406128 39.550087 9
-36.657742 -737.047058 26.476635 9
-37.109291 -742.717957 24.674433 9
-36.575909 -741.997864 20.787922 9
-36.186646 -737.345520 28.323273 9
-34.117603 -740.494202 21.768751 9
-36.239674 -742.316040 21.422134 9
-36.846386 -736.572388 31.913031 9
-38.312958 -746.439270 33.311615 9
-31.736353 -741.407654 29.891359 9
-36.263649 -737.728210 21.919214 9
-33.757984 -742.267761 27.419828 9
-38.019054 -748.779785 42.369274 9
-37.546913 -749.366577 42.945099 9
-38.186741 -743.825745 26.962170 9
-35.508801 -748.105286 37.847404 9
-38.231216 -742.918701 24.928858 9
-35.110210 -743.125000 27.566725 9
-34.940479 -738.089233 16.849737 9
-37.933182 -736.785767 30.995327 9
-33.858250 -739.934387 21.092505 9
-35.834297 -737.948853 28.101460 9
-39.823727 -738.032715 42.384941 9
-37.669514 -736.866516 27.072861 9
-36.780098 -737.511902 15.372928 9
-40.509525 -737.248291 46.108097 9
-33.654549 -740.793152 23.785357 9
-38.312859 -736.048096 37.568535 9
-34.582932 -749.476074 42.393650 9
-36.425842 -738.370544 1.208180 9
-36.069824 -738.308594 5.450117 9
-34.482674 -746.077454 34.313389 9
-36.160351 -737.289856 1.877966 9
-38.181316 -737.943726 14.040399 9
-37.333408 -738.707520 0.912539 9
-34.214462 -738.820251 18.459753 9
-40.606411 -744.239746 29.528288 9
-33.743332 -738.329224 20.022991 9
-36.513412 -737.277527 9.832532 9
-38.558636 -738.735779 2.156590 9
-40.911869 -739.038635 20.940760 9
-35.691147 -743.920471 28.201080 9
-31.830441 -738.708313 25.019907 9
-36.235176 -742.633667 22.828735 9
-35.979893 -739.464966 13.195339 9
-32.824299 -742.759338 30.350117 9
-37.751324 -736.793579 1.951026 9
-37.316864 -739.158386 9.174487 9
-35.482010 -736.733276 33.993420 9
-37.904190 -737.838867 12.013655 9
-37.952106 -739.558289 15.308474 9
-30.873451 -747.456055 44.026733 9
-38.018635 -739.006897 37.447044 9
-38.525791 -737.899658 4.128452 9
-35.367554 -749.735657 44.944321 9
-37.800953 -737.117432 22.999296 9
-36.347919 -736.538330 4.995043 9
-36.319904 -736.371765 9.537299 9
-38.770054 -737.272705 33.763767 9
-35.946281 -737.680481 10.885248 9
-38.762768 -741.877747 22.396086 9
-36.558277 -736.374756 0.907045 9
-36.662685 -737.110352 24.361929 9
-34.328514 -738.260254 18.024162 9
-36.097843 -748.591858 38.451023 9
-38.132500 -742.264343 23.120373 9
-38.660534 -736.020081 41.322563 9
-37.368931 -743.472046 26.207825 9
-36.973099 -738.513916 35.075661 9
-37.887798 -738.956665 13.457695 9
-35.705875 -742.368225 24.070288 9
-32.146301 -741.872742 29.810558 9
-32.634121 -743.481873 32.234631 9
-33.523643 -749.772461 43.803169 9
-37.555767 -746.052795 32.402180 9
-37.510483 -741.652344 20.573977 9
-40.173813 -744.766052 30.473135 9
-38.774059 -738.085388 34.625546 9
-35.813698 -738.080383 2.720612 9
-37.502022 -738.511108 7.946508 9
-36.964149 -738.935913 31.353004 9
-30.247206 -743.474548 37.820087 9
-36.768280 -736.585205 1.625830 9
-33.334297 -745.535522 35.450302 9
-36.882343 -736.890076 8.890325 9
-30.692595 -744.215271 38.568211 9
-35.636795 -738.909851 27.309217 9
-34.006161 -749.932251 44.254948 9
-37.888882 -738.162842 16.539387 9
-37.608223 -742.615051 24.209290 9
-35.896572 -749.835754 42.321404 9
-30.258429 -744.631714 40.230949 9
-37.479527 -739.013428 36.684071 9
-38.345970 -736.711731 35.329876 9
-37.423927 -736.684570 10.090139 9
-36.005165 -737.986755 3.884497 9
-33.769714 -749.336304 46.435749 9
-36.619724 -736.950623 27.760826 9
-40.039658 -737.284729 43.755871 9
-37.766602 -736.836487 7.494826 9
-37.078274 -739.067322 3.294260 9
-36.010300 -738.245667 9.434343 9
-35.574760 -738.387024 29.073690 9
-36.599556 -736.121277 36.591557 9
-32.862465 -749.219482 43.416264 9
-37.223877 -735.474854 38.995064 9
-35.802971 -739.298950 13.851589 9
-37.618622 -738.648743 5.876372 9
-38.049412 -737.054749 29.028461 9
-36.654415 -749.517822 43.546074 9
-34.641029 -744.707092 31.896978 9
-38.433662 -738.084839 15.099343 9
-37.690369 -738.913635 33.002087 9
-36.684540 -736.574585 33.548939 9
-32.314224 -738.698425 23.732704 9
-32.503025 -743.874756 33.277882 9
-40.222477 -747.346191 36.970909 9
-37.651608 -737.499084 20.993563 9
-37.618401 -736.763000 0.859065 9
-39.374676 -737.243591 39.241386 9
-37.743755 -736.513733 9.205921 9
-37.765511 -738.877991 12.235483 9
-38.015465 -737.848694 24.496452 9
-41.479103 -746.377441 33.828571 9
-36.757755 -735.628540 38.121502 9
-38.263519 -739.403198 15.763213 9
-37.946220 -737.716675 21.604296 9
-39.131401 -738.346191 17.662336 9
-31.249350 -745.709290 40.045322 9
-38.613495 -736.098022 40.755169 9
-35.812977 -737.264282 6.722466 9
-37.266964 -749.345032 40.992146 9
-38.911377 -738.037170 35.804497 9
-35.143250 -746.495422 35.049767 9
-34.664009 -749.924866 43.482738 9
-39.147526 -737.847839 38.201992 9
-31.220060 -740.019958 27.918806 9
-32.555397 -748.607666 43.201370 9
-33.531029 -742.948486 29.546663 9
-37.519772 -737.239868 2.316401 9
-36.055580 -736.464111 34.601734 9
-38.700356 -738.321289 40.685257 9
-38.151066 -737.927979 6.879895 9
-39.802025 -736.116150 44.352951 9
-32.318127 -742.803162 31.360411 9
-37.001518 -739.922974 12.426347 9
-40.483387 -747.037415 36.318111 9
-32.821110 -747.848694 45.473969 9
-33.068249 -739.242920 22.496479 9
-37.530468 -737.369080 11.973638 9
-36.542431 -738.582397 33.206657 9
-36.669968 -741.534241 18.605310 9
-39.550465 -745.158691 31.325319 9
-37.828812 -736.377808 34.857838 9
-30.749174 -742.307129 34.956379 9
-32.440411 -747.533569 41.021149 9
-35.048206 -750.272949 44.334576 9
-37.759220 -738.752319 30.665127 9
-37.993504 -738.660339 19.409746 9
-33.713306 -738.987122 20.347364 9
-37.458515 -740.264526 15.997226 9
-37.244946 -736.396362 10.654934 9
-38.309780 -738.919983 -0.707178 9
-38.975517 -738.358154 41.397087 9
-34.459503 -739.456238 18.537497 9
-38.514690 -736.355774 36.473816 9
-30.811214 -740.286194 28.963123 9
-40.851894 -739.592407 21.853123 9
-32.173141 -743.017822 32.362873 9
-37.653160 -739.259033 38.473404 9
-38.133945 -737.463257 9.395876 9
-35.200031 -748.744934 39.683800 9
-40.278053 -739.062805 20.207479 9
-35.966160 -737.816895 13.748443 9
-34.816074 -743.836670 29.756702 9
-40.898552 -743.653320 28.557953 9
-36.929054 -739.644836 8.108539 9
-38.540916 -738.508850 35.005451 9
-37.792122 -745.735901 31.652218 9
-35.841240 -744.462219 30.065296 9
-36.454327 -738.777832 6.282249 9
-41.484501 -740.569519 23.029396 9
-32.565514 -739.487976 24.692715 9
-35.244034 -737.907532 15.929485 9
-36.354980 -736.537659 3.997327 9
-38.857666 -744.591125 29.141790 9
-36.850811 -739.959595 10.375181 9
-38.634258 -745.399292 31.138168 9
-36.664799 -744.237549 28.519423 9
-37.838799 -741.928223 21.583345 9
-32.249069 -740.302002 27.155794 9
-30.856064 -744.988586 40.964676 9
-37.649353 -749.113831 40.271088 9
-36.778454 -736.361206 34.455837 9
-35.145351 -750.447876 45.545902 9
-32.527336 -738.261597 22.691828 9
-34.119968 -748.192810 39.733593 9
-35.421997 -740.070618 17.149691 9
-33.256615 -742.285156 28.581255 9
-39.210579 -742.249146 23.039915 9
-41.064182 -739.669312 22.357391 9
-37.729877 -738.408752 25.177559 9
-32.490192 -747.096191 39.918758 9
-36.093193 -737.857300 24.676350 9
-33.961590 -740.620850 22.556517 9
-37.428913 -742.963623 25.197813 9
-35.543903 -740.482788 17.941526 9
-31.404467 -748.445190 44.300732 9
-36.523663 -741.422485 19.535530 9
-37.900227 -738.381836 17.801012 9
-36.573017 -736.882446 29.881702 9
-33.363926 -749.141968 42.663284 9
-35.304214 -738.427612 14.206779 9
-36.095535 -738.171326 4.900157 9
-31.817814 -744.531982 36.116417 9
-33.872284 -741.361389 24.780018 9
-36.303814 -738.382263 2.903422 9
-38.598736 -738.685059 39.781738 9
-37.191410 -736.803833 5.273407 9
-38.191597 -744.284363 27.830202 9
-31.959291 -743.816650 34.440632 9
-38.034740 -748.823120 39.452103 9
-35.921215 -746.940918 35.427467 9
-36.489555 -749.752319 42.132690 9
-37.255749 -741.857910 21.172230 9
-31.281805 -743.190918 34.783161 9
-39.219570 -736.124084 42.275318 9
-38.729187 -736.230042 38.627880 9
-41.300091 -740.524170 24.117558 9
-34.769234 -740.768372 20.810587 9
-40.358292 -743.109131 26.608553 9
-37.492611 -737.541138 16.058416 9
-37.243084 -738.733032 23.694544 9
-38.723408 -738.931396 15.725747 9
-34.771938 -741.839417 24.158909 9
-39.647545 -737.427124 41.937794 9
-34.125534 -738.779358 19.320847 9
-41.737469 -743.134583 29.653992 9
-33.416771 -740.325195 23.428930 9
-37.722675 -735.854797 39.928967 9
-37.228268 -737.254761 17.228033 9
-37.766880 -738.161682 19.544720 9
-37.049309 -736.080688 37.463043 9
-36.951591 -739.470398 9.824635 9
-39.705765 -736.717224 43.869877 9
-33.937176 -749.581177 43.169220 9
-35.127735 -743.426392 28.143358 9
-38.897221 -736.050232 43.432247 9
-38.204426 -738.585876 4.862804 9
-36.484203 -739.514038 26.223854 9
-36.378490 -742.531311 23.997772 9
-36.389103 -739.276062 9.790767 9
-35.885033 -739.796936 14.313481 9
-37.952435 -736.656433 -0.235842 9
-37.010426 -736.231323 35.222977 9
-38.318447 -738.901917 38.772018 9
-39.204819 -736.257629 43.038296 9
-30.777361 -742.121643 34.292175 9
-33.823364 -746.631104 36.480499 9
-36.112419 -736.219727 35.367199 9
-38.578388 -736.785645 32.141693 9
-37.585819 -736.708801 29.152111 9
-38.082321 -738.670837 2.714432 9
-38.546219 -737.328064 30.642279 9
-38.329491 -737.735596 28.346159 9
-38.611969 -738.358215 6.262771 9
-32.644192 -750.433105 45.686790 9
-37.534725 -737.308411 15.007305 9
-41.291660 -741.750793 24.225380 9
-38.855171 -736.972656 35.915916 9
-41.718258 -741.160034 24.367552 9
-37.047100 -740.275330 14.540080 9
-36.859600 -736.842163 2.555140 9
-41.310421 -740.002869 23.448090 9
-37.244335 -738.683655 -0.714824 9
-36.173603 -738.054626 19.124178 9
-36.801064 -741.275391 17.892679 9
-31.306591 -742.485168 33.311008 9
-37.546448 -737.533875 12.643100 9
-37.454185 -739.266296 2.031560 9
-41.131039 -740.931152 23.535742 9
-39.119240 -740.761169 19.909336 9
-38.301590 -737.336182 6.443589 9
-36.239216 -743.147400 26.287703 9
-37.534763 -737.611145 13.504539 9
-38.681751 -742.369324 23.397310 9
-40.127655 -745.295532 31.694218 9
-38.932892 -737.498108 35.110386 9
-36.680580 -739.168701 8.220615 9
-39.154034 -744.888123 30.043976 9
-32.414047 -745.103699 35.779224 9
-34.997753 -738.445679 16.409498 9
-34.523506 -738.642395 17.383570 9
-37.936287 -738.340088 10.415426 9
-34.789841 -746.697205 35.428139 9
-35.646118 -737.599731 30.935783 9
-36.715244 -736.643005 9.909431 9
-37.159256 -742.259155 22.546066 9
-37.553154 -739.084778 35.873806 9
-34.041546 -748.902893 41.694851 9
-37.646412 -745.018982 29.769121 9
-37.656109 -738.488831 8.911535 9
-39.209991 -738.145752 42.029675 9
-41.464371 -743.546570 29.243334 9
-38.689442 -736.602783 37.279236 9
-34.717384 -742.713013 26.954687 9
-33.028530 -742.588989 29.606140 9
-36.768597 -741.631714 20.304277 9
-36.725716 -737.283936 10.649842 9
-38.093323 -738.037415 22.542389 9
-32.936302 -738.573120 22.269253 9
-35.619663 -737.314819 5.685931 9
-36.983727 -739.278381 23.986923 9
-32.821438 -740.287048 25.261909 9
-37.976734 -749.080627 41.623138 9
-38.359589 -738.502258 33.243511 9
-36.057850 -738.985657 26.405109 9
-39.087399 -748.432739 39.098133 9
-38.222393 -739.061768 39.355808 9
-39.613598 -740.289185 19.991043 9
-38.228989 -737.569580 2.311394 9
-35.664539 -740.795898 18.457510 9
-36.836369 -735.749573 0.027842 9
-37.883080 -738.824402 1.363335 9
-36.859043 -744.684509 29.480587 9
-35.808746 -750.151917 43.826061 9
-37.757870 -737.221252 11.004590 9
-37.986675 -740.883972 19.038364 9
-36.302238 -736.778259 7.082390 9
-37.705311 -736.374084 32.021637 9
-37.809029 -738.615417 21.993574 9
-37.287117 -737.351257 11.360540 9
-38.194958 -742.071167 22.560246 9
-36.191994 -736.416199 36.405132 9
-30.806904 -743.250916 37.047897 9
-35.494152 -739.652710 15.789058 9
-38.571915 -748.188354 37.079281 9
-36.113194 -737.937561 23.123171 9
-33.963516 -743.400574 29.891794 9
-30.797731 -741.723267 32.635807 9
-37.845089 -738.605408 4.463476 9
-32.324989 -739.052673 24.454834 9
-36.214722 -749.118164 39.440079 9
-38.457367 -737.506226 15.993776 9
-35.796169 -738.402893 27.261942 9
-39.557594 -740.879517 20.855011 9
-35.890671 -738.636414 12.877254 9
-38.393322 -739.204712 0.101878 9
-36.658428 -737.118469 25.209705 9
-37.757431 -738.639282 11.258206 9
-32.770752 -743.059143 31.154482 9
-31.815063 -741.046509 29.017508 9
-37.732235 -737.190063 0.491312 9
-37.469128 -744.137939 27.824732 9
-31.399029 -743.769958 35.818111 9
-35.973076 -743.814514 27.768919 9
-39.844612 -738.948730 19.256931 9
-35.561493 -737.143433 33.111122 9
-35.764050 -737.625610 29.791203 9
-37.613163 -736.883545 3.912816 9
-37.843029 -744.612854 28.792200 9
-36.100979 -738.208374 22.230146 9
-36.209831 -740.479492 15.088530 9
-37.193302 -739.056641 6.946696 9
-35.495316 -749.653992 41.777153 9
-36.741699 -746.269470 33.245045 9
-34.662926 -745.241089 32.877750 9
-37.015717 -736.956055 1.119096 9
-37.874256 -740.015198 16.380224 9
-34.669529 -742.863892 27.477053 9
-31.256203 -742.818481 34.072060 9
-36.116333 -737.928040 7.946150 9
-35.924538 -738.020081 26.343483 9
-38.465816 -738.430359 -0.815103 9
-39.584709 -735.996521 43.888092 9
-33.717472 -748.239197 40.245998 9
-38.826687 -737.788025 33.574352 9
-32.735107 -741.364807 27.623756 9
-37.241699 -738.962708 35.185219 9
-37.422562 -736.453613 0.250882 9
-38.093807 -736.602417 33.744488 9
-36.945595 -739.803955 11.672698 9
-36.827938 -736.621948 0.091404 9
-35.082249 -741.106628 21.855576 9
-37.406357 -745.163147 30.289648 9
-40.486649 -741.611755 23.555225 9
-39.522530 -737.509155 41.310383 9
-36.277889 -737.857300 17.249285 9
-35.845200 -736.766663 6.578157 9
-31.851139 -743.066650 33.157928 9
-36.098835 -737.417542 1.244114 9
-35.782001 -737.630798 16.008787 9
-37.204117 -738.901489 23.189905 9
-32.083160 -748.534180 43.420803 9
-37.849438 -737.120972 8.467119 9
-31.484463 -740.457886 28.190525 9
-37.801731 -735.945923 -0.658861 9
-36.677345 -736.579956 32.487499 9
-33.237339 -738.203308 21.087778 9
-31.104969 -740.706970 29.690283 9
-37.628429 -738.638855 28.479548 9
-34.785244 -749.384705 41.497360 9
-36.541298 -737.348206 12.266461 9
-33.999321 -749.215454 42.177814 9
-36.013943 -737.324158 14.823247 9
-36.051773 -738.694092 7.233417 9
-32.452156 -746.019958 37.552635 9
-39.532612 -739.070190 18.211542 9
-33.201630 -744.242371 32.804306 9
-33.774548 -745.344116 34.520283 9
-36.700500 -739.068481 7.383060 9
-37.656178 -736.773560 29.895561 9
-37.946648 -736.311951 35.843384 9
-37.698307 -737.390503 3.530954 9
-31.571411 -741.892395 31.013182 9
-36.707829 -737.259827 22.613085 9
-31.155895 -746.194336 41.493950 9
-36.336308 -740.028503 13.399796 9
-37.551914 -735.957275 40.524593 9
-32.938610 -747.160461 38.882423 9
-33.118866 -743.477478 31.301544 9
-37.515064 -738.564514 24.546301 9
-36.756672 -740.985596 15.537465 9
-36.520103 -749.679688 41.606670 9
-34.211262 -746.088440 35.012589 9
-36.043179 -738.299622 23.662878 9
-31.745911 -746.463989 40.055004 9
-33.371628 -750.563965 45.435772 9
-37.278721 -738.758728 2.860697 9
-33.875008 -744.779053 33.364391 9
-36.256966 -737.102966 2.922948 9
-37.317081 -740.971619 18.750902 9
-33.674557 -747.727844 38.776211 9
-36.956608 -739.576599 9.106977 9
-39.823574 -743.725342 27.429573 9
-40.085197 -738.235657 19.823553 9
-37.970783 -738.962036 34.632984 9
-39.247566 -748.086243 39.680382 9
-37.118687 -736.815369 8.358034 9
-36.519779 -737.008728 3.470505 9
-35.902431 -738.297607 0.315127 9
-35.940849 -738.540771 16.602037 9
-34.672764 -747.768188 37.818451 9
-39.590958 -748.087402 38.390270 9
-41.226688 -742.443420 26.242369 9
-37.423607 -738.917236 8.703115 9
-37.151283 -736.757629 1.984550 9
-34.965302 -739.294861 16.661242 9
-33.877560 -744.383972 32.103996 9
-41.063911 -744.177917 29.978151 9
-41.915558 -743.800415 29.733145 9
-37.116310 -736.919250 26.207212 9
-39.322193 -738.391602 39.122810 9
-35.848381 -740.511292 16.630030 9
-37.117859 -737.313171 16.424297 9
-34.546898 -748.839111 40.478539 9
-36.827110 -743.566284 27.075455 9
-36.786560 -737.491150 13.086200 9
-30.755899 -742.060181 33.464390 9
-38.589939 -738.696899 3.953468 9
-39.769604 -738.099365 42.926750 9
-40.068092 -738.734497 19.707233 9
-35.598816 -742.171631 23.579477 9
-37.400181 -741.226379 19.689379 9
-36.208195 -736.953186 8.276848 9
-35.032581 -749.184265 40.632126 9
-37.381958 -735.493408 39.649887 9
-31.754240 -746.977661 41.287083 9
-38.771938 -748.563232 37.974869 9
-41.008717 -743.783264 29.052366 9
-40.634296 -738.899231 20.538855 9
-37.742493 -738.730225 3.878484 9
-34.783340 -744.620422 31.252529 9
-37.513493 -736.359314 34.245338 9
-36.709751 -743.920349 27.752541 9
-38.026230 -738.071106 26.131390 9
-37.445641 -739.721924 13.736992 9
-36.362686 -736.843079 5.887757 9
-36.291019 -749.166870 39.945923 9
-33.194592 -746.691772 45.446068 9
-36.177834 -737.743896 8.459828 9
-38.221775 -737.708191 -0.030458 9
-37.366344 -736.685913 -0.388021 9
-36.953022 -738.565308 34.501507 9
-35.859093 -738.091736 -0.160239 9
-36.944469 -737.282227 21.615128 9
-38.552490 -738.571045 14.926224 9
-35.715260 -736.812866 34.969090 9
-39.365845 -745.695923 32.365128 9
-37.054276 -736.542419 31.363255 9
-37.354019 -739.382019 23.147348 9
-36.269932 -737.516052 9.224480 9
-39.974377 -736.479431 45.434364 9
-36.207710 -736.935486 31.677273 9
-39.126755 -748.044312 37.506145 9
-37.501419 -738.849976 9.546561 9
-35.158794 -745.843750 33.492592 9
-37.981010 -739.123169 14.181792 9
-38.142010 -738.745789 0.351435 9
-35.945786 -737.747131 12.769475 9
-35.531616 -741.062012 19.609299 9
-30.902491 -746.182190 42.580265 9
-37.955433 -736.013123 38.066643 9
-40.283699 -739.811401 20.672499 9
-38.920078 -746.662598 34.339828 9
-30.797997 -744.390381 39.798855 9
-37.699650 -739.435242 10.148680 9
-37.478531 -738.916260 21.686298 9
-37.827511 -737.518921 20.504221 9
-39.151123 -743.988647 27.776646 9
-34.899872 -739.710693 17.586576 9
-35.220119 -739.110352 15.753969 9
-39.734741 -736.600281 44.484364 9
-34.196117 -744.843262 32.775349 9
-38.275360 -737.648438 1.396760 9
-33.862583 -748.461121 40.700630 9
-33.727642 -745.729126 34.995903 9
-31.272217 -742.132385 32.354034 9
-37.047661 -739.252136 35.745461 9
-39.484169 -739.809570 19.059322 9
-37.832417 -736.000122 38.938690 9
-35.676346 -739.787781 15.205332 9
-37.778885 -737.991394 10.005453 9
-39.042778 -738.212891 42.670166 9
-34.002529 -739.337036 19.598244 9
-35.964401 -741.847961 21.667822 9
-41.411835 -744.439209 30.949553 9
-33.968502 -743.749329 30.676031 9
-31.941708 -748.718933 43.889950 9
-37.621162 -739.402832 37.754166 9
-38.553719 -736.956055 34.317387 9
-38.343300 -744.344116 28.362831 9
-37.605320 -739.096619 0.687575 9
-31.489582 -741.399109 30.378195 9
-32.687935 -740.875122 26.780905 9
-35.235580 -738.372498 15.650205 9
-37.736015 -737.726501 14.273241 9
-38.245243 -737.505554 26.712551 9
-40.650852 -739.452332 21.189634 9
-35.647625 -737.573730 2.798622 9
-33.837944 -747.369263 37.794353 9
-30.346857 -742.748474 36.360851 9
-36.074593 -738.194336 9.918836 9
-40.041702 -744.290100 29.007504 9
-39.882420 -739.738831 19.902840 9
-38.559967 -738.693054 36.946526 9
-37.780853 -737.242737 13.236678 9
-36.196888 -736.574951 -0.394858 9
-36.446362 -738.460327 32.127380 9
-39.068760 -737.333252 36.438805 9
-38.021229 -738.539856 18.593473 9
-34.334602 -750.736328 46.039894 9
-36.675510 -736.718140 4.347150 9
-35.889641 -738.300110 1.877333 9
-38.375397 -738.846558 37.851009 9
-37.203804 -749.475342 43.660385 9
-37.447937 -740.152161 15.501805 9
-37.164841 -738.963623 4.944679 9
-37.689812 -737.078247 25.113674 9
-33.991684 -748.615234 46.534790 9
-37.286900 -738.834595 3.683814 9
-36.038303 -738.812134 25.512264 9
-37.742954 -737.094360 9.968823 9
-35.288666 -738.706909 14.679647 9
-30.271044 -743.997864 38.819515 9
-35.466480 -743.313416 27.286673 9
-35.305801 -741.725586 22.795021 9
-39.037758 -741.190491 20.601242 9
-36.002151 -736.931396 7.635027 9
-38.577885 -740.378540 18.377926 9
-36.156548 -742.211365 22.525955 9
-37.936573 -738.280884 6.587767 9
-32.612129 -750.112915 44.922604 9
-37.456573 -736.746277 2.965528 9
-38.272305 -738.663147 33.876816 9
-39.123386 -738.798584 41.062450 9
-32.108711 -746.666077 39.756069 9
-38.674938 -738.186340 17.539017 9
-40.111038 -744.543213 30.039211 9
-30.705116 -746.659424 43.316994 9
-39.238930 -737.363281 37.458221 9
-40.690605 -747.010559 35.758888 9
-32.279202 -740.145569 26.192743 9
-33.796051 -740.107788 21.675383 9
-40.305183 -747.861694 37.273449 9
-32.323025 -748.081299 42.314075 9
-32.974102 -747.962952 40.811607 9
-37.501595 -739.821594 14.603699 9
-35.263515 -737.404663 32.198715 9
-36.863365 -737.360962 18.804398 9
-37.662479 -738.671082 10.663698 9
-40.879204 -742.576538 25.814419 9
-38.657658 -748.569092 40.682690 9
-38.097477 -738.108582 9.070331 9
-38.020275 -737.535095 23.453066 9
-36.541039 -736.640076 30.913450 9
-31.770758 -745.345581 37.772758 9
-34.758984 -750.340942 44.773457 9
-37.455109 -748.833130 39.225838 9
-38.377937 -736.901978 -0.204880 9
-41.583321 -743.996704 30.310831 9
-31.977755 -739.105652 25.395920 9
-34.322262 -740.133911 20.080427 9
-37.249348 -736.883728 10.502870 9
-38.159603 -748.475220 37.609009 9
-38.686481 -737.554626 32.861553 9
-37.704964 -743.826904 27.064287 9
-37.912136 -738.324402 22.943697 9
-31.066069 -746.663635 42.639759 9
-31.821316 -748.041931 43.432014 9
-37.763908 -736.804871 28.109438 9
-36.554367 -736.245850 10.238000 9
-35.574234 -737.869019 13.336090 9
-35.962196 -736.026062 35.793316 9
-31.517971 -746.813232 41.697651 9
-40.035885 -740.315186 20.696234 9
-31.083466 -744.161072 37.324501 9
-32.407764 -744.264771 34.276970 9
-31.654888 -739.672607 26.755547 9
-31.960966 -749.509644 44.490639 9
-31.594517 -744.708130 37.047798 9
-36.481541 -746.654724 34.055389 9
-37.344093 -735.961365 38.858696 9
-34.377838 -743.606262 29.717098 9
-36.626335 -748.808838 39.260620 9
-39.577869 -738.139771 19.069530 9
-30.787130 -743.718140 38.219978 9
-36.453701 -738.132812 32.674774 9
-34.900829 -742.042786 24.584188 9
-36.683723 -737.488098 19.413738 9
-37.736393 -739.360535 12.194563 9
-35.546040 -747.043823 35.860313 9
-35.408722 -746.115234 34.096355 9
-39.003307 -739.580078 17.840166 9
-31.522360 -742.031128 31.485575 9
-38.876907 -742.729004 24.268148 9
-37.876476 -737.294373 -0.048417 9
-34.296322 -749.004150 41.297386 9
-33.762646 -739.392639 21.168398 9
-38.037304 -738.236328 12.835863 9
-36.093365 -739.279297 11.294293 9
-35.977879 -738.735168 21.682419 9
-31.534956 -745.473877 38.569744 9
-39.792549 -737.553772 42.859131 9
-41.348736 -739.605347 21.956324 9
-40.849140 -745.982666 33.339638 9
-36.414486 -742.005554 21.769684 9
-38.745605 -738.467590 -0.028143 9
-37.644531 -739.575195 14.195085 9
-37.284134 -737.041504 23.770456 9
-38.643051 -739.276489 -0.721559 9
-33.901596 -747.175415 37.251255 9
-34.261299 -748.726013 40.879456 9
-36.131489 -737.761047 10.172252 9
-37.478394 -739.258789 11.731936 9
-36.898788 -743.483643 26.519672 9
-34.589066 -740.000793 19.158373 9
-32.348167 -747.259888 40.475445 9
-34.449963 -740.732849 21.530714 9
-35.503429 -738.701904 13.872220 9
-36.716412 -749.134094 40.242268 9
-36.426857 -741.236511 16.893814 9
-32.486771 -739.857788 25.582354 9
-38.507687 -737.728699 29.496279 9
-36.838093 -749.906921 42.921394 9
-37.890072 -749.185852 42.637989 9
-38.368126 -738.425232 0.620690 9
-37.172119 -749.053528 39.875950 9
-37.071796 -736.644836 3.450128 9
-36.083099 -737.520630 27.318781 9
-38.032986 -735.940674 40.272163 9
-34.055984 -745.182617 33.608414 9
-38.225792 -735.628113 40.760693 9
-41.038109 -742.270142 25.314024 9
-33.210461 -746.943054 37.927219 9
-33.711697 -741.666199 25.711712 9
-36.216896 -737.921509 20.967449 9
-37.675125 -739.712341 11.734381 9
-38.414200 -744.756958 29.205164 9
-38.362408 -738.032898 5.286022 9
-39.729473 -746.527710 34.305801 9
-38.272594 -741.164001 20.061497 9
-35.840721 -737.703979 6.344181 9
-37.449562 -748.595947 38.765228 9
-38.098904 -736.153687 38.573387 9
-35.565552 -736.493591 34.432575 9
-36.322445 -741.169983 17.906450 9
-35.519985 -738.090820 30.214376 9
-34.899532 -750.530273 45.988232 9
-36.413933 -739.603821 10.693180 9
-33.334419 -747.306580 38.614880 9
-35.750137 -748.609375 38.761753 9
-36.382862 -740.522278 14.608599 9
-36.064800 -737.246155 3.437937 9
-36.390465 -737.365234 23.808683 9
-35.509506 -737.983765 31.647247 9
-36.761765 -736.142334 38.338394 9
-37.585999 -736.440430 31.047743 9
-34.930500 -739.919678 18.151251 9
-35.281864 -737.881042 30.691092 9
-37.856823 -737.372070 24.144325 9
-31.694580 -741.167847 29.465710 9
-35.022938 -748.464172 39.343235 9
-36.420033 -739.780640 11.981095 9
-35.724289 -747.573914 36.627018 9
-36.475971 -737.740112 16.458532 9
-35.277386 -748.321838 38.749054 9
-30.824280 -743.149902 35.864780 9
-39.431118 -737.963989 41.179466 9
-36.647823 -737.053162 0.770364 9
-38.253632 -736.963196 7.655428 9
-38.580509 -738.261963 6.931265 9
-32.575157 -744.153870 33.665920 9
-33.533192 -741.742981 26.317547 9
-35.906780 -738.227173 10.971629 9
-38.085335 -736.962646 29.975149 9
-34.946865 -738.931885 16.351278 9
-38.091797 -736.699402 -0.776727 9
-36.520874 -745.948975 32.681885 9
-36.822205 -749.333130 40.682594 9
-35.197514 -745.282532 32.262203 9
-38.929710 -736.129150 40.397461 9
-34.375771 -741.927795 25.391857 9
-38.034729 -735.893311 41.187008 9
-33.694603 -746.785950 36.955746 9
-37.759575 -736.800781 8.131547 9
-38.873577 -738.533264 38.680367 9
-39.473602 -743.593323 26.936451 9
-36.136940 -738.640625 7.906825 9
-36.557602 -737.038269 1.704402 9
-38.624249 -737.748047 31.999186 9
-36.169067 -738.211670 0.791581 9
-33.036400 -740.299133 24.375769 9
-37.097092 -749.450867 41.425049 9
-38.887402 -736.636597 39.473755 9
-38.250351 -748.739441 38.637268 9
-35.879486 -749.287476 40.283966 9
-30.779589 -745.110352 40.438007 9
-41.908684 -743.351257 28.892326 9
-32.736248 -746.629578 38.234219 9
-34.386887 -748.043396 38.704521 9
-34.602371 -748.604370 40.080551 9
-37.747608 -738.442566 7.223481 9
-35.810757 -741.197693 19.146160 9
-33.551373 -739.220886 21.790190 9
-38.319767 -737.648376 14.942260 9
-39.211639 -736.630005 41.366314 9
-34.389015 -748.274841 39.224030 9
-38.456902 -738.508667 40.272144 9
-37.838104 -738.781982 35.518093 9
-37.373745 -737.524597 14.607665 9
-38.202435 -738.122864 29.119911 9
-30.902592 -741.490295 31.621286 9
-36.538654 -737.079468 -0.202318 9
-37.961594 -737.877258 12.509697 9
-37.754330 -738.871948 7.735670 9
-38.554050 -736.698120 33.400188 9
-37.011463 -737.420776 13.495717 9
-38.255669 -737.217712 5.060777 9
-39.211033 -737.996582 37.135654 9
-34.945534 -746.172424 34.385090 9
-38.439800 -747.313049 35.710022 9
-37.613926 -739.539062 10.945865 9
-36.792328 -735.818970 -0.433605 9
-35.370686 -750.095337 46.014675 9
-38.063675 -736.104004 36.653706 9
-37.501770 -738.762512 27.960653 9
-38.163277 -736.626160 10.255904 9
-41.667229 -740.824524 24.053001 9
-33.613297 -744.404968 32.523529 9
-35.863312 -737.719421 29.154818 9
-32.047565 -742.131714 30.811079 9
-34.142761 -750.425110 45.302746 9
-38.286922 -737.095581 27.797951 9
-37.861290 -739.010193 36.403751 9
-37.231663 -736.806213 27.633608 9
-38.080223 -738.227539 28.576731 9
-38.295746 -738.484497 1.788981 9
-38.421535 -738.105103 31.287676 9
-38.360565 -737.534607 5.492770 9
-33.302845 -739.689697 22.728210 9
-36.853828 -747.705444 35.915707 9
-30.844820 -745.312927 41.724800 9
-36.209087 -738.635742 24.818039 9
-36.121059 -737.790527 25.137571 9
-33.172558 -739.959534 23.268997 9
-36.934715 -738.849670 4.079701 9
-37.610519 -736.985657 24.615181 9
-31.342005 -739.573364 27.165234 9
-32.646786 -740.563599 25.983150 9
-32.735199 -750.714294 46.150478 9
-31.758751 -742.556030 32.190289 9
-33.309193 -740.895569 24.742138 9
-35.354282 -742.672485 25.635742 9
-41.661934 -744.273743 31.319008 9
-32.095730 -744.907532 36.118542 9
-39.386002 -736.583191 42.140152 9
-37.352852 -741.363464 20.138758 9
-36.233315 -738.022705 16.807365 9
-31.446756 -739.996582 27.477688 9
-38.596947 -741.718323 21.837603 9
-31.274532 -745.066711 38.619995 9
-38.234993 -741.670166 21.040689 9
-39.607292 -736.826904 42.904324 9
-39.120018 -742.758423 24.697748 9
-36.213558 -737.345520 0.183979 9
-38.367752 -737.192871 28.721767 9
-33.635208 -750.398621 44.661427 9
-38.458675 -736.969543 29.477177 9
-35.642708 -749.783081 41.363121 9
-36.894913 -739.312561 4.512099 9
-38.742046 -735.992065 41.851234 9
-37.826050 -738.987244 9.886934 9
-39.180679 -738.808411 17.701265 9
-41.015099 -746.706726 34.039406 9
-40.007446 -741.570374 22.754246 9
-34.740517 -741.254211 22.279060 9
-35.909058 -738.345520 11.735825 9
-33.233192 -748.620422 41.775703 9
-38.696369 -738.049011 30.719866 9
-35.885712 -741.517029 20.708958 9
-36.790245 -743.161865 25.637125 9
-32.898418 -739.955505 24.850906 9
-37.977352 -738.636292 31.471394 9
-38.088184 -738.651672 32.213615 9
-32.507027 -741.596558 28.727797 9
-35.875759 -749.874695 42.808601 9
-37.693581 -742.294067 23.262688 9
-30.714090 -741.392639 32.058243 9
-36.247444 -737.218628 13.525996 9
-33.165695 -750.136230 44.745224 9
-39.261627 -738.009399 18.444708 9
-36.078358 -738.388855 17.579624 9
-38.118065 -739.684509 16.113834 9
-38.949127 -738.171387 34.116783 9
-32.878456 -742.273376 29.297188 9
-37.888142 -741.218811 19.673792 9
-38.502411 -736.487183 37.683914 9
-36.423042 -736.759033 8.688940 9
-37.860294 -738.704773 17.378506 9
-36.721161 -735.912598 37.103100 9
-30.557606 -746.353027 42.976040 9
-35.905830 -740.838928 17.524170 9
-37.001011 -740.945801 17.158159 9
-35.989449 -739.141968 11.986366 9
-33.519024 -747.815430 39.321518 9
-32.848083 -738.073669 21.683065 9
-34.951332 -737.229736 17.351946 9
-38.428799 -743.553223 26.550932 9
-37.068005 -740.395142 15.174526 9
-37.475800 -736.199951 35.188671 9
-40.802311 -744.753479 31.236628 9
-36.297371 -738.124084 31.155226 9
-38.225933 -737.005188 30.686441 9
-37.856529 -743.146240 25.118721 9
-36.202877 -741.415161 19.091087 9
-39.262577 -744.919617 30.499640 9
-35.814404 -748.901917 39.320877 9
-32.975803 -745.120422 34.794849 9
-38.042469 -737.789185 7.919289 9
-37.404659 -739.052429 31.773106 9
-33.287914 -741.916870 27.646675 9
-38.286343 -737.825867 1.808160 9
-35.676968 -745.595337 32.769840 9
-36.886829 -737.500732 11.022294 9
-37.249672 -737.150452 4.950741 9
-39.304752 -741.842163 22.271141 9
-40.431068 -737.207581 45.519382 9
-33.311039 -750.870422 46.276878 9
-37.308647 -741.959167 21.636093 9
-41.744442 -741.698914 25.485878 9
-38.688862 -740.920044 19.745520 9
-39.714504 -743.192871 25.819624 9
-36.438011 -736.187683 37.405754 9
-37.957741 -738.454102 8.062463 9
-36.259529 -737.627502 14.570884 9
-39.629143 -747.613586 36.718281 9
-31.091988 -744.997559 39.192894 9
-38.574203 -748.768738 40.090431 9
-35.655090 -739.374084 14.297989 9
-37.398987 -737.201538 18.867529 9
-37.785152 -736.841309 1.482635 9
-41.754089 -742.466614 27.011505 9
-37.276947 -736.220337 -0.594641 9
-33.523212 -738.861328 20.772003 9
-38.416626 -745.943298 32.383709 9
-36.444767 -737.139160 11.527428 9
-31.886246 -750.502502 45.641102 9
-39.879116 -747.755554 37.590435 9
-32.149807 -744.464233 35.201450 9
-40.105080 -736.998047 45.923309 9
-30.810362 -742.610779 35.559967 9
-36.189438 -749.937256 44.386101 9
-40.742691 -746.998291 34.740780 9
-38.267654 -737.601685 27.851433 9
-32.402100 -744.847717 35.353302 9
-38.033936 -737.279785 3.235872 9
-38.317516 -749.236633 40.938786 9
-35.462166 -739.102905 14.840498 9
-38.642029 -747.046265 35.069962 9
-36.597103 -736.138123 -0.051759 9
-36.554504 -736.644897 2.966466 9
-35.338696 -750.148804 45.239895 9
-36.245602 -744.264038 29.015875 9
-35.397587 -749.151367 40.174465 9
-38.229893 -737.803528 14.459195 9
-40.076950 -741.744507 23.292511 9
-38.275902 -738.589722 1.335038 9
-34.066959 -739.218933 20.061199 9
-32.056820 -746.229309 38.848839 9
-36.015163 -737.885742 7.395577 9
-35.416988 -737.530151 15.724218 9
-36.974075 -745.371887 31.122381 9
-38.365406 -745.142273 29.820507 9
-33.211617 -750.402283 46.275448 9
-35.280716 -739.785889 16.625004 9
-35.844139 -739.049927 27.969576 9
-38.965359 -738.197876 37.456383 9
-38.228325 -736.643738 34.168892 9
-38.632351 -738.221191 -0.419994 9
-32.071198 -749.797180 45.384418 9
-36.614594 -735.918152 0.923923 9
-32.969337 -747.355103 39.358139 9
-36.824818 -747.178650 35.082958 9
-36.184601 -737.656250 11.358923 9
-38.711060 -738.706360 -0.478342 9
-38.652546 -741.450195 20.963457 9
-36.744034 -736.762817 6.772116 9
-34.172306 -746.824646 36.269997 9
-37.029408 -738.679749 0.477015 9
-34.946899 -749.783264 42.422298 9
-38.263546 -737.999084 25.452890 9
-31.647150 -747.424988 42.546295 9
-36.076397 -744.731995 30.340477 9
-37.501797 -738.713074 -0.329449 9
-39.438507 -738.333008 39.729755 9
-37.929764 -738.479309 24.709288 9
-31.522339 -744.935913 37.621082 9
-38.150902 -738.635803 6.402462 9
-35.557407 -741.698547 22.213175 9
-35.495403 -737.943665 15.136069 9
-34.661598 -737.560730 18.219395 9
-38.303185 -748.677979 39.120430 9
-36.685532 -740.008728 12.811616 9
-39.108761 -742.048645 22.643816 9
-35.039227 -742.764404 26.604460 9
-38.319645 -737.650208 4.442945 9
-39.237766 -745.550598 31.946938 9
-36.949135 -739.254578 5.559224 9
-37.390926 -738.678162 26.640814 9
-39.398006 -737.654846 38.539768 9
-36.777214 -738.660522 2.534760 9
-37.280079 -738.739563 1.634908 9
-37.545380 -737.274109 10.336329 9
-33.541698 -748.544128 41.000130 9
-35.367283 -736.947998 33.452251 9
-40.256073 -742.660400 25.198561 9
-37.785198 -740.732971 17.945503 9
-31.433210 -748.793701 44.580650 9
-36.489952 -737.415405 20.849251 9
-37.319572 -746.920959 34.556889 9
-30.967875 -740.966309 30.388962 9
-37.996773 -738.347961 8.636740 9
-36.317112 -740.746521 16.109709 9
-38.200043 -737.940491 27.536516 9
-36.563568 -747.939697 36.847744 9
-37.419044 -737.489685 18.029610 9
-38.998669 -737.714722 35.494003 9
-38.271969 -737.705078 0.460810 9
-36.571285 -748.647461 38.826675 9
-38.880184 -737.646484 34.681808 9
-38.218719 -738.240417 30.017508 9
-38.376328 -737.971375 27.036587 9
-32.010559 -747.939331 42.720001 9
-40.525818 -747.344116 35.517586 9
-35.759644 -737.436157 2.026950 9
-39.694271 -745.790161 32.668102 9
-34.069576 -738.753174 18.872118 9
-31.249140 -747.975281 43.771015 9
-36.197208 -741.698242 19.734175 9
-38.166092 -738.340515 7.455971 9
-37.287895 -739.674377 12.706628 9
-35.926678 -737.949524 1.459148 9
-37.897102 -742.143127 22.245352 9
-33.675678 -742.504517 28.243332 9
-37.207027 -742.285217 22.989212 9
-38.371861 -748.844971 41.788906 9
-38.123848 -737.769409 13.404741 9
-36.870331 -738.936035 5.941154 9
-38.148003 -737.200378 10.275717 9
-36.028629 -739.113586 27.175350 9
-37.464779 -736.213562 36.642181 9
-38.223106 -743.486328 26.081083 9
-34.688179 -747.561279 37.437515 9
-36.701332 -736.606018 9.410350 9
-30.694473 -741.858032 33.050613 9
-30.305550 -745.772522 42.298889 9
-39.012386 -739.868103 18.246243 9
-41.656910 -742.274292 26.062370 9
-33.483765 -741.765076 26.783442 9
-38.856571 -738.769531 40.558273 9
-41.253674 -743.290710 28.314802 9
-33.276722 -747.721619 39.689880 9
-35.916725 -745.980957 33.370861 9
-35.750710 -750.015442 44.845932 9
-39.510918 -738.500488 41.986412 9
-36.173485 -750.072571 43.529629 9
-37.643230 -738.430603 23.679804 9
-31.834055 -743.329346 33.734673 9
-37.393543 -738.602051 25.982466 9
-38.465626 -738.043579 15.635742 9
-36.399658 -737.728699 18.130375 9
-37.698433 -736.908875 4.358195 9
-37.168629 -736.451538 33.488262 9
-35.998112 -742.197815 23.060444 9
-31.670555 -749.248047 44.693443 9
-32.260067 -746.747803 45.019791 9
-39.094418 -743.580383 25.977177 9
-35.878792 -743.283813 26.545568 9
-37.580170 -739.107483 11.324776 9
-36.591911 -741.872253 21.199581 9
-31.389711 -743.513123 35.203701 9
-35.391018 -740.990540 20.035027 9
-32.018116 -740.189636 26.726297 9
-30.952942 -745.421021 41.167728 9
-34.011734 -745.566284 34.230698 9
-32.632915 -749.692078 44.197094 9
-32.293591 -746.608459 39.176735 9
-37.376762 -748.092285 37.625912 9
-37.671425 -743.283936 25.938961 9
-38.933609 -747.438538 36.164623 9
-32.280052 -739.517761 25.213566 9
-38.921227 -748.569214 39.771507 9
-40.514301 -741.247375 22.716518 9
-32.766960 -741.653748 28.352602 9
-36.107346 -743.044617 24.513496 9
-37.620010 -747.366699 35.810154 9
-37.523392 -742.541687 23.758507 9
-37.310650 -747.799561 36.774693 9
-38.857548 -745.929138 32.688652 9
-36.990345 -739.683716 11.076840 9
-35.956554 -743.604797 27.325476 9
-37.754948 -737.771545 19.334505 9
-36.909405 -745.009094 30.282162 9
-36.960308 -739.014404 32.471493 9
-36.360069 -744.432190 29.415264 9
-36.748074 -738.921753 5.194520 9
-36.250591 -738.224487 -0.429923 9
-34.058468 -743.046082 28.907125 9
-40.838490 -743.210693 27.448860 9
-38.296917 -743.890808 27.408321 9
-33.268909 -744.526611 33.206326 9
-37.012062 -736.728210 5.668188 9
-38.210926 -738.985901 38.335121 9
-31.363194 -742.423706 32.817650 9
-38.276917 -737.061401 33.012081 9
-36.465897 -741.184631 16.426424 9
-31.968445 -740.568848 27.499809 9
-37.792400 -737.785339 10.978437 9
-36.952267 -739.278442 6.348464 9
-41.763729 -742.773865 28.686815 9
-36.632057 -748.249695 37.577629 9
-37.841236 -737.434875 2.599459 9
-37.638397 -739.045044 35.023064 9
-35.407330 -749.625671 45.370815 9
-37.018486 -748.829712 39.452312 9
-37.057438 -748.332642 38.214123 9
-35.965420 -738.563904 26.311954 9
-36.439232 -736.665466 1.355185 9
-38.899120 -743.874146 27.086729 9
-39.932663 -737.363464 44.744667 9
-35.312164 -742.469666 25.097193 9
-36.902390 -738.621277 0.929931 9
-35.906570 -736.602417 34.140224 9
-36.989758 -739.037903 33.369823 9
-36.662224 -749.945007 43.671265 9
-36.323471 -737.130432 2.324126 9
-40.899658 -746.589478 34.919266 9
-35.707790 -740.063232 16.038725 9
-35.755642 -746.375671 34.147957 9
-33.050591 -741.059509 25.918863 9
-33.552547 -742.596191 28.700230 9
-34.421734 -739.614990 18.937128 9
-31.487551 -746.076660 39.914772 9
-38.589447 -737.681702 31.457230 9
-35.446613 -744.044250 28.792213 9
-35.752834 -738.240112 0.940899 9
-38.733196 -738.379211 36.108131 9
-39.557629 -748.360291 39.191036 9
-35.311161 -741.265625 21.335766 9
-40.350826 -743.297852 27.109663 9
-34.273853 -749.510742 42.710033 9
-38.585266 -736.948669 34.925030 9
-37.206959 -736.752319 4.189388 9
-31.429424 -749.674377 45.142502 9
-36.428066 -737.044556 28.137260 9
-36.023586 -745.140686 31.103521 9
-36.245560 -747.998291 37.165733 9
-37.855171 -748.513123 38.526310 9
-40.396519 -747.473999 36.476482 9
-39.235432 -746.946838 34.291218 9
-33.585236 -748.763306 41.547070 9
-35.741322 -737.898499 3.546507 9
-36.924686 -738.862427 29.031321 9
-37.044022 -736.314453 10.275974 9
-35.738106 -737.376770 31.297199 9
-31.175379 -745.961121 41.891972 9
-35.946575 -737.151733 4.947875 9
-36.332970 -737.461304 10.698588 9
-35.512455 -737.494751 31.812515 9
-37.927498 -737.880371 9.568892 9
-37.579147 -740.329529 16.414707 9
-38.397633 -738.388489 5.885747 9
-38.852276 -743.334045 25.689735 9
-36.249702 -745.588440 32.041660 9
-39.648418 -742.258057 23.823803 9
-32.619770 -749.248108 43.830456 9
-37.269505 -736.794983 6.210591 9
-35.880611 -748.301025 38.045975 9
-35.668671 -749.692810 40.842163 9
-40.095009 -739.515564 20.192265 9
-34.415993 -745.399048 33.512268 9
-38.735569 -748.449097 38.482929 9
-37.148766 -749.622559 42.979008 9
-39.075085 -743.061951 25.335991 9
-36.000591 -738.476624 10.258218 9
-31.191826 -741.819031 31.713945 9
-37.623657 -736.930664 9.447217 9
-37.166733 -739.128357 34.220543 9
-30.807329 -741.198364 31.335352 9
-38.033638 -746.125122 32.522434 9
-36.227955 -738.295349 1.592969 9
-36.986279 -745.991333 32.301537 9
-34.107937 -747.614197 38.006363 9
-31.002996 -740.551758 29.260052 9
-38.265331 -749.363220 41.780300 9
-37.995888 -738.639526 11.896407 9
-38.914989 -738.861145 16.793745 9
-37.988827 -749.119629 42.109818 9
-35.920063 -738.770020 24.373245 9
-37.466805 -739.069702 0.011942 9
-38.134495 -739.183533 14.926705 9
-37.934616 -738.048706 24.091764 9
-37.214420 -736.025269 38.389500 9
-39.157314 -745.242859 31.144707 9
-38.873219 -739.039795 16.389715 9
-38.447800 -737.940247 2.640673 9
-41.099705 -742.935303 26.927053 9
-37.237400 -736.398132 31.938841 9
-32.533943 -742.450317 30.164543 9
-38.171261 -737.550415 24.775318 9
-31.916176 -747.435913 41.984589 9
-30.723749 -743.377075 36.602760 9
-37.466400 -747.098633 35.034386 9
-39.291561 -739.643494 18.553528 9
-36.059612 -739.385132 12.565338 9
-34.382046 -750.537476 45.665470 9
-36.767899 -736.415894 0.470616 9
-39.011578 -738.484924 42.248066 9
-36.683304 -737.494507 11.538199 9
-41.658756 -744.708923 31.491280 9
-38.697178 -738.492554 15.960104 9
-37.895168 -748.970642 39.898602 9
-35.908012 -736.933594 32.307102 9
-38.811947 -737.955078 32.642921 9
-41.423042 -741.874207 24.624107 9
-34.239456 -744.434753 31.903814 9
-39.504597 -738.365234 18.478577 9
-36.442738 -736.773193 7.643676 9
-37.747189 -738.463989 20.344076 9
-36.971848 -740.254944 14.104944 9
-36.378723 -749.414673 40.949909 9
-37.703735 -747.971924 37.320942 9
-39.161388 -736.962402 38.999893 9
-34.620193 -741.453857 23.216675 9
-41.468010 -743.865540 29.905964 9
-39.312550 -737.359680 39.662701 9
-32.454853 -741.062500 27.729599 9
-36.841801 -737.509094 13.922190 9
-37.659634 -737.155884 11.440582 9
-34.318867 -742.920410 28.167812 9
-36.177582 -737.619507 14.085230 9
-33.427597 -743.749878 31.395596 9
-38.189529 -737.631958 26.297144 9
-36.972134 -748.074829 36.915257 9
-36.252590 -742.027283 20.151497 9
-36.578465 -742.411133 22.484072 9
-30.288311 -744.170471 39.294769 9
-37.861187 -741.484619 20.726509 9
-40.752724 -741.393555 23.189774 9
-39.341568 -738.301208 41.658684 9
-33.259811 -740.658508 24.383106 9
-32.072483 -741.091003 28.318321 9
-36.596649 -739.218689 8.722447 9
-39.323269 -746.134216 33.241783 9
-38.251816 -748.073669 37.469845 9
-39.437595 -738.013794 43.179249 9
-35.462799 -738.372864 29.900795 9
-37.252655 -736.851807 7.265396 9
-39.996208 -737.495605 44.120289 9
-39.110416 -746.315369 33.700439 9
-37.401127 -746.218933 32.781696 9
-41.349033 -740.026184 22.506737 9
-38.104126 -739.451660 0.292354 9