-36.897781 -735.804443 38.642063 9
-38.890110 -738.873291 -0.847134 9
-36.523777 -741.828979 19.160793 9
-33.033192 -751.329468 46.273724 9
-41.917976 -744.302307 30.530661 9
-30.630346 -740.446106 29.487190 9
-36.763256 -736.047302 9.755804 9
-34.063915 -747.062134 36.823689 9
-38.241112 -737.031494 26.875040 9
-39.963692 -737.284058 46.371086 9
-38.426247 -749.146912 42.118896 9
-30.403215 -746.053650 42.638863 9
-35.850555 -743.486328 26.068050 9
-32.346439 -738.405640 23.235031 9
-40.680611 -747.536743 36.134232 9
-37.095253 -738.956238 32.948914 9
-41.176579 -741.455200 23.432020 9
-30.318363 -742.414795 35.314926 9
-35.655857 -737.492859 4.013546 9
-38.417484 -737.613831 15.417554 9
-36.221111 -745.400940 31.642256 9
-37.721237 -737.189697 21.512674 9
-34.258293 -737.677734 18.019400 9
-39.114033 -738.746277 41.839939 9
-36.611507 -740.198792 11.816222 9
-33.896229 -748.743774 41.191223 9
-33.218018 -747.158325 45.654102 9
-39.927883 -743.427917 26.931379 9
-30.988104 -744.723389 38.754784 9
-36.947220 -739.525146 7.565321 9
-32.654751 -743.234619 31.718706 9
-35.544422 -738.996887 29.107059 9
-39.147144 -738.164856 36.324703 9
-37.488781 -748.402588 38.320705 9
-36.422596 -736.013672 0.352916 9
-34.881256 -741.414551 22.862364 9
-32.813129 -740.894287 26.244246 9
-39.500687 -739.320374 18.796852 9
-36.299091 -740.732849 15.534616 9
-37.175308 -747.285034 34.774765 9
-35.928509 -749.606628 44.804642 9
-35.676071 -736.281982 35.042812 9
-39.956463 -745.895569 33.026730 9
-36.031780 -738.347595 24.399199 9
-37.829414 -736.536499 30.475319 9
-38.631271 -738.761902 2.807207 9
-39.397385 -735.748413 43.346645 9
-37.971249 -742.533691 23.621023 9
-32.645016 -744.790161 34.806881 9
-35.431923 -737.934387 14.004408 9
-34.802567 -743.587280 29.254761 9
-38.800785 -744.819458 29.635788 9
-38.348862 -737.216797 5.844860 9
-33.833160 -739.458679 20.664186 9
-38.019627 -739.347656 38.950558 9
-37.963554 -737.354248 12.352260 9
-37.308846 -737.262756 18.402105 9
-39.199169 -741.272156 21.072899 9
-30.518633 -741.302307 32.477966 9
-32.928612 -749.542603 43.897980 9
-35.753819 -736.875610 7.130129 9
-38.615772 -736.702576 33.885555 9
-32.639950 -746.973083 39.312847 9
-41.132736 -739.281250 21.469065 9
-39.250202 -736.934143 39.714020 9
-35.302174 -737.597107 31.459015 9
-37.877422 -738.521729 9.914409 9
-34.962273 -745.973389 33.962723 9
-35.839294 -738.388367 1.390905 9
-32.376434 -744.856750 44.705994 9
-32.808731 -741.974915 28.655546 9
-36.354290 -749.338074 40.490757 9
-41.759205 -742.404297 28.448887 9
-35.208305 -740.076294 17.792103 9
-30.927654 -747.995361 44.261192 9
-36.783272 -738.893494 35.493645 9
-36.324928 -739.390198 26.738337 9
-37.919540 -739.457947 13.818961 9
-36.909306 -739.374939 5.062054 9
-41.725681 -741.417297 25.859877 9
-36.128040 -738.115051 16.368305 9
-34.843811 -748.199768 38.867054 9
-31.544977 -738.904114 25.547342 9
-38.290913 -739.812622 16.671154 9
-37.763763 -736.106873 36.304539 9
-37.929783 -738.477356 28.943777 9
-37.029243 -744.069946 28.106499 9
-37.585182 -739.327332 22.676172 9
-37.389080 -736.715088 2.473228 9
-38.529144 -736.484192 -0.744279 9
-39.897919 -748.484192 38.298935 9
-36.840393 -741.998413 21.546623 9
-35.868805 -737.971863 11.406909 9
-38.076740 -737.191345 24.539259 9
-39.895554 -737.954529 43.945679 9
-32.017883 -747.377197 41.569389 9
-35.991051 -738.645447 20.918549 9
-35.359505 -749.875732 42.560062 9
-38.224884 -736.965027 8.112329 9
-34.258488 -749.027588 46.469223 9
-32.256435 -745.628479 37.106075 9
-38.348083 -735.538086 41.256290 9
-36.183201 -737.307800 27.738354 9
-33.215157 -740.377625 23.949562 9
-36.533585 -736.577515 33.004871 9
-38.040462 -743.287537 25.710686 9
-36.678036 -738.439148 -0.669584 9
-34.283756 -744.563721 32.353359 9
-36.165558 -747.810730 36.675961 9
-38.512085 -747.661926 36.499043 9
-37.802818 -746.289001 32.887161 9
-34.584076 -741.952515 24.971857 9
-31.380608 -739.561157 27.622210 9
-30.343391 -743.093140 37.374912 9
-39.920311 -742.647034 24.762150 9
-31.573130 -742.938110 33.568954 9
-38.759281 -738.074829 31.680080 9
-38.767662 -748.305542 40.155083 9
-30.243027 -744.910950 40.786316 9
-34.280914 -742.580444 27.259489 9
-36.094334 -737.902161 8.974377 9
-37.903866 -738.625671 19.962648 9
-38.264313 -737.801331 0.907280 9
-41.412323 -746.693176 34.305477 9
-39.057499 -737.797668 17.444094 9
-39.302998 -746.825195 34.739040 9
-37.083519 -738.900269 30.777475 9
-31.839643 -741.758911 30.506107 9
-35.176613 -740.978455 20.467829 9
-35.063747 -750.976257 46.027969 9
-40.540031 -743.986267 28.841137 9
-41.778809 -745.397156 32.221828 9
-31.564671 -750.084045 45.261715 9
-40.089775 -745.124878 31.191950 9
-36.035835 -742.959656 24.062460 9
-38.127697 -740.722290 18.542559 9
-38.879059 -736.818359 37.763988 9
-32.964195 -737.784546 21.271576 9
-36.101105 -737.208313 29.697403 9
-36.581406 -737.054199 25.844229 9
-38.435097 -738.566162 34.415535 9
-35.958920 -738.567261 18.896549 9
-36.008129 -739.821228 13.740474 9
-36.341885 -744.612488 29.827057 9
-31.473505 -744.106873 36.217934 9
-36.699646 -741.256836 17.325603 9
-37.147118 -749.892578 43.357597 9
-36.195198 -737.703674 22.562914 9
-39.507076 -736.909973 41.820866 9
-36.744736 -738.697327 2.976691 9
-37.401001 -739.261963 37.198952 9
-37.967728 -737.572632 4.061171 9
-38.109066 -745.558228 31.214746 9
-36.620365 -736.833313 5.422839 9
-36.667454 -739.820312 9.468069 9
-37.687683 -736.707092 28.631664 9
-37.221626 -737.387695 14.100378 9
-33.256092 -743.042725 30.036959 9
-39.604164 -741.879578 22.707205 9
-37.768761 -738.395508 25.819696 9
-33.862518 -745.999939 35.401237 9
-31.439335 -746.166565 40.341263 9
-34.159863 -739.201721 18.937580 9
-37.897091 -739.019531 11.671171 9
-33.725956 -740.281372 22.185524 9
-40.442043 -738.548462 20.029863 9
-35.390369 -746.841431 35.445591 9
-38.738728 -744.210205 27.975906 9
-39.961590 -736.287170 44.870411 9
-32.195080 -748.153381 43.080338 9
-34.305233 -750.186829 44.682358 9
-36.241703 -736.029663 37.036690 9
-38.157097 -738.487610 6.998818 9
-35.439941 -739.294067 15.341024 9
-33.615570 -737.793640 19.695234 9
-39.291527 -738.301208 38.558033 9
-34.960552 -744.346985 30.846230 9
-37.770546 -738.831116 18.107470 9
-37.803711 -741.305420 20.130081 9
-38.962387 -738.531494 40.196194 9
-37.152412 -739.580627 24.541515 9
-37.467346 -739.127380 1.503026 9
-36.139408 -738.276794 6.081297 9
-36.738159 -737.426208 19.946444 9
-37.256496 -737.307495 10.841788 9
-37.509090 -737.320984 16.757992 9
-34.710575 -738.815186 16.831549 9
-38.012672 -736.722778 32.332314 9
-35.476704 -743.576599 27.735252 9
-38.103035 -737.788757 23.020908 9
-33.053387 -744.174194 33.331009 9
-37.282818 -736.330933 34.711864 9
-41.177212 -739.949219 22.921076 9
-41.331783 -742.571899 26.878248 9
-39.923771 -740.018799 20.324656 9
-33.903942 -749.285339 42.697426 9
-37.230122 -735.751831 40.170830 9
-36.238907 -746.020142 33.076145 9
-37.526299 -738.642639 27.400818 9
-36.349701 -737.468018 12.805169 9
-38.477821 -739.199585 15.234862 9
-31.778917 -740.799683 28.470015 9
-32.092319 -746.363831 44.852989 9
-36.586803 -736.753906 31.390835 9
-37.257122 -736.783447 6.845077 9
-36.971016 -749.637756 41.864151 9
-38.815269 -737.036499 35.361847 9
-30.502197 -741.902405 33.889706 9
-33.638901 -747.444885 38.287468 9
-36.010693 -737.381836 2.497496 9
-36.209595 -748.832581 39.010269 9
-38.595352 -737.794006 30.171564 9
-33.567371 -748.081116 39.703289 9
-38.255230 -741.972107 22.041985 9
-37.592617 -749.124695 39.620171 9
-35.504070 -737.332153 33.750656 9
-31.537352 -742.236877 31.941065 9
-30.852543 -740.807190 31.033876 9
-36.238804 -737.024475 -0.717275 9
-35.876640 -738.995483 12.482050 9
-38.014828 -736.823486 9.611861 9
-36.798695 -737.115051 23.801542 9
-31.865810 -745.897949 38.594780 9
-38.348091 -736.025879 38.973747 9
-34.985920 -748.914307 40.162281 9
-37.785236 -738.674683 8.421871 9
-36.640003 -736.682129 8.284737 9
-36.022251 -739.353210 10.799005 9
-36.684158 -742.302673 22.958141 9
-36.096806 -738.292847 7.567355 9
-35.508743 -740.764221 19.020504 9
-38.209572 -739.794189 0.024780 9
-32.503014 -739.883972 25.088539 9
-38.637398 -738.517761 5.320957 9
-33.845329 -745.101990 34.057224 9
-38.615086 -738.040100 33.109554 9
-31.666071 -743.653015 34.890354 9
-32.973328 -750.382385 45.143524 9
-42.035427 -743.477173 29.344969 9
-37.436584 -736.965332 0.048565 9
-35.974823 -737.180542 10.228891 9
-36.863785 -736.706848 3.884792 9
-37.910740 -738.924683 21.358999 9
-38.123016 -738.999878 4.100554 9
-35.948437 -738.311218 25.836248 9
-33.154610 -739.004211 21.952824 9
-36.519680 -737.097961 1.241324 9
-36.758869 -738.278442 34.131603 9
-37.247219 -743.670654 26.792322 9
-40.703094 -741.063599 22.198229 9
-41.471111 -740.766113 24.657661 9
-36.455044 -737.974426 32.219280 9
-31.274290 -747.128418 42.820126 9
-35.132446 -747.728821 37.570763 9
-37.388420 -740.070740 15.002410 9
-39.745575 -747.799622 37.114872 9
-35.197865 -738.434448 30.353758 9
-36.810116 -743.025452 25.185383 9
-35.740810 -738.628418 27.801889 9
-36.297993 -737.778259 15.040298 9
-33.512096 -741.113892 25.110603 9
-33.926083 -742.822754 28.559340 9
-31.916666 -739.873047 26.406174 9
-35.619350 -740.060486 16.488676 9
-33.799488 -743.731873 31.153986 9
-35.539879 -741.499756 21.686991 9
-38.064053 -738.911316 35.985611 9
-37.308212 -735.746704 -0.614462 9
-40.612350 -744.418518 30.109140 9
-37.895500 -738.478149 24.144501 9
-38.613392 -738.686157 37.445366 9
-38.150181 -738.212280 13.411401 9
-33.215240 -741.723083 27.222628 9
-37.516586 -744.647400 29.209723 9
-37.733261 -736.159119 37.637218 9
-32.823399 -748.406921 41.937820 9
-38.793682 -738.601135 16.410353 9
-38.862862 -745.751221 32.289333 9
-31.344429 -744.544861 37.461391 9
-31.762430 -749.017700 44.299862 9
-36.273060 -737.952026 17.765303 9
-38.676205 -748.695801 38.852764 9
-31.027742 -745.688171 41.521748 9
-35.245728 -749.537964 41.306213 9
-39.711563 -737.993652 18.579565 9
-37.811207 -749.248413 40.932583 9
-39.236076 -739.223389 17.484913 9
-35.068764 -737.492004 16.989090 9
-38.704277 -743.879150 26.689867 9
-33.290386 -749.960388 46.341160 9
-36.102890 -746.594971 34.370880 9
-39.088909 -740.532776 19.404085 9
-38.140781 -746.622864 34.104633 9
-39.372860 -737.839417 42.724007 9
-37.292995 -739.584229 10.598300 9
-37.062798 -740.059692 13.042641 9
-33.931396 -741.883240 26.084991 9
-35.066460 -737.992859 15.373343 9
-37.311806 -747.617310 36.010262 9
-41.012341 -741.970276 24.712471 9
-35.128189 -745.481628 32.697052 9
-37.234303 -738.954651 6.242144 9
-35.966278 -737.798645 0.259496 9
-36.412437 -738.494446 4.260131 9
-38.714485 -743.051025 24.624702 9
-38.513977 -737.996460 27.897558 9
-35.275398 -750.111023 43.824211 9
-32.733131 -745.505188 35.930668 9
-36.239517 -741.689026 20.398930 9
-40.459877 -742.826538 25.901518 9
-32.673714 -747.623779 40.471256 9
-36.492321 -737.537415 21.286398 9
-34.129402 -741.294067 23.976845 9
-38.648457 -748.186584 37.644753 9
-36.256561 -748.334229 37.812164 9
-41.369446 -745.938110 33.298565 9
-41.025875 -743.281921 27.874763 9
-37.251286 -740.629150 16.414009 9
-32.066273 -738.525513 24.466965 9
-34.560894 -740.200195 19.637575 9
-37.021027 -745.275940 30.651701 9
-39.968327 -737.543152 45.140167 9
-37.766510 -736.161804 10.639547 9
-32.936508 -748.378967 45.679821 9
-32.899273 -746.510315 37.733887 9
-37.781792 -738.838135 31.917126 9
-37.489937 -748.769470 42.849052 9
-38.502670 -737.772827 -0.458606 9
-35.880192 -744.161865 28.773415 9
-38.676250 -736.117126 42.306019 9
-34.979561 -742.542419 26.085251 9
-33.073303 -739.505249 23.098850 9
-39.492008 -737.567566 40.735901 9
-37.445652 -738.776611 0.327215 9
-38.149796 -736.564636 0.977979 9
-38.194832 -737.558411 2.858092 9
-37.289558 -747.998962 37.182446 9
-32.322701 -740.857910 27.368217 9
-38.256474 -747.117554 35.324490 9
-40.472366 -746.914490 35.088459 9
-39.861290 -736.882507 43.320705 9
-35.240528 -742.039246 23.953157 9
-39.472054 -747.263123 35.862759 9
-36.625847 -736.159119 35.792339 9
-30.188673 -744.331421 39.701775 9
-36.117920 -739.074463 8.499907 9
-37.018269 -736.859070 26.988024 9
-39.266754 -743.216125 25.760460 9
-36.825523 -740.676819 14.058390 9
-36.444588 -737.818359 30.838888 9
-30.814695 -742.919250 36.281361 9
-30.335087 -743.721619 38.394142 9
-39.197201 -742.490845 23.647547 9
-38.799892 -736.919312 36.562920 9
-38.478516 -736.121277 40.160515 9
-35.604557 -737.156555 32.540497 9
-37.754211 -736.968140 25.698153 9
-40.184105 -746.327148 34.101002 9
-37.815529 -737.363586 19.511286 9
-35.705315 -737.609924 5.225439 9
-38.609753 -738.804138 1.580369 9
-37.578815 -736.296814 33.499805 9
-35.891506 -738.632019 23.267410 9
-34.275688 -740.470947 21.045725 9
-33.938717 -750.712341 45.716167 9
-37.320370 -737.295227 15.588112 9
-37.219986 -737.125488 22.620550 9
-37.049110 -738.939087 29.562357 9
-36.076820 -738.787781 9.716621 9
-41.241364 -744.707275 31.379807 9
-32.292576 -743.421692 32.801460 9
-37.690693 -736.874451 4.959691 9
-37.733940 -740.554565 17.476387 9
-32.055977 -741.467773 29.393917 9
-37.246975 -745.844482 31.962397 9
-31.041843 -745.217468 39.801785 9
-35.139984 -749.876282 45.661240 9
-35.785633 -737.814270 28.683352 9
-38.912125 -746.247803 33.331745 9
-35.695862 -742.723206 25.207273 9
-40.590843 -745.328552 32.199276 9
-38.662003 -738.788452 0.366689 9
-35.135616 -747.243042 36.494503 9
-38.318275 -737.355042 6.981229 9
-38.465504 -737.445312 29.103519 9
-38.494690 -737.036987 31.236217 9
-37.075115 -746.539246 33.738754 9
-37.779881 -738.751221 -0.764451 9
-38.349052 -738.288879 14.526165 9
-36.333153 -736.479004 34.099674 9
-37.959568 -738.343689 17.104284 9
-40.160080 -741.947327 23.799442 9
-37.062016 -736.647766 29.592161 9
-39.456375 -744.308289 28.884457 9
-34.386486 -738.835999 17.889215 9
-37.442112 -739.048218 34.557693 9
-35.626221 -737.146240 15.825267 9
-33.344131 -746.267639 36.496334 9
-34.097855 -749.843262 43.642391 9
-37.696655 -739.159363 12.761191 9
-39.857395 -743.884460 27.926455 9
-31.020214 -742.752197 34.533176 9
-35.973980 -738.743835 22.175764 9
-32.208187 -750.671021 45.947689 9
-37.889828 -737.672852 8.933143 9
-31.041233 -742.148376 32.942471 9
-32.192078 -743.861328 33.935520 9
-37.083210 -741.203186 18.356657 9
-35.087376 -745.000000 31.712761 9
-36.958817 -737.371399 11.884339 9
-36.691872 -739.575317 25.510559 9
-35.884132 -740.949829 17.993107 9
-39.038795 -745.278564 30.733829 9
-38.401108 -737.583862 10.262208 9
-37.103889 -738.934326 28.422958 9
-39.321468 -737.238525 38.668400 9
-36.831261 -739.060974 23.515814 9
-32.914162 -748.949158 42.912819 9
-38.706455 -740.020020 17.964733 9
-34.498478 -741.009277 21.958183 9
-39.065037 -738.065674 35.115555 9
-39.274792 -737.851807 37.588516 9
-37.924232 -737.961060 20.815105 9
-30.862059 -740.068298 28.404919 9
-30.582884 -747.030579 43.630836 9
-38.609966 -737.535339 16.517340 9
-34.277489 -743.714233 30.194981 9
-36.528038 -736.984680 28.687435 9
-33.466145 -738.436584 20.585661 9
-36.064556 -737.735657 26.769529 9
-37.804821 -738.219910 10.922433 9
-38.037319 -738.848450 33.475655 9
-32.495613 -742.647095 30.842398 9
-35.868820 -744.921387 30.729612 9
-36.312717 -747.317200 35.582069 9
-35.483738 -738.942139 14.294953 9
-36.375759 -737.381165 24.848106 9
-37.903942 -738.591614 30.142742 9
-39.037983 -736.379639 41.013374 9
-37.751625 -741.603455 21.138365 9
-35.988995 -740.085754 14.768291 9
-36.477646 -736.993042 9.311182 9
-38.516983 -737.974548 8.086723 9
-37.035221 -742.537048 24.107525 9
-37.954662 -745.122009 30.201597 9
-35.958241 -737.224121 6.174108 9
-36.159012 -737.187317 14.122417 9
-39.405552 -747.959656 39.051640 9
-37.820766 -738.084534 22.024147 9
-36.475620 -737.661072 18.897787 9
-35.332989 -744.292175 29.876688 9
-37.634277 -738.917664 2.525601 9
-33.810837 -740.700806 23.123917 9
-37.680244 -738.655334 4.975420 9
-38.879189 -737.642700 34.193642 9
-33.428959 -744.014099 32.280396 9
-37.789619 -738.267212 19.013792 9
-32.625492 -742.274597 29.753492 9
-38.297020 -748.409302 41.278770 9
-34.457928 -746.766968 35.906139 9
-31.233011 -741.112732 30.010229 9
-36.940025 -739.265259 3.817168 9
-35.749313 -742.023071 22.752300 9
-34.625885 -746.386047 34.841812 9
-32.108665 -744.662537 35.646053 9
-36.337593 -749.993958 43.952808 9
-36.403393 -749.857117 42.668804 9
-36.421864 -743.714966 27.369007 9
-36.450119 -736.100159 1.415530 9
-39.269737 -736.416321 44.129894 9
-35.176193 -743.016235 26.964657 9
-32.431156 -747.562256 45.170437 9
-38.034012 -738.917847 39.853355 9
-38.057110 -736.154968 35.340668 9
-32.686966 -738.109436 22.186155 9
-36.024731 -738.039124 3.265293 9
-41.567883 -740.539917 23.630890 9
-38.597382 -738.238220 3.652231 9
-31.458193 -746.554077 41.285873 9
-32.616436 -739.183044 23.916180 9
-39.677700 -744.769897 30.165442 9
-36.445065 -738.889648 6.838652 9
-37.672894 -743.024109 24.712584 9
-38.351318 -737.983521 26.591284 9
-37.080463 -739.349365 8.644176 9
-37.873184 -743.944946 27.528870 9
-36.253040 -740.816528 16.538723 9
-37.265800 -738.674683 25.006241 9
-35.654610 -738.140625 12.938898 9
-41.352440 -742.331665 25.736712 9
-39.364384 -737.891357 39.543900 9
-36.074482 -736.752502 3.261270 9
-35.998295 -737.413086 8.108174 9
-37.535179 -736.440247 31.526159 9
-40.372086 -736.768860 45.632164 9
-34.463955 -749.196167 41.894634 9
-37.305489 -737.312134 13.111431 9
-32.280651 -749.894897 44.621731 9
-32.982101 -746.263428 45.272469 9
-34.691692 -739.954834 18.661814 9
-35.254486 -750.407776 44.840851 9
-37.567719 -741.173218 19.202267 9
-39.980141 -740.634460 21.064163 9
-38.765404 -741.098633 20.190599 9
-32.076729 -746.875122 40.215145 9
-38.025620 -737.374695 1.739727 9
-37.673206 -742.120850 22.795040 9
-36.245968 -738.273621 2.262411 9
-37.952278 -739.118164 38.011658 9
-38.669426 -742.179504 22.886087 9
-36.589497 -738.439819 0.609081 9
-34.332188 -745.034668 33.242542 9
-39.504864 -737.892151 41.664928 9
-37.802311 -736.870422 3.411556 9
-38.012154 -738.290771 6.073773 9
-37.204281 -739.297241 36.263069 9
-40.425282 -739.324280 20.758524 9
-38.357056 -744.703857 28.703163 9
-33.836048 -738.890381 19.799267 9
-38.358116 -737.670776 4.963339 9
-37.456478 -737.169922 20.571917 9
-34.689224 -743.069214 28.026112 9
-37.366859 -736.671021 1.517292 9
-37.446041 -736.770142 8.783392 9
-36.984146 -738.962402 22.027061 9
-34.058491 -738.254578 18.768223 9
-31.932486 -744.905273 36.549431 9
-37.672745 -736.961426 27.658861 9
-36.625416 -736.801880 30.427937 9
-36.891685 -749.194580 43.960670 9
-38.152889 -738.088867 25.007250 9
-41.158344 -743.872437 29.556431 9
-35.960751 -738.095581 10.471557 9
-35.697094 -738.126709 29.617086 9
-37.466080 -739.348267 9.707261 9
-37.827164 -739.856995 15.805655 9
-38.148888 -738.439819 31.061686 9
-38.661564 -737.411865 32.346066 9
-36.623913 -737.561707 16.947454 9
-38.625217 -738.764099 41.035618 9
-40.018810 -737.002197 44.261574 9
-31.220409 -741.620911 31.271112 9
-37.767555 -737.119934 23.595079 9
-36.752380 -743.243835 26.128056 9
-33.361015 -745.385986 34.886124 9
-36.104256 -737.760254 23.691494 9
-30.907831 -743.771240 37.076366 9
-36.515244 -738.020203 33.135742 9
-36.026157 -749.668213 41.793179 9
-36.266308 -736.956055 4.552678 9
-36.536793 -737.021118 0.296345 9
-39.940723 -739.279480 19.738247 9
-41.202518 -740.063843 21.977053 9
-31.266483 -739.311401 26.735790 9
-36.198544 -742.469849 21.999023 9
-38.676041 -738.678894 39.147064 9
-39.705650 -745.532043 31.979748 9
-33.483673 -742.248718 27.948521 9
-33.364002 -748.222473 40.631805 9
-37.940952 -738.334351 12.360076 9
-37.310516 -739.634705 12.048632 9
-36.622349 -736.267456 37.840744 9
-37.070892 -738.795898 26.255421 9
-38.523384 -738.086426 2.169988 9
-36.020809 -739.002441 25.035948 9
-34.924053 -738.721497 15.910995 9
-37.210350 -737.015259 24.861702 9
-35.699028 -738.978394 13.375162 9
-36.792255 -736.625061 10.439857 9
-41.922134 -742.687256 27.599686 9
-37.573925 -738.481323 23.246912 9
-38.030434 -736.763733 29.528612 9
-35.934689 -738.853455 11.582067 9
-41.373123 -743.355042 28.734175 9
-34.153858 -748.539062 40.294418 9
-35.759983 -749.094543 39.764488 9
-31.978756 -746.371826 39.366062 9
-37.186222 -736.403992 32.368706 9
-35.539345 -748.424744 38.366409 9
-39.111553 -741.739685 21.891840 9
-31.093546 -746.405884 42.171188 9
-31.130795 -743.389587 35.562958 9
-34.249264 -747.483582 37.581482 9
-40.377983 -741.536865 23.035305 9
-35.670338 -737.662659 30.378023 9
-32.467625 -741.366943 28.087708 9
-37.842033 -737.970032 15.998451 9
-37.430180 -736.863464 5.820819 9
-35.889038 -738.623352 26.764925 9
-37.537350 -735.867676 39.338570 9
-33.454346 -750.077942 44.376392 9
-36.711166 -749.000793 39.724236 9
-31.603155 -748.301514 43.772869 9
-35.942905 -737.823975 6.824754 9
-33.642200 -739.653503 21.567760 9
-31.673227 -742.735596 32.718971 9
-37.449261 -738.804016 7.399216 9
-32.721615 -740.081421 25.950367 9
-31.471838 -745.119873 38.123119 9
-39.256813 -738.626465 18.144392 9
-35.719444 -740.526184 17.210577 9
-37.113144 -736.041870 36.909714 9
-33.283295 -742.559448 29.096624 9
-39.869625 -738.434509 19.319386 9
-36.264366 -739.744080 12.728741 9
-36.765202 -738.616211 1.631261 9
-39.448231 -736.522827 42.595093 9
-36.381081 -736.561829 6.584870 9
-37.922493 -737.536560 14.707294 9
-37.029190 -741.553467 19.822454 9
-36.506500 -736.184570 -0.505652 9
-37.363968 -736.941406 7.865325 9
-36.516571 -736.796387 2.122161 9
-33.548786 -748.886963 41.988766 9
-34.531380 -738.107117 17.292599 9
-36.657230 -744.479553 29.029406 9
-38.275925 -736.689392 34.682556 9
-35.057274 -739.654907 17.017088 9
-32.359867 -748.909058 43.685593 9
-37.781052 -737.560486 11.480985 9
-38.278282 -736.379517 36.994637 9
-34.166245 -745.676453 34.629341 9
-35.969048 -741.315552 19.568754 9
-40.763912 -743.213013 27.014904 9
-33.310738 -747.478821 39.069057 9
-34.361420 -744.290588 31.498713 9
-35.710503 -737.563049 1.582067 9
-38.701195 -737.189270 33.186066 9
-31.303905 -749.257751 44.983490 9
-36.286030 -736.775208 32.204140 9
-36.463158 -737.356628 11.123284 9
-38.287018 -737.189575 28.250099 9
-34.587273 -749.718506 42.937225 9
-31.990055 -747.672974 42.359913 9
-31.387032 -740.795227 29.226990 9
-30.924463 -745.477844 40.700596 9
-38.177052 -748.952637 40.217434 9
-34.036995 -743.230652 29.315315 9
-31.178923 -747.619202 43.537193 9
-37.649738 -737.317322 17.630384 9
-37.299259 -739.943909 14.167335 9
-36.420567 -738.651489 5.099850 9
-36.583862 -738.969910 33.622807 9
-38.096539 -738.896362 35.148880 9
-31.783552 -740.290405 27.778952 9
-35.776779 -740.072205 15.606972 9
-36.114914 -738.338989 19.709072 9
-34.795361 -737.970581 16.278032 9
-36.994034 -741.545105 20.812309 9
-35.941257 -745.639648 32.397076 9
-31.948040 -745.598389 44.542156 9
-39.294472 -743.883179 27.290676 9
-34.667694 -748.985229 40.962879 9
-33.633698 -744.619080 32.926128 9
-37.047153 -748.674866 39.013729 9
-38.651802 -738.425049 15.536669 9
-38.049858 -745.978638 32.110638 9
-37.480270 -739.391418 35.405430 9
-38.020485 -737.453064 13.734834 9
-39.319633 -748.606506 39.590046 9
-38.168171 -738.603577 32.677731 9
-37.673958 -738.921387 3.354321 9
-40.015774 -744.330322 29.503214 9
-35.759445 -746.132507 33.764587 9
-37.176868 -749.409424 40.386478 9
-39.092892 -740.088623 18.702913 9
-34.520679 -750.274292 46.141548 9
-36.984612 -746.150513 32.692894 9
-37.119911 -744.937500 29.889923 9
-35.625713 -736.974121 34.501026 9
-34.073074 -747.919861 39.049133 9
-33.025478 -740.502563 24.815996 9
-37.875660 -739.464417 14.728106 9
-32.767776 -744.500793 34.035789 9
-40.298897 -748.201111 37.632019 9
-37.658867 -736.492371 -0.746227 9
-36.049297 -742.388062 23.459757 9
-35.959156 -737.170044 30.976427 9
-37.999191 -735.459839 40.302311 9
-33.561512 -746.969299 37.594982 9
-36.430084 -738.413757 31.509665 9
-34.940372 -741.042725 21.246180 9
-36.212811 -736.411926 7.619742 9
-37.042076 -736.705261 28.103275 9
-36.729134 -737.536011 16.108141 9
-32.721313 -747.961304 41.245270 9
-38.579899 -738.687439 38.326118 9
-38.349335 -736.619873 35.953270 9
-37.817215 -738.135376 7.656054 9
-36.905392 -736.961121 3.085047 9
-33.140007 -743.280090 30.818356 9
-37.633400 -749.317871 42.256004 9
-38.115005 -738.959412 36.856991 9
-30.356958 -745.490112 41.948494 9
-36.773529 -740.612549 14.880068 9
-32.395321 -746.515686 38.638668 9
-35.937916 -736.604004 35.748447 9
-39.711124 -741.229675 21.698933 9
-31.371881 -745.401062 39.014099 9
-38.377068 -736.324280 38.155201 9
-36.058270 -737.919006 -0.686504 9
-41.664932 -743.547974 30.107225 9
-36.435238 -741.616089 18.092733 9
-36.987823 -738.965393 32.023781 9
-30.831512 -744.043518 37.853962 9
-36.035160 -738.655029 18.083889 9
-37.727257 -737.557434 9.783923 9
-37.879562 -748.864746 38.909866 9
-37.777390 -744.331726 28.284927 9
-38.858070 -736.654480 38.983528 9
-39.046070 -745.452637 31.524220 9
-35.378792 -737.882690 32.206772 9
-34.580402 -748.504211 39.595318 9
-33.356319 -741.380127 25.864733 9
-35.858257 -750.052490 43.227459 9
-38.141186 -739.472412 -0.725665 9
-39.114182 -748.314941 38.281597 9
-35.896671 -737.853210 12.241745 9
-32.148796 -739.525330 25.703600 9
-38.213242 -737.289185 0.289647 9
-39.284321 -738.322205 40.914631 9
-37.617771 -736.098328 38.488659 9
-40.629883 -747.732483 36.888901 9
-38.126888 -737.685791 25.760582 9
-36.536312 -736.361389 34.984585 9
-36.603607 -737.646240 13.536437 9
-35.228676 -739.421387 16.199984 9
-31.015682 -746.379456 43.037823 9
-35.506546 -749.358887 40.560947 9
-32.995529 -747.002380 38.361130 9
-36.114784 -738.222961 21.584368 9
-36.094109 -741.776306 21.186020 9
-38.693573 -739.349182 16.144871 9
-36.016659 -736.556274 8.766472 9
-37.097095 -736.613892 0.678657 9
-36.674507 -737.325378 22.047710 9
-36.535076 -738.756714 34.742409 9
-34.391869 -747.825317 38.281178 9
-36.704582 -739.993164 10.960659 9
-35.434940 -748.717407 39.154224 9
-33.564278 -738.923096 21.250025 9
-38.805588 -739.332520 -0.212383 9
-37.072899 -740.492676 15.654610 9
-31.890846 -742.275330 31.230604 9
-35.340214 -746.422729 34.509163 9
-37.156872 -738.803833 24.239546 9
-36.972363 -739.483154 6.751290 9
-38.147743 -737.709778 23.943829 9
-38.297028 -741.027893 19.563797 9
-39.344776 -746.480286 34.028175 9
-32.785782 -739.855286 24.338270 9
-37.962009 -743.510437 26.470930 9
-39.441635 -740.717834 20.351450 9
-30.584827 -741.142578 31.683428 9
-37.869164 -738.891968 9.199476 9
-33.154804 -750.647644 45.894333 9
-37.894897 -738.435791 28.074183 9
-36.101303 -738.353333 17.112137 9
-35.974079 -739.619019 12.012163 9
-41.652710 -741.517029 24.860418 9
-35.767982 -739.230042 28.386103 9
-35.790482 -743.495361 26.933437 9
-38.494865 -736.914185 30.299761 9
-35.470081 -738.196167 14.737272 9
-39.800957 -737.233032 42.503971 9
-36.468510 -738.674011 32.616394 9
-38.066181 -747.924072 37.087917 9
-37.857697 -736.927612 10.447209 9
-36.043804 -741.280640 18.676653 9
-32.139702 -739.209106 24.930441 9
-37.185127 -739.156921 -0.448681 9
-39.972546 -747.462708 36.442593 9
-39.617329 -739.978943 19.519590 9
-38.040455 -738.774231 0.847072 9
-32.064541 -745.735535 37.848450 9
-32.778114 -738.807800 22.729223 9
-37.181061 -736.799011 9.570786 9
-40.717651 -745.719727 32.911480 9
-30.822859 -744.629456 40.269363 9
-36.597935 -739.466370 10.268891 9
-37.898746 -737.369019 22.324755 9
-38.249683 -738.146973 29.582188 9
-36.747257 -749.549500 41.124088 9
-36.588966 -737.645203 10.273555 9
-38.997143 -737.491516 35.979019 9
-39.086483 -737.614319 36.872734 9
-35.277466 -742.344971 24.676237 9
-36.574127 -748.297241 37.109482 9
-38.546185 -741.521362 21.408302 9
-37.108269 -737.302612 19.219456 9
-36.929554 -737.393555 14.801439 9
-37.475876 -741.955200 22.062754 9
-37.841774 -739.129028 10.901013 9
-38.644630 -738.312927 4.576697 9
-35.926250 -736.739868 33.480183 9
-40.911938 -746.295288 33.828049 9
-35.261459 -743.676025 28.648279 9
-37.376450 -736.301025 35.661594 9
-30.623545 -740.677612 30.298611 9
-38.521290 -737.835693 6.419091 9
-36.332344 -737.709839 20.548985 9
-38.603661 -738.495972 35.566788 9
-36.701542 -739.386902 5.922654 9
-37.573315 -736.912537 26.462633 9
-33.448570 -749.400269 43.345661 9
-30.680805 -744.133972 39.148262 9
-34.644024 -750.427124 45.321964 9
-36.365032 -739.034058 7.786302 9
-38.329189 -738.522827 -0.281661 9
-37.345612 -737.150146 4.281033 9
-40.440067 -739.994629 21.113190 9
-34.642742 -739.532898 18.013430 9
-30.340168 -742.064209 34.614288 9
-35.666199 -750.592590 45.756363 9
-35.171043 -740.706909 19.748781 9
-37.113159 -735.854492 10.392015 9
-38.028019 -737.110596 -0.534579 9
-33.533966 -740.993347 24.330742 9
-38.253895 -748.464966 38.263622 9
-35.997223 -739.304810 27.580935 9
-37.315392 -739.068604 33.707184 9
-37.995335 -736.250977 34.130955 9
-40.661278 -744.699951 30.810165 9
-34.113678 -739.665649 19.989487 9
-36.580353 -737.352051 23.107014 9
-32.308235 -740.487976 26.642241 9
-39.029301 -738.574097 17.140776 9
-37.385509 -738.824463 4.248391 9
-36.154240 -738.338257 8.310018 9
-38.996727 -747.866089 37.044292 9
-36.125004 -737.602600 25.600090 9
-32.122540 -742.737732 31.892160 9
-39.287731 -736.878113 40.512367 9
-34.703384 -741.627441 23.607140 9
-36.844090 -737.375916 17.646465 9
-32.136383 -744.253601 34.794292 9
-32.528992 -745.582642 45.007870 9
-36.278191 -739.098755 25.923988 9
-38.225533 -738.785400 13.906661 9
-30.960876 -748.679688 44.551365 9
-34.714355 -745.680420 33.298828 9
-38.584206 -748.818970 39.608986 9
-33.853542 -742.080261 26.809248 9
-38.805363 -739.255737 16.885136 9
-35.495914 -738.166382 31.012730 9
-34.359535 -751.227051 46.074886 9
-36.455574 -746.925537 34.948936 9
-31.585510 -743.280945 34.235348 9
-39.338036 -742.818726 24.299904 9
-35.823887 -747.278503 36.199169 9
-39.387730 -739.656372 18.117447 9
-38.031601 -747.390015 35.977562 9
-36.950901 -736.707458 4.768588 9
-37.376251 -745.619141 31.203020 9
-36.279922 -743.976562 28.168617 9
-36.115589 -737.687073 9.671937 9
-39.359726 -743.591003 26.444363 9
-38.025822 -736.069641 40.752689 9
-35.823368 -737.937317 27.505747 9
-41.017258 -747.239014 35.469261 9
-32.825253 -746.118835 37.013542 9
-37.264977 -742.418091 23.411472 9
-35.832081 -747.930359 37.322571 9
-32.892483 -747.507690 39.785698 9
-38.493599 -749.111755 41.387112 9
-30.985134 -741.768188 32.093910 9
-38.215065 -737.026550 8.876925 9
-38.530029 -737.739258 31.011816 9
-37.865437 -747.016418 34.702255 9
-35.818073 -738.090820 4.430879 9
-36.701550 -748.578430 38.380241 9
-38.127018 -736.683838 33.202427 9
-38.824707 -747.595642 35.769444 9
-40.603802 -742.391541 25.154844 9
-38.170425 -742.658875 24.319706 9
-31.016066 -742.399719 33.756329 9
-36.120335 -735.903381 36.267574 9
-38.304359 -741.427002 20.658596 9
-33.427643 -739.628967 22.267963 9
-32.302238 -750.185486 45.347485 9
-37.106445 -736.187195 -0.071385 9
-37.016621 -748.298035 37.783535 9
-33.985641 -741.630798 25.298662 9
-37.059078 -736.436829 33.978874 9
-39.705898 -737.612427 43.338387 9
-35.251896 -740.407593 18.439802 9
-36.979706 -739.176636 0.703163 9
-38.577637 -746.827759 34.670818 9
-38.503075 -738.088623 28.740202 9
-32.840294 -743.880188 32.689911 9
-37.327183 -739.495972 11.316449 9
-31.575808 -747.105835 42.169346 9
-38.640999 -743.064148 25.342327 9
-36.463211 -739.185669 9.122659 9
-37.167786 -736.515137 30.808847 9
-32.028507 -747.134155 40.869980 9
-35.690289 -738.511719 28.522058 9
-35.875965 -737.424194 13.354355 9
-39.129852 -735.639832 42.624557 9
-37.851234 -737.835266 20.054014 9
-38.597473 -738.200684 33.806812 9
-39.374729 -743.049561 25.025026 9
-39.115372 -736.297791 41.724148 9
-41.182224 -744.226257 30.514608 9
-37.919495 -738.297729 11.630889 9
-33.733883 -750.312500 45.100945 9
-38.514126 -738.086792 0.267780 9
-36.628769 -740.344055 12.521848 9
-40.176540 -747.178528 35.749893 9
-33.271957 -741.434937 26.569063 9
-31.789982 -745.113647 37.245857 9
-34.474869 -742.384949 26.577311 9
-40.732388 -746.587280 34.507908 9
-40.519222 -743.758728 28.148464 9
-37.246952 -738.899902 5.492831 9
-41.270130 -741.085449 24.052553 9
-38.675266 -743.460083 26.080507 9
-37.592075 -747.358093 35.350647 9
-33.264172 -748.446655 41.335815 9
-33.854965 -737.631714 19.030172 9
-33.861095 -746.368042 36.011871 9
-34.658848 -747.416809 36.989265 9
-31.774458 -739.950500 27.156002 9
-36.911339 -747.759094 36.588573 9
-34.904175 -737.635864 17.750740 9
-39.578972 -748.046631 37.755920 9
-35.567249 -745.761841 33.192513 9
-40.805012 -741.617371 24.029631 9
-37.310875 -743.216736 25.686796 9
-38.239178 -740.107056 17.311438 9
-36.806206 -736.884094 7.432201 9
-34.989491 -749.655518 41.982704 9
-33.394047 -744.799744 33.598621 9
-37.034168 -749.131470 43.241997 9
-35.948494 -737.822693 0.957273 9
-33.006516 -740.777100 25.460268 9
-38.570690 -738.618835 36.444721 9
-41.760242 -742.851929 29.156822 9
-34.390694 -745.574402 33.943722 9
-34.304951 -741.022949 22.719893 9
-36.379154 -737.172546 27.034370 9
-39.388985 -738.494690 42.418247 9
-37.752552 -738.428772 26.521029 9
-34.631500 -740.459595 20.294632 9
-35.977058 -749.501099 41.093727 9
-33.456375 -740.124023 22.900223 9
-31.758574 -744.088318 35.439808 9
-37.945286 -738.775757 1.901421 9
-37.073696 -749.700806 42.557404 9
-37.711903 -738.690979 20.715801 9
-39.297497 -745.952881 32.807564 9
-36.518051 -742.856995 24.578030 9
-34.529968 -743.237671 28.680508 9
-35.552780 -741.316467 20.947912 9
-37.810394 -748.138000 37.708092 9
-39.243439 -747.561523 36.461212 9
-38.794308 -735.542969 41.914730 9
-32.620155 -746.892090 45.228447 9
-38.267063 -737.475037 27.409220 9
-35.769161 -737.125122 31.849106 9
-31.639175 -739.249512 26.133595 9
-33.089748 -738.426086 21.533859 9
-37.130596 -743.900024 27.442211 9
-30.606865 -741.525085 33.321171 9
-39.937111 -742.854126 25.445782 9
-38.015152 -738.160767 27.187492 9
-35.272633 -741.858459 23.281914 9
-37.558048 -737.284607 2.887484 9
-36.219200 -737.100464 3.867802 9
-41.917454 -744.991455 31.654844 9
-36.206699 -743.113708 25.539707 9
-39.962315 -743.236023 26.270773 9
-31.017363 -743.586487 36.341602 9
-35.738560 -750.009583 45.342175 9
-35.790382 -750.212585 44.444572 9
-37.496891 -738.992126 10.312837 9
-36.739235 -742.101685 22.238602 9
-37.785130 -740.292664 16.820631 9
-34.993843 -742.362305 25.417086 9
-38.569958 -737.938354 5.710932 9
-36.597034 -745.795776 32.223057 9
-33.226761 -744.934814 34.381119 9
-40.387825 -742.216492 24.483177 9
-36.840694 -746.810120 34.380333 9
-37.756611 -746.566223 33.518059 9
-34.332119 -744.078247 30.797228 9
-38.449345 -737.969971 7.391094 9
-38.763222 -736.185974 39.493717 9
-37.622952 -738.940491 31.252193 9
-37.408894 -737.167053 24.229431 9
-36.032112 -738.665588 10.884280 9
-36.458908 -745.103394 31.032642 9
-37.293938 -739.120728 7.998368 9
-38.034447 -737.708252 12.946898 9
-36.438679 -743.431824 26.706104 9
-38.109779 -744.844849 29.574179 9
-36.431499 -746.296021 33.699974 9
-33.721897 -751.080811 46.260426 9
-32.581650 -748.424072 42.579063 9
-36.205357 -737.796448 15.736319 9
-38.518513 -738.135010 1.487329 9
-40.402615 -743.535278 27.498566 9
-37.731670 -747.654663 36.552376 9
-36.281029 -737.456238 11.823328 9
-38.461201 -746.092773 32.824253 9
-36.599403 -740.492554 13.298545 9
-37.752151 -737.654358 10.505473 9
-37.555462 -749.412048 41.573315 9
-37.104378 -740.791199 17.639404 9
-36.803841 -736.777893 6.112166 9
-33.415985 -745.862610 35.933792 9
-41.967327 -743.126099 28.478413 9
-33.372406 -737.814087 20.331970 9
-38.490578 -738.085571 32.388309 9
-30.870279 -742.879395 35.207207 9
-37.873394 -737.966187 8.312903 9
-35.283817 -737.493835 16.305330 9
-38.600990 -744.194763 27.316589 9
-37.028561 -739.218506 2.671922 9
-36.906479 -738.604858 -0.042727 9
-31.486166 -745.847961 39.509487 9
-30.476326 -745.266357 41.296165 9
-39.968010 -746.664856 34.703701 9
-34.663681 -739.234619 17.364866 9
-37.967552 -736.606873 0.311698 9
-35.285824 -744.117310 29.216002 9
-39.735668 -736.919189 45.460339 9
-37.602230 -738.469482 22.578552 9
-35.390434 -738.748169 29.718023 9
-32.957561 -741.820557 27.925652 9
-34.620827 -750.070312 44.022331 9
-39.035221 -747.124573 35.284485 9
-39.636200 -742.070496 23.332611 9
-40.870914 -742.808716 26.442522 9
-38.908379 -738.108276 -0.868046 9
-37.515873 -746.893677 34.100666 9
-40.184349 -737.649536 44.479126 9
-41.249825 -745.091309 31.940624 9
-35.987320 -738.275330 25.163496 9
-37.073494 -737.157776 10.124409 9
-35.700150 -745.008545 31.372208 9
-37.701492 -738.171753 9.348056 9
-35.161449 -741.447144 22.244133 9
-35.265327 -738.662659 15.228506 9
-36.282753 -740.288635 14.142745 9
-36.269001 -737.234802 8.720983 9
-39.427429 -738.053833 40.205803 9
-35.698090 -737.590393 15.327208 9
-37.515053 -740.683167 18.286842 9
-37.551788 -738.655334 6.750916 9
-39.454113 -737.000488 41.143551 9
-41.207741 -746.941589 34.897182 9
-37.353371 -739.465149 23.649792 9
-40.633678 -745.033569 31.575865 9
-33.123554 -743.711304 31.762455 9
-36.839947 -735.845154 39.309658 9
-35.627434 -739.502869 14.738004 9
-37.784351 -738.185303 18.344221 9
-32.144405 -741.325256 28.687792 9
-37.088470 -737.305054 21.119352 9
-38.045963 -737.063538 2.421309 9
-37.802551 -736.804138 6.456161 9
-37.008831 -749.855713 44.023865 9
-35.503651 -743.014221 26.391205 9
-38.821510 -737.180908 34.668968 9
-34.130096 -740.024963 20.549471 9
-39.704361 -746.961914 35.264042 9
-36.521362 -749.565002 44.428955 9
-31.646130 -747.770447 43.053234 9
-39.281242 -737.318359 38.002895 9
-38.859627 -738.232544 36.948444 9
-35.857368 -737.441956 7.459276 9
-32.825569 -745.248657 35.267372 9
-37.668159 -737.622803 18.890024 9
-34.094204 -742.654785 27.892061 9
-38.112057 -737.353088 25.184361 9
-41.469418 -741.018433 25.268435 9
-38.632927 -738.031494 16.067339 9
-36.499527 -744.894531 30.399323 9
-37.499908 -739.598572 13.236440 9
-34.666035 -745.112366 32.354904 9
-37.105984 -736.222107 36.275795 9
-32.319679 -749.362976 44.199230 9
-40.969280 -741.232971 22.838968 9
-36.752037 -740.927490 16.111738 9
-37.084713 -736.651855 28.883244 9
-33.295090 -746.582153 37.129112 9
-30.333874 -743.129028 36.709251 9
-41.224178 -745.450195 32.572056 9
-39.689022 -746.231262 33.514313 9
-33.692684 -743.439148 30.341913 9
-36.051582 -738.591003 3.642539 9
-30.949286 -745.756287 42.219704 9
-39.367035 -737.855835 18.028814 9
-36.826481 -736.762817 -0.416101 9
-35.722847 -736.823486 8.020458 9
-37.367424 -739.011475 30.189592 9
-35.672379 -737.490540 3.299218 9
-35.787994 -737.656311 14.483566 9
-35.144203 -750.016235 43.181187 9
-31.111153 -741.302063 30.709942 9
-35.875328 -744.335205 29.427670 9
-38.381905 -738.939758 14.613849 9
-32.386314 -747.901550 41.807594 9
-36.864658 -741.261597 19.089054 9
-32.365768 -745.404358 36.454510 9
-35.005421 -748.072144 38.245049 9
-39.373966 -744.244812 28.192688 9
-38.677628 -745.059631 30.243893 9
-38.166080 -735.941467 39.599422 9
-38.609245 -737.236877 -0.829334 9
-31.886478 -749.555176 45.020447 9
-32.781723 -741.251587 27.118345 9
-36.973297 -737.441956 12.567877 9
-38.921158 -738.283752 37.905357 9
-35.750225 -746.743164 34.913681 9
-37.697540 -739.785461 12.578057 9
-36.113895 -737.329529 29.057858 9
-34.014111 -738.276123 19.522606 9
-38.205746 -735.927917 41.753853 9
-39.633503 -738.679504 18.746439 9
-37.104328 -738.835876 26.949509 9
-37.679310 -738.681580 29.509773 9
-30.806061 -744.717773 39.407040 9
-35.409458 -747.606689 36.974808 9
-38.122231 -738.686890 12.971108 9
-38.574345 -738.151062 2.982443 9
-36.151276 -738.031494 18.402876 9
-36.072254 -738.768738 23.905451 9
-37.135983 -736.917725 25.509602 9
-36.963566 -739.142944 22.777534 9
-36.329788 -739.667419 11.471401 9
-35.704350 -738.322998 13.572188 9
-40.398083 -746.036499 33.523109 9
-39.934696 -744.067139 28.567141 9
-33.830521 -744.016907 31.737059 9
-37.223656 -735.926636 37.957943 9
-36.479591 -747.553955 36.169361 9
-41.323189 -743.042358 27.315865 9
-36.013565 -737.063293 5.377833 9
-37.236126 -740.562622 17.060810 9
-31.200762 -746.965942 43.453075 9
-36.536831 -750.075928 43.272842 9
-32.965729 -739.691162 23.742224 9
-37.196396 -744.399231 28.686457 9
-41.536011 -742.076843 25.166397 9
-36.508568 -736.888123 29.324574 9
-30.349060 -742.741943 35.866016 9
-32.091103 -743.505493 33.415363 9
-34.949001 -740.365784 19.077808 9
-34.461346 -742.174072 25.856483 9
-35.364681 -744.655334 30.419683 9
-34.294769 -739.667297 19.386635 9
-35.682812 -741.312134 20.149813 9
-35.959618 -740.491821 16.046158 9
-34.825596 -744.165649 30.242777 9
-31.362404 -744.299561 36.871933 9
-39.537189 -736.360046 43.494389 9
-37.724335 -736.336731 32.856064 9
-36.957951 -747.341858 35.487972 9
-37.200489 -737.080200 23.286520 9
-38.618324 -742.675781 23.856321 9
-39.644917 -744.995117 30.755077 9
-38.277740 -737.607910 3.481328 9
-36.557121 -741.958862 19.794798 9
-36.328560 -738.311462 -0.003427 9
-37.652794 -745.370544 30.705950 9
-37.824745 -738.254150 21.375647 9
-38.214207 -740.450317 17.965857 9
-35.840103 -742.611267 24.585718 9
-37.111534 -738.688416 36.036274 9
-37.635151 -739.242065 22.044558 9
-38.449661 -737.312683 29.786385 9
-34.315708 -741.625427 24.501804 9
-38.105492 -736.817566 31.684175 9
-38.295662 -738.926880 40.436577 9
-31.278852 -740.452576 28.679544 9
-41.881950 -744.617065 31.068459 9
-36.229889 -737.401001 26.253450 9
-38.984810 -737.052429 37.157581 9
-38.715885 -739.703552 17.423706 9
-39.382931 -744.585938 29.579882 9
-36.702293 -738.693298 3.691550 9
-38.109043 -737.191284 26.174269 9
-38.265335 -748.260498 40.534885 9
-32.284153 -742.199036 30.410975 9
-36.138184 -737.179504 30.359928 9
-36.308544 -737.758789 19.573732 9
-35.587837 -745.295532 31.960384 9
-36.146305 -738.652039 8.958506 9
-36.035816 -738.298279 22.750902 9
-38.003891 -738.363770 5.439828 9
-37.263027 -736.556213 30.176123 9
-38.731186 -737.992798 16.954409 9
-38.298649 -738.685608 3.327108 9
-41.518169 -742.944092 28.045757 9
-37.353073 -738.813232 28.999662 9
-37.286419 -737.190002 21.990246 9
-33.930138 -749.873962 46.359165 9
-38.318745 -737.470581 7.764155 9
-36.553692 -735.698425 37.547478 9
-38.000290 -737.178894 0.988870 9
-39.476749 -736.737244 44.903893 9
-40.081856 -737.466614 45.744766 9
-32.649277 -738.993469 23.323006 9
-36.714054 -737.484375 18.334484 9
-37.505802 -739.058655 32.473408 9
-38.980721 -736.777100 38.380077 9
-36.262886 -737.527405 24.243181 9
-40.104725 -745.614441 32.471546 9
-31.102938 -744.569946 38.057163 9
-36.816788 -740.994568 16.725361 9
-37.256298 -737.131409 3.589042 9
-36.051056 -743.151245 24.944620 9
-32.433083 -746.221619 38.036533 9
-41.267616 -740.443542 22.542742 9
-34.358826 -746.383606 35.437511 9
-36.524570 -738.788879 5.691429 9
-38.237686 -738.428589 31.775110 9
-39.433857 -737.397278 40.072216 9
-38.625069 -738.552612 1.002646 9
-34.280018 -741.217468 23.306704 9
-38.703621 -746.531250 33.862728 9
-39.216274 -737.782593 38.911812 9
-41.720711 -745.801086 32.800701 9
-38.661617 -740.579468 18.836317 9
-38.939812 -744.524353 28.586769 9
-39.816864 -742.431580 24.190359 9
-30.781101 -743.484558 37.589973 9
-36.978550 -740.130188 13.647188 9
-38.505009 -736.882629 32.658802 9
-39.639256 -736.786560 46.152222 9
-36.856133 -745.514343 31.534948 9
-39.501549 -748.507874 38.778923 9
-40.072472 -736.946899 44.929405 9
-31.199585 -745.990295 40.916210 9
-37.911591 -737.405701 5.455301 9
-36.583961 -737.621948 14.230739 9
-35.861256 -737.767944 5.873479 9
-35.772369 -738.454285 12.160941 9
-36.097347 -738.931519 10.325684 9
-36.230549 -736.644470 2.641932 9
-36.654385 -742.516724 23.527185 9
-36.972912 -739.312073 34.854111 9
-32.561451 -741.954529 29.215036 9
-32.507706 -751.042725 46.375690 9
-40.142246 -741.271667 22.340420 9
-37.321487 -737.251160 19.910025 9
-35.805084 -737.853271 2.138248 9
-37.867504 -738.905823 34.137478 9
-34.554729 -747.054382 36.444305 9
-35.925388 -741.949463 22.160517 9
-38.307041 -745.354614 30.653805 9
-38.479939 -745.678894 31.687019 9
-36.569313 -736.424133 8.991961 9
-37.702244 -736.188354 37.015709 9
-37.876911 -738.892456 -0.095733 9
-38.707611 -736.005493 42.910618 9
-36.203426 -740.896057 17.167040 9
-36.314320 -738.417358 33.704853 9
-35.886108 -737.465576 4.588548 9
-32.798061 -745.857544 36.462666 9
-37.137642 -736.396851 33.001396 9
-32.867992 -749.959167 44.446144 9
-39.244843 -738.966492 0.045553 9
-31.652067 -746.642578 40.707558 9
-36.851257 -737.353638 20.563286 9
-36.131836 -737.329224 0.676399 9
-32.074070 -740.879028 27.924370 9
-36.742565 -738.957825 34.229378 9
-35.378124 -737.584473 32.910057 9
-38.241699 -748.812561 40.814468 9
-37.132114 -738.933105 27.755373 9
-35.703125 -742.910156 25.812902 9
-38.023975 -738.223755 23.614841 9
-41.750652 -742.364685 26.487648 9
-37.656231 -737.774292 15.445562 9
-36.189060 -737.444946 -0.282572 9
-37.213791 -738.754333 25.601151 9
-33.077702 -748.753357 42.358788 9
-35.201981 -744.866333 31.058657 9
-36.859116 -738.847961 4.546476 9
-38.215141 -738.392700 4.137365 9
-32.791706 -750.247009 46.242340 9
-35.074146 -746.998169 35.934643 9
-38.322868 -737.500854 8.533654 9
-35.972351 -736.826294 32.886044 9
-36.404316 -737.819946 31.526674 9
-37.875523 -737.441406 4.680126 9
-33.764271 -750.472900 46.258915 9
-38.910347 -736.544189 40.174263 9
-37.249786 -746.390869 33.182846 9
-38.255333 -738.223877 30.460371 9
-36.031784 -738.412842 6.754407 9
-33.168484 -747.866333 40.169636 9
-38.624325 -737.351196 31.741104 9
-39.032173 -738.412964 39.545967 9
-36.651249 -737.057312 26.488331 9
-37.110523 -742.723206 24.671125 9
-36.583393 -742.001892 20.780365 9
-36.191143 -737.346558 28.333990 9
-34.118256 -740.489014 21.777941 9
-36.231506 -742.321533 21.430344 9
-36.838337 -736.565186 31.912066 9
-38.313477 -746.435303 33.313423 9
-31.737074 -741.414673 29.898977 9
-36.272278 -737.732605 21.920435 9
-33.763012 -742.265259 27.411411 9
-38.022690 -748.788818 42.374599 9
-37.536129 -749.361450 42.945953 9
-38.188683 -743.818909 26.950020 9
-35.503387 -748.104004 37.837208 9
-38.218861 -742.914001 24.930101 9
-35.121578 -743.126160 27.574137 9
-34.931484 -738.090942 16.850220 9
-37.936935 -736.785034 31.007662 9
-33.867687 -739.939697 21.082588 9
-35.837425 -737.936401 28.107122 9
-39.813148 -738.043030 42.385185 9
-37.677094 -736.861511 27.059410 9
-36.779243 -737.513000 15.373646 9
-40.507645 -737.252502 46.110020 9
-33.657318 -740.788025 23.787832 9
-38.319489 -736.056763 37.562119 9
-34.590466 -749.460144 42.388187 9
-36.433132 -738.373474 1.211298 9
-36.077847 -738.305847 5.439986 9
-34.490566 -746.077820 34.314369 9
-36.155735 -737.299011 1.872055 9
-38.183548 -737.951843 14.021620 9
-37.331779 -738.704224 0.911937 9
-34.224831 -738.825378 18.457066 9
-40.601070 -744.241760 29.523254 9
-33.745560 -738.324402 20.035788 9
-36.523563 -737.273865 9.831992 9
-38.563557 -738.738770 2.161433 9
-40.912529 -739.038330 20.934687 9
-35.689198 -743.926636 28.194452 9
-31.830204 -738.723755 25.018351 9
-36.221458 -742.629211 22.829512 9
-35.981956 -739.470764 13.195122 9
-32.823853 -742.761047 30.340796 9
-37.751068 -736.779175 1.945475 9
-37.306709 -739.148560 9.166322 9
-35.481434 -736.715698 33.976986 9
-37.899780 -737.833618 12.006869 9
-37.956886 -739.570007 15.308521 9
-30.880581 -747.454773 44.012642 9
-38.017689 -739.001160 37.438591 9
-38.530605 -737.899963 4.124249 9
-35.367306 -749.731140 44.948391 9
-37.800907 -737.109131 23.007725 9
-36.339893 -736.549133 5.001674 9
-36.322762 -736.375427 9.531116 9
-38.772774 -737.277710 33.754261 9
-35.939476 -737.686340 10.881691 9
-38.755863 -741.869141 22.397200 9
-36.576847 -736.377258 0.906948 9
-36.661827 -737.105164 24.367680 9
-34.320057 -738.270874 18.013935 9
-36.110703 -748.592285 38.446880 9
-38.123569 -742.252136 23.121647 9
-38.662262 -736.025879 41.319832 9
-37.375435 -743.473572 26.203115 9
-36.969666 -738.513611 35.086384 9
-37.887924 -738.960754 13.460608 9
-35.698734 -742.382568 24.076250 9
-32.133343 -741.862976 29.815760 9
-32.637691 -743.490784 32.232960 9
-33.523815 -749.773560 43.802532 9
-37.555244 -746.057190 32.400261 9
-37.503113 -741.660400 20.570110 9
-40.170525 -744.759949 30.480179 9
-38.776848 -738.084656 34.621681 9
-35.825340 -738.075928 2.719392 9
-37.503635 -738.513306 7.942436 9
-36.979218 -738.938599 31.350597 9
-30.253090 -743.477539 37.811062 9
-36.762180 -736.587341 1.636514 9
-33.345779 -745.541748 35.459686 9
-36.893070 -736.896423 8.899408 9
-30.697168 -744.210266 38.561604 9
-35.633968 -738.908508 27.315289 9
-34.003021 -749.925659 44.254723 9
-37.895023 -738.175354 16.527130 9
-37.606197 -742.618835 24.208250 9
-35.898182 -749.831421 42.326176 9
-30.249363 -744.627258 40.232262 9
-37.487709 -739.003540 36.690086 9
-38.337135 -736.706177 35.331966 9
-37.426029 -736.691833 10.090227 9
-36.006645 -737.974548 3.884680 9
-33.764137 -749.322876 46.432755 9
-36.628647 -736.963684 27.757736 9
-40.037289 -737.286316 43.754765 9
-37.774643 -736.836731 7.478929 9
-37.082787 -739.066406 3.305446 9
-36.004387 -738.243469 9.427045 9
-35.567825 -738.383789 29.075966 9
-36.599819 -736.113708 36.595009 9
-32.860779 -749.221008 43.420799 9
-37.224243 -735.479675 38.992016 9
-35.801258 -739.284729 13.851741 9
-37.612347 -738.646240 5.880846 9
-38.042683 -737.051208 29.023531 9
-36.662476 -749.522644 43.541424 9
-34.638615 -744.707153 31.907677 9
-38.438633 -738.090942 15.091892 9
-37.695675 -738.918579 33.022934 9
-36.691563 -736.565674 33.555103 9
-32.313450 -738.685364 23.731970 9
-32.504616 -743.874329 33.277176 9
-40.222107 -747.349121 36.974049 9
-37.647369 -737.489380 20.993370 9
-37.626133 -736.768127 0.856796 9
-39.377499 -737.240662 39.242252 9
-37.731110 -736.504333 9.207079 9
-37.764271 -738.879211 12.240336 9
-38.018753 -737.853516 24.490757 9
-41.484016 -746.383179 33.829605 9
-36.750366 -735.635742 38.117413 9
-38.259575 -739.390076 15.763609 9
-37.940235 -737.705750 21.607290 9
-39.134369 -738.351868 17.659626 9
-31.247158 -745.702271 40.040180 9
-38.619751 -736.095276 40.750072 9
-35.810036 -737.279907 6.725722 9
-37.272987 -749.349304 40.989193 9
-38.903301 -738.031311 35.814430 9
-35.141518 -746.503540 35.047775 9
-34.668468 -749.923218 43.480042 9
-39.148521 -737.846802 38.195923 9
-31.226107 -740.027405 27.910507 9
-32.560173 -748.605835 43.210342 9
-33.532207 -742.956299 29.551630 9
-37.525368 -737.256409 2.317127 9
-36.051380 -736.452759 34.589287 9
-38.702602 -738.322388 40.680012 9
-38.155540 -737.926697 6.868448 9
-39.815319 -736.121765 44.358509 9
-32.310692 -742.797729 31.359884 9
-37.002483 -739.928040 12.427683 9
-40.472305 -747.036316 36.323456 9
-32.824783 -747.867004 45.467495 9
-33.071220 -739.238953 22.486473 9
-37.518658 -737.370483 11.969804 9
-36.544205 -738.581787 33.203815 9
-36.668846 -741.527344 18.602295 9
-39.550861 -745.142639 31.332199 9
-37.828354 -736.383301 34.857018 9
-30.760796 -742.312744 34.967972 9
-32.441433 -747.529053 41.010925 9
-35.067215 -750.263672 44.328575 9
-37.753193 -738.742249 30.655769 9
-37.987885 -738.652405 19.409067 9
-33.720772 -738.982117 20.358213 9
-37.456276 -740.260681 16.005873 9
-37.240444 -736.390198 10.660996 9
-38.315334 -738.915955 -0.699616 9
-38.984478 -738.354858 41.378048 9
-34.458118 -739.449646 18.540127 9
-38.525101 -736.351013 36.470951 9
-30.830978 -740.292236 28.960022 9
-40.856377 -739.600830 21.839598 9
-32.171753 -743.029236 32.367332 9
-37.643520 -739.255737 38.472092 9
-38.129959 -737.465698 9.404858 9
-35.201988 -748.747803 39.678791 9
-40.273399 -739.059570 20.198107 9
-35.958309 -737.820923 13.743507 9
-34.820789 -743.837708 29.761093 9
-40.909473 -743.661194 28.557301 9
-36.931103 -739.623840 8.117513 9
-38.542702 -738.505310 35.009220 9
-37.803852 -745.741577 31.647768 9
-35.839806 -744.460754 30.059376 9
-36.458359 -738.776978 6.285755 9
-41.486622 -740.569458 23.043064 9
-32.562565 -739.491150 24.699781 9
-35.246952 -737.912598 15.933308 9
-36.342945 -736.538330 3.996320 9
-38.856899 -744.580322 29.135149 9
-36.847290 -739.962830 10.371280 9
-38.636715 -745.395874 31.134716 9
-36.664509 -744.231995 28.516066 9
-37.834545 -741.935913 21.580797 9
-32.248398 -740.290222 27.164904 9
-30.852329 -744.986755 40.962910 9
-37.644196 -749.127869 40.270813 9
-36.779514 -736.348999 34.478371 9
-35.152916 -750.453674 45.539848 9
-32.530849 -738.253845 22.691225 9
-34.123848 -748.199646 39.735413 9
-35.413967 -740.075256 17.139069 9
-33.262047 -742.283813 28.580524 9
-39.199013 -742.248962 23.038023 9
-41.060020 -739.673706 22.355709 9
-37.729786 -738.403015 25.181618 9
-32.486031 -747.114014 39.928646 9
-36.105389 -737.844177 24.676762 9
-33.958698 -740.631531 22.562031 9
-37.426804 -742.966431 25.196306 9
-35.549557 -740.480774 17.942282 9
-31.400639 -748.442261 44.301933 9
-36.529606 -741.423035 19.539640 9
-37.896519 -738.386780 17.808331 9
-36.581131 -736.889893 29.874454 9
-33.368507 -749.153809 42.659359 9
-35.290066 -738.435120 14.206863 9
-36.099041 -738.171814 4.894586 9
-31.824905 -744.538513 36.122547 9
-33.876858 -741.363220 24.776125 9
-36.289204 -738.371948 2.905164 9
-38.608105 -738.682190 39.780327 9
-37.194801 -736.800476 5.270706 9
-38.185474 -744.277039 27.821602 9
-31.955635 -743.818298 34.437805 9
-38.033089 -748.833008 39.449192 9
-35.939098 -746.950012 35.425434 9
-36.496429 -749.755005 42.131474 9
-37.260906 -741.863708 21.162565 9
-31.275625 -743.186951 34.783142 9
-39.217949 -736.114380 42.279926 9
-38.725433 -736.242615 38.628494 9
-41.298141 -740.530273 24.112892 9
-34.773247 -740.766235 20.799545 9
-40.355457 -743.106689 26.600304 9
-37.474609 -737.541382 16.049078 9
-37.254227 -738.735779 23.681444 9
-38.733807 -738.937500 15.746322 9
-34.768581 -741.823059 24.162474 9
-39.648659 -737.426086 41.932888 9
-34.128353 -738.763428 19.330072 9
-41.754807 -743.115112 29.663546 9
-33.413586 -740.327271 23.416910 9
-37.709396 -735.857056 39.920597 9
-37.235336 -737.257446 17.227062 9
-37.765285 -738.151917 19.545696 9
-37.048065 -736.077637 37.461380 9
-36.941315 -739.472351 9.818995 9
-39.708946 -736.719727 43.869705 9
-33.936337 -749.580505 43.167545 9
-35.137581 -743.417542 28.139528 9
-38.889263 -736.052185 43.419727 9
-38.212215 -738.583191 4.870832 9
-36.497608 -739.508423 26.221354 9
-36.367847 -742.538086 23.992327 9
-36.389454 -739.279358 9.797961 9
-35.886478 -739.789307 14.321836 9
-37.951653 -736.660217 -0.241207 9
-37.016022 -736.242188 35.225197 9
-38.328152 -738.897705 38.768410 9
-39.210629 -736.257507 43.038197 9
-30.787003 -742.130249 34.298420 9
-33.819366 -746.640320 36.492313 9
-36.110821 -736.225830 35.376617 9
-38.572777 -736.784058 32.145981 9
-37.601112 -736.707153 29.160772 9
-38.088589 -738.668091 2.716089 9
-38.535282 -737.328186 30.655588 9
-38.335629 -737.731812 28.358263 9
-38.620636 -738.356384 6.277140 9
-32.650890 -750.431335 45.676643 9
-37.512749 -737.301392 15.003935 9
-41.298481 -741.757629 24.222603 9
-38.845573 -736.973328 35.910706 9
-41.722660 -741.147278 24.367300 9
-37.043903 -740.287292 14.534225 9
-36.861446 -736.838989 2.556678 9
-41.312111 -740.000183 23.451305 9
-37.239826 -738.680603 -0.712240 9
-36.168243 -738.067322 19.120668 9
-36.796112 -741.278137 17.886690 9
-31.303179 -742.483582 33.293625 9
-37.553574 -737.538391 12.654848 9
-37.447460 -739.260071 2.032553 9
-41.134850 -740.926819 23.547129 9
-39.114403 -740.757935 19.909555 9
-38.303520 -737.332947 6.436920 9
-36.232632 -743.143799 26.291290 9
-37.539368 -737.604736 13.506319 9
-38.699093 -742.367615 23.397720 9
-40.149269 -745.300964 31.706123 9
-38.934345 -737.504395 35.104000 9
-36.678501 -739.157471 8.223586 9
-39.149956 -744.885071 30.049610 9
-32.424042 -745.097656 35.778965 9
-34.999763 -738.438660 16.410477 9
-34.520088 -738.635193 17.375145 9
-37.949333 -738.345032 10.417975 9
-34.786671 -746.697266 35.436424 9
-35.644943 -737.591125 30.945023 9
-36.712326 -736.648865 9.909019 9
-37.147453 -742.264099 22.543303 9
-37.569038 -739.087097 35.870281 9
-34.031330 -748.911194 41.696823 9
-37.643890 -745.016418 29.773832 9
-37.639198 -738.489502 8.902358 9
-39.204716 -738.142944 42.023682 9
-41.458500 -743.544250 29.243565 9
-38.686855 -736.609497 37.285877 9
-34.713623 -742.708679 26.949194 9
-33.029728 -742.586365 29.595760 9
-36.763779 -741.633972 20.310516 9
-36.728394 -737.289612 10.653164 9
-38.089497 -738.035645 22.535875 9
-32.933002 -738.567261 22.267401 9
-35.621178 -737.324097 5.689458 9
-36.985069 -739.285461 24.003653 9
-32.832703 -740.275635 25.256258 9
-37.979370 -749.081360 41.619774 9
-38.361385 -738.497192 33.241161 9
-36.059166 -738.982178 26.408216 9
-39.082813 -748.433838 39.098400 9
-38.221916 -739.057617 39.357967 9
-39.611309 -740.293030 19.994699 9
-38.215744 -737.574524 2.318033 9
-35.678089 -740.800903 18.455576 9
-36.839035 -735.744446 0.032355 9
-37.889912 -738.820007 1.357934 9
-36.866005 -744.668518 29.488512 9
-35.816097 -750.152161 43.821213 9
-37.756302 -737.222656 11.010056 9
-37.986752 -740.896851 19.044546 9
-36.305229 -736.794006 7.080372 9
-37.701832 -736.362793 32.017075 9
-37.808990 -738.616150 21.996294 9
-37.285999 -737.366211 11.362112 9
-38.208351 -742.075928 22.556162 9
-36.189213 -736.421448 36.397549 9
-30.804440 -743.252930 37.033752 9
-35.484722 -739.655151 15.804951 9
-38.565430 -748.192139 37.072525 9
-36.105156 -737.934204 23.114655 9
-33.968578 -743.410278 29.890797 9
-30.799805 -741.714905 32.639885 9
-37.837700 -738.603271 4.475313 9
-32.315403 -739.035461 24.460438 9
-36.219833 -749.135376 39.446301 9
-38.459995 -737.511414 16.000883 9
-35.799225 -738.394165 27.258741 9
-39.548187 -740.888245 20.845055 9
-35.882591 -738.648987 12.886396 9
-38.389763 -739.216980 0.092548 9
-36.667057 -737.106506 25.214882 9
-37.759308 -738.639221 11.257974 9
-32.777889 -743.064758 31.157360 9
-31.805744 -741.047058 29.011456 9
-37.725887 -737.194946 0.491558 9
-37.476151 -744.145020 27.824493 9
-31.394356 -743.773743 35.819260 9
-35.971260 -743.809265 27.761023 9
-39.843231 -738.960876 19.249956 9
-35.572201 -737.132446 33.113415 9
-35.767872 -737.621338 29.797102 9
-37.602203 -736.892822 3.900871 9
-37.843666 -744.625305 28.798248 9
-36.092323 -738.212524 22.216112 9
-36.201553 -740.474976 15.084136 9
-37.205173 -739.070374 6.945878 9
-35.490143 -749.646667 41.785439 9
-36.725784 -746.260925 33.242737 9
-34.647179 -745.244202 32.882660 9
-37.021816 -736.941833 1.111269 9
-37.877037 -740.006531 16.376209 9
-34.670815 -742.859802 27.469099 9
-31.260201 -742.826050 34.074970 9
-36.130203 -737.921265 7.952130 9
-35.920864 -738.022400 26.342388 9
-38.469791 -738.431519 -0.816038 9
-39.576614 -736.000183 43.891651 9
-33.730957 -748.241699 40.252003 9
-38.831215 -737.787964 33.577282 9
-32.733059 -741.370789 27.625401 9
-37.238892 -738.959900 35.194656 9
-37.410744 -736.459412 0.260279 9
-38.110123 -736.599426 33.740467 9
-36.946766 -739.808472 11.666669 9
-36.831879 -736.617188 0.097817 9
-35.090618 -741.110535 21.842110 9
-37.401745 -745.163086 30.287775 9
-40.489731 -741.610229 23.566729 9
-39.533089 -737.512573 41.312382 9
-36.290291 -737.844421 17.256710 9
-35.851551 -736.767212 6.577633 9
-31.853563 -743.057068 33.138725 9
-36.107452 -737.416199 1.249283 9
-35.785057 -737.629822 16.007227 9
-37.192230 -738.898499 23.185902 9
-32.087006 -748.533203 43.415878 9
-37.845829 -737.128845 8.463075 9
-31.487566 -740.453857 28.197294 9
-37.800491 -735.934387 -0.654203 9
-36.672588 -736.568176 32.485764 9
-33.239864 -738.207703 21.075081 9
-31.104610 -740.707886 29.699232 9
-37.628159 -738.643188 28.476656 9
-34.788155 -749.376282 41.500980 9
-36.537655 -737.350220 12.267927 9
-33.984531 -749.214294 42.179512 9
-36.006603 -737.332886 14.826887 9
-36.047916 -738.685303 7.240108 9
-32.437847 -746.022583 37.551392 9
-39.533943 -739.063049 18.203922 9
-33.201347 -744.237549 32.805073 9
-33.777176 -745.337952 34.528748 9
-36.704483 -739.061584 7.380309 9
-37.659073 -736.778870 29.889046 9
-37.949669 -736.311340 35.833893 9
-37.690678 -737.395874 3.519980 9
-31.574039 -741.873291 31.010672 9
-36.717503 -737.263550 22.608629 9
-31.141211 -746.195984 41.489983 9
-36.350456 -740.020142 13.414318 9
-37.553867 -735.955444 40.517555 9
-32.929176 -747.170776 38.876877 9
-33.117817 -743.473938 31.298208 9
-37.513039 -738.550293 24.534050 9
-36.753716 -740.999634 15.535262 9
-36.518787 -749.684448 41.602791 9
-34.206295 -746.088501 35.014572 9
-36.036827 -738.317810 23.659773 9
-31.744097 -746.468445 40.052937 9
-33.371887 -750.559753 45.441864 9
-37.284775 -738.764221 2.858352 9
-33.876053 -744.786743 33.370590 9
-36.260071 -737.093933 2.919519 9
-37.323158 -740.962280 18.750858 9
-33.689030 -747.724548 38.776165 9
-36.949131 -739.579590 9.112426 9
-39.815086 -743.723022 27.427975 9
-40.091351 -738.228943 19.836536 9
-37.955818 -738.960083 34.644058 9
-39.245548 -748.097046 39.679729 9
-37.125496 -736.821533 8.365203 9
-36.525288 -737.008362 3.466588 9
-35.905643 -738.308716 0.319471 9
-35.948193 -738.545959 16.610615 9
-34.680492 -747.770813 37.819023 9
-39.588261 -748.090454 38.401638 9
-41.228432 -742.439087 26.241257 9
-37.426792 -738.920837 8.709020 9
-37.149940 -736.762390 1.976562 9
-34.969185 -739.291321 16.660173 9
-33.871151 -744.382385 32.117607 9
-41.061481 -744.175842 29.977131 9
-41.908203 -743.800415 29.733870 9
-37.109859 -736.907593 26.211857 9
-39.317680 -738.390198 39.114605 9
-35.850819 -740.507324 16.631424 9
-37.124565 -737.309387 16.416569 9
-34.542652 -748.835144 40.481869 9
-36.823765 -743.564453 27.072926 9
-36.791298 -737.494263 13.083323 9
-30.758217 -742.059570 33.466007 9
-38.612961 -738.690857 3.953067 9
-39.780296 -738.093262 42.927746 9
-40.072388 -738.722412 19.706272 9
-35.602127 -742.166199 23.586504 9
-37.426632 -741.223511 19.698156 9
-36.205784 -736.952454 8.280702 9
-35.032913 -749.185242 40.641197 9
-37.387688 -735.484375 39.658512 9
-31.763269 -746.967041 41.293026 9
-38.772396 -748.559631 37.971455 9
-41.004063 -743.772583 29.041250 9
-40.630779 -738.897522 20.533823 9
-37.741657 -738.727661 3.889831 9
-34.778492 -744.614441 31.249500 9
-37.504169 -736.363159 34.255836 9
-36.702164 -743.922180 27.749826 9
-38.020016 -738.067505 26.122690 9
-37.446388 -739.730042 13.743237 9
-36.359859 -736.845947 5.885114 9
-36.283981 -749.164062 39.945866 9
-33.189156 -746.694275 45.446510 9
-36.183727 -737.740356 8.457537 9
-38.225735 -737.710510 -0.022624 9
-37.371075 -736.681580 -0.386918 9
-36.959236 -738.567932 34.493458 9
-35.856144 -738.084045 -0.149385 9
-36.940346 -737.271729 21.605135 9
-38.560501 -738.572510 14.922758 9
-35.716145 -736.820129 34.982357 9
-39.353584 -745.688721 32.382187 9
-37.043308 -736.527344 31.357100 9
-37.359283 -739.373169 23.148846 9
-36.274704 -737.499695 9.224989 9
-39.984959 -736.475586 45.426311 9
-36.205406 -736.934509 31.673317 9
-39.112320 -748.045959 37.498470 9
-37.503014 -738.844543 9.554036 9
-35.160961 -745.838379 33.486031 9
-37.978344 -739.130493 14.189798 9
-38.144699 -738.756775 0.348758 9
-35.946804 -737.747925 12.778392 9
-35.537659 -741.058411 19.613348 9
-30.908562 -746.186646 42.592312 9
-37.973969 -736.011169 38.069595 9
-40.285313 -739.812805 20.676544 9
-38.928326 -746.662964 34.335735 9
-30.799232 -744.394043 39.795834 9
-37.708344 -739.430725 10.134790 9
-37.495636 -738.913635 21.693346 9
-37.821491 -737.513794 20.523533 9
-39.164398 -743.993103 27.767971 9
-34.908752 -739.715271 17.588568 9
-35.234417 -739.104980 15.757516 9
-39.737900 -736.617798 44.483746 9
-34.190403 -744.827209 32.786625 9
-38.286190 -737.641785 1.386663 9
-33.877846 -748.460388 40.698185 9
-33.722473 -745.725708 35.012211 9
-31.273027 -742.122559 32.348576 9
-37.058926 -739.254944 35.734455 9
-39.498703 -739.811707 19.057621 9
-37.825783 -735.993958 38.937469 9
-35.694241 -739.772095 15.192806 9
-37.774971 -737.998169 10.018167 9
-39.043922 -738.214844 42.662529 9
-34.003593 -739.323425 19.607283 9
-35.967094 -741.845459 21.666656 9
-41.423771 -744.442444 30.939884 9
-33.955524 -743.752869 30.681940 9
-31.937243 -748.736755 43.895103 9
-37.617821 -739.401733 37.744751 9
-38.546356 -736.961914 34.326057 9
-38.343113 -744.333252 28.366161 9
-37.594334 -739.096802 0.684023 9
-31.474422 -741.394836 30.375433 9
-32.684921 -740.880249 26.785435 9
-35.237831 -738.379578 15.645178 9
-37.730930 -737.712585 14.278341 9
-38.237789 -737.505676 26.710878 9
-40.642147 -739.439819 21.180496 9
-35.655903 -737.588806 2.806489 9
-33.827408 -747.366028 37.798637 9
-30.348099 -742.744934 36.370598 9
-36.082642 -738.197449 9.917330 9
-40.036827 -744.293823 29.005703 9
-39.882366 -739.741760 19.900434 9
-38.554527 -738.686035 36.947346 9
-37.782398 -737.239441 13.245971 9
-36.190712 -736.578857 -0.404596 9
-36.459000 -738.470459 32.108528 9
-39.077812 -737.333862 36.441441 9
-38.007019 -738.545349 18.594671 9
-34.327312 -750.731445 46.047817 9
-36.679108 -736.704712 4.355805 9
-35.889050 -738.306213 1.876653 9
-38.370697 -738.841736 37.859070 9
-37.199368 -749.459839 43.667702 9
-37.444515 -740.152649 15.502335 9
-37.157631 -738.967834 4.940672 9
-37.702892 -737.075195 25.108517 9
-33.988529 -748.622314 46.531311 9
-37.284847 -738.826782 3.684610 9
-36.046021 -738.817078 25.509747 9
-37.753567 -737.098206 9.975410 9
-35.282856 -738.702759 14.683215 9
-30.279602 -743.993835 38.803699 9
-35.478897 -743.313110 27.272926 9
-35.295864 -741.727539 22.792446 9
-39.022610 -741.189026 20.596231 9
-36.000160 -736.932739 7.617271 9
-38.576229 -740.364258 18.393219 9
-36.147175 -742.201477 22.532513 9
-37.949478 -738.285461 6.588318 9
-32.604874 -750.114502 44.921665 9
-37.456596 -736.751282 2.957104 9
-38.258904 -738.664551 33.873104 9
-39.123978 -738.805725 41.063194 9
-32.098770 -746.670471 39.756687 9
-38.677139 -738.189819 17.536890 9
-40.108532 -744.543335 30.039978 9
-30.706821 -746.654785 43.316296 9
-39.229332 -737.363281 37.445065 9
-40.689228 -747.009460 35.773907 9
-32.280624 -740.138123 26.191219 9
-33.796528 -740.109314 21.675446 9
-40.305176 -747.865112 37.262573 9
-32.318398 -748.083069 42.319546 9
-32.972637 -747.967102 40.810432 9
-37.515079 -739.828857 14.596943 9
-35.262745 -737.403320 32.198685 9
-36.855804 -737.365906 18.792131 9
-37.669357 -738.680054 10.653811 9
-40.872684 -742.577515 25.819317 9
-38.661232 -748.568359 40.694576 9
-38.097580 -738.105408 9.073306 9
-38.016197 -737.546082 23.434834 9
-36.533043 -736.643005 30.915569 9
-31.770674 -745.347900 37.774097 9
-34.767128 -750.331848 44.770756 9
-37.460865 -748.849304 39.231125 9
-38.388626 -736.909485 -0.209559 9
-41.593357 -743.986267 30.311043 9
-31.966202 -739.091492 25.409735 9
-34.308952 -740.136841 20.083101 9
-37.260536 -736.894714 10.510821 9
-38.161865 -748.482178 37.615799 9
-38.682697 -737.558594 32.852978 9
-37.698406 -743.829895 27.060959 9
-37.924511 -738.323669 22.960575 9
-31.059883 -746.667419 42.640728 9
-31.818579 -748.037231 43.431000 9
-37.758514 -736.805359 28.110619 9
-36.562004 -736.239258 10.236931 9
-35.572891 -737.870361 13.347121 9
-35.967304 -736.029785 35.802315 9
-31.517321 -746.803528 41.694756 9
-40.024040 -740.312012 20.705006 9
-31.081774 -744.158936 37.331966 9
-32.403152 -744.260376 34.282455 9
-31.667484 -739.660095 26.765150 9
-31.959768 -749.511658 44.486652 9
-31.600628 -744.708923 37.035683 9
-36.476303 -746.653259 34.065338 9
-37.335876 -735.963745 38.865227 9
-34.393349 -743.607666 29.708824 9
-36.628262 -748.810852 39.258266 9
-39.579830 -738.141602 19.069056 9
-30.774971 -743.715271 38.224308 9
-36.445961 -738.126953 32.665783 9
-34.901081 -742.047668 24.583237 9
-36.677040 -737.494934 19.408751 9
-37.739124 -739.361145 12.198513 9
-35.542313 -747.033386 35.855862 9
-35.417297 -746.111328 34.095463 9
-38.993092 -739.587158 17.841179 9
-31.517202 -742.015625 31.479616 9
-38.878651 -742.722351 24.273071 9
-37.874550 -737.281982 -0.062960 9
-34.306171 -749.019348 41.282417 9
-33.747372 -739.387451 21.173866 9
-38.029263 -738.237183 12.836120 9
-36.101063 -739.280579 11.295086 9
-35.971680 -738.741272 21.680336 9
-31.526461 -745.478455 38.561157 9
-39.786125 -737.556213 42.864502 9
-41.355488 -739.602661 21.956327 9
-40.848824 -745.991394 33.342373 9
-36.421413 -742.007141 21.766035 9
-38.741623 -738.458374 -0.023841 9
-37.635048 -739.575500 14.188893 9
-37.282246 -737.036987 23.777000 9
-38.636688 -739.282776 -0.726782 9
-33.891754 -747.184082 37.255253 9
-34.261990 -748.742493 40.870972 9
-36.127495 -737.747925 10.167836 9
-37.477821 -739.258606 11.741366 9
-36.906460 -743.484985 26.519070 9
-34.588745 -739.987976 19.154636 9
-32.353447 -747.262878 40.483246 9
-34.456589 -740.732483 21.527412 9
-35.510887 -738.701050 13.873793 9
-36.708141 -749.137695 40.247086 9
-36.431736 -741.241760 16.892723 9
-32.475456 -739.873779 25.578276 9
-38.512615 -737.714661 29.502174 9
-36.831497 -749.912170 42.924191 9
-37.877674 -749.185425 42.637123 9
-38.363384 -738.437439 0.621003 9
-37.170048 -749.063965 39.878819 9
-37.073048 -736.631714 3.448051 9
-36.075150 -737.525391 27.307102 9
-38.030315 -735.948181 40.270489 9
-34.050972 -745.179565 33.615730 9
-38.214931 -735.631592 40.763752 9
-41.043716 -742.271179 25.316505 9
-33.227432 -746.945618 37.921741 9
-33.719723 -741.668030 25.714993 9
-36.216969 -737.923828 20.966490 9
-37.669636 -739.720398 11.735227 9
-38.411896 -744.764526 29.203928 9
-38.368275 -738.032837 5.279367 9
-39.732395 -746.530151 34.303894 9
-38.281315 -741.166016 20.065575 9
-35.836269 -737.690552 6.348653 9
-37.443844 -748.601501 38.773109 9
-38.109650 -736.156494 38.575268 9
-35.560375 -736.497009 34.419071 9
-36.329082 -741.195740 17.905367 9
-35.528965 -738.091797 30.227190 9
-34.899799 -750.536072 45.986057 9
-36.412773 -739.611206 10.699226 9
-33.332191 -747.298584 38.610626 9
-35.738735 -748.599976 38.771332 9
-36.390339 -740.523865 14.601849 9
-36.074284 -737.240295 3.440583 9
-36.394623 -737.365662 23.805429 9
-35.516979 -737.973267 31.639446 9
-36.763527 -736.139709 38.340675 9
-37.579380 -736.432373 31.041531 9
-34.920761 -739.925537 18.154295 9
-35.286633 -737.879517 30.686466 9
-37.858040 -737.378357 24.152569 9
-31.700724 -741.173828 29.479128 9
-35.016621 -748.469666 39.331238 9
-36.421722 -739.773315 11.983140 9
-35.717155 -747.570129 36.614052 9
-36.476341 -737.757446 16.457251 9
-35.277519 -748.331421 38.756721 9
-30.832203 -743.148193 35.864880 9
-39.434132 -737.963074 41.183369 9
-36.648674 -737.064331 0.783955 9
-38.251923 -736.954895 7.658313 9
-38.573036 -738.245422 6.927703 9
-32.589550 -744.153992 33.648155 9
-33.547180 -741.744934 26.323494 9
-35.898888 -738.234619 10.981557 9
-38.086281 -736.974915 29.960402 9
-34.955990 -738.930725 16.358803 9
-38.084312 -736.709412 -0.771164 9
-36.515244 -745.940308 32.685986 9
-36.809944 -749.326599 40.688656 9
-35.183064 -745.279724 32.269409 9
-38.941231 -736.122009 40.390026 9
-34.366863 -741.928467 25.404215 9
-38.041294 -735.888855 41.194111 9
-33.693306 -746.787720 36.952129 9
-37.763477 -736.785339 8.132713 9
-38.865776 -738.530762 38.679577 9
-39.484615 -743.581604 26.945395 9
-36.146358 -738.637390 7.904283 9
-36.564709 -737.042847 1.699432 9
-38.620842 -737.738159 32.002407 9
-36.160900 -738.208069 0.785992 9
-33.031136 -740.287781 24.366907 9
-37.099022 -749.463501 41.423370 9
-38.885342 -736.643494 39.465260 9
-38.249249 -748.744019 38.647369 9
-35.871952 -749.283875 40.276505 9
-30.790867 -745.111755 40.441402 9
-41.899128 -743.346680 28.893858 9
-32.734806 -746.629272 38.240963 9
-34.377644 -748.045166 38.701313 9
-34.602314 -748.596619 40.075867 9
-37.748928 -738.441040 7.218882 9
-35.807198 -741.189026 19.159117 9
-33.544521 -739.210754 21.778717 9
-38.309158 -737.656860 14.942202 9
-39.225960 -736.635986 41.356834 9
-34.399590 -748.285706 39.225060 9
-38.459625 -738.511780 40.269150 9
-37.837124 -738.789124 35.520172 9
-37.378685 -737.528442 14.611125 9
-38.201141 -738.125854 29.118368 9
-30.907021 -741.498291 31.623310 9
-36.540043 -737.076050 -0.204013 9
-37.970478 -737.884949 12.505991 9
-37.754990 -738.878540 7.746121 9
-38.558662 -736.695923 33.402870 9
-37.013912 -737.414001 13.507259 9
-38.254471 -737.231873 5.063427 9
-39.215122 -738.002869 37.134705 9
-34.944138 -746.176025 34.395802 9
-38.433548 -747.319824 35.712593 9
-37.613453 -739.539673 10.953946 9
-36.789043 -735.822815 -0.440584 9
-35.370777 -750.097595 46.012428 9
-38.066532 -736.105957 36.665199 9
-37.513191 -738.772217 27.954239 9
-38.162926 -736.619934 10.258335 9
-41.673649 -740.818970 24.051577 9
-33.603928 -744.403992 32.525295 9
-35.870766 -737.742188 29.143341 9
-32.054302 -742.133728 30.805183 9
-34.143314 -750.419861 45.302876 9
-38.286484 -737.084778 27.793444 9
-37.868073 -739.005493 36.402905 9
-37.233112 -736.800232 27.636341 9
-38.074501 -738.227966 28.573330 9
-38.302570 -738.494812 1.782663 9
-38.427811 -738.115234 31.285406 9
-38.360939 -737.543884 5.484330 9
-33.303127 -739.692383 22.733414 9
-36.849186 -747.715820 35.918129 9
-30.843065 -745.316162 41.729057 9
-36.203350 -738.647400 24.822886 9
-36.112423 -737.782288 25.143614 9
-33.164871 -739.953552 23.275089 9
-36.932735 -738.851074 4.071979 9
-37.610188 -736.985718 24.600933 9
-31.337635 -739.565796 27.151007 9
-32.638607 -740.544739 25.978832 9
-32.737682 -750.716003 46.143467 9
-31.766130 -742.559326 32.192005 9
-33.306770 -740.888916 24.749836 9
-35.345230 -742.679993 25.641125 9
-41.665016 -744.265015 31.322226 9
-32.106842 -744.911011 36.121830 9
-39.392391 -736.580261 42.149891 9
-37.343193 -741.370361 20.142580 9
-36.240440 -738.022278 16.810091 9
-31.457916 -740.001892 27.489296 9
-38.588417 -741.707336 21.840857 9
-31.266605 -745.073425 38.607639 9
-38.234077 -741.663086 21.049189 9
-39.609043 -736.829712 42.901211 9
-39.116810 -742.755371 24.704624 9
-36.220882 -737.354980 0.169032 9
-38.359257 -737.185303 28.713209 9
-33.642498 -750.401794 44.664722 9
-38.453842 -736.977356 29.468851 9
-35.627758 -749.784119 41.361343 9
-36.898880 -739.306091 4.515661 9
-38.739292 -735.997437 41.848125 9
-37.837769 -738.985901 9.890900 9
-39.181480 -738.816650 17.703032 9
-41.000896 -746.698853 34.035301 9
-40.000038 -741.586182 22.754929 9
-34.729553 -741.254883 22.276691 9
-35.906502 -738.352295 11.739929 9
-33.241707 -748.627197 41.777004 9
-38.705547 -738.044189 30.720051 9
-35.893204 -741.525146 20.718016 9
-36.792450 -743.155396 25.639721 9
-32.897820 -739.962524 24.837198 9
-37.966824 -738.643188 31.467236 9
-38.090378 -738.642273 32.224789 9
-32.510105 -741.592834 28.733339 9
-35.866997 -749.878357 42.804329 9
-37.677837 -742.286621 23.258492 9
-30.714346 -741.394592 32.061947 9
-36.262615 -737.217651 13.526385 9
-33.159901 -750.142822 44.758564 9
-39.258118 -738.005981 18.447763 9
-36.060825 -738.392883 17.588762 9
-38.114132 -739.674805 16.124731 9
-38.951431 -738.179138 34.114719 9
-32.879425 -742.269714 29.305523 9
-37.881302 -741.207520 19.671822 9
-38.514259 -736.482971 37.684521 9
-36.424938 -736.762695 8.697667 9
-37.851624 -738.713623 17.364681 9
-36.720688 -735.896606 37.104065 9
-30.569969 -746.359192 42.969116 9
-35.905197 -740.833862 17.530149 9
-37.002064 -740.948425 17.158911 9
-35.984554 -739.148315 11.991473 9
-33.530628 -747.806763 39.325584 9
-32.855789 -738.074219 21.691502 9
-34.947849 -737.234314 17.353426 9
-38.410877 -743.553467 26.551010 9
-37.059280 -740.393860 15.164227 9
-37.474407 -736.195435 35.187309 9
-40.796024 -744.742920 31.242813 9
-36.310364 -738.117065 31.161270 9
-38.215248 -737.007629 30.682707 9
-37.846489 -743.149109 25.113646 9
-36.211617 -741.418091 19.088541 9
-39.262474 -744.925171 30.494661 9
-35.809410 -748.905151 39.317825 9
-32.969803 -745.116699 34.800201 9
-38.046127 -737.790100 7.924384 9
-37.406124 -739.058655 31.774750 9
-33.296925 -741.924194 27.640326 9
-38.280094 -737.830994 1.814450 9
-35.682598 -745.594421 32.763138 9
-36.890545 -737.500305 11.027658 9
-37.254543 -737.145081 4.952323 9
-39.298958 -741.845764 22.286558 9
-40.419300 -737.207886 45.529846 9
-33.301285 -750.873413 46.276173 9
-37.320534 -741.963074 21.624100 9
-41.736618 -741.699951 25.489494 9
-38.695435 -740.937195 19.748615 9
-39.708958 -743.207031 25.840935 9
-36.434505 -736.181335 37.412468 9
-37.962498 -738.449219 8.064886 9
-36.255917 -737.619141 14.571553 9
-39.625237 -747.621948 36.704258 9
-31.097523 -744.996277 39.188114 9
-38.578751 -748.773438 40.081421 9
-35.667133 -739.370178 14.312357 9
-37.389397 -737.199219 18.876089 9
-37.788483 -736.847778 1.489519 9
-41.755043 -742.461426 27.016140 9
-37.281868 -736.213196 -0.594282 9
-33.516899 -738.851013 20.780739 9
-38.419300 -745.940247 32.391266 9
-36.453590 -737.131653 11.536974 9
-31.883591 -750.497009 45.643074 9
-39.883629 -747.754028 37.580276 9
-32.147842 -744.457458 35.195030 9
-40.107323 -737.002319 45.932316 9
-30.817934 -742.598450 35.576221 9
-36.174076 -749.942688 44.384823 9
-40.751419 -747.002380 34.745861 9
-38.264519 -737.599854 27.850164 9
-32.399483 -744.853699 35.347820 9
-38.040714 -737.266846 3.226176 9
-38.316101 -749.233032 40.939384 9
-35.462784 -739.105835 14.847332 9
-38.649765 -747.037537 35.075413 9
-36.600010 -736.137268 -0.051670 9
-36.541553 -736.638367 2.968998 9
-35.340714 -750.141846 45.233536 9
-36.250004 -744.267517 29.015978 9
-35.383415 -749.144226 40.170704 9
-38.233246 -737.814453 14.466269 9
-40.072140 -741.751831 23.301542 9
-38.275032 -738.577576 1.344298 9
-34.057396 -739.213806 20.079702 9
-32.058159 -746.228821 38.840664 9
-36.016087 -737.895569 7.388321 9
-35.412106 -737.531433 15.718784 9
-36.978260 -745.376465 31.119631 9
-38.357025 -745.141663 29.817045 9
-33.217724 -750.399048 46.275246 9
-35.283466 -739.778320 16.625557 9
-35.830711 -739.042114 27.979694 9
-38.974346 -738.197937 37.456985 9
-38.228809 -736.644958 34.180908 9
-38.628418 -738.227783 -0.428921 9
-32.080925 -749.782654 45.383091 9
-36.600819 -735.929077 0.910091 9
-32.968224 -747.362854 39.355762 9
-36.821701 -747.170959 35.085785 9
-36.190392 -737.645386 11.363196 9
-38.699940 -738.704895 -0.468909 9
-38.646877 -741.453796 20.962648 9
-36.740894 -736.756958 6.778267 9
-34.177162 -746.838562 36.271336 9
-37.040188 -738.683167 0.493813 9
-34.947906 -749.780701 42.421158 9
-38.259407 -737.990234 25.458530 9
-31.651690 -747.413086 42.538723 9
-36.063862 -744.740356 30.336256 9
-37.515400 -738.704468 -0.319020 9
-39.442009 -738.329102 39.725788 9
-37.935894 -738.478149 24.717600 9
-31.521635 -744.937195 37.623436 9
-38.157230 -738.637146 6.406661 9
-35.562649 -741.691284 22.205290 9
-35.492580 -737.945679 15.124663 9
-34.637646 -737.564453 18.212069 9
-38.299095 -748.675293 39.130692 9
-36.678677 -740.011169 12.804724 9
-39.105297 -742.041809 22.636425 9
-35.042599 -742.767944 26.603819 9
-38.316330 -737.653809 4.448137 9
-39.254562 -745.544617 31.956665 9
-36.946224 -739.256653 5.561089 9
-37.387711 -738.678284 26.644602 9
-39.396862 -737.663269 38.527935 9
-36.783981 -738.664001 2.525716 9
-37.268818 -738.748169 1.633046 9
-37.551567 -737.271179 10.333172 9
-33.538845 -748.541138 40.989639 9
-35.366821 -736.948181 33.468784 9
-40.246479 -742.672485 25.202517 9
-37.783813 -740.720520 17.939426 9
-31.421041 -748.788269 44.582058 9
-36.489311 -737.406372 20.842890 9
-37.316669 -746.919312 34.561813 9
-30.968945 -740.973511 30.395514 9
-38.000778 -738.343811 8.637544 9
-36.328163 -740.749573 16.096888 9
-38.185650 -737.936279 27.534859 9
-36.566067 -747.940491 36.850246 9
-37.430824 -737.493713 18.041580 9
-38.996395 -737.724548 35.494537 9
-38.272137 -737.699768 0.478031 9
-36.578575 -748.641479 38.821846 9
-38.886013 -737.647644 34.682343 9
-38.210194 -738.241577 30.020020 9
-38.377228 -737.962219 27.039112 9
-32.013046 -747.936096 42.732025 9
-40.521553 -747.346924 35.519180 9
-35.756649 -737.428284 2.025663 9
-39.687714 -745.786560 32.665771 9
-34.074135 -738.750427 18.884817 9
-31.248022 -747.979736 43.775837 9
-36.196682 -741.690002 19.736324 9
-38.182644 -738.336670 7.460718 9
-37.286507 -739.673889 12.692878 9
-35.932056 -737.955505 1.452978 9
-37.897060 -742.139404 22.250587 9
-33.669476 -742.503723 28.258343 9
-37.214397 -742.286499 22.992382 9
-38.370872 -748.842163 41.783627 9
-38.122669 -737.764587 13.406638 9
-36.869350 -738.941040 5.936646 9
-38.154133 -737.194824 10.265719 9
-36.030666 -739.116760 27.181314 9
-37.467789 -736.211731 36.640347 9
-38.219551 -743.479675 26.079971 9
-34.683762 -747.547546 37.437622 9
-36.684414 -736.590271 9.418651 9
-30.701824 -741.857788 33.057762 9
-30.304363 -745.766663 42.302341 9
-39.009266 -739.864136 18.251511 9
-41.665585 -742.270630 26.076448 9
-33.481609 -741.765015 26.794147 9
-38.859470 -738.769958 40.548676 9
-41.266567 -743.287170 28.313667 9
-33.278797 -747.727966 39.694206 9
-35.911739 -745.970398 33.367764 9
-35.739864 -750.005371 44.846489 9
-39.518276 -738.496460 41.992039 9
-36.170677 -750.066711 43.537460 9
-37.638058 -738.421997 23.694443 9
-31.833292 -743.338135 33.729908 9
-37.403152 -738.615723 25.979858 9
-38.459904 -738.041931 15.637260 9
-36.387688 -737.728149 18.122889 9
-37.699585 -736.897522 4.353640 9
-37.167107 -736.453491 33.491745 9
-36.012344 -742.205383 23.048462 9
-31.665031 -749.234863 44.682388 9
-32.249607 -746.751404 45.015511 9
-39.080154 -743.583130 25.976374 9
-35.882908 -743.279724 26.550840 9
-37.572792 -739.120422 11.324282 9
-36.588543 -741.874146 21.209156 9
-31.395988 -743.512146 35.217953 9
-35.388248 -740.991638 20.050543 9
-32.013565 -740.183289 26.730366 9
-30.949251 -745.421570 41.174393 9
-34.022110 -745.558533 34.232651 9
-32.627991 -749.673157 44.200531 9
-32.288692 -746.606873 39.185902 9
-37.387299 -748.088196 37.614910 9
-37.678871 -743.276428 25.944818 9
-38.926926 -747.440857 36.164688 9
-32.280148 -739.522217 25.215942 9
-38.921543 -748.578369 39.764568 9
-40.526703 -741.247253 22.714951 9
-32.763081 -741.662231 28.352480 9
-36.111736 -743.047791 24.518948 9
-37.621666 -747.367920 35.825478 9
-37.512146 -742.547058 23.750486 9
-37.315678 -747.808411 36.787743 9
-38.856590 -745.924133 32.698505 9
-36.989914 -739.669556 11.076431 9
-35.967800 -743.600281 27.314871 9
-37.749382 -737.765503 19.333727 9
-36.911480 -745.010437 30.276464 9
-36.963932 -739.002136 32.471603 9
-36.353230 -744.432861 29.434193 9
-36.752777 -738.918213 5.190970 9
-36.249073 -738.212585 -0.421879 9
-34.059986 -743.043335 28.917440 9
-40.836399 -743.206116 27.448029 9
-38.301685 -743.894470 27.401667 9
-33.275841 -744.526794 33.191902 9
-37.006603 -736.732361 5.666412 9
-38.203671 -738.988831 38.344948 9
-31.365076 -742.433777 32.814026 9
-38.279842 -737.060242 33.021740 9
-36.459450 -741.187988 16.434427 9
-31.966301 -740.570374 27.499311 9
-37.791336 -737.786194 10.975550 9
-36.958160 -739.275940 6.339033 9
-41.766304 -742.785706 28.688652 9
-36.627426 -748.260620 37.569767 9
-37.837257 -737.435852 2.590990 9
-37.638920 -739.049011 35.026894 9
-35.420658 -749.605896 45.371002 9
-37.021309 -748.825073 39.456066 9
-37.068832 -748.330139 38.225956 9
-35.978539 -738.562561 26.304213 9
-36.439625 -736.663147 1.342993 9
-38.902363 -743.876099 27.088688 9
-39.941864 -737.358765 44.738468 9
-35.309891 -742.479797 25.098259 9
-36.901485 -738.627625 0.933977 9
-35.905495 -736.606079 34.152008 9
-36.992420 -739.023010 33.375904 9
-36.675999 -749.939758 43.684437 9
-36.320446 -737.126404 2.317391 9
-40.888123 -746.587097 34.921898 9
-35.702644 -740.065613 16.031189 9
-35.757389 -746.390442 34.151810 9
-33.050522 -741.053406 25.922318 9
-33.559231 -742.594604 28.695826 9
-34.421112 -739.626953 18.942778 9
-31.484083 -746.073914 39.921970 9
-38.588566 -737.687256 31.455677 9
-35.449024 -744.028809 28.797874 9
-35.760742 -738.236328 0.947751 9
-38.728935 -738.373718 36.100807 9
-39.551601 -748.359131 39.189537 9
-35.313297 -741.259766 21.328461 9
-40.346115 -743.311829 27.105921 9
-34.279499 -749.518616 42.710663 9
-38.580467 -736.943115 34.943134 9
-37.192020 -736.745911 4.184957 9
-31.434978 -749.684326 45.144321 9
-36.440960 -737.037781 28.133348 9
-36.026882 -745.132996 31.111019 9
-36.245476 -748.006775 37.178707 9
-37.859283 -748.504822 38.526936 9
-40.404781 -747.475159 36.466507 9
-39.246243 -746.950989 34.290276 9
-33.586872 -748.754211 41.560722 9
-35.732029 -737.907410 3.543414 9
-36.916615 -738.870789 29.031475 9
-37.033676 -736.316711 10.289220 9
-35.754345 -737.366882 31.304192 9
-31.176214 -745.947754 41.897724 9
-35.956535 -737.142822 4.952887 9
-36.323643 -737.464478 10.703437 9
-35.523880 -737.481506 31.809490 9
-37.934261 -737.877625 9.567723 9
-37.578106 -740.324280 16.411392 9
-38.404484 -738.397400 5.883476 9
-38.849701 -743.333984 25.686916 9
-36.250175 -745.603882 32.039322 9
-39.643108 -742.260193 23.827944 9
-32.618805 -749.258728 43.822929 9
-37.281181 -736.789001 6.212980 9
-35.884033 -748.287842 38.036560 9
-35.675343 -749.698792 40.840004 9
-40.095058 -739.515259 20.204685 9
-34.416180 -745.399536 33.514786 9
-38.732193 -748.451599 38.490620 9
-37.162926 -749.617737 42.992699 9
-39.079082 -743.068237 25.338526 9
-35.983452 -738.476318 10.249078 9
-31.206108 -741.822510 31.711657 9
-37.622471 -736.933472 9.448730 9
-37.177032 -739.125488 34.229439 9
-30.804007 -741.207703 31.314823 9
-38.033466 -746.109741 32.532928 9
-36.217575 -738.296021 1.597333 9
-36.974209 -745.982361 32.298080 9
-34.110672 -747.620178 38.010632 9
-31.000624 -740.557556 29.264933 9
-38.274601 -749.367859 41.775715 9
-37.989582 -738.630005 11.904548 9
-38.916584 -738.860901 16.787777 9
-37.998802 -749.120728 42.103210 9
-35.927982 -738.776001 24.361723 9
-37.470070 -739.066040 0.015594 9
-38.144260 -739.186951 14.930677 9
-37.928436 -738.049072 24.092012 9
-37.206467 -736.031860 38.385410 9
-39.149368 -745.240601 31.148035 9
-38.879593 -739.029846 16.389814 9
-38.445599 -737.936218 2.630938 9
-41.100815 -742.943054 26.938585 9
-37.224945 -736.402161 31.947384 9
-32.525707 -742.455872 30.159050 9
-38.177559 -737.544373 24.763042 9
-31.913012 -747.440735 41.988308 9
-30.726511 -743.387451 36.602005 9
-37.468124 -747.101685 35.030624 9
-39.289059 -739.649475 18.544300 9
-36.059978 -739.402161 12.566264 9
-34.383755 -750.540283 45.667496 9
-36.765987 -736.416077 0.466788 9
-38.996685 -738.487366 42.244541 9
-36.677799 -737.500488 11.546070 9
-41.659115 -744.705505 31.493113 9
-38.693615 -738.479919 15.959153 9
-37.898464 -748.970398 39.897747 9
-35.900711 -736.943848 32.316006 9
-38.818726 -737.962219 32.645679 9
-41.434929 -741.864441 24.631289 9
-34.258312 -744.435059 31.892168 9
-39.497963 -738.365112 18.484425 9
-36.451530 -736.776245 7.650430 9
-37.748856 -738.464966 20.346188 9
-36.976620 -740.248352 14.114972 9
-36.376328 -749.410339 40.942226 9
-37.705444 -747.974792 37.320648 9
-39.162487 -736.960083 38.996822 9
-34.625858 -741.460876 23.223322 9
-41.474655 -743.866638 29.892038 9
-39.328995 -737.361938 39.661137 9
-32.443035 -741.068420 27.736704 9
-36.843956 -737.508484 13.921687 9
-37.671501 -737.154907 11.437423 9
-34.307999 -742.928406 28.159397 9
-36.179104 -737.615601 14.086131 9
-33.423187 -743.749939 31.387756 9
-38.191170 -737.634521 26.301941 9
-36.975254 -748.082153 36.911945 9
-36.269028 -742.032288 20.149334 9
-36.576527 -742.409973 22.488531 9
-30.286652 -744.164490 39.291634 9
-37.867809 -741.486328 20.727209 9
-40.750763 -741.407959 23.187256 9
-39.331989 -738.308105 41.654396 9
-33.271442 -740.669189 24.379246 9
-32.060719 -741.081604 28.318741 9
-36.602734 -739.216980 8.714946 9
-39.323750 -746.142761 33.235512 9
-38.241112 -748.073120 37.469330 9
-39.442226 -738.018127 43.182934 9
-35.459969 -738.363892 29.904108 9
-37.243732 -736.859558 7.264519 9
-39.990906 -737.500977 44.129284 9
-39.114765 -746.313354 33.691261 9
-37.397751 -746.219116 32.774235 9
-41.360092 -740.014160 22.500259 9
-38.108120 -739.459900 0.295537 9