-36.895966 -735.800110 38.650948 9
-38.888733 -738.882874 -0.845707 9
-36.517860 -741.832642 19.156633 9
-33.034225 -751.329773 46.278442 9
-41.925457 -744.295776 30.532131 9
-30.631823 -740.448364 29.489544 9
-36.763718 -736.052124 9.745735 9
-34.056293 -747.055115 36.813118 9
-38.250473 -737.033875 26.867020 9
-39.962070 -737.291809 46.364277 9
-38.424927 -749.145203 42.119522 9
-30.430431 -746.054932 42.629341 9
-35.844090 -743.482727 26.070135 9
-32.351185 -738.396606 23.250107 9
-40.679688 -747.526001 36.123623 9
-37.103558 -738.950500 32.959450 9
-41.175877 -741.459900 23.434225 9
-30.308010 -742.409607 35.305855 9
-35.662395 -737.500977 4.026605 9
-38.433231 -737.611572 15.414779 9
-36.226650 -745.399170 31.627098 9
-37.714512 -737.176941 21.532850 9
-34.257801 -737.675476 18.010307 9
-39.113071 -738.755554 41.830196 9
-36.611240 -740.197388 11.816398 9
-33.904003 -748.744812 41.193954 9
-33.228584 -747.161987 45.656075 9
-39.940083 -743.425842 26.932219 9
-30.983322 -744.719177 38.764328 9
-36.938751 -739.518372 7.563001 9
-32.654266 -743.217224 31.712080 9
-35.543518 -738.991699 29.101551 9
-39.145657 -738.178589 36.315056 9
-37.495491 -748.399658 38.325802 9
-36.426048 -736.009949 0.357102 9
-34.879921 -741.406372 22.866468 9
-32.813370 -740.892761 26.254572 9
-39.498726 -739.328186 18.794065 9
-36.296185 -740.735046 15.545101 9
-37.175636 -747.297424 34.772621 9
-35.919304 -749.605347 44.798210 9
-35.670788 -736.287292 35.034481 9
-39.962532 -745.886047 33.022835 9
-36.031872 -738.361328 24.396162 9
-37.835373 -736.547119 30.469915 9
-38.627274 -738.768433 2.805464 9
-39.384041 -735.746643 43.336548 9
-37.973457 -742.524292 23.627590 9
-32.638184 -744.793274 34.800842 9
-35.430893 -737.931885 14.004553 9
-34.796848 -743.588013 29.263672 9
-38.801102 -744.827026 29.630825 9
-38.351238 -737.211609 5.852912 9
-33.832920 -739.452087 20.654016 9
-38.032551 -739.352112 38.946136 9
-37.947800 -737.352234 12.339566 9
-37.305244 -737.256836 18.401562 9
-39.193764 -741.274841 21.070173 9
-30.509563 -741.304810 32.468254 9
-32.932526 -749.549194 43.891773 9
-35.749229 -736.874756 7.133239 9
-38.612690 -736.702942 33.885788 9
-32.640358 -746.970642 39.309765 9
-41.139004 -739.281311 21.471375 9
-39.249771 -736.924622 39.716801 9
-35.296844 -737.593872 31.452585 9
-37.866814 -738.515930 9.899128 9
-34.962242 -745.988953 33.950516 9
-35.848927 -738.388977 1.391469 9
-32.359470 -744.856995 44.689823 9
-32.804726 -741.966248 28.653927 9
-36.358635 -749.339539 40.495979 9
-41.752144 -742.404358 28.459080 9
-35.201195 -740.073669 17.806219 9
-30.932648 -747.995483 44.275753 9
-36.795555 -738.892700 35.489338 9
-36.329899 -739.388916 26.736320 9
-37.917442 -739.462158 13.815724 9
-36.917923 -739.383911 5.069467 9
-41.714085 -741.418030 25.858074 9
-36.130329 -738.120300 16.373199 9
-34.845890 -748.194885 38.874741 9
-31.550459 -738.897949 25.546822 9
-38.289955 -739.787781 16.669930 9
-37.771053 -736.114441 36.294491 9
-37.929512 -738.477234 28.960266 9
-37.025684 -744.069885 28.109613 9
-37.588459 -739.315735 22.674181 9
-37.382099 -736.713257 2.480136 9
-38.517941 -736.492554 -0.742469 9
-39.908962 -748.494019 38.292637 9
-36.849777 -741.995239 21.535603 9
-35.861496 -737.978088 11.403307 9
-38.061916 -737.185242 24.541403 9
-39.890526 -737.960022 43.954014 9
-32.026768 -747.379211 41.571861 9
-35.987602 -738.652100 20.922718 9
-35.367153 -749.895020 42.565441 9
-38.222832 -736.951599 8.124426 9
-34.267742 -749.039795 46.473820 9
-32.258255 -745.629089 37.110043 9
-38.354023 -735.536743 41.249771 9
-36.172596 -737.314697 27.729837 9
-33.220341 -740.389893 23.950737 9
-36.527878 -736.582764 33.006905 9
-38.043816 -743.285217 25.708494 9
-36.684181 -738.442322 -0.680618 9
-34.291092 -744.571167 32.360756 9
-36.167072 -747.815491 36.660149 9
-38.510296 -747.658142 36.489708 9
-37.805923 -746.279053 32.884853 9
-34.578465 -741.956848 24.983400 9
-31.375868 -739.563049 27.631832 9
-30.331167 -743.096863 37.370693 9
-39.916382 -742.654480 24.759888 9
-31.573851 -742.945496 33.577827 9
-38.760780 -738.078796 31.681431 9
-38.768181 -748.297546 40.151787 9
-30.244728 -744.906250 40.781296 9
-34.282455 -742.591736 27.257832 9
-36.097660 -737.910706 8.967731 9
-37.903797 -738.611450 19.970526 9
-38.259735 -737.793030 0.902419 9
-41.413273 -746.707886 34.303520 9
-39.057472 -737.784241 17.448406 9
-39.293182 -746.819885 34.740005 9
-37.084206 -738.910950 30.778534 9
-31.836948 -741.768921 30.507494 9
-35.180904 -740.975220 20.467100 9
-35.067814 -750.984009 46.030067 9
-40.540749 -744.009949 28.843872 9
-41.768620 -745.397217 32.221989 9
-31.571270 -750.076477 45.260708 9
-40.094921 -745.134277 31.195244 9
-36.026470 -742.960266 24.068546 9
-38.125172 -740.732056 18.544519 9
-38.892559 -736.829712 37.753139 9
-32.959484 -737.793457 21.267530 9
-36.089729 -737.209106 29.704632 9
-36.572411 -737.054199 25.837135 9
-38.443455 -738.573730 34.418995 9
-35.956322 -738.561707 18.900106 9
-36.006130 -739.814575 13.748372 9
-36.336918 -744.619812 29.824869 9
-31.470524 -744.111816 36.218861 9
-36.694286 -741.261719 17.332407 9
-37.148479 -749.885010 43.347935 9
-36.193684 -737.696350 22.555553 9
-39.511337 -736.907410 41.819126 9
-36.742611 -738.685730 2.983633 9
-37.398872 -739.258301 37.200970 9
-37.975208 -737.568481 4.068681 9
-38.108013 -745.547119 31.213215 9
-36.619526 -736.834290 5.424404 9
-36.685299 -739.814453 9.489841 9
-37.689793 -736.701843 28.616453 9
-37.220951 -737.382202 14.101976 9
-33.250504 -743.042297 30.043245 9
-39.604935 -741.870605 22.703218 9
-37.780289 -738.403076 25.819473 9
-33.859352 -746.005249 35.401535 9
-31.431244 -746.160095 40.350544 9
-34.155079 -739.195251 18.938768 9
-37.892803 -739.020020 11.665656 9
-33.734447 -740.275818 22.172203 9
-40.434948 -738.558777 20.027109 9
-35.382599 -746.830139 35.448147 9
-38.742996 -744.216370 27.978371 9
-39.957493 -736.297607 44.880268 9
-32.188438 -748.147766 43.086639 9
-34.298214 -750.189087 44.676514 9
-36.249321 -736.015259 37.029869 9
-38.170086 -738.490112 7.003887 9
-35.434658 -739.300537 15.342793 9
-33.620029 -737.786926 19.698372 9
-39.288345 -738.294678 38.555950 9
-34.965263 -744.345459 30.843908 9
-37.769203 -738.833618 18.115248 9
-37.819515 -741.299927 20.126503 9
-38.949669 -738.535156 40.176590 9
-37.149536 -739.567932 24.528999 9
-37.480743 -739.128113 1.505510 9
-36.143822 -738.282654 6.091889 9
-36.730404 -737.422913 19.944962 9
-37.249653 -737.310364 10.831326 9
-37.511951 -737.316772 16.758837 9
-34.708321 -738.816711 16.818636 9
-38.012775 -736.721252 32.324154 9
-35.471924 -743.565857 27.742796 9
-38.102585 -737.787476 23.022085 9
-33.055195 -744.172058 33.335361 9
-37.281136 -736.339050 34.706177 9
-41.192631 -739.959656 22.916958 9
-41.332561 -742.579651 26.884863 9
-39.934383 -740.019226 20.319351 9
-33.900352 -749.274475 42.689438 9
-37.238174 -735.749329 40.170456 9
-36.257607 -746.022583 33.082417 9
-37.539387 -738.644653 27.402109 9
-36.357872 -737.458923 12.809376 9
-38.483833 -739.192383 15.240418 9
-31.785669 -740.795471 28.473881 9
-32.103584 -746.356445 44.864147 9
-36.581665 -736.737488 31.395447 9
-37.257893 -736.773254 6.848163 9
-36.969959 -749.637024 41.862114 9
-38.821262 -737.035034 35.365345 9
-30.507671 -741.900269 33.887478 9
-33.651531 -747.444214 38.280262 9
-35.998974 -737.380737 2.508871 9
-36.212631 -748.823059 39.002811 9
-38.598160 -737.789978 30.178968 9
-33.584839 -748.082703 39.695587 9
-38.256340 -741.973877 22.034895 9
-37.598965 -749.130554 39.632378 9
-35.503674 -737.321228 33.764484 9
-31.536797 -742.233643 31.933941 9
-30.839090 -740.795471 31.019289 9
-36.242706 -737.022217 -0.731940 9
-35.890263 -738.978149 12.480466 9
-38.010891 -736.820618 9.601759 9
-36.789227 -737.111694 23.798155 9
-31.859976 -745.893188 38.590649 9
-38.338383 -736.032532 38.981773 9
-34.978325 -748.918823 40.171024 9
-37.791042 -738.679932 8.419853 9
-36.628349 -736.682129 8.273842 9
-36.016403 -739.355835 10.801317 9
-36.702568 -742.300232 22.956043 9
-36.082684 -738.293945 7.576907 9
-35.502724 -740.767700 19.036798 9
-38.208351 -739.783203 0.028816 9
-32.503040 -739.880615 25.085211 9
-38.651867 -738.523193 5.314042 9
-33.835133 -745.117737 34.062695 9
-38.609047 -738.040649 33.105118 9
-31.657719 -743.648743 34.886551 9
-32.974079 -750.397827 45.146454 9
-42.035194 -743.486694 29.360577 9
-37.447350 -736.959106 0.058937 9
-35.971840 -737.184692 10.221496 9
-36.860065 -736.699097 3.889162 9
-37.902397 -738.923218 21.352205 9
-38.125671 -738.991577 4.090580 9
-35.953800 -738.312134 25.843361 9
-33.161907 -739.006531 21.959982 9
-36.515228 -737.097168 1.236951 9
-36.744560 -738.277161 34.131199 9
-37.251495 -743.672607 26.800962 9
-40.698238 -741.054626 22.189056 9
-41.474865 -740.758606 24.652414 9
-36.457870 -737.977966 32.207905 9
-31.270615 -747.137207 42.828724 9
-35.119202 -747.735168 37.583530 9
-37.387295 -740.081238 14.991848 9
-39.753849 -747.794922 37.116398 9
-35.191723 -738.431519 30.358925 9
-36.811607 -743.016479 25.200935 9
-35.744228 -738.631348 27.805511 9
-36.288033 -737.783020 15.032972 9
-33.524845 -741.100220 25.116905 9
-33.929848 -742.818909 28.555050 9
-31.916431 -739.876526 26.401594 9
-35.613911 -740.055054 16.494213 9
-33.806862 -743.742249 31.159845 9
-35.519466 -741.501038 21.684372 9
-38.060463 -738.917114 35.994801 9
-37.314201 -735.758057 -0.616100 9
-40.619091 -744.423218 30.101740 9
-37.887157 -738.486084 24.140272 9
-38.623936 -738.696167 37.450211 9
-38.159176 -738.219299 13.407709 9
-33.227222 -741.723022 27.223249 9
-37.518642 -744.652100 29.216825 9
-37.735897 -736.158875 37.643524 9
-32.809658 -748.402100 41.940784 9
-38.804951 -738.595703 16.408754 9
-38.865040 -745.746948 32.296181 9
-31.346575 -744.552917 37.460190 9
-31.762535 -749.018372 44.298279 9
-36.266647 -737.940125 17.769707 9
-38.679268 -748.679504 38.837250 9
-31.018427 -745.687988 41.518841 9
-35.240910 -749.540222 41.291889 9
-39.707138 -737.984985 18.580164 9
-37.825432 -749.252747 40.925220 9
-39.240479 -739.228882 17.473984 9
-35.069237 -737.491516 16.998106 9
-38.702053 -743.870972 26.689014 9
-33.306183 -749.957153 46.341064 9
-36.090828 -746.586060 34.367283 9
-39.087788 -740.536133 19.415987 9
-38.136303 -746.640259 34.101257 9
-39.371475 -737.840942 42.725933 9
-37.292160 -739.577881 10.611609 9
-37.070114 -740.068054 13.038835 9
-33.935608 -741.879761 26.101036 9
-35.071205 -737.999207 15.373876 9
-37.303905 -747.620239 36.023724 9
-41.025330 -741.954590 24.721104 9
-35.135353 -745.491394 32.692291 9
-37.232719 -738.952698 6.244202 9
-35.968170 -737.793884 0.251693 9
-36.419041 -738.503662 4.252715 9
-38.722416 -743.055481 24.630417 9
-38.520973 -737.988464 27.898874 9
-35.265015 -750.118835 43.824493 9
-32.735329 -745.498718 35.926640 9
-36.232082 -741.685791 20.397148 9
-40.454266 -742.832214 25.898796 9
-32.676052 -747.609741 40.475895 9
-36.492851 -737.536743 21.277636 9
-34.126469 -741.291992 23.981668 9
-38.645538 -748.189392 37.637051 9
-36.259102 -748.334595 37.818069 9
-41.369900 -745.939392 33.292068 9
-41.025883 -743.286560 27.876377 9
-37.252853 -740.625488 16.411272 9
-32.077190 -738.516479 24.459671 9
-34.565514 -740.204529 19.632887 9
-37.023270 -745.265686 30.640802 9
-39.967094 -737.556824 45.132988 9
-37.755569 -736.159058 10.647571 9
-32.938267 -748.378235 45.687527 9
-32.900116 -746.509583 37.734653 9
-37.785500 -738.838684 31.916222 9
-37.499001 -748.771606 42.855221 9
-38.497017 -737.765259 -0.451519 9
-35.869331 -744.151367 28.773582 9
-38.665146 -736.102417 42.314854 9
-34.969627 -742.541626 26.085192 9
-33.071045 -739.517395 23.103111 9
-39.488628 -737.570801 40.723248 9
-37.449039 -738.779358 0.336633 9
-38.151890 -736.563660 0.979644 9
-38.195072 -737.546265 2.840932 9
-37.304573 -748.000671 37.187038 9
-32.314041 -740.855835 27.372173 9
-38.263443 -747.122864 35.325779 9
-40.466599 -746.911194 35.085602 9
-39.848198 -736.883972 43.329865 9
-35.242043 -742.023315 23.954256 9
-39.472023 -747.260132 35.874622 9
-36.621696 -736.158081 35.788200 9
-30.194096 -744.335815 39.694313 9
-36.131138 -739.079407 8.497203 9
-37.003727 -736.858337 26.981400 9
-39.260742 -743.213318 25.768005 9
-36.819084 -740.659851 14.065751 9
-36.444805 -737.819275 30.849342 9
-30.810101 -742.914917 36.275574 9
-30.335861 -743.723511 38.401073 9
-39.200783 -742.489197 23.646826 9
-38.800980 -736.924194 36.562218 9
-38.467594 -736.132324 40.161526 9
-35.603989 -737.164917 32.530392 9
-37.751816 -736.972473 25.689678 9
-40.181789 -746.334534 34.099945 9
-37.819702 -737.362976 19.513872 9
-35.696266 -737.614929 5.218130 9
-38.614643 -738.807617 1.580639 9
-37.580624 -736.301514 33.495564 9
-35.891285 -738.624756 23.260788 9
-34.276566 -740.464172 21.047359 9
-33.947010 -750.712341 45.722168 9
-37.301262 -737.277283 15.595981 9
-37.224865 -737.120361 22.617584 9
-37.043957 -738.924438 29.560940 9
-36.082344 -738.797791 9.715968 9
-41.237621 -744.717590 31.364620 9
-32.294872 -743.419617 32.802887 9
-37.683346 -736.888855 4.960647 9
-37.724556 -740.557251 17.479485 9
-32.059978 -741.478210 29.392870 9
-37.244446 -745.839905 31.955021 9
-31.043829 -745.237366 39.799770 9
-35.133495 -749.892578 45.664928 9
-35.779251 -737.814758 28.684742 9
-38.920670 -746.242432 33.321800 9
-35.697868 -742.728943 25.208586 9
-40.587234 -745.335876 32.204617 9
-38.662804 -738.796265 0.361383 9
-35.145962 -747.247498 36.492138 9
-38.323212 -737.365479 6.980292 9
-38.454048 -737.446289 29.118279 9
-38.496159 -737.024048 31.235487 9
-37.067196 -746.538757 33.745129 9
-37.773125 -738.751831 -0.758432 9
-38.349869 -738.290222 14.524759 9
-36.325665 -736.476990 34.107327 9
-37.955040 -738.335938 17.106598 9
-40.179306 -741.954895 23.798189 9
-37.058685 -736.657593 29.593897 9
-39.442585 -744.323120 28.884546 9
-34.375801 -738.836365 17.903538 9
-37.445145 -739.030029 34.558586 9
-35.624592 -737.133728 15.820855 9
-33.343292 -746.283691 36.499886 9
-34.112171 -749.830627 43.642963 9
-37.708687 -739.152710 12.751374 9
-39.859051 -743.880676 27.937517 9
-31.024921 -742.743408 34.540375 9
-35.968029 -738.746094 22.172617 9
-32.213722 -750.668823 45.950840 9
-37.886047 -737.670837 8.931201 9
-31.042568 -742.147095 32.935520 9
-32.193066 -743.872742 33.928288 9
-37.081894 -741.215027 18.358280 9
-35.087631 -745.002380 31.707460 9
-36.966808 -737.365967 11.886472 9
-36.706375 -739.566711 25.522358 9
-35.882622 -740.947083 17.986637 9
-39.037907 -745.259766 30.729738 9
-38.396294 -737.580261 10.263827 9
-37.116001 -738.936401 28.423811 9
-39.330051 -737.237000 38.664890 9
-36.834717 -739.059387 23.515369 9
-32.915775 -748.928467 42.913399 9
-38.717541 -740.030334 17.971731 9
-34.498619 -741.024536 21.953726 9
-39.053371 -738.067017 35.127991 9
-39.278431 -737.844238 37.580997 9
-37.921440 -737.964600 20.804972 9
-30.857178 -740.061646 28.414682 9
-30.580744 -747.009094 43.644043 9
-38.617142 -737.534973 16.514732 9
-34.281349 -743.707031 30.202946 9
-36.527027 -736.981995 28.688684 9
-33.479778 -738.450928 20.588074 9
-36.061707 -737.738037 26.761297 9
-37.795929 -738.217651 10.927765 9
-38.039238 -738.852905 33.490582 9
-32.498390 -742.640442 30.840540 9
-35.865364 -744.926880 30.722052 9
-36.317528 -747.320557 35.591892 9
-35.469948 -738.943176 14.291235 9
-36.369232 -737.386902 24.851315 9
-37.902531 -738.597351 30.142481 9
-39.034363 -736.383850 41.010479 9
-37.751106 -741.588501 21.142153 9
-35.999092 -740.091919 14.770495 9
-36.473042 -736.992310 9.314537 9
-38.513767 -737.968018 8.087069 9
-37.054119 -742.534058 24.111763 9
-37.968559 -745.128540 30.194515 9
-35.969254 -737.237183 6.161032 9
-36.165768 -737.194702 14.122421 9
-39.404381 -747.971008 39.042999 9
-37.813133 -738.082458 22.029219 9
-36.472832 -737.657654 18.913651 9
-35.336864 -744.301880 29.872576 9
-37.651707 -738.917236 2.513017 9
-33.821930 -740.698486 23.130709 9
-37.667751 -738.658752 4.974670 9
-38.880699 -737.646362 34.200340 9
-33.435062 -744.005981 32.274311 9
-37.795586 -738.265381 19.014046 9
-32.631180 -742.274414 29.762653 9
-38.288319 -748.416687 41.286076 9
-34.438450 -746.780518 35.894279 9
-31.216331 -741.108398 30.006859 9
-36.936420 -739.262390 3.823592 9
-35.736210 -742.026978 22.747744 9
-34.634823 -746.376648 34.837234 9
-32.113338 -744.654297 35.650387 9
-36.326439 -749.989502 43.952667 9
-36.399826 -749.859253 42.670277 9
-36.415466 -743.705017 27.359591 9
-36.464661 -736.109131 1.413525 9
-39.277538 -736.409485 44.139793 9
-35.168839 -742.995483 26.965424 9
-32.441303 -747.572693 45.176182 9
-38.046047 -738.908875 39.853840 9
-38.071800 -736.151123 35.338783 9
-32.685146 -738.107544 22.180641 9
-36.025322 -738.044495 3.256473 9
-41.565208 -740.535645 23.635857 9
-38.606182 -738.237244 3.646800 9
-31.454006 -746.551941 41.275814 9
-32.614216 -739.187561 23.914936 9
-39.673286 -744.771606 30.161011 9
-36.439602 -738.898865 6.835534 9
-37.685143 -743.025085 24.717262 9
-38.357445 -737.977295 26.594748 9
-37.082912 -739.343811 8.653424 9
-37.872936 -743.948364 27.515469 9
-36.244537 -740.830078 16.553099 9
-37.261410 -738.679565 25.006071 9
-35.639915 -738.138062 12.946327 9
-41.362366 -742.331543 25.742422 9
-39.372887 -737.891663 39.540310 9
-36.074966 -736.751038 3.263161 9
-35.996658 -737.414795 8.098019 9
-37.529827 -736.454651 31.526983 9
-40.364006 -736.767273 45.627853 9
-34.463348 -749.195679 41.881279 9
-37.307507 -737.301270 13.120587 9
-32.275528 -749.897461 44.618275 9
-32.980080 -746.257507 45.268345 9
-34.696789 -739.959900 18.660465 9
-35.251888 -750.412109 44.847282 9
-37.560913 -741.174683 19.203501 9
-39.977898 -740.619812 21.067333 9
-38.751244 -741.099243 20.185791 9
-32.061043 -746.870728 40.209648 9
-38.039047 -737.363281 1.745447 9
-37.673080 -742.118042 22.785795 9
-36.250767 -738.281006 2.254794 9
-37.958706 -739.136841 38.011742 9
-38.667450 -742.177490 22.886169 9
-36.583065 -738.439148 0.612803 9
-34.321945 -745.029297 33.244900 9
-39.500263 -737.890503 41.666565 9
-37.797188 -736.867310 3.407440 9
-38.010544 -738.293274 6.056654 9
-37.213581 -739.292542 36.258751 9
-40.416061 -739.314209 20.758831 9
-38.356457 -744.700378 28.713728 9
-33.839306 -738.886414 19.815359 9
-38.350384 -737.675049 4.980464 9
-37.452866 -737.172241 20.567976 9
-34.686291 -743.070496 28.019789 9
-37.367310 -736.684326 1.519741 9
-37.445477 -736.769836 8.778469 9
-36.984692 -738.957703 22.021929 9
-34.063389 -738.260620 18.781389 9
-31.935221 -744.914429 36.551147 9
-37.672943 -736.965271 27.654148 9
-36.632210 -736.797058 30.423590 9
-36.885910 -749.197632 43.967930 9
-38.146664 -738.073425 25.000345 9
-41.171497 -743.873779 29.554876 9
-35.959736 -738.103271 10.474812 9
-35.690773 -738.120789 29.619801 9
-37.468456 -739.360107 9.700286 9
-37.824440 -739.856506 15.808517 9
-38.155819 -738.437012 31.060623 9
-38.647888 -737.415771 32.345993 9
-36.619511 -737.564026 16.951639 9
-38.625042 -738.761780 41.033298 9
-40.020515 -737.009583 44.265205 9
-31.203985 -741.621033 31.274200 9
-37.769775 -737.116333 23.590853 9
-36.751663 -743.235779 26.122549 9
-33.373844 -745.384399 34.886765 9
-36.115940 -737.762024 23.683228 9
-30.910839 -743.778259 37.068066 9
-36.524193 -738.014404 33.149059 9
-36.019081 -749.655151 41.780815 9
-36.268143 -736.960266 4.548962 9
-36.522083 -737.031555 0.298119 9
-39.931049 -739.285828 19.739494 9
-41.195168 -740.055054 21.980003 9
-31.259504 -739.303772 26.729294 9
-36.193699 -742.478210 22.014563 9
-38.680309 -738.688354 39.147549 9
-39.710106 -745.525513 31.976074 9
-33.474266 -742.239197 27.940775 9
-33.363342 -748.217224 40.623440 9
-37.940971 -738.344971 12.365110 9
-37.311245 -739.633850 12.055477 9
-36.623466 -736.268372 37.843983 9
-37.067120 -738.793396 26.257307 9
-38.523335 -738.076538 2.181329 9
-36.020710 -739.000183 25.046146 9
-34.922901 -738.710144 15.911923 9
-37.211143 -737.007996 24.870996 9
-35.703434 -738.975281 13.379972 9
-36.770531 -736.636414 10.446535 9
-41.911633 -742.688660 27.597574 9
-37.569935 -738.482300 23.261778 9
-38.025497 -736.767212 29.527647 9
-35.941994 -738.860352 11.578867 9
-41.374508 -743.364929 28.745872 9
-34.163063 -748.548645 40.296928 9
-35.770004 -749.090637 39.752411 9
-31.976908 -746.372925 39.369087 9
-37.175766 -736.397278 32.370682 9
-35.550369 -748.418457 38.354065 9
-39.108067 -741.733215 21.899712 9
-31.099346 -746.400574 42.174667 9
-31.125919 -743.389404 35.545132 9
-34.267628 -747.484680 37.574356 9
-40.383625 -741.540771 23.029686 9
-35.674103 -737.666504 30.396681 9
-32.469379 -741.367798 28.083967 9
-37.843117 -737.968567 15.987309 9
-37.427288 -736.841736 5.807837 9
-35.879650 -738.619080 26.756649 9
-37.533825 -735.880859 39.333370 9
-33.455864 -750.081055 44.386173 9
-36.717216 -749.008728 39.721706 9
-31.610081 -748.307922 43.783741 9
-35.966927 -737.827576 6.828948 9
-33.641716 -739.651855 21.558939 9
-31.667919 -742.724121 32.719482 9
-37.426643 -738.809998 7.406001 9
-32.717644 -740.080261 25.943722 9
-31.483612 -745.120361 38.125259 9
-39.244820 -738.622681 18.132629 9
-35.726109 -740.528625 17.221451 9
-37.112461 -736.033081 36.896778 9
-33.290302 -742.563843 29.105469 9
-39.871487 -738.428223 19.322908 9
-36.256336 -739.742188 12.733232 9
-36.772163 -738.619995 1.633055 9
-39.443245 -736.508423 42.599552 9
-36.379974 -736.565369 6.596070 9
-37.922306 -737.530762 14.709245 9
-37.021549 -741.543945 19.827089 9
-36.507275 -736.197693 -0.496139 9
-37.365402 -736.931458 7.862448 9
-36.513348 -736.794250 2.117313 9
-33.565380 -748.889282 41.988407 9
-34.523701 -738.105225 17.285713 9
-36.655201 -744.477234 29.030430 9
-38.270210 -736.687683 34.685402 9
-35.060688 -739.667419 17.003994 9
-32.347679 -748.911987 43.671894 9
-37.782410 -737.551636 11.478696 9
-38.282497 -736.369141 37.001030 9
-34.162319 -745.674011 34.640381 9
-35.970108 -741.320740 19.579285 9
-40.766071 -743.200928 27.017223 9
-33.295132 -747.484863 39.069294 9
-34.367325 -744.296570 31.498505 9
-35.717030 -737.566040 1.584656 9
-38.702843 -737.192078 33.177563 9
-31.296324 -749.256165 44.981236 9
-36.299397 -736.761902 32.205719 9
-36.468174 -737.353699 11.137332 9
-38.281361 -737.196167 28.250982 9
-34.587997 -749.723389 42.947060 9
-31.994078 -747.668762 42.375229 9
-31.399065 -740.784668 29.233904 9
-30.927057 -745.473694 40.706383 9
-38.182209 -748.960571 40.222698 9
-34.031277 -743.217834 29.322390 9
-31.188400 -747.598633 43.529423 9
-37.638390 -737.314941 17.623756 9
-37.300426 -739.947754 14.173868 9
-36.429081 -738.636047 5.094748 9
-36.578835 -738.968262 33.613758 9
-38.106472 -738.890259 35.147263 9
-31.780796 -740.293091 27.780277 9
-35.778648 -740.080688 15.601645 9
-36.109268 -738.350708 19.708384 9
-34.790123 -737.968445 16.270834 9
-36.987968 -741.542175 20.807095 9
-35.935444 -745.644958 32.387974 9
-31.956024 -745.601257 44.533756 9
-39.284611 -743.876709 27.293470 9
-34.667763 -748.987122 40.974522 9
-33.639877 -744.613464 32.934750 9
-37.045280 -748.676697 39.013313 9
-38.650589 -738.427185 15.535448 9
-38.048771 -745.962585 32.124718 9
-37.464603 -739.384277 35.402626 9
-38.013489 -737.458252 13.747333 9
-39.317486 -748.593872 39.585522 9
-38.158043 -738.612793 32.687077 9
-37.679955 -738.910522 3.366436 9
-40.020679 -744.333496 29.501173 9
-35.750488 -746.137573 33.764694 9
-37.173344 -749.398682 40.376945 9
-39.091663 -740.078430 18.707560 9
-34.527588 -750.277161 46.147762 9
-36.975437 -746.130493 32.698452 9
-37.114075 -744.931213 29.879997 9
-35.628536 -736.976074 34.500069 9
-34.079384 -747.931763 39.047928 9
-33.041878 -740.493408 24.811840 9
-37.883362 -739.474182 14.728703 9
-32.771252 -744.495850 34.041100 9
-40.284836 -748.194519 37.633434 9
-37.670532 -736.485168 -0.737812 9
-36.049274 -742.388489 23.462067 9
-35.953323 -737.155273 30.989546 9
-37.996189 -735.458130 40.288929 9
-33.566978 -746.966553 37.591206 9
-36.428757 -738.419250 31.518667 9
-34.937416 -741.039490 21.261368 9
-36.218243 -736.399109 7.637341 9
-37.044262 -736.701355 28.112267 9
-36.732719 -737.550354 16.102064 9
-32.740437 -747.963074 41.255302 9
-38.572849 -738.686707 38.331585 9
-38.361145 -736.621216 35.951164 9
-37.822502 -738.125061 7.657414 9
-36.899437 -736.963806 3.085135 9
-33.132751 -743.277405 30.815241 9
-37.631260 -749.316833 42.254631 9
-38.117653 -738.954590 36.863914 9
-30.362690 -745.492126 41.946613 9
-36.770275 -740.611694 14.868153 9
-32.399773 -746.521301 38.637745 9
-35.945274 -736.596619 35.745785 9
-39.710270 -741.225647 21.696556 9
-31.366756 -745.408997 39.023296 9
-38.374794 -736.321106 38.147186 9
-36.061916 -737.912720 -0.691510 9
-41.672714 -743.544189 30.108473 9
-36.438637 -741.618958 18.098833 9
-36.985958 -738.965149 32.027164 9
-30.837830 -744.039429 37.849194 9
-36.037506 -738.649597 18.082365 9
-37.718636 -737.559021 9.783858 9
-37.863518 -748.862061 38.915886 9
-37.774242 -744.331116 28.294142 9
-38.856476 -736.658081 38.981506 9
-39.056568 -745.458374 31.529703 9
-35.380623 -737.885071 32.203270 9
-34.571144 -748.510376 39.592583 9
-33.348267 -741.387146 25.859402 9
-35.854816 -750.052979 43.227982 9
-38.141018 -739.473999 -0.724044 9
-39.111767 -748.326538 38.262463 9
-35.893616 -737.851562 12.239083 9
-32.149208 -739.526733 25.708017 9
-38.219193 -737.290833 0.291463 9
-39.281143 -738.322266 40.913620 9
-37.625652 -736.102600 38.486580 9
-40.633648 -747.743896 36.902729 9
-38.127590 -737.684448 25.763926 9
-36.534523 -736.357544 34.998806 9
-36.593269 -737.645325 13.541301 9
-35.233749 -739.422668 16.200386 9
-31.024403 -746.383545 43.036804 9
-35.514278 -749.370300 40.555279 9
-32.997459 -747.002441 38.371681 9
-36.110703 -738.220337 21.588655 9
-36.091251 -741.768738 21.177984 9
-38.687847 -739.342285 16.147390 9
-36.011143 -736.556213 8.761830 9
-37.084053 -736.612549 0.684662 9
-36.679615 -737.320374 22.050316 9
-36.537045 -738.759888 34.742081 9
-34.401081 -747.828796 38.282730 9
-36.698902 -739.992371 10.953104 9
-35.433292 -748.714966 39.151714 9
-33.571812 -738.931885 21.256861 9
-38.820107 -739.327759 -0.212099 9
-37.076664 -740.483093 15.648835 9
-31.891592 -742.269775 31.238459 9
-35.336243 -746.422424 34.519531 9
-37.174244 -738.799927 24.237366 9
-36.972008 -739.484436 6.751072 9
-38.142456 -737.702515 23.938890 9
-38.291271 -741.031921 19.557545 9
-39.345055 -746.485962 34.045177 9
-32.790649 -739.852478 24.342264 9
-37.961189 -743.515869 26.465088 9
-39.439243 -740.716858 20.353245 9
-30.584555 -741.147827 31.691967 9
-37.864498 -738.907898 9.189642 9
-33.153194 -750.646423 45.910355 9
-37.893169 -738.444397 28.071936 9
-36.091743 -738.356750 17.120468 9
-35.975521 -739.610718 12.007816 9
-41.654015 -741.517639 24.865425 9
-35.772972 -739.221558 28.386684 9
-35.792419 -743.490906 26.932550 9
-38.502258 -736.914978 30.294416 9
-35.470787 -738.198792 14.743382 9
-39.795002 -737.230835 42.501652 9
-36.454006 -738.669250 32.616955 9
-38.071323 -747.919495 37.095028 9
-37.859985 -736.911133 10.439363 9
-36.041538 -741.281006 18.686852 9
-32.135540 -739.212158 24.933554 9
-37.184261 -739.164612 -0.454548 9
-39.969128 -747.473328 36.436977 9
-39.619598 -739.973083 19.510500 9
-38.049629 -738.768311 0.859473 9
-32.055889 -745.737915 37.853031 9
-32.774052 -738.799805 22.726465 9
-37.184853 -736.799683 9.570556 9
-40.718151 -745.725159 32.912369 9
-30.830059 -744.626770 40.264999 9
-36.596310 -739.479309 10.265409 9
-37.908607 -737.379822 22.331564 9
-38.258102 -738.149963 29.585365 9
-36.742767 -749.553345 41.111515 9
-36.590343 -737.652222 10.278214 9
-38.991985 -737.481689 35.969643 9
-39.081558 -737.622437 36.861057 9
-35.286232 -742.350220 24.681780 9
-36.586269 -748.292114 37.108723 9
-38.541191 -741.535034 21.395102 9
-37.111755 -737.295776 19.217041 9
-36.934376 -737.396301 14.809904 9
-37.468426 -741.952942 22.057508 9
-37.846519 -739.136780 10.904437 9
-38.647335 -738.312256 4.577690 9
-35.918011 -736.745789 33.480461 9
-40.904472 -746.289429 33.834225 9
-35.246910 -743.674988 28.651005 9
-37.385288 -736.293091 35.650635 9
-30.630857 -740.684509 30.302578 9
-38.527870 -737.841125 6.415023 9
-36.325336 -737.699646 20.547960 9
-38.611263 -738.490479 35.573059 9
-36.706738 -739.386292 5.911241 9
-37.571358 -736.913391 26.461405 9
-33.445671 -749.390381 43.352966 9
-30.678858 -744.133789 39.153763 9
-34.631264 -750.439148 45.327667 9
-36.375683 -739.026184 7.775858 9
-38.342724 -738.519714 -0.276177 9
-37.348415 -737.152893 4.278909 9
-40.443493 -739.987732 21.108269 9
-34.658138 -739.535034 18.018785 9
-30.336979 -742.076721 34.609608 9
-35.655933 -750.594421 45.759296 9
-35.170147 -740.703796 19.749619 9
-37.113800 -735.849792 10.387431 9
-38.031944 -737.114563 -0.519020 9
-33.525059 -740.992981 24.346077 9
-38.256729 -748.455933 38.264427 9
-35.996300 -739.302307 27.572372 9
-37.318199 -739.073853 33.716549 9
-38.000664 -736.255493 34.138100 9
-40.668221 -744.703125 30.809269 9
-34.119133 -739.663818 19.981533 9
-36.576328 -737.339722 23.117374 9
-32.308193 -740.498779 26.643513 9
-39.028511 -738.577087 17.134193 9
-37.389408 -738.811401 4.230965 9
-36.161037 -738.336853 8.320607 9
-38.987774 -747.882141 37.045170 9
-36.114120 -737.603699 25.594805 9
-32.125935 -742.720215 31.885994 9
-39.290680 -736.877502 40.502605 9
-34.697659 -741.624146 23.621239 9
-36.834167 -737.385315 17.646833 9
-32.117256 -744.259155 34.806255 9
-32.526424 -745.587341 45.001553 9
-36.275280 -739.099182 25.923988 9
-38.241158 -738.783508 13.905572 9
-30.968786 -748.684082 44.549599 9
-34.714130 -745.678223 33.297535 9
-38.596748 -748.828430 39.609604 9
-33.854488 -742.077942 26.811529 9
-38.811802 -739.269775 16.887150 9
-35.489853 -738.161499 31.020107 9
-34.354275 -751.226440 46.079193 9
-36.454998 -746.911194 34.948406 9
-31.588102 -743.280823 34.233738 9
-39.343956 -742.819275 24.300833 9
-35.830582 -747.283508 36.192230 9
-39.389553 -739.648376 18.124264 9
-38.038467 -747.389893 35.980122 9
-36.958149 -736.716675 4.777174 9
-37.355618 -745.615662 31.206135 9
-36.274479 -743.983154 28.164505 9
-36.115055 -737.685852 9.676655 9
-39.341213 -743.582153 26.446697 9
-38.028133 -736.070801 40.739594 9
-35.836475 -737.936096 27.510435 9
-41.020199 -747.231140 35.472683 9
-32.808994 -746.112854 37.014065 9
-37.271252 -742.416504 23.408150 9
-35.830879 -747.938843 37.320126 9
-32.903187 -747.511169 39.785351 9
-38.488029 -749.115784 41.382782 9
-30.986668 -741.773315 32.091240 9
-38.208828 -737.019592 8.883981 9
-38.521454 -737.734314 31.024933 9
-37.854652 -747.009521 34.712254 9
-35.818062 -738.096436 4.431809 9
-36.696663 -748.585938 38.373619 9
-38.135376 -736.689697 33.204975 9
-38.830383 -747.584290 35.766014 9
-40.608376 -742.389160 25.145624 9
-38.185135 -742.648499 24.332067 9
-31.016920 -742.407288 33.757729 9
-36.123779 -735.906494 36.268864 9
-38.296612 -741.419739 20.652708 9
-33.417728 -739.632080 22.275969 9
-32.297211 -750.180298 45.337154 9
-37.097561 -736.193787 -0.075654 9
-37.014122 -748.304504 37.783855 9
-33.981968 -741.619873 25.304420 9
-37.052067 -736.435181 33.983334 9
-39.693935 -737.610474 43.332443 9
-35.249439 -740.406433 18.443190 9
-36.970547 -739.175171 0.711632 9
-38.577618 -746.823120 34.679104 9
-38.496857 -738.086792 28.730572 9
-32.835075 -743.884033 32.685501 9
-37.333218 -739.490601 11.312952 9
-31.563564 -747.099182 42.170853 9
-38.638439 -743.069580 25.346664 9
-36.462749 -739.193359 9.122299 9
-37.169060 -736.511230 30.813560 9
-32.038082 -747.129700 40.873440 9
-35.686768 -738.508911 28.525568 9
-35.872532 -737.418457 13.349552 9
-39.123226 -735.643677 42.632717 9
-37.838615 -737.856934 20.050457 9
-38.592609 -738.199768 33.820427 9
-39.379749 -743.047607 25.025562 9
-39.111637 -736.304138 41.736176 9
-41.178745 -744.228699 30.504519 9
-37.918724 -738.297546 11.633693 9
-33.730759 -750.310425 45.109207 9
-38.509079 -738.102234 0.254000 9
-36.624290 -740.346375 12.512642 9
-40.178711 -747.164185 35.752453 9
-33.272423 -741.433228 26.571362 9
-31.791212 -745.122986 37.245781 9
-34.473488 -742.399170 26.568731 9
-40.731567 -746.581116 34.510860 9
-40.523945 -743.753906 28.151693 9
-37.241051 -738.911316 5.497077 9
-41.266659 -741.078735 24.040751 9
-38.662308 -743.465576 26.082668 9
-37.591354 -747.352844 35.354015 9
-33.263443 -748.448059 41.333157 9
-33.853657 -737.640869 19.026157 9
-33.863083 -746.374329 36.014111 9
-34.642330 -747.424866 36.987015 9
-31.778584 -739.954834 27.136932 9
-36.914616 -747.756165 36.599995 9
-34.904747 -737.633057 17.754705 9
-39.592026 -748.054077 37.754848 9
-35.567547 -745.760559 33.180702 9
-40.799648 -741.627014 24.020842 9
-37.307213 -743.218079 25.688625 9
-38.224514 -740.082642 17.308769 9
-36.803520 -736.871704 7.438660 9
-34.985794 -749.670898 41.972710 9
-33.406475 -744.803955 33.598343 9
-37.036072 -749.137512 43.246754 9
-35.946304 -737.828369 0.968747 9
-32.995461 -740.775879 25.466181 9
-38.571907 -738.614380 36.445881 9
-41.753208 -742.855469 29.151518 9
-34.389305 -745.579712 33.942001 9
-34.311611 -741.027466 22.708847 9
-36.379230 -737.172607 27.044966 9
-39.393642 -738.489929 42.428429 9
-37.745747 -738.420898 26.530645 9
-34.615299 -740.459595 20.296127 9
-35.964069 -749.500183 41.095131 9
-33.463245 -740.131042 22.892662 9
-31.759443 -744.089417 35.433159 9
-37.947601 -738.770142 1.897461 9
-37.077591 -749.690491 42.566402 9
-37.710457 -738.681091 20.722517 9
-39.294842 -745.943542 32.806110 9
-36.526634 -742.848877 24.575977 9
-34.522736 -743.228821 28.693319 9
-35.548851 -741.307922 20.947794 9
-37.807419 -748.142578 37.701225 9
-39.250740 -747.563660 36.463280 9
-38.802120 -735.539001 41.919849 9
-32.618412 -746.898926 45.231030 9
-38.267941 -737.476868 27.410484 9
-35.761002 -737.138184 31.846233 9
-31.635155 -739.253113 26.140169 9
-33.086937 -738.430603 21.534925 9
-37.129269 -743.901794 27.449276 9
-30.620567 -741.514038 33.315994 9
-39.935001 -742.855774 25.444735 9
-38.012135 -738.170288 27.197771 9
-35.276073 -741.860352 23.273767 9
-37.558651 -737.277222 2.897360 9
-36.212006 -737.097168 3.863134 9
-41.927311 -745.007568 31.662191 9
-36.204384 -743.122620 25.539869 9
-39.962311 -743.232544 26.261215 9
-31.013702 -743.580200 36.336311 9
-35.750889 -750.007263 45.337921 9
-35.782299 -750.212219 44.449615 9
-37.506317 -738.982910 10.315500 9
-36.742607 -742.115784 22.232275 9
-37.789471 -740.286194 16.819672 9
-35.002388 -742.371338 25.416529 9
-38.574562 -737.944641 5.709993 9
-36.592316 -745.802612 32.231949 9
-33.222286 -744.920776 34.389942 9
-40.385620 -742.201843 24.485144 9
-36.840424 -746.809570 34.374058 9
-37.765427 -746.566711 33.515060 9
-34.340767 -744.073792 30.791672 9
-38.447414 -737.966370 7.385511 9
-38.767273 -736.163452 39.493870 9
-37.616184 -738.931641 31.254129 9
-37.412617 -737.159546 24.227428 9
-36.031033 -738.667664 10.875522 9
-36.460148 -745.087708 31.039547 9
-37.288376 -739.115479 8.007064 9
-38.040333 -737.722290 12.948029 9
-36.436760 -743.438965 26.702127 9
-38.114529 -744.845093 29.571890 9
-36.423496 -746.307068 33.707962 9
-33.719559 -751.075989 46.266701 9
-32.575539 -748.435242 42.582981 9
-36.207821 -737.795959 15.743956 9
-38.518562 -738.134521 1.490212 9
-40.400677 -743.527588 27.495367 9
-37.727875 -747.648438 36.556938 9
-36.276737 -737.454529 11.828540 9
-38.457489 -746.093933 32.822029 9
-36.600266 -740.489502 13.298105 9
-37.753532 -737.647217 10.510170 9
-37.548233 -749.416016 41.579090 9
-37.092590 -740.793640 17.652918 9
-36.814041 -736.778137 6.098672 9
-33.414661 -745.856445 35.933479 9
-41.958652 -743.112305 28.470057 9
-33.365891 -737.810791 20.332409 9
-38.494694 -738.076843 32.399349 9
-30.870092 -742.875427 35.203510 9
-37.867985 -737.961365 8.307950 9
-35.281422 -737.484131 16.309151 9
-38.604252 -744.189575 27.319592 9
-37.028046 -739.225708 2.667623 9
-36.891136 -738.609009 -0.045511 9
-31.484947 -745.859619 39.511242 9
-30.482603 -745.255493 41.297215 9
-39.962532 -746.669678 34.703377 9
-34.661945 -739.245056 17.367504 9
-37.953838 -736.593445 0.302217 9
-35.286724 -744.120361 29.222780 9
-39.736019 -736.919067 45.455303 9
-37.602646 -738.461121 22.574312 9
-35.385860 -738.747803 29.713017 9
-32.952816 -741.827942 27.931417 9
-34.614189 -750.080872 44.034424 9
-39.033031 -747.126282 35.289043 9
-39.647488 -742.077515 23.350098 9
-40.876602 -742.810913 26.436436 9
-38.915035 -738.110657 -0.868665 9
-37.527618 -746.900574 34.113506 9
-40.174755 -737.655151 44.484406 9
-41.243908 -745.085510 31.939528 9
-35.997929 -738.266541 25.162218 9
-37.064049 -737.153137 10.138999 9
-35.691689 -745.014832 31.375179 9
-37.702389 -738.173828 9.350243 9
-35.165833 -741.448242 22.247219 9
-35.260132 -738.659973 15.228541 9
-36.278561 -740.297180 14.140225 9
-36.264004 -737.241028 8.717708 9
-39.428577 -738.051270 40.194267 9
-35.700325 -737.590210 15.324421 9
-37.504257 -740.678406 18.291048 9
-37.558865 -738.659546 6.751764 9
-39.454849 -737.003479 41.145016 9
-41.203098 -746.943298 34.886341 9
-37.356342 -739.467041 23.654781 9
-40.630447 -745.038208 31.582197 9
-33.115894 -743.705017 31.756039 9
-36.838120 -735.838501 39.303524 9
-35.626247 -739.508972 14.732022 9
-37.782276 -738.183594 18.349997 9
-32.150665 -741.323486 28.686628 9
-37.097782 -737.298767 21.125963 9
-38.050026 -737.059692 2.428730 9
-37.809933 -736.807983 6.460310 9
-37.019741 -749.860352 44.030418 9
-35.507084 -743.010193 26.391466 9
-38.823765 -737.190369 34.672295 9
-34.133480 -740.027161 20.549704 9
-39.692944 -746.955322 35.260517 9
-36.524529 -749.572937 44.421726 9
-31.646896 -747.771545 43.053864 9
-39.273937 -737.306702 38.004673 9
-38.853855 -738.245789 36.940575 9
-35.855663 -737.447693 7.446697 9
-32.819977 -745.241638 35.260567 9
-37.651867 -737.621155 18.892323 9
-34.094059 -742.656616 27.901310 9
-38.109688 -737.350281 25.182972 9
-41.463234 -741.023987 25.268833 9
-38.641541 -738.037415 16.068424 9
-36.486752 -744.905151 30.400656 9
-37.500286 -739.601990 13.246685 9
-34.672016 -745.106506 32.360706 9
-37.100945 -736.224670 36.271397 9
-32.326797 -749.360352 44.202641 9
-40.965164 -741.232239 22.838522 9
-36.752880 -740.931824 16.100454 9
-37.069176 -736.657104 28.869093 9
-33.292694 -746.588806 37.127499 9
-30.335373 -743.126038 36.713211 9
-41.215240 -745.453735 32.559723 9
-39.688019 -746.233459 33.517574 9
-33.689224 -743.439636 30.349924 9
-36.037952 -738.584473 3.631376 9
-30.948168 -745.760071 42.210991 9
-39.373108 -737.861816 18.021633 9
-36.823490 -736.771423 -0.416763 9
-35.718315 -736.814209 8.013845 9
-37.375053 -739.008362 30.190783 9
-35.671471 -737.500122 3.308145 9
-35.802391 -737.662842 14.471874 9
-35.126816 -750.018005 43.169338 9
-31.117252 -741.301819 30.696442 9
-35.872860 -744.341675 29.440308 9
-38.368942 -738.938660 14.622594 9
-32.391605 -747.890686 41.807987 9
-36.877720 -741.257812 19.093569 9
-32.364384 -745.397034 36.461292 9
-35.005344 -748.076721 38.248058 9
-39.374794 -744.235352 28.202778 9
-38.664494 -745.051575 30.243536 9
-38.162102 -735.937744 39.597275 9
-38.603611 -737.238770 -0.816153 9
-31.891165 -749.565430 45.027782 9
-32.782402 -741.249817 27.124538 9
-36.975910 -737.436951 12.568647 9
-38.924747 -738.284485 37.918255 9
-35.734444 -746.746521 34.902569 9
-37.700413 -739.775818 12.582404 9
-36.110077 -737.341064 29.061308 9
-34.018517 -738.267334 19.509022 9
-38.202724 -735.922363 41.755646 9
-39.638618 -738.696411 18.743975 9
-37.100483 -738.837219 26.949505 9
-37.689785 -738.682983 29.505346 9
-30.809072 -744.710693 39.412643 9
-35.402168 -747.599915 36.972168 9
-38.104149 -738.702087 12.973021 9
-38.571259 -738.148682 2.986729 9
-36.154869 -738.022278 18.395750 9
-36.072449 -738.777954 23.904984 9
-37.138180 -736.921265 25.508022 9
-36.972878 -739.141907 22.763149 9
-36.329166 -739.655212 11.471108 9
-35.715775 -738.333313 13.573030 9
-40.390034 -746.042725 33.512230 9
-39.950092 -744.050720 28.551060 9
-33.838314 -744.018066 31.733654 9
-37.217518 -735.935364 37.965992 9
-36.480755 -747.550049 36.159897 9
-41.322258 -743.043335 27.318037 9
-36.009232 -737.058838 5.376354 9
-37.229282 -740.562073 17.047251 9
-31.201010 -746.957581 43.454414 9
-36.533447 -750.084900 43.268379 9
-32.959675 -739.690430 23.724552 9
-37.175446 -744.400208 28.686373 9
-41.538754 -742.083984 25.168383 9
-36.504124 -736.889526 29.326658 9
-30.352808 -742.736755 35.865086 9
-32.090652 -743.506714 33.418053 9
-34.951088 -740.369751 19.083557 9
-34.459480 -742.178284 25.863321 9
-35.370747 -744.657654 30.417494 9
-34.301609 -739.670837 19.378780 9
-35.677559 -741.301025 20.162745 9
-35.956238 -740.488220 16.055893 9
-34.820950 -744.168579 30.253113 9
-31.357735 -744.297485 36.890167 9
-39.539871 -736.356750 43.494446 9
-37.717312 -736.345459 32.853962 9
-36.945995 -747.340027 35.493401 9
-37.209496 -737.075867 23.300198 9
-38.622391 -742.677673 23.861605 9
-39.633839 -744.994446 30.749449 9
-38.285927 -737.614624 3.471306 9
-36.543259 -741.962341 19.800571 9
-36.329079 -738.312073 0.002856 9
-37.657749 -745.377563 30.711569 9
-37.830204 -738.246765 21.371243 9
-38.207283 -740.455261 17.977249 9
-35.857876 -742.605469 24.581331 9
-37.119461 -738.701111 36.051922 9
-37.628723 -739.238647 22.052618 9
-38.460606 -737.310425 29.788420 9
-34.318222 -741.626526 24.499071 9
-38.096043 -736.813904 31.698435 9
-38.296196 -738.923767 40.438980 9
-31.284369 -740.452087 28.688864 9
-41.874519 -744.614319 31.071939 9
-36.229156 -737.391663 26.259809 9
-38.974167 -737.044556 37.159225 9
-38.727020 -739.699646 17.415535 9
-39.382393 -744.583496 29.577539 9
-36.689796 -738.694641 3.679756 9
-38.103554 -737.189087 26.177574 9
-38.279472 -748.258118 40.532070 9
-32.283867 -742.193420 30.410450 9
-36.131039 -737.182678 30.358938 9
-36.308941 -737.763123 19.572659 9
-35.595612 -745.292358 31.959112 9
-36.160748 -738.653320 8.951294 9
-36.041767 -738.301636 22.739927 9
-37.995262 -738.369324 5.433385 9
-37.269024 -736.557373 30.181538 9
-38.721439 -738.003479 16.946789 9
-38.295395 -738.683472 3.335165 9
-41.524647 -742.935364 28.054253 9
-37.352928 -738.818359 29.005280 9
-37.296894 -737.197998 21.985769 9
-33.924061 -749.873535 46.363186 9
-38.321960 -737.464417 7.757717 9
-36.549870 -735.700684 37.538063 9
-37.999275 -737.185547 0.991101 9
-39.479332 -736.726624 44.907467 9
-40.081390 -737.447266 45.749035 9
-32.645638 -738.986023 23.317211 9
-36.719765 -737.490784 18.335241 9
-37.498657 -739.057983 32.474220 9
-38.987850 -736.781982 38.382179 9
-36.250492 -737.511292 24.250399 9
-40.103836 -745.616333 32.463310 9
-31.113365 -744.548828 38.059708 9
-36.818436 -740.993774 16.724075 9
-37.264805 -737.122253 3.583802 9
-36.049297 -743.159485 24.939192 9
-32.421257 -746.237671 38.024590 9
-41.269318 -740.431763 22.539196 9
-34.356434 -746.369751 35.436848 9
-36.521473 -738.794556 5.693369 9
-38.236992 -738.427551 31.789042 9
-39.432995 -737.399414 40.089203 9
-38.623787 -738.548767 1.010586 9
-34.265945 -741.217041 23.305904 9
-38.709221 -746.535583 33.860867 9
-39.212681 -737.792908 38.914978 9
-41.716381 -745.797302 32.791862 9
-38.667328 -740.565552 18.832125 9
-38.939434 -744.511963 28.582684 9
-39.815102 -742.421997 24.196156 9
-30.788223 -743.471680 37.601204 9
-36.985706 -740.129395 13.651435 9
-38.506927 -736.886719 32.675797 9
-39.635017 -736.796265 46.160339 9
-36.850914 -745.529846 31.540627 9
-39.506783 -748.515137 38.775593 9
-40.072296 -736.948853 44.923828 9
-31.193815 -745.996399 40.906040 9
-37.910862 -737.394592 5.449139 9
-36.580032 -737.632751 14.247221 9
-35.864017 -737.762817 5.874664 9
-35.773640 -738.451355 12.163996 9
-36.098541 -738.920776 10.325876 9
-36.221954 -736.648987 2.652453 9
-36.656231 -742.519104 23.521662 9
-36.972744 -739.321594 34.848751 9
-32.556263 -741.963196 29.222967 9
-32.510414 -751.035583 46.376511 9
-40.141266 -741.265442 22.338097 9
-37.319874 -737.252075 19.906538 9
-35.813324 -737.854858 2.133238 9
-37.877369 -738.906433 34.134586 9
-34.557148 -747.044800 36.447853 9
-35.930233 -741.958130 22.167238 9
-38.308464 -745.352417 30.644699 9
-38.484478 -745.686157 31.670534 9
-36.575012 -736.422485 8.995471 9
-37.695251 -736.190796 37.020634 9
-37.868263 -738.891479 -0.110364 9
-38.701469 -736.007324 42.916656 9
-36.206661 -740.914856 17.171394 9
-36.319641 -738.419373 33.705273 9
-35.894512 -737.467346 4.589848 9
-32.801384 -745.857727 36.478294 9
-37.132740 -736.411133 33.017773 9
-32.859180 -749.953552 44.457066 9
-39.235806 -738.980896 0.038590 9
-31.663910 -746.634888 40.698837 9
-36.867805 -737.362793 20.563786 9
-36.136562 -737.326233 0.681086 9
-32.072124 -740.876282 27.925365 9
-36.734943 -738.971863 34.212166 9
-35.381508 -737.588806 32.900597 9
-38.230476 -748.809204 40.815258 9
-37.119217 -738.931152 27.746803 9
-35.699707 -742.900024 25.822754 9
-38.026783 -738.219482 23.618769 9
-41.758545 -742.362061 26.498226 9
-37.666851 -737.789124 15.449931 9
-36.193665 -737.444824 -0.293974 9
-37.211975 -738.754272 25.616451 9
-33.080727 -748.763123 42.369442 9
-35.199162 -744.855591 31.064840 9
-36.867062 -738.855042 4.537976 9
-38.219185 -738.403198 4.127706 9
-32.778946 -750.251831 46.241154 9
-35.066910 -746.996887 35.927311 9
-38.331200 -737.502502 8.541540 9
-35.978512 -736.831421 32.881550 9
-36.401386 -737.809814 31.535719 9
-37.875828 -737.450439 4.694092 9
-33.763416 -750.472595 46.270546 9
-38.911446 -736.541931 40.173595 9
-37.250225 -746.407593 33.179951 9
-38.249943 -738.236755 30.460827 9
-36.038490 -738.424561 6.761236 9
-33.176716 -747.867493 40.174335 9
-38.621765 -737.342834 31.748884 9
-39.038078 -738.417480 39.543270 9
-36.651096 -737.036194 26.483385 9
-37.115616 -742.719055 24.680256 9
-36.579849 -741.990234 20.776257 9
-36.187908 -737.349792 28.332829 9
-34.120804 -740.499146 21.773016 9
-36.237816 -742.323181 21.435020 9
-36.839066 -736.568237 31.908482 9
-38.309891 -746.441040 33.311272 9
-31.734720 -741.412598 29.896280 9
-36.278439 -737.739685 21.923124 9
-33.771976 -742.256409 27.423384 9
-38.028893 -748.781494 42.372211 9
-37.550835 -749.363586 42.947289 9
-38.185410 -743.818726 26.970226 9
-35.512497 -748.100586 37.841236 9
-38.230480 -742.917419 24.932140 9
-35.112705 -743.126526 27.569206 9
-34.945129 -738.090027 16.843458 9
-37.933895 -736.786987 31.010778 9
-33.868767 -739.938965 21.086882 9
-35.841343 -737.936279 28.105843 9
-39.822342 -738.035583 42.387802 9
-37.668316 -736.866211 27.066362 9
-36.780540 -737.512329 15.371509 9
-40.506287 -737.238159 46.108166 9
-33.656693 -740.797180 23.795881 9
-38.316132 -736.056091 37.565498 9
-34.582695 -749.479736 42.398445 9
-36.423622 -738.375854 1.205390 9
-36.071667 -738.311523 5.448669 9
-34.482845 -746.074768 34.316174 9
-36.152161 -737.293701 1.874415 9
-38.174976 -737.950684 14.030575 9
-37.326984 -738.708130 0.916236 9
-34.214100 -738.822998 18.460981 9
-40.607460 -744.242126 29.526762 9
-33.751011 -738.322754 20.036081 9
-36.497051 -737.271240 9.835745 9
-38.557373 -738.734924 2.149490 9
-40.914688 -739.036926 20.942621 9
-35.686501 -743.929138 28.193914 9
-31.828178 -738.717407 25.003962 9
-36.220463 -742.628906 22.815138 9
-35.977909 -739.464844 13.200332 9
-32.833817 -742.758911 30.347240 9
-37.743298 -736.787415 1.953145 9
-37.306587 -739.166626 9.169119 9
-35.474804 -736.722412 33.979156 9
-37.907246 -737.833679 12.009347 9
-37.949711 -739.567932 15.312854 9
-30.878132 -747.458130 44.013847 9
-38.011810 -739.007202 37.436535 9
-38.524181 -737.904175 4.128241 9
-35.375908 -749.717346 44.947258 9
-37.799198 -737.115723 22.993565 9
-36.350826 -736.533142 4.997648 9
-36.331871 -736.371277 9.536880 9
-38.751122 -737.263733 33.752815 9
-35.942528 -737.681824 10.888423 9
-38.764282 -741.876404 22.399345 9
-36.559113 -736.373657 0.911265 9
-36.662369 -737.112915 24.368805 9
-34.318787 -738.260315 18.021381 9
-36.101772 -748.599365 38.452866 9
-38.126743 -742.252625 23.120619 9
-38.672234 -736.020935 41.319530 9
-37.375023 -743.465637 26.210915 9
-36.967209 -738.516357 35.077274 9
-37.892265 -738.966309 13.457293 9
-35.705963 -742.362671 24.077261 9
-32.148102 -741.872437 29.813484 9
-32.633587 -743.501160 32.241081 9
-33.521301 -749.764526 43.784416 9
-37.555695 -746.064575 32.400154 9
-37.511051 -741.658752 20.570366 9
-40.181324 -744.765198 30.476578 9
-38.774754 -738.080566 34.626144 9
-35.825363 -738.076233 2.718306 9
-37.497402 -738.518433 7.932116 9
-36.972946 -738.945190 31.346088 9
-30.243542 -743.476746 37.796349 9
-36.759956 -736.580261 1.639871 9
-33.340103 -745.540955 35.453766 9
-36.881226 -736.907593 8.890701 9
-30.685959 -744.208496 38.564972 9
-35.618893 -738.912842 27.302483 9
-33.998512 -749.924805 44.255901 9
-37.883518 -738.163391 16.545574 9
-37.622387 -742.618408 24.211058 9
-35.896641 -749.837891 42.326283 9
-30.250786 -744.633850 40.226101 9
-37.483643 -739.009521 36.684967 9
-38.343967 -736.711060 35.341240 9
-37.425533 -736.696777 10.085649 9
-36.004681 -737.977600 3.889392 9
-33.758316 -749.337891 46.440205 9
-36.627445 -736.947266 27.754881 9
-40.039417 -737.280823 43.752232 9
-37.778820 -736.827698 7.490602 9
-37.074203 -739.070740 3.296293 9
-36.005013 -738.237488 9.423630 9
-35.564548 -738.392578 29.079687 9
-36.600845 -736.114563 36.596363 9
-32.857807 -749.226257 43.409885 9
-37.232208 -735.490601 38.989868 9
-35.796082 -739.288391 13.850978 9
-37.613407 -738.644043 5.871119 9
-38.047150 -737.052795 29.027502 9
-36.660500 -749.508850 43.537945 9
-34.641422 -744.697388 31.899693 9
-38.440220 -738.093689 15.098425 9
-37.692265 -738.906189 33.013580 9
-36.684273 -736.568481 33.540543 9
-32.307709 -738.695068 23.726391 9
-32.510494 -743.866150 33.283287 9
-40.217907 -747.338196 36.981529 9
-37.652859 -737.498901 20.992201 9
-37.616566 -736.765808 0.858550 9
-39.369461 -737.251099 39.239464 9
-37.739086 -736.509766 9.196902 9
-37.768406 -738.881653 12.240989 9
-38.011436 -737.845642 24.496479 9
-41.471951 -746.379639 33.840012 9
-36.744232 -735.629761 38.114902 9
-38.266384 -739.398254 15.752687 9
-37.933952 -737.704590 21.605612 9
-39.127823 -738.352173 17.650047 9
-31.249060 -745.703186 40.050686 9
-38.620560 -736.095276 40.760456 9
-35.808544 -737.275574 6.728165 9
-37.256107 -749.349121 40.991325 9
-38.916626 -738.028625 35.799023 9
-35.155212 -746.492126 35.052189 9
-34.668926 -749.925720 43.484348 9
-39.161415 -737.849060 38.190441 9
-31.224272 -740.033142 27.917940 9
-32.555061 -748.594299 43.204372 9
-33.537930 -742.955322 29.560869 9
-37.519482 -737.240906 2.321437 9
-36.044392 -736.447876 34.590939 9
-38.695202 -738.324036 40.667843 9
-38.150272 -737.927551 6.878845 9
-39.800571 -736.121582 44.363445 9
-32.312160 -742.801636 31.351660 9
-37.015430 -739.925232 12.430623 9
-40.484985 -747.044983 36.317043 9
-32.817413 -747.863098 45.461617 9
-33.066330 -739.247498 22.489031 9
-37.533375 -737.368713 11.966567 9
-36.536564 -738.575745 33.202625 9
-36.665344 -741.538696 18.597830 9
-39.549660 -745.162659 31.328457 9
-37.831612 -736.368774 34.863274 9
-30.757130 -742.311035 34.964165 9
-32.430077 -747.527100 41.020584 9
-35.052422 -750.261597 44.335026 9
-37.754601 -738.751892 30.664225 9
-37.999119 -738.655701 19.414232 9
-33.723431 -738.993408 20.345123 9
-37.459839 -740.262451 15.999148 9
-37.234100 -736.387024 10.657053 9
-38.311848 -738.915466 -0.701381 9
-38.987740 -738.354553 41.385452 9
-34.453125 -739.452026 18.541336 9
-38.520191 -736.355042 36.476212 9
-30.822834 -740.292114 28.961054 9
-40.865345 -739.597351 21.835585 9
-32.173714 -743.027710 32.365913 9
-37.657158 -739.267639 38.463436 9
-38.125095 -737.453918 9.401276 9
-35.208447 -748.745605 39.674591 9
-40.281178 -739.059570 20.191723 9
-35.959610 -737.822693 13.740752 9
-34.814960 -743.834351 29.757595 9
-40.887283 -743.655518 28.552048 9
-36.932808 -739.630859 8.117112 9
-38.541542 -738.508667 35.007610 9
-37.799236 -745.738281 31.657728 9
-35.835625 -744.455872 30.058813 9
-36.450237 -738.784546 6.288846 9
-41.486446 -740.567139 23.034180 9
-32.578297 -739.492737 24.701385 9
-35.250740 -737.911621 15.938036 9
-36.351376 -736.533752 3.995144 9
-38.850975 -744.579590 29.139111 9
-36.835449 -739.956116 10.375463 9
-38.632633 -745.403625 31.138870 9
-36.664055 -744.230408 28.516273 9
-37.838673 -741.937378 21.583620 9
-32.250683 -740.297729 27.156525 9
-30.862131 -744.979614 40.962208 9
-37.649899 -749.109131 40.286423 9
-36.773857 -736.347839 34.477097 9
-35.146507 -750.447205 45.543121 9
-32.507980 -738.252014 22.699289 9
-34.118332 -748.198425 39.739765 9
-35.415497 -740.072205 17.147552 9
-33.264252 -742.289612 28.584871 9
-39.206856 -742.249390 23.046255 9
-41.060398 -739.667969 22.359285 9
-37.728046 -738.414429 25.185930 9
-32.485035 -747.102112 39.922321 9
-36.098797 -737.845581 24.672546 9
-33.954769 -740.615295 22.556173 9
-37.412979 -742.965759 25.200956 9
-35.550758 -740.477478 17.943871 9
-31.393906 -748.444824 44.305645 9
-36.520470 -741.421448 19.533237 9
-37.899075 -738.392090 17.808508 9
-36.572830 -736.884827 29.877178 9
-33.357513 -749.146362 42.665462 9
-35.296978 -738.420715 14.200401 9
-36.093697 -738.175171 4.910262 9
-31.828449 -744.540710 36.121670 9
-33.882160 -741.352600 24.777767 9
-36.291508 -738.372620 2.910784 9
-38.603260 -738.687439 39.787868 9
-37.195278 -736.798645 5.265468 9
-38.182400 -744.274292 27.828257 9
-31.962341 -743.816711 34.438553 9
-38.024754 -748.826843 39.452007 9
-35.918449 -746.947937 35.426983 9
-36.490467 -749.748718 42.135075 9
-37.251099 -741.864136 21.174166 9
-31.279114 -743.176331 34.785019 9
-39.214649 -736.122070 42.277744 9
-38.721233 -736.228821 38.631035 9
-41.301243 -740.520386 24.121489 9
-34.768867 -740.766296 20.804220 9
-40.364758 -743.102905 26.620474 9
-37.488823 -737.538574 16.051531 9
-37.263000 -738.730164 23.696098 9
-38.726818 -738.946777 15.733849 9
-34.764404 -741.831299 24.163162 9
-39.649288 -737.419006 41.940781 9
-34.133305 -738.766541 19.314634 9
-41.740952 -743.131165 29.659206 9
-33.407238 -740.317993 23.417252 9
-37.718933 -735.858093 39.923897 9
-37.233387 -737.262146 17.212940 9
-37.773827 -738.158020 19.548426 9
-37.042988 -736.080505 37.470066 9
-36.951832 -739.475830 9.833276 9
-39.703598 -736.726318 43.872898 9
-33.935379 -749.580383 43.175819 9
-35.140003 -743.420593 28.145084 9
-38.898304 -736.054626 43.424492 9
-38.212078 -738.580505 4.871885 9
-36.492332 -739.501221 26.213268 9
-36.375385 -742.531433 23.992632 9
-36.398647 -739.272705 9.800787 9
-35.885677 -739.800049 14.310421 9
-37.962208 -736.663574 -0.250055 9
-37.014851 -736.232422 35.215794 9
-38.323574 -738.887878 38.766815 9
-39.222580 -736.258057 43.023956 9
-30.786329 -742.127686 34.302361 9
-33.815487 -746.623535 36.487740 9
-36.107471 -736.220276 35.368805 9
-38.572147 -736.772034 32.139057 9
-37.582630 -736.702209 29.162682 9
-38.093113 -738.669495 2.701267 9
-38.533314 -737.330017 30.651773 9
-38.339024 -737.727966 28.343845 9
-38.606560 -738.362793 6.269899 9
-32.652531 -750.427673 45.675018 9
-37.523731 -737.308533 14.999880 9
-41.296535 -741.751343 24.225000 9
-38.846165 -736.965759 35.906933 9
-41.724697 -741.151733 24.375736 9
-37.059990 -740.272400 14.535544 9
-36.862003 -736.850708 2.560152 9
-41.307766 -740.005737 23.440544 9
-37.239426 -738.675903 -0.710235 9
-36.166649 -738.064758 19.124352 9
-36.803921 -741.275208 17.893654 9
-31.306686 -742.485168 33.291763 9
-37.536114 -737.536438 12.660353 9
-37.458450 -739.261230 2.022040 9
-41.118717 -740.921387 23.545536 9
-39.123375 -740.761902 19.917728 9
-38.304897 -737.343933 6.443255 9
-36.235516 -743.149841 26.296429 9
-37.535713 -737.606750 13.508502 9
-38.695595 -742.367859 23.398518 9
-40.133160 -745.298401 31.694304 9
-38.934639 -737.501526 35.115070 9
-36.681332 -739.159363 8.216298 9
-39.149025 -744.879700 30.054800 9
-32.418396 -745.099915 35.774094 9
-34.999752 -738.445740 16.417786 9
-34.517445 -738.646790 17.381458 9
-37.926422 -738.344849 10.411266 9
-34.798958 -746.704773 35.444649 9
-35.647255 -737.592651 30.946371 9
-36.726871 -736.642395 9.904805 9
-37.157005 -742.271851 22.545195 9
-37.557240 -739.084167 35.866539 9
-34.035347 -748.899841 41.700336 9
-37.642727 -745.010986 29.775166 9
-37.651356 -738.487732 8.904479 9
-39.203327 -738.144470 42.037003 9
-41.457264 -743.543701 29.241364 9
-38.691933 -736.609314 37.264771 9
-34.721439 -742.713074 26.951357 9
-33.035618 -742.597595 29.604383 9
-36.765495 -741.630371 20.309906 9
-36.729649 -737.284790 10.648448 9
-38.085972 -738.032654 22.535023 9
-32.944405 -738.566528 22.262491 9
-35.627514 -737.320007 5.690899 9
-36.968750 -739.280640 24.000647 9
-32.826603 -740.289856 25.257771 9
-37.985542 -749.088745 41.616608 9
-38.358429 -738.490234 33.241444 9
-36.060455 -738.985046 26.397055 9
-39.088230 -748.435974 39.096355 9
-38.216209 -739.064392 39.353214 9
-39.616978 -740.298218 19.986115 9
-38.217480 -737.570435 2.313788 9
-35.673626 -740.782654 18.452183 9
-36.830173 -735.746155 0.030283 9
-37.894062 -738.828003 1.367957 9
-36.865223 -744.685791 29.483532 9
-35.819878 -750.146973 43.810505 9
-37.758251 -737.226379 11.011105 9
-37.986721 -740.888611 19.039806 9
-36.312401 -736.784058 7.064313 9
-37.701309 -736.368408 32.022732 9
-37.812378 -738.618835 21.987137 9
-37.284058 -737.352417 11.363461 9
-38.197628 -742.069214 22.547407 9
-36.182316 -736.429688 36.401718 9
-30.800663 -743.245056 37.039829 9
-35.492176 -739.651794 15.797491 9
-38.563507 -748.198608 37.075829 9
-36.113903 -737.931335 23.125868 9
-33.954601 -743.400696 29.889189 9
-30.806715 -741.726257 32.638145 9
-37.844677 -738.606628 4.475715 9
-32.325268 -739.040283 24.456169 9
-36.211430 -749.132690 39.446888 9
-38.456451 -737.504944 15.998891 9
-35.793331 -738.411560 27.253115 9
-39.559166 -740.876526 20.836082 9
-35.890553 -738.643433 12.885758 9
-38.394665 -739.214417 0.092346 9
-36.656738 -737.110046 25.215712 9
-37.759941 -738.649353 11.257859 9
-32.771133 -743.063538 31.143204 9
-31.813316 -741.039307 29.013119 9
-37.719803 -737.188843 0.496048 9
-37.472431 -744.129089 27.814129 9
-31.399506 -743.771912 35.810818 9
-35.977707 -743.806335 27.758463 9
-39.849567 -738.956421 19.251728 9
-35.558586 -737.118774 33.100113 9
-35.770279 -737.638855 29.792213 9
-37.611053 -736.881836 3.907017 9
-37.858433 -744.618164 28.793369 9
-36.099621 -738.210999 22.217154 9
-36.208168 -740.469299 15.098022 9
-37.190624 -739.063843 6.949302 9
-35.501644 -749.646423 41.776226 9
-36.744404 -746.263062 33.233639 9
-34.654079 -745.243896 32.876850 9
-37.018463 -736.948730 1.105295 9
-37.883457 -739.999878 16.378185 9
-34.672272 -742.865967 27.477600 9
-31.260281 -742.821655 34.071636 9
-36.124336 -737.927551 7.944256 9
-35.932278 -738.036987 26.332724 9
-38.465309 -738.436951 -0.827180 9
-39.583538 -735.994446 43.891918 9
-33.727146 -748.240051 40.253197 9
-38.821156 -737.800293 33.576885 9
-32.749966 -741.364624 27.629488 9
-37.240795 -738.961609 35.183628 9
-37.423126 -736.458618 0.264309 9
-38.103394 -736.596741 33.751518 9
-36.946659 -739.823792 11.676615 9
-36.828861 -736.622498 0.092659 9
-35.094501 -741.117188 21.849794 9
-37.407608 -745.157104 30.280493 9
-40.494194 -741.597473 23.556364 9
-39.528034 -737.515808 41.297634 9
-36.282810 -737.850708 17.249475 9
-35.848709 -736.771179 6.572138 9
-31.853643 -743.058533 33.139774 9
-36.100216 -737.405212 1.252740 9
-35.781116 -737.624451 16.009962 9
-37.204941 -738.892151 23.181957 9
-32.089741 -748.545593 43.416630 9
-37.842793 -737.126648 8.454320 9
-31.475344 -740.460571 28.196016 9
-37.806511 -735.937744 -0.655425 9
-36.681530 -736.568237 32.483353 9
-33.240780 -738.205688 21.087231 9
-31.102671 -740.705811 29.687956 9
-37.628799 -738.634155 28.478708 9
-34.789948 -749.382690 41.492970 9
-36.537125 -737.354065 12.273574 9
-33.987198 -749.206543 42.181293 9
-36.013050 -737.322144 14.817514 9
-36.047947 -738.698425 7.232276 9
-32.442116 -746.016357 37.552219 9
-39.542614 -739.053833 18.216373 9
-33.191883 -744.236206 32.795444 9
-33.784290 -745.326294 34.524696 9
-36.693764 -739.074707 7.376473 9
-37.639027 -736.794067 29.895264 9
-37.943161 -736.317200 35.843876 9
-37.708904 -737.389648 3.515995 9
-31.575226 -741.890198 31.013721 9
-36.709843 -737.251404 22.615604 9
-31.159548 -746.192200 41.506016 9
-36.342274 -740.025391 13.396888 9
-37.547340 -735.952087 40.528172 9
-32.923882 -747.158020 38.884628 9
-33.109303 -743.474365 31.300205 9
-37.504524 -738.573181 24.542686 9
-36.745457 -740.986877 15.528629 9
-36.521992 -749.684082 41.608402 9
-34.200840 -746.079712 35.020298 9
-36.050468 -738.310303 23.659575 9
-31.750404 -746.468689 40.063644 9
-33.362598 -750.561951 45.432495 9
-37.284359 -738.766357 2.862874 9
-33.882057 -744.780151 33.363869 9
-36.246151 -737.093811 2.912086 9
-37.313335 -740.974915 18.756701 9
-33.689934 -747.723206 38.766685 9
-36.958984 -739.578491 9.109320 9
-39.819397 -743.736267 27.426554 9
-40.092552 -738.234558 19.833530 9
-37.962250 -738.964417 34.655811 9
-39.246777 -748.095764 39.680744 9
-37.125324 -736.816040 8.364300 9
-36.529331 -737.016541 3.466905 9
-35.907261 -738.306946 0.322649 9
-35.950661 -738.539795 16.603519 9
-34.671307 -747.765076 37.828457 9
-39.592888 -748.086548 38.393497 9
-41.225830 -742.442017 26.233526 9
-37.420712 -738.917603 8.702228 9
-37.141953 -736.758789 1.981434 9
-34.970276 -739.288147 16.664740 9
-33.871292 -744.388184 32.111099 9
-41.056557 -744.176025 29.969536 9
-41.914509 -743.808228 29.734465 9
-37.116951 -736.919556 26.210695 9
-39.319534 -738.387817 39.114101 9
-35.857304 -740.493408 16.633232 9
-37.122993 -737.307983 16.429821 9
-34.544762 -748.835327 40.478245 9
-36.821724 -743.574036 27.079287 9
-36.798531 -737.491394 13.088554 9
-30.749521 -742.073486 33.467308 9
-38.593857 -738.688599 3.945164 9
-39.780048 -738.106201 42.929626 9
-40.065456 -738.730225 19.696722 9
-35.614704 -742.170410 23.587126 9
-37.416878 -741.235474 19.693106 9
-36.185749 -736.962158 8.284977 9
-35.029648 -749.183228 40.633217 9
-37.385429 -735.494751 39.650597 9
-31.752968 -746.971619 41.287533 9
-38.780399 -748.567017 37.981197 9
-41.003193 -743.776062 29.038591 9
-40.627789 -738.894226 20.532450 9
-37.736229 -738.735474 3.877817 9
-34.785080 -744.619385 31.250910 9
-37.503544 -736.357971 34.243156 9
-36.700111 -743.916199 27.745115 9
-38.027988 -738.069519 26.122583 9
-37.444485 -739.720581 13.752779 9
-36.363258 -736.842163 5.885478 9
-36.289482 -749.171204 39.949020 9
-33.201927 -746.693787 45.444645 9
-36.169254 -737.743042 8.452022 9
-38.213306 -737.707153 -0.023033 9
-37.366032 -736.687744 -0.385915 9
-36.946018 -738.567078 34.489624 9
-35.855850 -738.077087 -0.166512 9
-36.951736 -737.280457 21.611769 9
-38.563747 -738.574402 14.918947 9
-35.710030 -736.820557 34.981232 9
-39.361839 -745.683716 32.366653 9
-37.048897 -736.539856 31.358624 9
-37.359230 -739.381348 23.151085 9
-36.277149 -737.508179 9.220413 9
-39.971050 -736.476501 45.420826 9
-36.202305 -736.930481 31.674629 9
-39.120216 -748.043152 37.504936 9
-37.497078 -738.855225 9.544776 9
-35.156384 -745.841736 33.487186 9
-37.977169 -739.110046 14.186658 9
-38.145077 -738.755432 0.363369 9
-35.944382 -737.761780 12.785444 9
-35.534966 -741.062378 19.618349 9
-30.894526 -746.176331 42.596405 9
-37.957310 -736.008606 38.073490 9
-40.274208 -739.811584 20.652431 9
-38.913414 -746.669189 34.333683 9
-30.799416 -744.395813 39.794556 9
-37.701527 -739.429443 10.141071 9
-37.490150 -738.909546 21.682220 9
-37.821915 -737.505371 20.518112 9
-39.159492 -744.005432 27.776041 9
-34.904854 -739.731689 17.583513 9
-35.232594 -739.098328 15.766859 9
-39.745983 -736.602051 44.491154 9
-34.209702 -744.834534 32.777721 9
-38.282948 -737.647705 1.382017 9
-33.876221 -748.462280 40.700962 9
-33.721416 -745.728577 35.005981 9
-31.270205 -742.117737 32.352566 9
-37.053425 -739.257568 35.733448 9
-39.484451 -739.801331 19.061850 9
-37.829380 -736.007996 38.937187 9
-35.681812 -739.776306 15.205675 9
-37.772404 -737.998840 10.015428 9
-39.045929 -738.207642 42.666870 9
-34.015732 -739.329773 19.605610 9
-35.973202 -741.846558 21.664896 9
-41.412292 -744.440674 30.946768 9
-33.950615 -743.737549 30.678606 9
-31.945353 -748.719910 43.892666 9
-37.622997 -739.407959 37.745312 9
-38.549278 -736.958923 34.322174 9
-38.344925 -744.343018 28.356316 9
-37.606625 -739.088867 0.684474 9
-31.484398 -741.394653 30.371101 9
-32.683567 -740.886597 26.786915 9
-35.231544 -738.392822 15.637204 9
-37.737427 -737.716614 14.276407 9
-38.243683 -737.509460 26.713867 9
-40.646343 -739.445190 21.181017 9
-35.659634 -737.577698 2.797740 9
-33.819893 -747.358887 37.789368 9
-30.345203 -742.744324 36.370239 9
-36.084259 -738.195862 9.919652 9
-40.031883 -744.294495 29.010431 9
-39.885994 -739.742615 19.897877 9
-38.558342 -738.686340 36.951191 9
-37.781273 -737.243835 13.246216 9
-36.197510 -736.582825 -0.395630 9
-36.457829 -738.463867 32.128777 9
-39.070030 -737.334290 36.440205 9
-38.007820 -738.544861 18.596771 9
-34.331390 -750.729309 46.040817 9
-36.675816 -736.716736 4.355859 9
-35.890785 -738.312134 1.880221 9
-38.373764 -738.843811 37.845097 9
-37.205433 -749.454468 43.662380 9
-37.452293 -740.160706 15.506924 9
-37.157124 -738.963074 4.938590 9
-37.697803 -737.071777 25.112654 9
-34.001484 -748.621704 46.524323 9
-37.286297 -738.839539 3.670608 9
-36.049664 -738.817383 25.506554 9
-37.743195 -737.096985 9.981329 9
-35.279327 -738.702148 14.686541 9
-30.271191 -743.998413 38.821430 9
-35.476017 -743.318604 27.289568 9
-35.306103 -741.718323 22.797344 9
-39.026340 -741.184692 20.599525 9
-36.000053 -736.938171 7.618159 9
-38.570835 -740.384216 18.391680 9
-36.144222 -742.209595 22.535463 9
-37.937473 -738.286194 6.597945 9
-32.616669 -750.111267 44.926033 9
-37.451958 -736.749695 2.966855 9
-38.260891 -738.664368 33.879452 9
-39.122246 -738.787476 41.059929 9
-32.097343 -746.662170 39.754704 9
-38.678638 -738.183960 17.542076 9
-40.110249 -744.539978 30.032536 9
-30.711105 -746.650818 43.320175 9
-39.233681 -737.367737 37.458862 9
-40.682880 -747.011902 35.766937 9
-32.277805 -740.138733 26.184317 9
-33.803959 -740.113403 21.669937 9
-40.315353 -747.848999 37.274574 9
-32.322025 -748.080444 42.327072 9
-32.977093 -747.970581 40.811161 9
-37.512333 -739.823853 14.596933 9
-35.265171 -737.397644 32.200012 9
-36.863285 -737.373779 18.792395 9
-37.663185 -738.669617 10.664165 9
-40.876999 -742.584045 25.811081 9
-38.659225 -748.574158 40.700779 9
-38.103374 -738.098877 9.062767 9
-38.021446 -737.543091 23.441948 9
-36.537090 -736.637207 30.915758 9
-31.776129 -745.348328 37.769958 9
-34.769005 -750.329590 44.765461 9
-37.459568 -748.833313 39.232517 9
-38.382874 -736.897705 -0.200432 9
-41.582958 -743.998840 30.307014 9
-31.979540 -739.100464 25.399878 9
-34.324944 -740.139832 20.076698 9
-37.257786 -736.891174 10.507925 9
-38.162914 -748.465149 37.608742 9
-38.691811 -737.551636 32.851715 9
-37.699638 -743.844421 27.055420 9
-37.929390 -738.321716 22.955246 9
-31.059530 -746.663818 42.646858 9
-31.834467 -748.037476 43.435024 9
-37.755302 -736.805908 28.116606 9
-36.555004 -736.239441 10.238524 9
-35.576168 -737.871521 13.333673 9
-35.969330 -736.021851 35.792603 9
-31.509838 -746.799011 41.695236 9
-40.039619 -740.305359 20.707373 9
-31.083088 -744.160400 37.333519 9
-32.406212 -744.278809 34.275276 9
-31.662455 -739.657532 26.759895 9
-31.961956 -749.508179 44.490234 9
-31.604036 -744.711487 37.042038 9
-36.473663 -746.645996 34.062363 9
-37.339188 -735.963562 38.860806 9
-34.388168 -743.611694 29.719250 9
-36.623089 -748.804016 39.251270 9
-39.581001 -738.147095 19.058107 9
-30.784273 -743.713867 38.228287 9
-36.450867 -738.136414 32.661816 9
-34.896366 -742.048279 24.584942 9
-36.683067 -737.491821 19.414812 9
-37.740494 -739.366455 12.193784 9
-35.543953 -747.031494 35.858215 9
-35.419632 -746.114197 34.111504 9
-38.997524 -739.581787 17.843618 9
-31.529417 -742.009277 31.485899 9
-38.873070 -742.725403 24.272768 9
-37.868629 -737.286133 -0.062846 9
-34.299519 -749.003052 41.274761 9
-33.749031 -739.399841 21.163166 9
-38.041512 -738.229431 12.830306 9
-36.096943 -739.273560 11.298315 9
-35.975914 -738.728149 21.696825 9
-31.528223 -745.475525 38.557175 9
-39.793957 -737.554504 42.856960 9
-41.360245 -739.611328 21.957365 9
-40.844265 -745.979492 33.348183 9
-36.407852 -742.011902 21.767790 9
-38.741665 -738.452698 -0.031655 9
-37.632877 -739.570984 14.200720 9
-37.286823 -737.044250 23.763666 9
-38.641052 -739.278503 -0.725608 9
-33.891190 -747.178772 37.261951 9
-34.271378 -748.734070 40.876762 9
-36.131313 -737.764282 10.176288 9
-37.479343 -739.261597 11.736964 9
-36.899612 -743.492493 26.512995 9
-34.597645 -739.981812 19.160057 9
-32.344387 -747.258423 40.481041 9
-34.450188 -740.743652 21.530209 9
-35.516899 -738.703735 13.874923 9
-36.716576 -749.143921 40.240002 9
-36.424362 -741.242676 16.904488 9
-32.479919 -739.863831 25.576780 9
-38.509426 -737.727173 29.497782 9
-36.835461 -749.914307 42.918785 9
-37.874130 -749.193848 42.640930 9
-38.372635 -738.424072 0.623763 9
-37.172112 -749.060669 39.871037 9
-37.063046 -736.635132 3.454446 9
-36.081390 -737.527466 27.308399 9
-38.031998 -735.945740 40.281338 9
-34.053707 -745.181458 33.608215 9
-38.220528 -735.633850 40.765491 9
-41.046200 -742.275513 25.326384 9
-33.224186 -746.939575 37.920944 9
-33.719456 -741.656006 25.710707 9
-36.210526 -737.920166 20.967436 9
-37.672459 -739.716858 11.734458 9
-38.412193 -744.768005 29.201080 9
-38.373394 -738.029907 5.289236 9
-39.732552 -746.539429 34.291592 9
-38.272007 -741.159729 20.064423 9
-35.843243 -737.695862 6.350899 9
-37.453518 -748.597534 38.770172 9
-38.101963 -736.165710 38.576172 9
-35.556774 -736.490723 34.423042 9
-36.320362 -741.185913 17.909962 9
-35.512871 -738.092163 30.223162 9
-34.904995 -750.516052 45.975780 9
-36.420116 -739.595154 10.697540 9
-33.326927 -747.291748 38.608887 9
-35.730774 -748.610779 38.769051 9
-36.380219 -740.528564 14.594730 9
-36.076153 -737.245056 3.435699 9
-36.386486 -737.366638 23.794870 9
-35.515114 -737.979004 31.644287 9
-36.763668 -736.137573 38.339855 9
-37.585770 -736.444336 31.051849 9
-34.926373 -739.920715 18.153702 9
-35.295216 -737.882996 30.695971 9
-37.858456 -737.382690 24.146862 9
-31.697048 -741.171936 29.467546 9
-35.025478 -748.480042 39.325722 9
-36.422321 -739.784180 11.984080 9
-35.722664 -747.578491 36.620319 9
-36.491653 -737.749878 16.463049 9
-35.284969 -748.327209 38.752445 9
-30.835003 -743.151611 35.871315 9
-39.438206 -737.959839 41.183907 9
-36.655003 -737.041443 0.778281 9
-38.252884 -736.948914 7.654769 9
-38.575371 -738.256104 6.931073 9
-32.585678 -744.147888 33.656082 9
-33.551609 -741.749695 26.326553 9
-35.905853 -738.220520 10.992611 9
-38.075710 -736.966064 29.959743 9
-34.940773 -738.926147 16.351202 9
-38.085938 -736.702820 -0.762782 9
-36.517948 -745.955994 32.686016 9
-36.821449 -749.326660 40.692039 9
-35.187206 -745.278992 32.278835 9
-38.937157 -736.122620 40.384975 9
-34.372463 -741.936768 25.401999 9
-38.030624 -735.886536 41.191830 9
-33.697945 -746.788147 36.955196 9
-37.763699 -736.787354 8.128223 9
-38.860947 -738.531738 38.670387 9
-39.482056 -743.587158 26.940176 9
-36.147095 -738.628784 7.902162 9
-36.561020 -737.052307 1.703885 9
-38.630196 -737.755798 32.004948 9
-36.172695 -738.210388 0.780616 9
-33.036472 -740.286377 24.372665 9
-37.093513 -749.462280 41.418560 9
-38.888828 -736.639771 39.469952 9
-38.242561 -748.740601 38.648914 9
-35.889397 -749.278564 40.277779 9
-30.765385 -745.114075 40.448990 9
-41.902370 -743.346924 28.897251 9
-32.735508 -746.620911 38.235817 9
-34.379704 -748.047913 38.700062 9
-34.606609 -748.604248 40.082420 9
-37.735237 -738.439880 7.227822 9
-35.805145 -741.197449 19.151527 9
-33.548653 -739.223816 21.785467 9
-38.324024 -737.651733 14.937850 9
-39.228546 -736.636902 41.370300 9
-34.393101 -748.275635 39.222755 9
-38.450905 -738.510071 40.269783 9
-37.838596 -738.780701 35.514469 9
-37.379005 -737.523315 14.603312 9
-38.203007 -738.123779 29.110094 9
-30.901045 -741.496521 31.622574 9
-36.537766 -737.079346 -0.197350 9
-37.963112 -737.881470 12.513056 9
-37.748390 -738.881653 7.740689 9
-38.554497 -736.683472 33.409538 9
-37.010818 -737.420410 13.496412 9
-38.249134 -737.223389 5.057013 9
-39.221134 -737.998779 37.137260 9
-34.952805 -746.175049 34.392479 9
-38.446075 -747.322327 35.706238 9
-37.613689 -739.552002 10.952513 9
-36.792530 -735.821594 -0.438155 9
-35.369186 -750.099792 46.019005 9
-38.069752 -736.094421 36.651775 9
-37.512230 -738.780579 27.975067 9
-38.165588 -736.619080 10.248246 9
-41.667160 -740.823975 24.042276 9
-33.603748 -744.398132 32.522362 9
-35.861839 -737.740662 29.147417 9
-32.045643 -742.127747 30.809526 9
-34.144333 -750.424255 45.297497 9
-38.294464 -737.091370 27.778767 9
-37.862957 -739.011597 36.420734 9
-37.235176 -736.801514 27.627653 9
-38.082508 -738.236267 28.580790 9
-38.297009 -738.484314 1.786882 9
-38.421970 -738.097656 31.283785 9
-38.357048 -737.531555 5.476778 9
-33.318699 -739.691956 22.733831 9
-36.851875 -747.705200 35.907688 9
-30.841743 -745.312744 41.729290 9
-36.200142 -738.633118 24.831360 9
-36.124779 -737.792114 25.142565 9
-33.160282 -739.948547 23.272257 9
-36.943996 -738.851440 4.072035 9
-37.602356 -737.006714 24.612564 9
-31.345806 -739.570557 27.162970 9
-32.640961 -740.555298 25.977316 9
-32.744492 -750.712280 46.153046 9
-31.761000 -742.562439 32.192131 9
-33.311993 -740.889465 24.736269 9
-35.355049 -742.660156 25.643631 9
-41.669716 -744.275879 31.315371 9
-32.110989 -744.904907 36.118187 9
-39.390362 -736.572327 42.149006 9
-37.356598 -741.360535 20.138308 9
-36.235767 -738.016052 16.818375 9
-31.446194 -740.000427 27.479702 9
-38.596649 -741.706421 21.843409 9
-31.276989 -745.056274 38.615299 9
-38.234894 -741.666443 21.050812 9
-39.602440 -736.823853 42.904892 9
-39.117290 -742.749451 24.709999 9
-36.222549 -737.346741 0.182138 9
-38.368721 -737.203003 28.723383 9
-33.637123 -750.399475 44.666466 9
-38.458328 -736.974060 29.478247 9
-35.650730 -749.783386 41.360035 9
-36.901031 -739.313904 4.525159 9
-38.740063 -735.992065 41.859180 9
-37.829861 -738.990662 9.897408 9
-39.183762 -738.810120 17.692690 9
-41.005894 -746.700745 34.037312 9
-40.011528 -741.584229 22.758440 9
-34.735489 -741.257629 22.284243 9
-35.912582 -738.342773 11.736011 9
-33.239147 -748.626709 41.776970 9
-38.710812 -738.042542 30.722448 9
-35.890324 -741.528015 20.717825 9
-36.786999 -743.156616 25.645243 9
-32.893162 -739.961731 24.842571 9
-37.977287 -738.646118 31.466511 9
-38.079330 -738.651978 32.233185 9
-32.510815 -741.599182 28.724726 9
-35.865559 -749.879944 42.800945 9
-37.683086 -742.295288 23.267729 9
-30.712400 -741.393005 32.058094 9
-36.253872 -737.218201 13.519509 9
-33.175117 -750.131470 44.751259 9
-39.265118 -738.008362 18.454914 9
-36.064228 -738.387146 17.580675 9
-38.126377 -739.685608 16.114592 9
-38.954948 -738.175720 34.119629 9
-32.888031 -742.267761 29.302904 9
-37.885338 -741.223022 19.665384 9
-38.521610 -736.488403 37.677883 9
-36.420990 -736.752441 8.681087 9
-37.863338 -738.710205 17.375587 9
-36.715401 -735.914001 37.105991 9
-30.554686 -746.350525 42.976093 9
-35.899864 -740.838440 17.524677 9
-37.002026 -740.945679 17.155375 9
-36.000645 -739.147766 11.983077 9
-33.520473 -747.815125 39.326622 9
-32.855789 -738.073669 21.691473 9
-34.945999 -737.220459 17.356823 9
-38.411922 -743.554688 26.549788 9
-37.058750 -740.387939 15.165696 9
-37.468742 -736.196899 35.187004 9
-40.800690 -744.753784 31.246586 9
-36.312077 -738.116760 31.160254 9
-38.225239 -736.999207 30.682812 9
-37.856506 -743.152893 25.115093 9
-36.207134 -741.417664 19.097939 9
-39.270454 -744.912720 30.498997 9
-35.803425 -748.907043 39.318012 9
-32.972466 -745.120972 34.796120 9
-38.041721 -737.791931 7.932431 9
-37.404800 -739.058960 31.770824 9
-33.287704 -741.925964 27.643969 9
-38.289467 -737.827148 1.813051 9
-35.689987 -745.601013 32.763336 9
-36.889980 -737.506897 11.028512 9
-37.259136 -737.132019 4.952145 9
-39.311108 -741.845886 22.286741 9
-40.435066 -737.207458 45.524055 9
-33.303562 -750.870056 46.293926 9
-37.307774 -741.961060 21.636494 9
-41.736092 -741.698181 25.488661 9
-38.699692 -740.940002 19.744011 9
-39.708035 -743.198547 25.841860 9
-36.440945 -736.175476 37.410183 9
-37.959332 -738.454163 8.053608 9
-36.266647 -737.617065 14.569428 9
-39.626541 -747.615723 36.715408 9
-31.092209 -744.984924 39.194038 9
-38.586998 -748.784241 40.073349 9
-35.662533 -739.367371 14.297647 9
-37.393066 -737.197205 18.872868 9
-37.793652 -736.838257 1.496150 9
-41.757195 -742.468872 27.020771 9
-37.281494 -736.218750 -0.594834 9
-33.508339 -738.853943 20.778019 9
-38.424328 -745.942078 32.384563 9
-36.445446 -737.132080 11.531461 9
-31.888618 -750.498169 45.642006 9
-39.884762 -747.758850 37.583584 9
-32.142941 -744.473389 35.200912 9
-40.116112 -736.997925 45.926609 9
-30.810297 -742.602966 35.559353 9
-36.183086 -749.939392 44.377983 9
-40.746513 -746.999146 34.728279 9
-38.262939 -737.612183 27.860266 9
-32.405540 -744.852173 35.353958 9
-38.026859 -737.283875 3.236361 9
-38.320271 -749.235901 40.931171 9
-35.456974 -739.103210 14.836704 9
-38.639519 -747.034790 35.066433 9
-36.601715 -736.142822 -0.057696 9
-36.556541 -736.645081 2.980928 9
-35.324261 -750.136719 45.237675 9
-36.244198 -744.265381 29.012611 9
-35.388710 -749.149414 40.160763 9
-38.225128 -737.807068 14.467250 9
-40.075497 -741.751770 23.296141 9
-38.281677 -738.583435 1.341045 9
-34.053123 -739.213562 20.066172 9
-32.046616 -746.234558 38.841106 9
-36.017628 -737.889771 7.386282 9
-35.408920 -737.539001 15.724098 9
-36.982124 -745.375854 31.134363 9
-38.362991 -745.136719 29.820005 9
-33.216667 -750.410217 46.278702 9
-35.274220 -739.782898 16.616663 9
-35.840843 -739.041077 27.983768 9
-38.969208 -738.202942 37.457020 9
-38.222019 -736.645386 34.174454 9
-38.639683 -738.220825 -0.426415 9
-32.084129 -749.796265 45.378414 9
-36.609196 -735.929932 0.914542 9
-32.968239 -747.362244 39.355350 9
-36.833790 -747.181885 35.086807 9
-36.179916 -737.648682 11.365786 9
-38.705883 -738.701721 -0.470623 9
-38.650875 -741.452393 20.965246 9
-36.736145 -736.759827 6.774595 9
-34.166920 -746.816650 36.263939 9
-37.023266 -738.691040 0.495634 9
-34.943077 -749.783447 42.418797 9
-38.262566 -737.992126 25.454159 9
-31.651806 -747.414551 42.539509 9
-36.079155 -744.737915 30.332287 9
-37.516403 -738.723389 -0.327362 9
-39.441605 -738.341675 39.731205 9
-37.922062 -738.479553 24.712406 9
-31.525888 -744.949280 37.625347 9
-38.153065 -738.632874 6.397719 9
-35.555054 -741.688782 22.216593 9
-35.503433 -737.943604 15.130388 9
-34.652927 -737.564514 18.217062 9
-38.296909 -748.676697 39.124046 9
-36.678085 -740.009338 12.806251 9
-39.108814 -742.042847 22.638859 9
-35.038731 -742.769531 26.605942 9
-38.321987 -737.648254 4.446572 9
-39.254055 -745.542969 31.959726 9
-36.936810 -739.263428 5.561753 9
-37.390835 -738.673035 26.645008 9
-39.396713 -737.663879 38.522675 9
-36.781258 -738.658813 2.529647 9
-37.279186 -738.747375 1.614592 9
-37.546597 -737.273560 10.335891 9
-33.534649 -748.543701 40.996315 9
-35.373257 -736.945984 33.467216 9
-40.250439 -742.666626 25.195278 9
-37.782791 -740.727417 17.935572 9
-31.417471 -748.784546 44.588795 9
-36.495102 -737.412109 20.853844 9
-37.316521 -746.929626 34.555752 9
-30.970354 -740.967590 30.400232 9
-37.995903 -738.350647 8.639622 9
-36.321892 -740.744263 16.112309 9
-38.198689 -737.937805 27.538080 9
-36.564285 -747.935486 36.842648 9
-37.427746 -737.489990 18.039122 9
-38.990772 -737.711975 35.493290 9
-38.265968 -737.687256 0.469734 9
-36.572956 -748.645996 38.826290 9
-38.886620 -737.635437 34.685875 9
-38.215458 -738.256348 30.015850 9
-38.377941 -737.972046 27.039547 9
-32.008446 -747.934265 42.732327 9
-40.522308 -747.339172 35.511574 9
-35.752144 -737.431946 2.028061 9
-39.698704 -745.791748 32.662609 9
-34.069984 -738.755005 18.878876 9
-31.248648 -747.977295 43.780396 9
-36.200169 -741.696594 19.733320 9
-38.156380 -738.342590 7.453812 9
-37.279819 -739.673279 12.703079 9
-35.926956 -737.965576 1.460526 9
-37.900463 -742.140442 22.240000 9
-33.666794 -742.505188 28.257677 9
-37.206150 -742.277405 22.991350 9
-38.369343 -748.842896 41.782139 9
-38.124096 -737.775024 13.399656 9
-36.868145 -738.935608 5.940253 9
-38.156013 -737.198975 10.271008 9
-36.032871 -739.109985 27.181042 9
-37.473125 -736.211365 36.635559 9
-38.220516 -743.471375 26.086742 9
-34.691029 -747.549500 37.432297 9
-36.683453 -736.597168 9.417736 9
-30.691801 -741.863342 33.055588 9
-30.300028 -745.772461 42.297691 9
-38.996819 -739.880249 18.250153 9
-41.666504 -742.285950 26.058401 9
-33.481159 -741.762512 26.778755 9
-38.854652 -738.771851 40.554440 9
-41.262230 -743.291809 28.316025 9
-33.282684 -747.738281 39.689732 9
-35.921688 -745.975464 33.371990 9
-35.757694 -750.004150 44.851864 9
-39.502789 -738.500488 41.996677 9
-36.160549 -750.064331 43.536282 9
-37.651260 -738.428162 23.700146 9
-31.829937 -743.334656 33.723248 9
-37.393272 -738.617065 25.981998 9
-38.462009 -738.045776 15.624623 9
-36.396786 -737.723999 18.131330 9
-37.714111 -736.899719 4.356312 9
-37.159508 -736.445496 33.493481 9
-35.999172 -742.200073 23.058655 9
-31.669994 -749.243774 44.697956 9
-32.260906 -746.747498 45.014503 9
-39.091343 -743.581848 25.976534 9
-35.898895 -743.280457 26.557653 9
-37.571976 -739.115479 11.326227 9
-36.578247 -741.874878 21.205767 9
-31.392538 -743.512512 35.214989 9
-35.388897 -740.987915 20.037415 9
-32.006668 -740.181824 26.722794 9
-30.952782 -745.423218 41.165188 9
-34.013187 -745.561523 34.236496 9
-32.621563 -749.677368 44.193020 9
-32.291206 -746.608826 39.186279 9
-37.383904 -748.093811 37.610756 9
-37.671982 -743.276611 25.941402 9
-38.934193 -747.438538 36.171154 9
-32.276524 -739.520813 25.224466 9
-38.930733 -748.568420 39.778271 9
-40.522953 -741.250122 22.725332 9
-32.767746 -741.648621 28.344259 9
-36.112667 -743.043579 24.507378 9
-37.621578 -747.369263 35.814621 9
-37.521439 -742.557068 23.754110 9
-37.322430 -747.808105 36.776352 9
-38.858475 -745.928833 32.686085 9
-36.990391 -739.680786 11.072612 9
-35.950863 -743.599365 27.320463 9
-37.754757 -737.758850 19.344212 9
-36.899811 -744.999695 30.269455 9
-36.970947 -739.006714 32.484627 9
-36.362286 -744.427307 29.416937 9
-36.740509 -738.920654 5.199778 9
-36.253063 -738.211853 -0.431796 9
-34.055470 -743.043335 28.906088 9
-40.834583 -743.212402 27.439257 9
-38.291172 -743.895874 27.395603 9
-33.278912 -744.522583 33.205837 9
-37.009895 -736.726440 5.665752 9
-38.206440 -738.986450 38.347549 9
-31.351202 -742.427368 32.825188 9
-38.282169 -737.057678 33.030029 9
-36.461750 -741.193420 16.431660 9
-31.967995 -740.572571 27.508879 9
-37.798237 -737.781982 10.981437 9
-36.956154 -739.272278 6.332399 9
-41.773117 -742.788086 28.695490 9
-36.632298 -748.249939 37.568581 9
-37.837353 -737.433899 2.590068 9
-37.638592 -739.043396 35.029362 9
-35.424713 -749.608826 45.367207 9
-37.024231 -748.826355 39.444660 9
-37.056084 -748.331116 38.220722 9
-35.971653 -738.545410 26.302929 9
-36.439445 -736.661011 1.342856 9
-38.906830 -743.867493 27.090731 9
-39.933598 -737.363159 44.743244 9
-35.303890 -742.476624 25.101545 9
-36.908642 -738.617371 0.924315 9
-35.913277 -736.598083 34.140675 9
-36.989159 -739.039368 33.367725 9
-36.666817 -749.940369 43.675503 9
-36.334072 -737.130066 2.314895 9
-40.886681 -746.585754 34.922344 9
-35.711922 -740.067322 16.030348 9
-35.754574 -746.377991 34.147308 9
-33.057056 -741.055176 25.917231 9
-33.567684 -742.581665 28.694229 9
-34.421879 -739.617859 18.934536 9
-31.482048 -746.077515 39.926567 9
-38.587627 -737.682434 31.451809 9
-35.452477 -744.038940 28.792791 9
-35.756207 -738.240479 0.940211 9
-38.714748 -738.382019 36.102955 9
-39.551891 -748.356018 39.189716 9
-35.316669 -741.263062 21.336304 9
-40.353878 -743.306641 27.115492 9
-34.273983 -749.504578 42.705776 9
-38.589077 -736.947388 34.933441 9
-37.191864 -736.759644 4.179442 9
-31.441479 -749.680786 45.142673 9
-36.432884 -737.040161 28.140984 9
-36.026985 -745.134521 31.111279 9
-36.248516 -748.012817 37.177845 9
-37.871204 -748.518677 38.524998 9
-40.397507 -747.471313 36.467304 9
-39.245182 -746.949463 34.298653 9
-33.602116 -748.758118 41.560387 9
-35.731808 -737.892883 3.542155 9
-36.898693 -738.864075 29.036160 9
-37.038773 -736.316895 10.277673 9
-35.747326 -737.375793 31.302139 9
-31.168859 -745.951660 41.898144 9
-35.942848 -737.144531 4.950953 9
-36.329010 -737.462219 10.711889 9
-35.515316 -737.485291 31.821190 9
-37.931992 -737.884583 9.570964 9
-37.575294 -740.334656 16.411341 9
-38.402237 -738.384583 5.891567 9
-38.846161 -743.331299 25.689007 9
-36.261906 -745.603516 32.036926 9
-39.640373 -742.265747 23.815990 9
-32.612808 -749.248535 43.821461 9
-37.268867 -736.788330 6.209525 9
-35.888176 -748.293457 38.040359 9
-35.670055 -749.698486 40.851139 9
-40.110825 -739.515747 20.200626 9
-34.419746 -745.397705 33.506645 9
-38.741024 -748.449158 38.486748 9
-37.148724 -749.626160 42.986351 9
-39.080856 -743.063782 25.341974 9
-35.993221 -738.484802 10.250938 9
-31.196243 -741.809875 31.711163 9
-37.625431 -736.932495 9.452541 9
-37.173103 -739.119934 34.219536 9
-30.802868 -741.195068 31.319132 9
-38.039024 -746.119934 32.518623 9
-36.232746 -738.296265 1.592904 9
-36.977802 -745.992371 32.299847 9
-34.103592 -747.618835 38.012062 9
-30.994652 -740.549072 29.267321 9
-38.265278 -749.367981 41.781540 9
-37.992702 -738.628967 11.895804 9
-38.909046 -738.859863 16.790031 9
-37.990845 -749.113831 42.106606 9
-35.916706 -738.768799 24.367538 9
-37.472591 -739.060059 0.017608 9
-38.150970 -739.177673 14.932449 9
-37.929291 -738.044434 24.095676 9
-37.214420 -736.027649 38.380943 9
-39.155121 -745.240540 31.158218 9
-38.883221 -739.033325 16.388863 9
-38.438068 -737.946411 2.636642 9
-41.110031 -742.936401 26.926872 9
-37.230259 -736.400818 31.932594 9
-32.534481 -742.449219 30.165531 9
-38.174725 -737.540955 24.768419 9
-31.926201 -747.437927 41.983604 9
-30.728725 -743.386658 36.606876 9
-37.460094 -747.090210 35.043339 9
-39.295231 -739.648193 18.549744 9
-36.046173 -739.397766 12.580832 9
-34.381130 -750.530579 45.669823 9
-36.770878 -736.426086 0.470079 9
-39.002800 -738.485229 42.248917 9
-36.684761 -737.496887 11.537288 9
-41.644581 -744.699890 31.499146 9
-38.696632 -738.492432 15.956476 9
-37.901581 -748.967468 39.897503 9
-35.908463 -736.933960 32.309185 9
-38.822086 -737.964905 32.636295 9
-41.425354 -741.872681 24.638130 9
-34.255386 -744.427429 31.892128 9
-39.489910 -738.373047 18.477552 9
-36.438389 -736.770081 7.645459 9
-37.746143 -738.452026 20.349792 9
-36.973129 -740.241394 14.109942 9
-36.380657 -749.427368 40.935219 9
-37.703781 -747.971375 37.331406 9
-39.156033 -736.963562 38.997238 9
-34.619614 -741.451233 23.229671 9
-41.463192 -743.860168 29.896633 9
-39.329628 -737.358887 39.664913 9
-32.443672 -741.064270 27.737959 9
-36.832054 -737.518127 13.912052 9
-37.658569 -737.148132 11.446274 9
-34.306080 -742.932800 28.163103 9
-36.179497 -737.619568 14.081843 9
-33.418293 -743.756409 31.394808 9
-38.184902 -737.641357 26.304855 9
-36.982525 -748.082092 36.912045 9
-36.253563 -742.025757 20.151077 9
-36.576054 -742.413147 22.484978 9
-30.276423 -744.165222 39.283115 9
-37.875076 -741.492065 20.736679 9
-40.752014 -741.398621 23.183971 9
-39.343529 -738.308533 41.654442 9
-33.258881 -740.653992 24.379076 9
-32.071255 -741.078979 28.332342 9
-36.607758 -739.218506 8.724543 9
-39.323353 -746.142944 33.238625 9
-38.239071 -748.079712 37.464531 9
-39.447826 -738.020813 43.179306 9
-35.456863 -738.373047 29.905396 9
-37.254452 -736.856445 7.270648 9
-39.991550 -737.488586 44.130936 9
-39.104637 -746.305908 33.700226 9
-37.391270 -746.227234 32.784306 9
-41.350613 -740.017029 22.503162 9
-38.100147 -739.466797 0.290870 9