-36.900219 -735.795959 38.645832 9
-38.892086 -738.877563 -0.855496 9
-36.524632 -741.823608 19.158783 9
-33.035786 -751.324158 46.282562 9
-41.925446 -744.298828 30.526644 9
-30.639618 -740.440369 29.483528 9
-36.754150 -736.046509 9.750145 9
-34.066811 -747.062500 36.818321 9
-38.252941 -737.029053 26.867311 9
-39.955708 -737.284729 46.365055 9
-38.422241 -749.137756 42.119091 9
-30.413372 -746.055603 42.634460 9
-35.853767 -743.480896 26.066595 9
-32.349476 -738.408997 23.239288 9
-40.678455 -747.537903 36.127956 9
-37.106422 -738.959351 32.953743 9
-41.169037 -741.451782 23.431627 9
-30.311895 -742.414551 35.307182 9
-35.660500 -737.501038 4.012971 9
-38.433140 -737.611328 15.406436 9
-36.229153 -745.391052 31.628159 9
-37.727482 -737.188049 21.529575 9
-34.261833 -737.677490 18.023848 9
-39.122425 -738.749084 41.830017 9
-36.627163 -740.201843 11.819919 9
-33.897621 -748.744690 41.198956 9
-33.222599 -747.158875 45.648380 9
-39.927689 -743.431335 26.933598 9
-30.986553 -744.718933 38.756432 9
-36.944637 -739.521545 7.565127 9
-32.645901 -743.238403 31.715265 9
-35.553398 -738.996765 29.100599 9
-39.142914 -738.182007 36.326603 9
-37.498104 -748.396423 38.320488 9
-36.417454 -736.011841 0.355425 9
-34.885326 -741.406616 22.865099 9
-32.818768 -740.896606 26.254356 9
-39.494808 -739.315308 18.796322 9
-36.302929 -740.740845 15.537320 9
-37.180004 -747.283752 34.773277 9
-35.930748 -749.603271 44.801659 9
-35.673222 -736.283875 35.032803 9
-39.966061 -745.892639 33.034271 9
-36.024311 -738.359375 24.393946 9
-37.828930 -736.535217 30.471323 9
-38.634148 -738.766052 2.807088 9
-39.388424 -735.753784 43.344395 9
-37.969025 -742.532471 23.621086 9
-32.646915 -744.803406 34.800804 9
-35.422260 -737.916565 14.002977 9
-34.794926 -743.587830 29.253561 9
-38.798561 -744.818176 29.640680 9
-38.349915 -737.220825 5.841996 9
-33.824368 -739.455139 20.651909 9
-38.021255 -739.335388 38.953388 9
-37.962608 -737.351013 12.338607 9
-37.301960 -737.262207 18.391142 9
-39.190544 -741.273315 21.052952 9
-30.523190 -741.297729 32.472271 9
-32.929882 -749.535400 43.895996 9
-35.758778 -736.874939 7.142424 9
-38.616611 -736.697021 33.881550 9
-32.630936 -746.969299 39.304173 9
-41.141216 -739.286499 21.464233 9
-39.245106 -736.925659 39.712959 9
-35.308475 -737.593384 31.450697 9
-37.875370 -738.525208 9.900835 9
-34.960224 -745.981201 33.954811 9
-35.848240 -738.382874 1.389466 9
-32.369724 -744.853271 44.702698 9
-32.798992 -741.985535 28.651926 9
-36.358047 -749.332703 40.481064 9
-41.743126 -742.408508 28.456100 9
-35.199455 -740.074280 17.798449 9
-30.921579 -747.983765 44.262112 9
-36.789967 -738.893127 35.486080 9
-36.332359 -739.392822 26.747902 9
-37.920174 -739.459167 13.819872 9
-36.905102 -739.375488 5.072169 9
-41.720085 -741.423340 25.862642 9
-36.131752 -738.116211 16.377016 9
-34.839165 -748.199463 38.868511 9
-31.543259 -738.893494 25.550014 9
-38.292099 -739.802917 16.658686 9
-37.766743 -736.107788 36.286140 9
-37.926636 -738.482117 28.945881 9
-37.023479 -744.068359 28.122141 9
-37.592365 -739.323486 22.673412 9
-37.375744 -736.708862 2.476562 9
-38.511921 -736.490173 -0.735358 9
-39.904774 -748.479187 38.296764 9
-36.850311 -741.990540 21.541952 9
-35.862728 -737.967224 11.402263 9
-38.062176 -737.193665 24.535707 9
-39.895077 -737.947632 43.950294 9
-32.020638 -747.381470 41.576633 9
-35.988079 -738.650513 20.918814 9
-35.363625 -749.892456 42.569508 9
-38.216835 -736.958313 8.127561 9
-34.267254 -749.028809 46.474106 9
-32.251945 -745.629272 37.103165 9
-38.354031 -735.541382 41.253147 9
-36.173595 -737.315857 27.732637 9
-33.221199 -740.393799 23.939997 9
-36.534626 -736.569092 33.011253 9
-38.047836 -743.284790 25.704956 9
-36.685555 -738.447815 -0.658653 9
-34.286095 -744.575500 32.366798 9
-36.158173 -747.828186 36.665028 9
-38.505234 -747.658508 36.489761 9
-37.798237 -746.294739 32.887520 9
-34.583431 -741.945312 24.975523 9
-31.377516 -739.565735 27.624903 9
-30.334400 -743.104797 37.370674 9
-39.926533 -742.647644 24.752951 9
-31.584707 -742.922546 33.576214 9
-38.768017 -738.081909 31.677168 9
-38.770889 -748.305359 40.154110 9
-30.238745 -744.909851 40.773846 9
-34.282337 -742.580261 27.257692 9
-36.089886 -737.901184 8.959746 9
-37.901051 -738.618530 19.964443 9
-38.268417 -737.797852 0.906009 9
-41.409607 -746.701538 34.301617 9
-39.065620 -737.789307 17.447445 9
-39.300098 -746.828369 34.743946 9
-37.079391 -738.900757 30.781954 9
-31.840221 -741.755310 30.515442 9
-35.174065 -740.971008 20.459494 9
-35.051914 -750.983215 46.026577 9
-40.542133 -743.995667 28.832548 9
-41.776417 -745.401917 32.221344 9
-31.570864 -750.083435 45.270817 9
-40.091827 -745.125427 31.189096 9
-36.027500 -742.955139 24.064665 9
-38.132290 -740.718567 18.544035 9
-38.884468 -736.826538 37.756882 9
-32.965927 -737.784973 21.276461 9
-36.092155 -737.210022 29.697466 9
-36.581169 -737.053040 25.834082 9
-38.444496 -738.574219 34.418774 9
-35.954105 -738.567383 18.891617 9
-36.010185 -739.814575 13.753263 9
-36.323532 -744.624390 29.827059 9
-31.478527 -744.123901 36.220490 9
-36.686131 -741.246826 17.341742 9
-37.143707 -749.893677 43.357258 9
-36.197910 -737.701965 22.557346 9
-39.498882 -736.906250 41.821384 9
-36.743935 -738.677979 2.985360 9
-37.401512 -739.259460 37.197475 9
-37.971668 -737.566833 4.069250 9
-38.111324 -745.556580 31.221590 9
-36.622864 -736.844543 5.430854 9
-36.661156 -739.812622 9.474746 9
-37.688080 -736.705750 28.621197 9
-37.223324 -737.384583 14.090304 9
-33.247059 -743.039001 30.037745 9
-39.597084 -741.877258 22.704199 9
-37.770691 -738.397827 25.820120 9
-33.857014 -746.007568 35.397205 9
-31.420956 -746.159180 40.347027 9
-34.169579 -739.204468 18.944454 9
-37.893002 -739.013916 11.678173 9
-33.727394 -740.285706 22.181990 9
-40.442970 -738.543640 20.030621 9
-35.376480 -746.841370 35.447643 9
-38.745583 -744.213257 27.978870 9
-39.957565 -736.294800 44.869595 9
-32.203449 -748.144836 43.083130 9
-34.300560 -750.187073 44.666096 9
-36.242027 -736.018127 37.036728 9
-38.160126 -738.494446 7.001166 9
-35.442280 -739.298950 15.345772 9
-33.622055 -737.780762 19.703625 9
-39.286781 -738.297913 38.562408 9
-34.967293 -744.335083 30.840872 9
-37.772247 -738.826843 18.134901 9
-37.818825 -741.294983 20.132395 9
-38.962399 -738.534119 40.183823 9
-37.158356 -739.574951 24.527054 9
-37.480328 -739.124329 1.511025 9
-36.131954 -738.267578 6.084811 9
-36.736317 -737.430786 19.938623 9
-37.255074 -737.299988 10.838514 9
-37.504620 -737.323120 16.751743 9
-34.712875 -738.813599 16.819260 9
-38.022583 -736.723511 32.316238 9
-35.480000 -743.573730 27.737638 9
-38.100674 -737.789062 23.014690 9
-33.062519 -744.165344 33.324409 9
-37.276836 -736.323730 34.706409 9
-41.184265 -739.955322 22.926102 9
-41.323509 -742.580688 26.887726 9
-39.932751 -740.021057 20.322969 9
-33.910786 -749.287781 42.689079 9
-37.229725 -735.763306 40.170971 9
-36.255947 -746.006836 33.070259 9
-37.535358 -738.648621 27.401213 9
-36.347107 -737.464050 12.814642 9
-38.487812 -739.202942 15.248706 9
-31.778934 -740.798584 28.472132 9
-32.093159 -746.364868 44.858387 9
-36.581951 -736.749146 31.392920 9
-37.253769 -736.781067 6.841224 9
-36.965454 -749.626953 41.853680 9
-38.824650 -737.033020 35.365189 9
-30.496031 -741.916199 33.893589 9
-33.651623 -747.446228 38.277798 9
-36.010124 -737.375244 2.512377 9
-36.214630 -748.836243 39.002415 9
-38.600094 -737.801636 30.179873 9
-33.573200 -748.078613 39.697166 9
-38.267044 -741.973877 22.037596 9
-37.598660 -749.122620 39.625328 9
-35.496490 -737.318970 33.753319 9
-31.527607 -742.238708 31.944120 9
-30.841038 -740.797119 31.035196 9
-36.241112 -737.013916 -0.721219 9
-35.890900 -738.988037 12.474864 9
-38.020790 -736.816895 9.613543 9
-36.782791 -737.122498 23.795156 9
-31.861177 -745.901672 38.589497 9
-38.336384 -736.035156 38.982815 9
-34.974960 -748.919250 40.163513 9
-37.786880 -738.677856 8.420483 9
-36.634613 -736.687256 8.283883 9
-36.007847 -739.364929 10.789606 9
-36.703644 -742.303406 22.950779 9
-36.090481 -738.294983 7.567400 9
-35.515816 -740.768555 19.035398 9
-38.210148 -739.794434 0.037401 9
-32.500458 -739.879639 25.093950 9
-38.635468 -738.527283 5.329489 9
-33.839359 -745.113953 34.055981 9
-38.621670 -738.042664 33.108746 9
-31.660734 -743.644836 34.890945 9
-32.980152 -750.386963 45.140793 9
-42.023029 -743.486816 29.353809 9
-37.441185 -736.960022 0.059912 9
-35.977310 -737.177124 10.231303 9
-36.864315 -736.697571 3.890203 9
-37.906265 -738.914612 21.356926 9
-38.124359 -738.998596 4.097392 9
-35.957172 -738.315002 25.825058 9
-33.159668 -739.012512 21.949472 9
-36.524075 -737.103271 1.229440 9
-36.751518 -738.278198 34.121853 9
-37.243523 -743.674805 26.790178 9
-40.694256 -741.056335 22.196369 9
-41.477055 -740.770630 24.658297 9
-36.446789 -737.981262 32.215214 9
-31.262424 -747.139465 42.822979 9
-35.127522 -747.734253 37.572758 9
-37.386421 -740.074524 14.994621 9
-39.745533 -747.798401 37.116505 9
-35.198086 -738.419739 30.358730 9
-36.799610 -743.014404 25.195269 9
-35.747509 -738.628845 27.796961 9
-36.294567 -737.785034 15.046274 9
-33.511402 -741.115906 25.103174 9
-33.934750 -742.818787 28.544714 9
-31.916559 -739.875244 26.389713 9
-35.620323 -740.052124 16.481796 9
-33.804836 -743.737854 31.157623 9
-35.537079 -741.502625 21.696020 9
-38.070690 -738.910828 35.989895 9
-37.310661 -735.748779 -0.625585 9
-40.620529 -744.426147 30.107840 9
-37.890717 -738.479431 24.145864 9
-38.618134 -738.689819 37.438644 9
-38.158600 -738.213562 13.405287 9
-33.223991 -741.711487 27.218203 9
-37.517082 -744.650635 29.211189 9
-37.734921 -736.152100 37.644333 9
-32.815060 -748.393005 41.938900 9
-38.801918 -738.593384 16.407345 9
-38.876572 -745.752014 32.291241 9
-31.349836 -744.542358 37.464233 9
-31.760883 -749.016357 44.301975 9
-36.267822 -737.941650 17.764683 9
-38.677513 -748.696289 38.832310 9
-31.021408 -745.690247 41.522785 9
-35.247185 -749.540527 41.298855 9
-39.705318 -737.994751 18.580025 9
-37.824150 -749.251282 40.936005 9
-39.248135 -739.226746 17.498030 9
-35.072277 -737.489990 16.989521 9
-38.715836 -743.884094 26.680420 9
-33.304710 -749.944214 46.346226 9
-36.103691 -746.599731 34.363758 9
-39.098263 -740.538879 19.402494 9
-38.138153 -746.631348 34.107128 9
-39.377304 -737.843994 42.719162 9
-37.287415 -739.578003 10.606128 9
-37.069294 -740.057312 13.033443 9
-33.938202 -741.892456 26.085653 9
-35.065964 -737.997131 15.383134 9
-37.298386 -747.621460 36.021168 9
-41.015446 -741.963440 24.725271 9
-35.131676 -745.489380 32.699806 9
-37.234516 -738.958618 6.233618 9
-35.969933 -737.789429 0.259457 9
-36.410877 -738.501343 4.258848 9
-38.715923 -743.065308 24.614168 9
-38.511833 -737.985168 27.895517 9
-35.280396 -750.117493 43.827442 9
-32.736908 -745.499390 35.926628 9
-36.228306 -741.689819 20.394840 9
-40.457829 -742.838440 25.903625 9
-32.666256 -747.608948 40.476524 9
-36.490353 -737.537292 21.270054 9
-34.130249 -741.291382 23.978243 9
-38.646492 -748.184387 37.635616 9
-36.258381 -748.343811 37.827667 9
-41.371346 -745.941284 33.291531 9
-41.024441 -743.272400 27.881546 9
-37.254967 -740.608643 16.401579 9
-32.076447 -738.511414 24.472538 9
-34.564720 -740.210510 19.639462 9
-37.030361 -745.273682 30.652592 9
-39.974514 -737.552551 45.137051 9
-37.754959 -736.159607 10.649379 9
-32.933296 -748.379150 45.681164 9
-32.902359 -746.516235 37.738373 9
-37.792145 -738.840088 31.913195 9
-37.492779 -748.779236 42.849312 9
-38.488468 -737.767700 -0.459961 9
-35.873848 -744.142700 28.775402 9
-38.667534 -736.102478 42.309235 9
-34.973747 -742.539917 26.088251 9
-33.083912 -739.510620 23.093134 9
-39.490868 -737.563538 40.734707 9
-37.460445 -738.774902 0.345186 9
-38.145287 -736.561096 0.976333 9
-38.202393 -737.549133 2.853788 9
-37.303417 -747.996521 37.177055 9
-32.317665 -740.864502 27.373011 9
-38.265327 -747.108154 35.319267 9
-40.469524 -746.914551 35.084957 9
-39.847309 -736.879700 43.326481 9
-35.239681 -742.040527 23.948957 9
-39.472008 -747.262878 35.870800 9
-36.624851 -736.152100 35.786324 9
-30.195284 -744.331665 39.706581 9
-36.115662 -739.086426 8.496813 9
-37.010902 -736.864929 26.980925 9
-39.254204 -743.211731 25.770317 9
-36.832928 -740.670532 14.063859 9
-36.443439 -737.811890 30.849493 9
-30.803286 -742.922058 36.276974 9
-30.321463 -743.725098 38.402534 9
-39.204590 -742.497986 23.641422 9
-38.805511 -736.918518 36.559311 9
-38.460754 -736.140991 40.160751 9
-35.602440 -737.156372 32.535423 9
-37.752701 -736.975647 25.689388 9
-40.188480 -746.335144 34.105988 9
-37.819569 -737.354614 19.516224 9
-35.697044 -737.590942 5.218225 9
-38.610085 -738.812744 1.574836 9
-37.582924 -736.292175 33.496323 9
-35.885067 -738.629333 23.267405 9
-34.270821 -740.465576 21.050776 9
-33.939911 -750.714417 45.719891 9
-37.319553 -737.292297 15.602219 9
-37.217747 -737.127075 22.619968 9
-37.036793 -738.937744 29.563011 9
-36.081467 -738.801208 9.717447 9
-41.243851 -744.719971 31.372206 9
-32.289242 -743.415222 32.800194 9
-37.677937 -736.884094 4.962821 9
-37.738518 -740.551208 17.470846 9
-32.065231 -741.464966 29.391327 9
-37.238617 -745.839478 31.945538 9
-31.040596 -745.218994 39.803810 9
-35.142963 -749.892761 45.661613 9
-35.784752 -737.804688 28.692591 9
-38.909924 -746.242859 33.325890 9
-35.689671 -742.707031 25.213636 9
-40.592525 -745.326843 32.208458 9
-38.646168 -738.790344 0.354618 9
-35.151295 -747.242981 36.491714 9
-38.304600 -737.361450 6.978975 9
-38.461472 -737.454834 29.114330 9
-38.500805 -737.031799 31.248049 9
-37.066734 -746.545105 33.747608 9
-37.779366 -738.759521 -0.748358 9
-38.339901 -738.297913 14.523994 9
-36.329563 -736.494080 34.103897 9
-37.957638 -738.339905 17.115143 9
-40.173428 -741.958313 23.802652 9
-37.058762 -736.647156 29.591423 9
-39.447323 -744.313171 28.891230 9
-34.383587 -738.836670 17.887423 9
-37.446980 -739.050964 34.557247 9
-35.630226 -737.143921 15.818283 9
-33.345894 -746.265442 36.501125 9
-34.107731 -749.832092 43.647278 9
-37.701687 -739.147278 12.749715 9
-39.852016 -743.885925 27.927397 9
-31.017126 -742.765076 34.548363 9
-35.962387 -738.742676 22.166580 9
-32.212154 -750.660156 45.939445 9
-37.876400 -737.670410 8.925520 9
-31.041939 -742.138367 32.935585 9
-32.186501 -743.868652 33.938416 9
-37.079494 -741.208862 18.353361 9
-35.089218 -745.007935 31.707550 9
-36.959240 -737.376526 11.871066 9
-36.711845 -739.569214 25.516407 9
-35.880657 -740.942505 17.996078 9
-39.040485 -745.268372 30.738224 9
-38.394680 -737.584717 10.264277 9
-37.106380 -738.938843 28.423531 9
-39.320553 -737.222595 38.664909 9
-36.834343 -739.070190 23.523712 9
-32.913891 -748.943420 42.922890 9
-38.714577 -740.032959 17.968761 9
-34.494427 -741.014648 21.952192 9
-39.064907 -738.064575 35.132175 9
-39.271061 -737.845581 37.576550 9
-37.926308 -737.961670 20.804201 9
-30.849667 -740.060547 28.414307 9
-30.577301 -747.013123 43.623032 9
-38.607361 -737.531555 16.515991 9
-34.273911 -743.705750 30.211824 9
-36.527504 -736.979126 28.682764 9
-33.481312 -738.444153 20.587305 9
-36.059963 -737.740601 26.765368 9
-37.784634 -738.214661 10.927717 9
-38.030746 -738.856567 33.474659 9
-32.491104 -742.629700 30.849125 9
-35.866035 -744.933350 30.727749 9
-36.324757 -747.312744 35.577244 9
-35.476635 -738.952332 14.302644 9
-36.383038 -737.381470 24.853458 9
-37.901917 -738.597107 30.136234 9
-39.044224 -736.375183 41.005325 9
-37.761116 -741.600769 21.143766 9
-35.996643 -740.083923 14.764658 9
-36.477726 -736.998291 9.309909 9
-38.522144 -737.972656 8.095866 9
-37.042709 -742.540955 24.104145 9
-37.969501 -745.132324 30.196730 9
-35.969334 -737.229919 6.163825 9
-36.158123 -737.193176 14.115958 9
-39.406265 -747.970520 39.054272 9
-37.819569 -738.083740 22.034180 9
-36.483406 -737.668152 18.899084 9
-35.344498 -744.291626 29.865278 9
-37.643932 -738.911682 2.512649 9
-33.803135 -740.703430 23.121426 9
-37.665741 -738.649048 4.974066 9
-38.889488 -737.659607 34.197315 9
-33.437710 -744.002014 32.283741 9
-37.794136 -738.262512 19.017632 9
-32.631454 -742.276367 29.752029 9
-38.287552 -748.410583 41.285900 9
-34.448933 -746.774292 35.902840 9
-31.225838 -741.113586 30.011221 9
-36.954887 -739.263367 3.820493 9
-35.744198 -742.005859 22.746601 9
-34.627251 -746.380432 34.850346 9
-32.104164 -744.662720 35.646259 9
-36.330158 -749.997864 43.953514 9
-36.410767 -749.859680 42.668583 9
-36.421906 -743.713440 27.366314 9
-36.458714 -736.121521 1.409465 9
-39.268757 -736.418579 44.143673 9
-35.171749 -742.997925 26.964203 9
-32.429478 -747.561829 45.180344 9
-38.049160 -738.909485 39.855007 9
-38.069759 -736.151184 35.330265 9
-32.676937 -738.102417 22.193054 9
-36.023109 -738.041016 3.258724 9
-41.571140 -740.539795 23.634766 9
-38.604504 -738.239136 3.650620 9
-31.458067 -746.558777 41.282970 9
-32.616993 -739.181946 23.910673 9
-39.685059 -744.761902 30.162079 9
-36.441853 -738.907654 6.835208 9
-37.676315 -743.018860 24.709494 9
-38.352394 -737.985901 26.588373 9
-37.080765 -739.343750 8.651208 9
-37.869022 -743.945984 27.520042 9
-36.241524 -740.828491 16.549189 9
-37.270298 -738.674316 25.014307 9
-35.639046 -738.141174 12.936304 9
-41.353394 -742.329224 25.742090 9
-39.363930 -737.894043 39.561298 9
-36.073330 -736.757935 3.261485 9
-35.999336 -737.413391 8.108987 9
-37.530933 -736.453064 31.528400 9
-40.366493 -736.765198 45.622169 9
-34.458458 -749.196228 41.882298 9
-37.305080 -737.307800 13.126628 9
-32.284824 -749.891846 44.621338 9
-32.969200 -746.265259 45.276272 9
-34.685204 -739.956970 18.658880 9
-35.255310 -750.409973 44.839336 9
-37.571182 -741.175720 19.207657 9
-39.979710 -740.638916 21.071991 9
-38.755947 -741.099731 20.190660 9
-32.070412 -746.875061 40.216438 9
-38.024128 -737.364258 1.739339 9
-37.676296 -742.122498 22.786900 9
-36.243492 -738.276794 2.261878 9
-37.949471 -739.135254 38.006306 9
-38.666676 -742.189453 22.875174 9
-36.585308 -738.446289 0.609623 9
-34.331745 -745.040833 33.250607 9
-39.511238 -737.895935 41.671520 9
-37.813538 -736.881348 3.411469 9
-38.024384 -738.271301 6.075084 9
-37.204483 -739.279419 36.251793 9
-40.416332 -739.318481 20.755074 9
-38.361694 -744.705933 28.715567 9
-33.832500 -738.880737 19.819426 9
-38.347439 -737.674622 4.964047 9
-37.444435 -737.172791 20.571909 9
-34.685249 -743.067688 28.031858 9
-37.359169 -736.682251 1.517296 9
-37.453140 -736.770874 8.780304 9
-36.993107 -738.961975 22.026163 9
-34.054607 -738.249634 18.770273 9
-31.921228 -744.904480 36.558342 9
-37.672478 -736.971191 27.651529 9
-36.634476 -736.798157 30.420685 9
-36.892666 -749.197021 43.966530 9
-38.147057 -738.079285 25.001572 9
-41.169807 -743.869202 29.562901 9
-35.966358 -738.094238 10.479824 9
-35.699047 -738.124878 29.615324 9
-37.468685 -739.348816 9.697366 9
-37.838028 -739.856750 15.808971 9
-38.151516 -738.443909 31.065876 9
-38.661201 -737.408081 32.349659 9
-36.616634 -737.564636 16.959635 9
-38.628895 -738.768616 41.029926 9
-40.019897 -737.015747 44.260296 9
-31.209209 -741.626770 31.264389 9
-37.774788 -737.132935 23.586094 9
-36.751663 -743.228882 26.122776 9
-33.368496 -745.385986 34.886215 9
-36.101852 -737.758179 23.687094 9
-30.913202 -743.773071 37.066666 9
-36.518703 -738.014282 33.143379 9
-36.022560 -749.654358 41.795345 9
-36.270786 -736.950500 4.545653 9
-36.534645 -737.028442 0.298801 9
-39.942062 -739.271484 19.724730 9
-41.199402 -740.070129 21.963680 9
-31.263807 -739.305664 26.742504 9
-36.200787 -742.486023 21.999472 9
-38.667233 -738.682556 39.141773 9
-39.710125 -745.529602 31.983860 9
-33.493595 -742.250305 27.949604 9
-33.362560 -748.226440 40.633335 9
-37.942665 -738.344360 12.358235 9
-37.302090 -739.637451 12.054807 9
-36.630840 -736.265503 37.831974 9
-37.078995 -738.794067 26.251417 9
-38.512211 -738.081116 2.163318 9
-36.012295 -738.994446 25.058899 9
-34.920616 -738.722351 15.920310 9
-37.208187 -736.994873 24.858725 9
-35.701641 -738.982361 13.375278 9
-36.777992 -736.634277 10.444935 9
-41.924507 -742.683960 27.594536 9
-37.561623 -738.487000 23.244284 9
-38.030190 -736.765686 29.542019 9
-35.939381 -738.847717 11.577585 9
-41.374428 -743.348755 28.742825 9
-34.165443 -748.544739 40.291336 9
-35.762474 -749.104797 39.749886 9
-31.973404 -746.364319 39.371258 9
-37.195736 -736.398682 32.374554 9
-35.545666 -748.419678 38.352547 9
-39.116604 -741.738037 21.891682 9
-31.089077 -746.402710 42.166317 9
-31.126835 -743.395874 35.552467 9
-34.261356 -747.486145 37.570023 9
-40.370018 -741.529785 23.036983 9
-35.672817 -737.668091 30.389156 9
-32.473942 -741.365295 28.079439 9
-37.833389 -737.976501 15.998279 9
-37.429543 -736.849670 5.820108 9
-35.884415 -738.619507 26.758671 9
-37.527676 -735.875427 39.333401 9
-33.463608 -750.084717 44.373489 9
-36.722054 -749.004761 39.719311 9
-31.595472 -748.313782 43.778873 9
-35.944798 -737.824402 6.820837 9
-33.643963 -739.654358 21.565603 9
-31.671440 -742.729370 32.719238 9
-37.433769 -738.804688 7.404935 9
-32.718037 -740.076660 25.951944 9
-31.473190 -745.115295 38.137127 9
-39.248096 -738.632812 18.151785 9
-35.720692 -740.534302 17.224213 9
-37.114773 -736.042725 36.905811 9
-33.290497 -742.562012 29.093924 9
-39.874710 -738.429688 19.336952 9
-36.258984 -739.746155 12.724400 9
-36.767601 -738.618286 1.634134 9
-39.452450 -736.512390 42.598091 9
-36.380970 -736.556580 6.595426 9
-37.916138 -737.526733 14.696292 9
-37.027267 -741.545288 19.830450 9
-36.495628 -736.187683 -0.492011 9
-37.356735 -736.935547 7.868119 9
-36.510353 -736.788147 2.117594 9
-33.555706 -748.895813 41.995663 9
-34.531094 -738.106506 17.292355 9
-36.653488 -744.483337 29.028641 9
-38.276546 -736.683655 34.687157 9
-35.063198 -739.658630 17.013462 9
-32.351040 -748.905945 43.682850 9
-37.774712 -737.564697 11.486516 9
-38.293224 -736.372437 36.996849 9
-34.170933 -745.685669 34.629219 9
-35.963009 -741.316406 19.586250 9
-40.762836 -743.203735 27.012186 9
-33.307144 -747.489563 39.077675 9
-34.364597 -744.304871 31.489773 9
-35.710411 -737.564209 1.588827 9
-38.700489 -737.178528 33.182178 9
-31.297737 -749.250183 44.995087 9
-36.289913 -736.763672 32.204617 9
-36.459412 -737.360168 11.132927 9
-38.284786 -737.191467 28.248055 9
-34.581139 -749.723572 42.940197 9
-31.989252 -747.664429 42.374538 9
-31.390730 -740.795288 29.226904 9
-30.925718 -745.489807 40.705235 9
-38.178368 -748.944702 40.216007 9
-34.024837 -743.230652 29.320740 9
-31.186855 -747.604858 43.539001 9
-37.649582 -737.318787 17.624584 9
-37.295872 -739.961487 14.165834 9
-36.432281 -738.644226 5.090502 9
-36.578426 -738.962585 33.614235 9
-38.099819 -738.886108 35.142414 9
-31.793823 -740.294250 27.768108 9
-35.780655 -740.074951 15.600686 9
-36.108597 -738.351440 19.713768 9
-34.795090 -737.955933 16.283535 9
-36.987679 -741.550598 20.817509 9
-35.938435 -745.642517 32.378174 9
-31.952330 -745.603882 44.529705 9
-39.291229 -743.879150 27.292761 9
-34.665192 -748.986755 40.969154 9
-33.631321 -744.613403 32.939892 9
-37.046509 -748.666748 39.010979 9
-38.660759 -738.431946 15.529250 9
-38.061737 -745.968018 32.122585 9
-37.463688 -739.389648 35.400826 9
-38.013721 -737.458496 13.743714 9
-39.322914 -748.595093 39.596611 9
-38.159698 -738.604004 32.689194 9
-37.680172 -738.917175 3.353163 9
-40.021214 -744.325989 29.494345 9
-35.766521 -746.120789 33.769611 9
-37.171120 -749.403137 40.379623 9
-39.091419 -740.078552 18.701097 9
-34.523647 -750.278259 46.135788 9
-36.972347 -746.140198 32.702633 9
-37.112083 -744.941772 29.892694 9
-35.613884 -736.958740 34.496902 9
-34.073421 -747.925293 39.049225 9
-33.029602 -740.500488 24.802315 9
-37.862549 -739.469666 14.722210 9
-32.766735 -744.484497 34.031174 9
-40.289230 -748.186584 37.641468 9
-37.669285 -736.495544 -0.749369 9
-36.046295 -742.391785 23.451086 9
-35.965588 -737.155029 30.986897 9
-37.994362 -735.453308 40.293480 9
-33.583111 -746.971802 37.592087 9
-36.422882 -738.414734 31.525743 9
-34.942402 -741.042114 21.255043 9
-36.215878 -736.413391 7.617183 9
-37.044575 -736.699158 28.107702 9
-36.726097 -737.548035 16.104538 9
-32.729103 -747.959106 41.259975 9
-38.581200 -738.689392 38.339222 9
-38.355762 -736.628052 35.940781 9
-37.826416 -738.129272 7.655898 9
-36.898254 -736.964050 3.092814 9
-33.133762 -743.282654 30.814957 9
-37.629848 -749.310974 42.251472 9
-38.113686 -738.957031 36.866665 9
-30.359205 -745.499023 41.947594 9
-36.769814 -740.600708 14.873516 9
-32.383347 -746.520630 38.652355 9
-35.938454 -736.600098 35.744846 9
-39.717949 -741.226990 21.691156 9
-31.377182 -745.401245 39.017681 9
-38.380630 -736.321838 38.147522 9
-36.065563 -737.927307 -0.689404 9
-41.672482 -743.553467 30.109768 9
-36.426685 -741.617554 18.094143 9
-36.989506 -738.969971 32.030819 9
-30.841074 -744.046753 37.838291 9
-36.038445 -738.657349 18.094231 9
-37.728073 -737.552429 9.772852 9
-37.851875 -748.856445 38.902428 9
-37.774708 -744.332397 28.290224 9
-38.859573 -736.653992 38.972286 9
-39.059055 -745.477112 31.522179 9
-35.379890 -737.888550 32.201439 9
-34.584324 -748.506226 39.596046 9
-33.353699 -741.378052 25.858559 9
-35.847351 -750.063354 43.228271 9
-38.131851 -739.465515 -0.732463 9
-39.116547 -748.322937 38.273586 9
-35.898148 -737.843628 12.233003 9
-32.148434 -739.516174 25.701281 9
-38.206486 -737.292603 0.282066 9
-39.293060 -738.319885 40.908546 9
-37.622612 -736.102722 38.483093 9
-40.617279 -747.737061 36.894508 9
-38.140224 -737.679077 25.763243 9
-36.532383 -736.357361 34.985493 9
-36.596577 -737.637939 13.540766 9
-35.225571 -739.417297 16.207588 9
-31.017925 -746.380493 43.031616 9
-35.515823 -749.362427 40.565128 9
-32.992134 -747.007263 38.362782 9
-36.107376 -738.233765 21.589741 9
-36.092728 -741.767883 21.172892 9
-38.697781 -739.350403 16.152355 9
-36.026501 -736.552246 8.770836 9
-37.087021 -736.610291 0.691412 9
-36.672207 -737.312012 22.060883 9
-36.539650 -738.754822 34.751617 9
-34.387901 -747.828369 38.288879 9
-36.708546 -739.983032 10.948202 9
-35.433266 -748.707642 39.164394 9
-33.571102 -738.926514 21.263657 9
-38.814388 -739.325745 -0.202531 9
-37.074833 -740.485352 15.652643 9
-31.889040 -742.265015 31.235825 9
-35.339172 -746.426025 34.501934 9
-37.171368 -738.800476 24.240997 9
-36.964844 -739.495483 6.751533 9
-38.157215 -737.703247 23.940928 9
-38.284397 -741.027222 19.562145 9
-39.337399 -746.481262 34.040607 9
-32.792416 -739.857178 24.335758 9
-37.957100 -743.503357 26.484695 9
-39.436069 -740.720581 20.355453 9
-30.576136 -741.147400 31.686960 9
-37.858631 -738.896790 9.187603 9
-33.145916 -750.646790 45.898624 9
-37.903316 -738.445496 28.079277 9
-36.095055 -738.364929 17.118603 9
-35.977638 -739.616455 12.009638 9
-41.642532 -741.526245 24.862984 9
-35.772408 -739.228821 28.374430 9
-35.790333 -743.488525 26.933664 9
-38.492001 -736.900696 30.295807 9
-35.471127 -738.205627 14.739907 9
-39.806019 -737.226257 42.501804 9
-36.459660 -738.675415 32.598679 9
-38.079563 -747.921387 37.096813 9
-37.855129 -736.910583 10.446715 9
-36.042133 -741.291931 18.674923 9
-32.133167 -739.211914 24.921642 9
-37.179501 -739.155518 -0.448119 9
-39.963375 -747.462402 36.437431 9
-39.621613 -739.973328 19.516190 9
-38.042072 -738.770386 0.852695 9
-32.060154 -745.746460 37.851849 9
-32.774872 -738.811890 22.724777 9
-37.191936 -736.800598 9.569891 9
-40.712559 -745.726562 32.902370 9
-30.821091 -744.621948 40.258202 9
-36.591988 -739.468262 10.272793 9
-37.892788 -737.372864 22.323912 9
-38.253334 -738.151489 29.589947 9
-36.743866 -749.553894 41.122898 9
-36.593952 -737.656616 10.274671 9
-38.996834 -737.484314 35.967030 9
-39.077335 -737.615601 36.867016 9
-35.279686 -742.336060 24.693521 9
-36.571590 -748.294189 37.108295 9
-38.547184 -741.524902 21.409344 9
-37.110146 -737.304626 19.220377 9
-36.918419 -737.398071 14.814932 9
-37.460938 -741.954956 22.064688 9
-37.845699 -739.131409 10.899000 9
-38.646542 -738.316223 4.582336 9
-35.931705 -736.747986 33.482296 9
-40.903091 -746.285339 33.842758 9
-35.253578 -743.672668 28.645895 9
-37.386093 -736.294678 35.660580 9
-30.637701 -740.692810 30.303288 9
-38.528969 -737.840515 6.418114 9
-36.323021 -737.717651 20.547354 9
-38.616295 -738.496094 35.566605 9
-36.699345 -739.397400 5.916987 9
-37.573238 -736.920349 26.447741 9
-33.450203 -749.407471 43.359879 9
-30.693102 -744.128418 39.146950 9
-34.624477 -750.436401 45.313927 9
-36.370792 -739.038147 7.771391 9
-38.334148 -738.521179 -0.265405 9
-37.339867 -737.153015 4.284050 9
-40.446381 -739.987488 21.111341 9
-34.643044 -739.539490 18.012625 9
-30.334597 -742.064880 34.618275 9
-35.658966 -750.604370 45.751446 9
-35.160259 -740.701599 19.750740 9
-37.115128 -735.849976 10.392739 9
-38.033928 -737.121338 -0.530168 9
-33.536373 -740.993835 24.344543 9
-38.250771 -748.456055 38.257427 9
-35.987175 -739.305115 27.579016 9
-37.320869 -739.077637 33.709957 9
-38.000111 -736.259338 34.123230 9
-40.662510 -744.704529 30.804266 9
-34.113506 -739.671875 19.990700 9
-36.575779 -737.357178 23.112019 9
-32.312950 -740.496094 26.638706 9
-39.013832 -738.575500 17.128622 9
-37.394226 -738.819580 4.235404 9
-36.161961 -738.332581 8.312163 9
-38.998825 -747.870728 37.044876 9
-36.128380 -737.583496 25.595264 9
-32.137135 -742.740051 31.894068 9
-39.287235 -736.871704 40.511002 9
-34.706577 -741.632568 23.616348 9
-36.840115 -737.391724 17.656008 9
-32.120796 -744.262695 34.796234 9
-32.533798 -745.585022 45.015408 9
-36.278271 -739.095886 25.925117 9
-38.235100 -738.787170 13.907820 9
-30.959084 -748.679626 44.552372 9
-34.703716 -745.685425 33.291439 9
-38.582527 -748.815918 39.603989 9
-33.858654 -742.077087 26.810320 9
-38.805645 -739.266663 16.882307 9
-35.496426 -738.166992 31.020008 9
-34.360229 -751.235718 46.073212 9
-36.445801 -746.923401 34.940968 9
-31.583660 -743.268250 34.239471 9
-39.349274 -742.815674 24.295485 9
-35.826962 -747.285400 36.189030 9
-39.397568 -739.650940 18.129416 9
-38.027328 -747.389099 35.981007 9
-36.959225 -736.716431 4.774715 9
-37.363842 -745.625000 31.218842 9
-36.273224 -743.963745 28.163279 9
-36.122627 -737.690308 9.678598 9
-39.345631 -743.597046 26.445192 9
-38.026096 -736.073242 40.748795 9
-35.833096 -737.931091 27.513588 9
-41.019760 -747.236267 35.474445 9
-32.819157 -746.108582 37.011845 9
-37.278175 -742.422913 23.414814 9
-35.841736 -747.950195 37.324661 9
-32.912121 -747.503784 39.775513 9
-38.498646 -749.123413 41.389820 9
-31.000891 -741.772217 32.099518 9
-38.218857 -737.017578 8.875057 9
-38.525398 -737.741333 31.026081 9
-37.852760 -747.012634 34.707031 9
-35.821182 -738.091309 4.421915 9
-36.693119 -748.583496 38.391415 9
-38.130440 -736.680115 33.202667 9
-38.832642 -747.583557 35.768566 9
-40.609417 -742.382324 25.150574 9
-38.186947 -742.652527 24.324202 9
-31.022179 -742.402588 33.768082 9
-36.131420 -735.911194 36.259182 9
-38.301193 -741.423096 20.665508 9
-33.413292 -739.633118 22.286463 9
-32.293243 -750.183594 45.338947 9
-37.093197 -736.199646 -0.073309 9
-37.016674 -748.298767 37.781452 9
-33.977062 -741.631836 25.311258 9
-37.053638 -736.436218 33.973255 9
-39.699856 -737.607788 43.335991 9
-35.241001 -740.396423 18.439575 9
-36.981659 -739.177429 0.703254 9
-38.572208 -746.815674 34.662983 9
-38.507328 -738.086731 28.731112 9
-32.833351 -743.882385 32.676849 9
-37.329418 -739.488098 11.324629 9
-31.567476 -747.097900 42.167252 9
-38.637451 -743.085815 25.342701 9
-36.463634 -739.190796 9.121958 9
-37.173298 -736.510132 30.806936 9
-32.026562 -747.130859 40.880569 9
-35.692539 -738.524353 28.530262 9
-35.878468 -737.419373 13.356457 9
-39.122688 -735.631226 42.642101 9
-37.847416 -737.845764 20.049456 9
-38.597088 -738.204712 33.819027 9
-39.376930 -743.044922 25.036179 9
-39.108620 -736.316467 41.728691 9
-41.180279 -744.222717 30.522205 9
-37.923134 -738.297485 11.628770 9
-33.737640 -750.308594 45.102444 9
-38.516808 -738.085144 0.256711 9
-36.621487 -740.344360 12.513028 9
-40.165630 -747.164795 35.752724 9
-33.277618 -741.441101 26.567417 9
-31.789991 -745.120667 37.246490 9
-34.463585 -742.394531 26.568232 9
-40.736069 -746.587036 34.518772 9
-40.516533 -743.758057 28.145258 9
-37.237453 -738.901611 5.492433 9
-41.263161 -741.071045 24.048170 9
-38.664207 -743.453186 26.079950 9
-37.583893 -747.358459 35.362301 9
-33.263771 -748.444580 41.340466 9
-33.857628 -737.639099 19.022558 9
-33.865776 -746.368347 36.023258 9
-34.656494 -747.416138 36.983070 9
-31.785891 -739.946838 27.131289 9
-36.905830 -747.747437 36.591045 9
-34.915485 -737.627075 17.748653 9
-39.577991 -748.057312 37.759834 9
-35.574165 -745.755920 33.186363 9
-40.792400 -741.622925 24.021145 9
-37.314751 -743.227905 25.678587 9
-38.242519 -740.093933 17.304968 9
-36.809822 -736.881287 7.433914 9
-34.991222 -749.667725 41.969299 9
-33.393459 -744.794312 33.609169 9
-37.029789 -749.150696 43.244648 9
-35.948601 -737.824951 0.975812 9
-32.994919 -740.781616 25.469969 9
-38.571262 -738.613831 36.442669 9
-41.763855 -742.862061 29.154821 9
-34.391113 -745.580383 33.941837 9
-34.311039 -741.024048 22.722631 9
-36.379707 -737.159546 27.041821 9
-39.399769 -738.485535 42.424713 9
-37.751751 -738.423523 26.532413 9
-34.630539 -740.462097 20.293776 9
-35.972385 -749.508911 41.101521 9
-33.458797 -740.135864 22.905458 9
-31.752235 -744.091370 35.435246 9
-37.942036 -738.766907 1.893003 9
-37.070370 -749.699219 42.567886 9
-37.705570 -738.686462 20.712181 9
-39.300194 -745.947632 32.792900 9
-36.513462 -742.863770 24.576103 9
-34.524773 -743.233948 28.678936 9
-35.552479 -741.311707 20.938473 9
-37.807674 -748.140198 37.707905 9
-39.241489 -747.563538 36.465366 9
-38.799603 -735.536865 41.912724 9
-32.622971 -746.886719 45.225357 9
-38.263203 -737.489197 27.408205 9
-35.763874 -737.127197 31.858244 9
-31.644131 -739.252075 26.146990 9
-33.088970 -738.432251 21.540148 9
-37.123646 -743.895203 27.444857 9
-30.614525 -741.520813 33.322762 9
-39.924503 -742.857666 25.454401 9
-38.006413 -738.161743 27.205336 9
-35.279671 -741.859802 23.275204 9
-37.555698 -737.269409 2.889791 9
-36.222477 -737.098999 3.870192 9
-41.919899 -744.993591 31.664762 9
-36.208313 -743.116943 25.537951 9
-39.956375 -743.237610 26.267233 9
-31.011803 -743.579773 36.337952 9
-35.745422 -750.006897 45.349751 9
-35.787910 -750.209045 44.447186 9
-37.498638 -738.984985 10.311304 9
-36.742786 -742.109070 22.238298 9
-37.795258 -740.288269 16.816860 9
-34.984680 -742.358826 25.428858 9
-38.579021 -737.940002 5.713175 9
-36.593285 -745.795532 32.218540 9
-33.232838 -744.926758 34.385906 9
-40.382961 -742.210815 24.487419 9
-36.834267 -746.805176 34.381176 9
-37.755875 -746.564026 33.514557 9
-34.342159 -744.072021 30.800776 9
-38.444977 -737.973450 7.385315 9
-38.764339 -736.180359 39.482998 9
-37.618057 -738.926208 31.250460 9
-37.408939 -737.161011 24.216734 9
-36.031216 -738.680359 10.882183 9
-36.462563 -745.094360 31.041573 9
-37.287979 -739.114990 8.006058 9
-38.040836 -737.724243 12.945627 9
-36.437679 -743.437317 26.701897 9
-38.116142 -744.841370 29.578163 9
-36.421562 -746.292908 33.709892 9
-33.715134 -751.071289 46.266167 9
-32.573780 -748.426453 42.584610 9
-36.193501 -737.791687 15.740262 9
-38.528271 -738.137573 1.491719 9
-40.404045 -743.541931 27.494291 9
-37.736893 -747.649170 36.564980 9
-36.287823 -737.458069 11.834915 9
-38.462528 -746.082092 32.830639 9
-36.612366 -740.491577 13.290888 9
-37.748718 -737.646301 10.510756 9
-37.555824 -749.416016 41.584412 9
-37.106880 -740.780273 17.644421 9
-36.812443 -736.781372 6.109883 9
-33.412170 -745.862244 35.921257 9
-41.957188 -743.120117 28.473257 9
-33.365746 -737.820740 20.330788 9
-38.486141 -738.081238 32.397625 9
-30.862059 -742.876587 35.198658 9
-37.871689 -737.975708 8.309431 9
-35.275711 -737.483521 16.299791 9
-38.602760 -744.203979 27.306511 9
-37.030361 -739.235718 2.684395 9
-36.893093 -738.607849 -0.052300 9
-31.484835 -745.863892 39.505585 9
-30.479221 -745.264282 41.302074 9
-39.967140 -746.646057 34.714085 9
-34.668392 -739.236755 17.375587 9
-37.953320 -736.592834 0.302400 9
-35.292191 -744.118408 29.218697 9
-39.731762 -736.920105 45.456169 9
-37.601444 -738.455139 22.584621 9
-35.395901 -738.754883 29.711138 9
-32.953289 -741.809631 27.927742 9
-34.619312 -750.083374 44.034149 9
-39.032825 -747.124023 35.288513 9
-39.643764 -742.074158 23.333895 9
-40.877018 -742.808350 26.448439 9
-38.907669 -738.109375 -0.867220 9
-37.526054 -746.896667 34.102234 9
-40.186146 -737.656494 44.468491 9
-41.241543 -745.093262 31.931622 9
-35.991211 -738.276428 25.165972 9
-37.065189 -737.155090 10.145624 9
-35.697166 -745.008118 31.373947 9
-37.699390 -738.159668 9.342735 9
-35.155174 -741.448730 22.242134 9
-35.259052 -738.660400 15.224175 9
-36.270561 -740.290771 14.147659 9
-36.270592 -737.249084 8.716741 9
-39.420155 -738.060486 40.203911 9
-35.705803 -737.590637 15.327002 9
-37.506123 -740.687622 18.288576 9
-37.546013 -738.657532 6.747198 9
-39.464069 -736.993042 41.138241 9
-41.200111 -746.946289 34.884987 9
-37.360153 -739.466370 23.651268 9
-40.635460 -745.031921 31.584097 9
-33.119122 -743.703491 31.766993 9
-36.829735 -735.842896 39.310005 9
-35.623165 -739.505798 14.735382 9
-37.782894 -738.186035 18.345381 9
-32.131912 -741.338196 28.686623 9
-37.098598 -737.304749 21.117661 9
-38.053036 -737.063843 2.416497 9
-37.801926 -736.814270 6.460902 9
-37.003616 -749.859619 44.028496 9
-35.505093 -743.006470 26.384228 9
-38.830925 -737.187073 34.662682 9
-34.146393 -740.023926 20.542858 9
-39.700108 -746.951721 35.264172 9
-36.524166 -749.559143 44.426411 9
-31.648766 -747.768921 43.055573 9
-39.285641 -737.330383 38.006741 9
-38.852970 -738.234009 36.958569 9
-35.851837 -737.446472 7.454890 9
-32.826317 -745.246460 35.267944 9
-37.655285 -737.627869 18.886906 9
-34.090206 -742.659180 27.892742 9
-38.116287 -737.351318 25.176052 9
-41.461445 -741.019592 25.270643 9
-38.634296 -738.020081 16.065229 9
-36.506039 -744.903503 30.405647 9
-37.499676 -739.600586 13.233117 9
-34.678322 -745.110840 32.366577 9
-37.105213 -736.227905 36.264236 9
-32.327263 -749.356995 44.195457 9
-40.961235 -741.241760 22.847628 9
-36.752949 -740.931641 16.102962 9
-37.076935 -736.648926 28.878389 9
-33.303619 -746.580261 37.118141 9
-30.329321 -743.127258 36.708462 9
-41.218685 -745.453796 32.568253 9
-39.681232 -746.245667 33.515312 9
-33.692142 -743.432007 30.340677 9
-36.040073 -738.584839 3.643821 9
-30.943512 -745.754761 42.222858 9
-39.367046 -737.866638 18.026676 9
-36.820137 -736.763184 -0.409972 9
-35.722908 -736.814331 8.021369 9
-37.369011 -738.998596 30.199024 9
-35.665203 -737.495789 3.295791 9
-35.789219 -737.656799 14.480191 9
-35.138130 -750.022034 43.163593 9
-31.109230 -741.308350 30.699991 9
-35.883289 -744.348755 29.434443 9
-38.374199 -738.940857 14.622094 9
-32.385460 -747.882629 41.810795 9
-36.868610 -741.275513 19.094467 9
-32.364639 -745.396118 36.459209 9
-35.015018 -748.067932 38.256214 9
-39.377407 -744.237366 28.189323 9
-38.664303 -745.049927 30.235830 9
-38.163380 -735.932800 39.596748 9
-38.612095 -737.236206 -0.819648 9
-31.889465 -749.549133 45.026546 9
-32.780968 -741.251038 27.111343 9
-36.979630 -737.446838 12.570263 9
-38.916561 -738.292236 37.912773 9
-35.742893 -746.754822 34.905712 9
-37.698025 -739.773254 12.557818 9
-36.121716 -737.343994 29.066912 9
-34.018627 -738.262756 19.509743 9
-38.196548 -735.935669 41.750416 9
-39.624714 -738.687073 18.745842 9
-37.111652 -738.837830 26.949146 9
-37.686207 -738.687073 29.519043 9
-30.807297 -744.713501 39.405277 9
-35.399940 -747.592529 36.973877 9
-38.104748 -738.696350 12.984294 9
-38.565517 -738.152893 2.984223 9
-36.163609 -738.025940 18.401169 9
-36.069519 -738.761475 23.898720 9
-37.144405 -736.909485 25.496958 9
-36.972736 -739.149597 22.787523 9
-36.328995 -739.664673 11.470187 9
-35.706253 -738.341797 13.570580 9
-40.398140 -746.042542 33.520878 9
-39.948471 -744.064819 28.565874 9
-33.829296 -744.027039 31.738298 9
-37.214581 -735.937317 37.955265 9
-36.476265 -747.559204 36.161713 9
-41.332703 -743.051636 27.325562 9
-36.008595 -737.067810 5.376484 9
-37.226448 -740.562744 17.055210 9
-31.197813 -746.966187 43.457500 9
-36.543186 -750.082703 43.273083 9
-32.964046 -739.691040 23.740309 9
-37.188499 -744.407532 28.671440 9
-41.535259 -742.075073 25.157200 9
-36.502399 -736.877197 29.315971 9
-30.349543 -742.744019 35.868366 9
-32.095303 -743.507446 33.420322 9
-34.951637 -740.364807 19.069864 9
-34.455647 -742.169983 25.861467 9
-35.373260 -744.650574 30.415340 9
-34.296432 -739.678894 19.382524 9
-35.671276 -741.310669 20.149256 9
-35.963116 -740.497620 16.053938 9
-34.826763 -744.163086 30.244196 9
-31.363506 -744.297058 36.871216 9
-39.538921 -736.353577 43.494160 9
-37.722130 -736.345459 32.861912 9
-36.949348 -747.334961 35.499855 9
-37.202736 -737.074646 23.288216 9
-38.625435 -742.669006 23.851507 9
-39.638252 -744.994141 30.755127 9
-38.282627 -737.606201 3.481865 9
-36.545597 -741.966492 19.795929 9
-36.323471 -738.318115 -0.000248 9
-37.654907 -745.370300 30.705658 9
-37.828827 -738.247986 21.368988 9
-38.204124 -740.443665 17.953783 9
-35.847668 -742.622925 24.582960 9
-37.124962 -738.687744 36.048317 9
-37.636227 -739.226990 22.046017 9
-38.460735 -737.310608 29.798538 9
-34.311466 -741.616333 24.492596 9
-38.090023 -736.819885 31.691336 9
-38.299438 -738.919067 40.424702 9
-31.284971 -740.461060 28.676186 9
-41.872952 -744.608643 31.069559 9
-36.227169 -737.407959 26.244940 9
-38.980827 -737.056946 37.170967 9
-38.724079 -739.692139 17.408657 9
-39.386341 -744.590637 29.579397 9
-36.695621 -738.694275 3.693181 9
-38.100368 -737.197571 26.177383 9
-38.262466 -748.257080 40.529091 9
-32.295597 -742.188477 30.408194 9
-36.138329 -737.191467 30.365414 9
-36.310909 -737.765442 19.568792 9
-35.596813 -745.292297 31.965782 9
-36.155712 -738.646851 8.957565 9
-36.050343 -738.297546 22.751854 9
-38.002193 -738.369507 5.445544 9
-37.260845 -736.555298 30.179266 9
-38.731979 -737.992004 16.949232 9
-38.298054 -738.688660 3.331686 9
-41.536385 -742.942444 28.055834 9
-37.337841 -738.816956 28.998077 9
-37.293747 -737.198853 21.991877 9
-33.928200 -749.882935 46.357700 9
-38.319847 -737.467285 7.754027 9
-36.554852 -735.700012 37.559727 9
-38.005188 -737.180298 0.993873 9
-39.482075 -736.731201 44.906242 9
-40.084850 -737.467468 45.740974 9
-32.645290 -738.982849 23.320738 9
-36.718449 -737.486938 18.347635 9
-37.499592 -739.061157 32.472118 9
-38.988651 -736.781921 38.389091 9
-36.261314 -737.521606 24.260740 9
-40.097744 -745.611084 32.460716 9
-31.114456 -744.569092 38.060131 9
-36.821095 -740.983887 16.727194 9
-37.246521 -737.121155 3.580807 9
-36.049839 -743.162964 24.932013 9
-32.430408 -746.228210 38.034988 9
-41.263813 -740.436890 22.537710 9
-34.359238 -746.388306 35.431763 9
-36.526451 -738.789307 5.697848 9
-38.230743 -738.423889 31.778780 9
-39.425301 -737.400269 40.086700 9
-38.630440 -738.548340 1.012428 9
-34.272617 -741.222412 23.300489 9
-38.705086 -746.534912 33.861343 9
-39.219883 -737.791748 38.909164 9
-41.714916 -745.803650 32.799232 9
-38.650295 -740.581421 18.830418 9
-38.940067 -744.524048 28.589172 9
-39.821980 -742.421265 24.192600 9
-30.783468 -743.478760 37.605865 9
-36.987473 -740.124146 13.651456 9
-38.510361 -736.893066 32.677315 9
-39.639698 -736.795410 46.163525 9
-36.857586 -745.529602 31.546099 9
-39.507008 -748.513367 38.777649 9
-40.066673 -736.942139 44.921474 9
-31.205818 -745.996643 40.911282 9
-37.908592 -737.408203 5.450188 9
-36.578220 -737.620911 14.241613 9
-35.869671 -737.763611 5.869288 9
-35.776199 -738.458191 12.160837 9
-36.098248 -738.933899 10.323415 9
-36.234135 -736.642151 2.642601 9
-36.662052 -742.517883 23.522570 9
-36.972927 -739.315674 34.843369 9
-32.556717 -741.968811 29.224930 9
-32.508846 -751.041626 46.377483 9
-40.134186 -741.269531 22.336798 9
-37.317642 -737.247925 19.910385 9
-35.808445 -737.851013 2.137024 9
-37.868885 -738.893188 34.136414 9
-34.553181 -747.052673 36.448498 9
-35.922962 -741.948425 22.167576 9
-38.308083 -745.358154 30.646408 9
-38.486710 -745.677490 31.685867 9
-36.571362 -736.424683 9.002431 9
-37.702705 -736.180969 37.013420 9
-37.866753 -738.904175 -0.097359 9
-38.713379 -736.010742 42.906582 9
-36.198700 -740.909241 17.172148 9
-36.313629 -738.420410 33.698849 9
-35.894093 -737.462036 4.583052 9
-32.800064 -745.856506 36.462639 9
-37.128262 -736.409241 33.006046 9
-32.864948 -749.949524 44.463074 9
-39.243286 -738.972229 0.046003 9
-31.664398 -746.635864 40.710720 9
-36.855938 -737.353210 20.560137 9
-36.137871 -737.322021 0.687089 9
-32.066616 -740.876953 27.927826 9
-36.742149 -738.974365 34.207237 9
-35.381763 -737.591187 32.914566 9
-38.244244 -748.796387 40.812561 9
-37.128239 -738.924805 27.758562 9
-35.708195 -742.916748 25.819197 9
-38.030823 -738.217407 23.614170 9
-41.764381 -742.358765 26.496382 9
-37.659817 -737.782471 15.449285 9
-36.193176 -737.447632 -0.297351 9
-37.223137 -738.759766 25.604572 9
-33.079880 -748.750488 42.362728 9
-35.198620 -744.865417 31.061956 9
-36.861820 -738.850830 4.535216 9
-38.213997 -738.401245 4.138410 9
-32.781265 -750.251709 46.243980 9
-35.065689 -747.001953 35.940491 9
-38.320992 -737.499207 8.534762 9
-35.971684 -736.826477 32.884991 9
-36.402893 -737.814453 31.540075 9
-37.876175 -737.447449 4.690686 9
-33.759190 -750.468933 46.262459 9
-38.908230 -736.544067 40.171215 9
-37.252850 -746.399597 33.172722 9
-38.258022 -738.221008 30.468512 9
-36.036858 -738.423706 6.762484 9
-33.173241 -747.866638 40.176620 9
-38.622932 -737.356873 31.739058 9
-39.036919 -738.403931 39.543224 9
-36.648705 -737.051514 26.491817 9
-37.114483 -742.712158 24.688566 9
-36.579914 -742.003174 20.782839 9
-36.192532 -737.350037 28.341164 9
-34.124580 -740.500000 21.778116 9
-36.223209 -742.312744 21.440300 9
-36.840069 -736.589478 31.911716 9
-38.307888 -746.445007 33.302509 9
-31.731102 -741.414917 29.897627 9
-36.268456 -737.753052 21.921999 9
-33.756355 -742.263611 27.418270 9
-38.022236 -748.788635 42.371895 9
-37.549149 -749.366577 42.946781 9
-38.184296 -743.820068 26.956064 9
-35.508999 -748.114685 37.848930 9
-38.221588 -742.929688 24.924156 9
-35.108479 -743.137939 27.561026 9
-34.947151 -738.093018 16.845352 9
-37.936222 -736.787659 31.000067 9
-33.868797 -739.938049 21.080935 9
-35.837608 -737.935669 28.099558 9
-39.828766 -738.040344 42.386742 9
-37.679356 -736.863281 27.073887 9
-36.779022 -737.512390 15.371688 9
-40.503170 -737.237671 46.106556 9
-33.655785 -740.787354 23.793007 9
-38.309708 -736.054260 37.564869 9
-34.595154 -749.478821 42.392185 9
-36.426624 -738.376160 1.224359 9
-36.076382 -738.307495 5.447279 9
-34.484589 -746.067749 34.318542 9
-36.166126 -737.289734 1.880800 9
-38.180550 -737.947815 14.044315 9
-37.341267 -738.708923 0.911197 9
-34.217907 -738.821411 18.467697 9
-40.595211 -744.242859 29.525415 9
-33.746418 -738.326111 20.032648 9
-36.512463 -737.279541 9.822495 9
-38.556393 -738.748352 2.160699 9
-40.913357 -739.044006 20.938446 9
-35.687099 -743.927490 28.203386 9
-31.820162 -738.722473 25.015631 9
-36.235176 -742.626770 22.819946 9
-35.978451 -739.463318 13.194633 9
-32.831028 -742.767761 30.348352 9
-37.758408 -736.787292 1.953882 9
-37.308891 -739.152710 9.166242 9
-35.486549 -736.732361 33.984364 9
-37.898605 -737.839478 11.991779 9
-37.954212 -739.562866 15.318056 9
-30.874964 -747.453552 44.008839 9
-38.013767 -739.002319 37.441086 9
-38.530323 -737.908081 4.132728 9
-35.362789 -749.728333 44.946037 9
-37.808216 -737.115295 22.996300 9
-36.346600 -736.544312 5.002314 9
-36.326042 -736.378601 9.542172 9
-38.759907 -737.265198 33.758465 9
-35.947121 -737.679138 10.888916 9
-38.770306 -741.874878 22.399130 9
-36.562180 -736.375977 0.908984 9
-36.654522 -737.111328 24.365330 9
-34.319195 -738.264709 18.019192 9
-36.102634 -748.612305 38.457363 9
-38.132469 -742.258606 23.125162 9
-38.665718 -736.021851 41.325943 9
-37.373966 -743.469971 26.202372 9
-36.966702 -738.511292 35.091923 9
-37.909698 -738.954102 13.459194 9
-35.701233 -742.371521 24.076008 9
-32.140560 -741.882263 29.821720 9
-32.636089 -743.481873 32.245750 9
-33.524181 -749.764404 43.795269 9
-37.552216 -746.058044 32.413136 9
-37.511883 -741.661804 20.572075 9
-40.177032 -744.770264 30.476709 9
-38.783955 -738.079773 34.620689 9
-35.824783 -738.077759 2.707894 9
-37.501362 -738.525818 7.932361 9
-36.974037 -738.942322 31.344025 9
-30.236736 -743.476074 37.809864 9
-36.765461 -736.587280 1.635612 9
-33.343327 -745.541565 35.450565 9
-36.885952 -736.892517 8.891674 9
-30.690689 -744.208435 38.565708 9
-35.630539 -738.918579 27.307842 9
-34.015656 -749.924438 44.250961 9
-37.886261 -738.171387 16.531773 9
-37.617359 -742.609558 24.198570 9
-35.901875 -749.839417 42.324879 9
-30.258505 -744.628418 40.244488 9
-37.484066 -739.001282 36.689693 9
-38.347446 -736.711426 35.323986 9
-37.436275 -736.694214 10.092705 9
-36.007301 -737.975037 3.890981 9
-33.760044 -749.326416 46.443279 9
-36.628040 -736.961426 27.749846 9
-40.037865 -737.282776 43.745392 9
-37.768932 -736.835938 7.485157 9
-37.079288 -739.061462 3.285272 9
-36.002899 -738.248108 9.429015 9
-35.574692 -738.392578 29.078503 9
-36.597168 -736.118286 36.600216 9
-32.854786 -749.224243 43.413136 9
-37.217400 -735.469727 38.991173 9
-35.800781 -739.290527 13.852302 9
-37.614677 -738.643188 5.869875 9
-38.046490 -737.051880 29.030844 9
-36.654919 -749.518250 43.543808 9
-34.635048 -744.707092 31.901352 9
-38.446415 -738.099609 15.102146 9
-37.696594 -738.906006 33.020557 9
-36.686890 -736.571350 33.551872 9
-32.308655 -738.702759 23.732319 9
-32.506332 -743.883362 33.279102 9
-40.228527 -747.344666 36.973495 9
-37.653652 -737.485229 20.994032 9
-37.630985 -736.773071 0.853749 9
-39.377037 -737.251526 39.221832 9
-37.747391 -736.510559 9.208200 9
-37.771404 -738.877380 12.232542 9
-38.008610 -737.853699 24.494196 9
-41.478828 -746.379761 33.823185 9
-36.760448 -735.631165 38.119358 9
-38.257351 -739.392517 15.762906 9
-37.941010 -737.705322 21.606321 9
-39.142979 -738.344116 17.650009 9
-31.257076 -745.706055 40.041645 9
-38.613735 -736.092773 40.753864 9
-35.811932 -737.273071 6.731599 9
-37.269184 -749.348145 40.987965 9
-38.901905 -738.034302 35.811703 9
-35.149036 -746.508667 35.053070 9
-34.657001 -749.925781 43.478237 9
-39.147877 -737.854065 38.198078 9
-31.224892 -740.033447 27.914299 9
-32.555733 -748.605957 43.203228 9
-33.528946 -742.958313 29.551344 9
-37.519459 -737.241760 2.313115 9
-36.049023 -736.456970 34.598129 9
-38.704712 -738.320129 40.673615 9
-38.161327 -737.924011 6.871763 9
-39.812901 -736.120178 44.352661 9
-32.304092 -742.796326 31.363567 9
-36.998299 -739.931885 12.431067 9
-40.478981 -747.040222 36.316647 9
-32.817860 -747.862793 45.464699 9
-33.075748 -739.241028 22.490858 9
-37.530975 -737.367493 11.977365 9
-36.542187 -738.585449 33.205357 9
-36.669746 -741.529541 18.604673 9
-39.537777 -745.162415 31.324354 9
-37.821056 -736.381958 34.860504 9
-30.752037 -742.305542 34.962532 9
-32.447144 -747.533447 41.024097 9
-35.043301 -750.269409 44.331245 9
-37.764084 -738.747498 30.659933 9
-37.994797 -738.649841 19.406763 9
-33.721416 -738.987122 20.345997 9
-37.457726 -740.263489 15.986386 9
-37.239857 -736.388489 10.663483 9
-38.312241 -738.919678 -0.702016 9
-38.985458 -738.349243 41.390587 9
-34.453121 -739.454346 18.532095 9
-38.516418 -736.362305 36.472569 9
-30.822304 -740.290710 28.971235 9
-40.862621 -739.591370 21.853268 9
-32.173717 -743.023865 32.371895 9
-37.647675 -739.262939 38.466881 9
-38.129913 -737.468811 9.397370 9
-35.196880 -748.750916 39.679527 9
-40.278610 -739.061279 20.199656 9
-35.973125 -737.818420 13.749078 9
-34.812630 -743.830933 29.758308 9
-40.896786 -743.651062 28.560600 9
-36.942043 -739.631531 8.109329 9
-38.548756 -738.497498 35.017750 9
-37.801090 -745.737366 31.655252 9
-35.840584 -744.469727 30.065784 9
-36.464249 -738.781006 6.289193 9
-41.489189 -740.564758 23.035099 9
-32.569691 -739.489807 24.699070 9
-35.246853 -737.903320 15.926616 9
-36.348610 -736.540527 4.000637 9
-38.862740 -744.577148 29.135189 9
-36.848942 -739.950317 10.373795 9
-38.641216 -745.393555 31.151093 9
-36.664440 -744.237122 28.522934 9
-37.837223 -741.938171 21.585970 9
-32.248581 -740.295532 27.164183 9
-30.848473 -744.983459 40.959984 9
-37.661179 -749.117859 40.281181 9
-36.774895 -736.353821 34.470463 9
-35.150867 -750.449097 45.541893 9
-32.520840 -738.256714 22.705166 9
-34.121082 -748.203735 39.748341 9
-35.421848 -740.070496 17.156607 9
-33.255440 -742.285156 28.595329 9
-39.205681 -742.246948 23.040163 9
-41.055302 -739.671509 22.350561 9
-37.725441 -738.396423 25.176384 9
-32.486050 -747.103210 39.932369 9
-36.087105 -737.842957 24.682779 9
-33.965179 -740.630005 22.568354 9
-37.421562 -742.958740 25.198429 9
-35.545109 -740.483948 17.941227 9
-31.406252 -748.450989 44.304893 9
-36.516777 -741.423767 19.542912 9
-37.890541 -738.381958 17.802135 9
-36.568336 -736.874634 29.876234 9
-33.367115 -749.149048 42.665230 9
-35.301506 -738.419556 14.208694 9
-36.095505 -738.175171 4.910696 9
-31.821430 -744.530518 36.117493 9
-33.884171 -741.359131 24.778164 9
-36.288513 -738.371826 2.901678 9
-38.600143 -738.683105 39.784245 9
-37.192898 -736.799805 5.264507 9
-38.177299 -744.273499 27.833107 9
-31.960695 -743.816284 34.438057 9
-38.028023 -748.826416 39.456768 9
-35.922405 -746.948853 35.425972 9
-36.498192 -749.756287 42.137791 9
-37.259281 -741.854309 21.176264 9
-31.268887 -743.176819 34.790661 9
-39.209560 -736.119629 42.278591 9
-38.715946 -736.233459 38.632366 9
-41.292072 -740.535461 24.121515 9
-34.771526 -740.764221 20.802858 9
-40.363235 -743.101196 26.616442 9
-37.482643 -737.537048 16.058411 9
-37.248604 -738.731079 23.690180 9
-38.729660 -738.932800 15.729080 9
-34.772007 -741.825134 24.167355 9
-39.641998 -737.421326 41.937782 9
-34.125252 -738.774048 19.327539 9
-41.748516 -743.116760 29.652803 9
-33.408443 -740.329468 23.413765 9
-37.710316 -735.860962 39.924702 9
-37.231472 -737.264465 17.224918 9
-37.775032 -738.158081 19.552446 9
-37.050240 -736.092041 37.451046 9
-36.938419 -739.478027 9.827338 9
-39.701878 -736.713562 43.868683 9
-33.938786 -749.585266 43.169361 9
-35.135880 -743.414185 28.141289 9
-38.889751 -736.044922 43.423706 9
-38.205307 -738.588928 4.874680 9
-36.495338 -739.511230 26.223864 9
-36.363960 -742.533508 23.997953 9
-36.385338 -739.272339 9.804201 9
-35.877533 -739.796631 14.322995 9
-37.959332 -736.659485 -0.227503 9
-37.010685 -736.228149 35.224319 9
-38.328632 -738.900024 38.771439 9
-39.226826 -736.262512 43.035202 9
-30.786200 -742.120178 34.297504 9
-33.815380 -746.634949 36.499615 9
-36.094238 -736.215332 35.370655 9
-38.573631 -736.775879 32.151066 9
-37.582882 -736.705200 29.161469 9
-38.085720 -738.660278 2.721860 9
-38.550900 -737.334778 30.654573 9
-38.333385 -737.739319 28.347923 9
-38.602730 -738.359497 6.268083 9
-32.651798 -750.422852 45.688339 9
-37.519341 -737.307251 15.000180 9
-41.281776 -741.744263 24.223721 9
-38.846901 -736.959778 35.931000 9
-41.721661 -741.158630 24.383419 9
-37.059093 -740.280396 14.538819 9
-36.870682 -736.848450 2.549887 9
-41.315968 -739.995911 23.449364 9
-37.230972 -738.677979 -0.712515 9
-36.170670 -738.056763 19.124954 9
-36.794052 -741.278076 17.900137 9
-31.303747 -742.483643 33.312397 9
-37.541580 -737.532959 12.668239 9
-37.447353 -739.262268 2.043575 9
-41.123596 -740.915222 23.540096 9
-39.109138 -740.760864 19.910643 9
-38.302311 -737.334595 6.441236 9
-36.237656 -743.146118 26.297127 9
-37.531185 -737.608826 13.501152 9
-38.696232 -742.372437 23.397717 9
-40.137287 -745.309082 31.695164 9
-38.942871 -737.500488 35.095467 9
-36.686226 -739.164368 8.220900 9
-39.158611 -744.881042 30.048580 9
-32.414909 -745.101074 35.779430 9
-34.995220 -738.443237 16.418615 9
-34.520401 -738.638489 17.388454 9
-37.936737 -738.339233 10.415538 9
-34.789055 -746.706848 35.448578 9
-35.648285 -737.600403 30.944017 9
-36.712921 -736.643250 9.910738 9
-37.156357 -742.272705 22.540602 9
-37.563293 -739.081360 35.867176 9
-34.040638 -748.894104 41.686462 9
-37.638519 -745.020142 29.774019 9
-37.650101 -738.500122 8.911952 9
-39.212578 -738.146912 42.032089 9
-41.457230 -743.546326 29.234995 9
-38.698322 -736.605225 37.279568 9
-34.712784 -742.711914 26.953358 9
-33.038864 -742.591614 29.603916 9
-36.765629 -741.631836 20.325699 9
-36.724674 -737.285522 10.647863 9
-38.097435 -738.027771 22.534872 9
-32.934090 -738.567078 22.267902 9
-35.624928 -737.319153 5.693487 9
-36.984249 -739.278625 23.994875 9
-32.814381 -740.286865 25.260477 9
-37.981663 -749.087036 41.622105 9
-38.363625 -738.495361 33.238041 9
-36.057312 -738.987061 26.400375 9
-39.091034 -748.427979 39.091007 9
-38.220337 -739.058289 39.351608 9
-39.608307 -740.288940 19.992155 9
-38.218933 -737.568787 2.317171 9
-35.672626 -740.795044 18.453257 9
-36.834305 -735.751587 0.032149 9
-37.886333 -738.818787 1.366414 9
-36.858887 -744.682861 29.486692 9
-35.802921 -750.143555 43.826904 9
-37.762936 -737.212952 11.005474 9
-37.985954 -740.888855 19.042900 9
-36.308678 -736.791077 7.084690 9
-37.705208 -736.369202 32.013103 9
-37.801826 -738.612305 22.000601 9
-37.291782 -737.352661 11.356942 9
-38.208302 -742.062195 22.571697 9
-36.188622 -736.421143 36.397579 9
-30.802252 -743.249939 37.047226 9
-35.486061 -739.647644 15.790998 9
-38.572975 -748.191040 37.065739 9
-36.122833 -737.945190 23.130608 9
-33.964016 -743.414612 29.886126 9
-30.796001 -741.722595 32.631367 9
-37.839554 -738.619690 4.473362 9
-32.324532 -739.047241 24.461256 9
-36.207935 -749.123230 39.457855 9
-38.452782 -737.505798 16.001919 9
-35.801029 -738.401672 27.261982 9
-39.554527 -740.885925 20.837675 9
-35.890900 -738.635986 12.890320 9
-38.392071 -739.195251 0.105466 9
-36.660854 -737.105225 25.216585 9
-37.763203 -738.648499 11.254716 9
-32.777184 -743.065613 31.154734 9
-31.805082 -741.036560 29.017790 9
-37.730522 -737.189209 0.498246 9
-37.464706 -744.133545 27.823996 9
-31.394682 -743.774536 35.805309 9
-35.963078 -743.811096 27.754740 9
-39.844265 -738.954041 19.250256 9
-35.562744 -737.134888 33.093277 9
-35.780376 -737.640442 29.799953 9
-37.605621 -736.882019 3.914368 9
-37.838451 -744.623840 28.801508 9
-36.093483 -738.208618 22.218769 9
-36.204819 -740.486755 15.085618 9
-37.204361 -739.066101 6.951845 9
-35.492977 -749.649536 41.782066 9
-36.737022 -746.272888 33.249226 9
-34.651585 -745.239258 32.874050 9
-37.018337 -736.949036 1.109769 9
-37.871414 -740.002991 16.372766 9
-34.664303 -742.863525 27.470217 9
-31.262121 -742.825195 34.070042 9
-36.110977 -737.928528 7.945663 9
-35.926281 -738.019470 26.339573 9
-38.461761 -738.427002 -0.814416 9
-39.580406 -735.995239 43.887222 9
-33.721500 -748.240601 40.254078 9
-38.833828 -737.793030 33.572983 9
-32.749508 -741.368225 27.633125 9
-37.237122 -738.971619 35.195709 9
-37.425259 -736.455872 0.253822 9
-38.088638 -736.604614 33.746002 9
-36.949062 -739.818298 11.666892 9
-36.831478 -736.623352 0.097117 9
-35.078667 -741.113037 21.855330 9
-37.399479 -745.167358 30.297256 9
-40.495899 -741.607910 23.560270 9
-39.524357 -737.515320 41.304344 9
-36.268864 -737.857544 17.248159 9
-35.840679 -736.782104 6.569719 9
-31.848871 -743.054016 33.144867 9
-36.100826 -737.410767 1.250495 9
-35.788349 -737.639893 16.014606 9
-37.212837 -738.891541 23.190868 9
-32.080559 -748.534790 43.416851 9
-37.857582 -737.116760 8.461076 9
-31.473450 -740.467102 28.200558 9
-37.801861 -735.942566 -0.650258 9
-36.682652 -736.567932 32.494175 9
-33.234272 -738.213562 21.080252 9
-31.106894 -740.706299 29.700399 9
-37.624207 -738.638977 28.473236 9
-34.786938 -749.380859 41.492901 9
-36.541367 -737.359497 12.267892 9
-33.988991 -749.208496 42.171368 9
-36.004631 -737.333069 14.820005 9
-36.046299 -738.698242 7.237749 9
-32.454155 -746.012512 37.559055 9
-39.536903 -739.059753 18.215523 9
-33.199558 -744.238770 32.803936 9
-33.772076 -745.341736 34.530571 9
-36.709007 -739.075562 7.374414 9
-37.653706 -736.786560 29.902449 9
-37.950333 -736.310303 35.841923 9
-37.696930 -737.390320 3.526387 9
-31.578629 -741.888550 31.010592 9
-36.726093 -737.264648 22.600908 9
-31.143749 -746.201538 41.501797 9
-36.342968 -740.020996 13.400746 9
-37.548828 -735.961121 40.526421 9
-32.934471 -747.166077 38.878315 9
-33.124672 -743.473022 31.290503 9
-37.515678 -738.568970 24.547230 9
-36.748985 -740.996521 15.535921 9
-36.516754 -749.686279 41.608913 9
-34.207832 -746.080261 35.015484 9
-36.041046 -738.310852 23.657553 9
-31.752386 -746.465210 40.059788 9
-33.362980 -750.547180 45.430809 9
-37.280659 -738.765503 2.859774 9
-33.872101 -744.786133 33.365425 9
-36.255314 -737.094971 2.909363 9
-37.307625 -740.976135 18.751842 9
-33.686501 -747.725769 38.768906 9
-36.951778 -739.579712 9.106247 9
-39.813335 -743.726501 27.436234 9
-40.097313 -738.229858 19.833971 9
-37.963097 -738.965820 34.643837 9
-39.250080 -748.090393 39.677597 9
-37.117702 -736.826660 8.376979 9
-36.516582 -737.013489 3.463612 9
-35.904064 -738.309143 0.314496 9
-35.947262 -738.530334 16.605118 9
-34.677467 -747.770813 37.833225 9
-39.591290 -748.086365 38.394081 9
-41.225090 -742.440063 26.226500 9
-37.426632 -738.922302 8.709531 9
-37.139084 -736.759583 1.968713 9
-34.967667 -739.286011 16.657562 9
-33.875595 -744.380432 32.104492 9
-41.058899 -744.173950 29.978819 9
-41.918365 -743.803772 29.736982 9
-37.115314 -736.918396 26.206501 9
-39.328953 -738.396667 39.122398 9
-35.857502 -740.501404 16.635433 9
-37.126202 -737.310242 16.411406 9
-34.551285 -748.831482 40.482819 9
-36.832169 -743.565857 27.072899 9
-36.786175 -737.493652 13.095690 9
-30.755081 -742.061462 33.468300 9
-38.604530 -738.696838 3.948488 9
-39.772324 -738.100769 42.926662 9
-40.071346 -738.729370 19.708820 9
-35.613625 -742.157898 23.588846 9
-37.413219 -741.233826 19.696724 9
-36.205322 -736.952148 8.276020 9
-35.030819 -749.186096 40.628040 9
-37.386360 -735.492981 39.656307 9
-31.753588 -746.976257 41.293911 9
-38.786682 -748.566650 37.977512 9
-41.000629 -743.769836 29.045021 9
-40.630287 -738.894775 20.529898 9
-37.751392 -738.734253 3.873577 9
-34.784290 -744.615784 31.247986 9
-37.520359 -736.372742 34.250381 9
-36.702538 -743.916199 27.746483 9
-38.032337 -738.069885 26.130695 9
-37.452953 -739.709167 13.739278 9
-36.355160 -736.830750 5.886054 9
-36.293362 -749.169556 39.946762 9
-33.193619 -746.697937 45.448231 9
-36.164860 -737.747131 8.453392 9
-38.233944 -737.697388 -0.016510 9
-37.373199 -736.688232 -0.387889 9
-36.954193 -738.565674 34.495148 9
-35.853848 -738.077209 -0.154825 9
-36.947590 -737.276428 21.613491 9
-38.553356 -738.576416 14.920093 9
-35.714714 -736.820984 34.975021 9
-39.368450 -745.687439 32.367729 9
-37.041676 -736.537903 31.363028 9
-37.358589 -739.384705 23.155270 9
-36.272987 -737.510864 9.223058 9
-39.982510 -736.478821 45.434395 9
-36.204449 -736.935486 31.672337 9
-39.114254 -748.050354 37.504379 9
-37.495487 -738.854553 9.550450 9
-35.158184 -745.837219 33.489899 9
-37.964081 -739.117798 14.184498 9
-38.148407 -738.758240 0.348658 9
-35.929722 -737.765076 12.781329 9
-35.517735 -741.063232 19.603525 9
-30.911150 -746.173462 42.591644 9
-37.963909 -736.018738 38.063671 9
-40.283222 -739.815613 20.659111 9
-38.912746 -746.645020 34.328671 9
-30.802750 -744.393799 39.791908 9
-37.708023 -739.420593 10.140017 9
-37.485329 -738.910461 21.681973 9
-37.829605 -737.500854 20.516285 9
-39.162411 -743.993225 27.789984 9
-34.904640 -739.715820 17.583130 9
-35.228661 -739.104736 15.756615 9
-39.734661 -736.603699 44.485100 9
-34.202213 -744.833496 32.793301 9
-38.282024 -737.636292 1.388729 9
-33.875332 -748.459900 40.703747 9
-33.724117 -745.727844 34.998608 9
-31.267271 -742.131226 32.352512 9
-37.055485 -739.263733 35.732582 9
-39.483498 -739.800476 19.057272 9
-37.830429 -735.990173 38.933086 9
-35.691494 -739.786316 15.210596 9
-37.777050 -737.994080 10.024574 9
-39.037743 -738.212158 42.664040 9
-34.006687 -739.333557 19.605122 9
-35.968357 -741.847595 21.668486 9
-41.409679 -744.440369 30.941164 9
-33.963440 -743.740967 30.675928 9
-31.937754 -748.718262 43.899246 9
-37.626625 -739.402771 37.750820 9
-38.552246 -736.959167 34.314636 9
-38.344181 -744.345337 28.362818 9
-37.600990 -739.090271 0.690244 9
-31.478354 -741.391663 30.371700 9
-32.687347 -740.892334 26.782791 9
-35.233223 -738.388000 15.634546 9
-37.729038 -737.713501 14.274124 9
-38.233627 -737.504578 26.709276 9
-40.645676 -739.441956 21.187340 9
-35.655685 -737.589844 2.803509 9
-33.819809 -747.368896 37.796528 9
-30.352491 -742.746155 36.369507 9
-36.071060 -738.208801 9.922031 9
-40.027111 -744.302368 29.015850 9
-39.881592 -739.745178 19.898100 9
-38.551960 -738.695923 36.955715 9
-37.780621 -737.242493 13.245144 9
-36.178482 -736.570007 -0.407740 9
-36.443684 -738.457703 32.118214 9
-39.061459 -737.335449 36.436150 9
-38.010815 -738.537048 18.604721 9
-34.323559 -750.744873 46.042419 9
-36.676155 -736.715393 4.347857 9
-35.896622 -738.306519 1.879541 9
-38.374165 -738.852356 37.848179 9
-37.197006 -749.468079 43.656784 9
-37.450825 -740.156555 15.503716 9
-37.169193 -738.961365 4.931960 9
-37.701885 -737.078857 25.106094 9
-33.985744 -748.613892 46.536121 9
-37.286053 -738.826721 3.684364 9
-36.042782 -738.820801 25.508280 9
-37.747467 -737.108032 9.970680 9
-35.274887 -738.710632 14.688125 9
-30.270983 -744.003357 38.819843 9
-35.478409 -743.317078 27.276527 9
-35.301529 -741.716492 22.795015 9
-39.023155 -741.182983 20.602535 9
-35.995251 -736.936584 7.614754 9
-38.580128 -740.362854 18.383644 9
-36.157917 -742.208008 22.533733 9
-37.945530 -738.280945 6.596101 9
-32.619377 -750.112183 44.926567 9
-37.452427 -736.752808 2.968506 9
-38.258694 -738.664001 33.877628 9
-39.121849 -738.789307 41.060394 9
-32.111443 -746.656006 39.757626 9
-38.687836 -738.187866 17.537975 9
-40.106701 -744.536865 30.028521 9
-30.700468 -746.664917 43.322124 9
-39.220776 -737.369141 37.454899 9
-40.694759 -747.001343 35.770267 9
-32.286362 -740.136414 26.186937 9
-33.784195 -740.101807 21.674616 9
-40.309711 -747.862671 37.264309 9
-32.325024 -748.086426 42.324150 9
-32.975960 -747.969727 40.803875 9
-37.517124 -739.820618 14.591234 9
-35.260372 -737.398499 32.197464 9
-36.866848 -737.367065 18.798412 9
-37.661018 -738.668396 10.657606 9
-40.873814 -742.589355 25.804771 9
-38.667473 -748.572815 40.698132 9
-38.118298 -738.107422 9.059955 9
-38.013119 -737.546082 23.439053 9
-36.538078 -736.639771 30.917097 9
-31.759142 -745.349121 37.774471 9
-34.764065 -750.329834 44.779598 9
-37.470268 -748.833008 39.223911 9
-38.385609 -736.910706 -0.199010 9
-41.589798 -744.004333 30.309750 9
-31.970861 -739.092224 25.397203 9
-34.322247 -740.134766 20.079090 9
-37.257801 -736.889771 10.511168 9
-38.165527 -748.470520 37.606003 9
-38.694096 -737.551880 32.855015 9
-37.700394 -743.832336 27.061203 9
-37.919643 -738.322388 22.960390 9
-31.058727 -746.673401 42.640934 9
-31.823223 -748.050049 43.430210 9
-37.755363 -736.803894 28.111425 9
-36.563049 -736.230652 10.237798 9
-35.569233 -737.856873 13.335351 9
-35.962452 -736.032104 35.792328 9
-31.510561 -746.800842 41.694103 9
-40.019360 -740.309326 20.692146 9
-31.087246 -744.169373 37.325893 9
-32.405075 -744.270081 34.277283 9
-31.663795 -739.662598 26.755535 9
-31.958326 -749.512634 44.490086 9
-31.593018 -744.720276 37.043152 9
-36.473289 -746.659729 34.061180 9
-37.350941 -735.963989 38.855000 9
-34.396858 -743.611328 29.718105 9
-36.620895 -748.806946 39.257343 9
-39.580811 -738.142944 19.056389 9
-30.792051 -743.723633 38.229328 9
-36.454067 -738.137024 32.674770 9
-34.904961 -742.041260 24.579357 9
-36.678802 -737.493591 19.415972 9
-37.730530 -739.362488 12.198719 9
-35.551121 -747.035828 35.856323 9
-35.404465 -746.116150 34.105358 9
-39.005928 -739.587219 17.838467 9
-31.522606 -742.015564 31.480461 9
-38.877014 -742.715759 24.260408 9
-37.876896 -737.282349 -0.064548 9
-34.298519 -749.018250 41.287746 9
-33.751282 -739.401001 21.157619 9
-38.026741 -738.232849 12.829637 9
-36.095039 -739.284790 11.295144 9
-35.969124 -738.723022 21.687679 9
-31.536688 -745.483154 38.563995 9
-39.789379 -737.559265 42.859077 9
-41.356682 -739.600525 21.955814 9
-40.858055 -745.987366 33.333599 9
-36.408142 -742.018921 21.771671 9
-38.745834 -738.459839 -0.010207 9
-37.638706 -739.580322 14.195911 9
-37.287708 -737.036804 23.776913 9
-38.636318 -739.277649 -0.723576 9
-33.889977 -747.179810 37.252949 9
-34.266911 -748.734314 40.882008 9
-36.134472 -737.759949 10.166021 9
-37.478992 -739.262451 11.735141 9
-36.906601 -743.495972 26.523006 9
-34.589436 -739.981628 19.151400 9
-32.354366 -747.263367 40.482742 9
-34.459461 -740.737915 21.528521 9
-35.511940 -738.707092 13.864425 9
-36.718361 -749.134583 40.251656 9
-36.431625 -741.239990 16.898745 9
-32.477634 -739.856323 25.571241 9
-38.504101 -737.715881 29.504784 9
-36.840416 -749.910034 42.924870 9
-37.889275 -749.179260 42.638687 9
-38.373291 -738.420959 0.622328 9
-37.171310 -749.056946 39.868156 9
-37.063370 -736.630188 3.444388 9
-36.064423 -737.526733 27.308434 9
-38.025867 -735.942688 40.274925 9
-34.057549 -745.177917 33.607349 9
-38.221157 -735.625122 40.756916 9
-41.034370 -742.276672 25.329376 9
-33.220051 -746.933899 37.912014 9
-33.714264 -741.660095 25.708910 9
-36.218246 -737.925293 20.973650 9
-37.672115 -739.715210 11.737471 9
-38.420715 -744.763977 29.206944 9
-38.372456 -738.037720 5.288486 9
-39.736778 -746.524536 34.300770 9
-38.269516 -741.160645 20.056316 9
-35.838776 -737.694092 6.358014 9
-37.441765 -748.603577 38.780823 9
-38.097054 -736.152344 38.580139 9
-35.557003 -736.490051 34.428741 9
-36.324795 -741.177307 17.908152 9
-35.517414 -738.095764 30.221470 9
-34.911125 -750.528259 45.981503 9
-36.414444 -739.588867 10.694364 9
-33.343761 -747.299683 38.614586 9
-35.745045 -748.607422 38.770462 9
-36.386066 -740.530396 14.594982 9
-36.074924 -737.252136 3.442538 9
-36.391155 -737.372864 23.801752 9
-35.518002 -737.981262 31.642708 9
-36.770138 -736.142456 38.341103 9
-37.583305 -736.445862 31.043774 9
-34.915955 -739.926147 18.155949 9
-35.290237 -737.874878 30.694799 9
-37.847675 -737.371704 24.148645 9
-31.710508 -741.177673 29.475695 9
-35.025822 -748.457581 39.339756 9
-36.417976 -739.770630 11.985052 9
-35.724365 -747.567688 36.607197 9
-36.489342 -737.749451 16.464222 9
-35.287834 -748.333008 38.750443 9
-30.838873 -743.156189 35.859722 9
-39.428928 -737.955750 41.191730 9
-36.650639 -737.054321 0.776524 9
-38.246655 -736.955566 7.653885 9
-38.574707 -738.255676 6.924001 9
-32.578453 -744.153748 33.651966 9
-33.526752 -741.744568 26.316664 9
-35.897186 -738.219482 10.986969 9
-38.087109 -736.969788 29.963818 9
-34.953045 -738.924011 16.349586 9
-38.079395 -736.707581 -0.776003 9
-36.515656 -745.947876 32.692986 9
-36.822273 -749.325745 40.679478 9
-35.182335 -745.286194 32.270916 9
-38.940159 -736.122986 40.383488 9
-34.378502 -741.931458 25.399523 9
-38.031715 -735.897949 41.194664 9
-33.700455 -746.781494 36.950577 9
-37.753254 -736.786804 8.130486 9
-38.867474 -738.522095 38.669540 9
-39.477077 -743.587463 26.940090 9
-36.141899 -738.630493 7.897453 9
-36.565735 -737.050781 1.709845 9
-38.630672 -737.746277 32.004673 9
-36.171089 -738.207092 0.784636 9
-33.025341 -740.295593 24.370922 9
-37.086021 -749.459351 41.419273 9
-38.890659 -736.627075 39.472775 9
-38.234264 -748.743469 38.653343 9
-35.875648 -749.271362 40.279308 9
-30.782948 -745.110168 40.440517 9
-41.907867 -743.345215 28.892347 9
-32.742672 -746.629395 38.228706 9
-34.382710 -748.042297 38.698227 9
-34.612701 -748.603638 40.082485 9
-37.743256 -738.436707 7.223483 9
-35.815582 -741.193359 19.153273 9
-33.551506 -739.213928 21.786545 9
-38.319656 -737.654419 14.939713 9
-39.227169 -736.637695 41.374592 9
-34.385353 -748.276794 39.215511 9
-38.457550 -738.517212 40.277100 9
-37.842506 -738.780823 35.512592 9
-37.378235 -737.527039 14.609192 9
-38.197109 -738.111633 29.123388 9
-30.918406 -741.493408 31.614462 9
-36.549290 -737.079041 -0.198664 9
-37.969971 -737.875854 12.509632 9
-37.755959 -738.882935 7.746231 9
-38.561150 -736.705078 33.397541 9
-37.016464 -737.419922 13.495820 9
-38.241524 -737.218994 5.060548 9
-39.218510 -737.997314 37.130299 9
-34.949497 -746.170044 34.398766 9
-38.438259 -747.319580 35.711418 9
-37.617477 -739.560547 10.955938 9
-36.793755 -735.823059 -0.437697 9
-35.370419 -750.104126 46.008724 9
-38.065315 -736.111023 36.670094 9
-37.509266 -738.766968 27.976295 9
-38.180084 -736.625427 10.256283 9
-41.666191 -740.814392 24.042484 9
-33.616753 -744.400146 32.512501 9
-35.869499 -737.740845 29.149488 9
-32.046429 -742.123596 30.807384 9
-34.154652 -750.418152 45.303757 9
-38.285107 -737.091370 27.782112 9
-37.856552 -738.997925 36.401699 9
-37.239605 -736.802612 27.638548 9
-38.076359 -738.229431 28.564270 9
-38.303951 -738.482727 1.785587 9
-38.416546 -738.107117 31.283726 9
-38.359219 -737.541443 5.479691 9
-33.319721 -739.690735 22.726381 9
-36.855518 -747.709595 35.904388 9
-30.835054 -745.306824 41.720108 9
-36.200230 -738.638611 24.818581 9
-36.110428 -737.780029 25.139122 9
-33.161385 -739.953247 23.279383 9
-36.944233 -738.837952 4.079071 9
-37.611320 -736.988831 24.610035 9
-31.352762 -739.573792 27.162621 9
-32.663315 -740.551575 25.981215 9
-32.740997 -750.713440 46.145203 9
-31.756720 -742.562256 32.187725 9
-33.314468 -740.899780 24.738281 9
-35.355400 -742.667786 25.649279 9
-41.660553 -744.258484 31.321835 9
-32.116886 -744.903320 36.113201 9
-39.396538 -736.586975 42.148823 9
-37.353264 -741.372131 20.151730 9
-36.233978 -738.014404 16.801533 9
-31.449064 -739.997375 27.490356 9
-38.583675 -741.711304 21.846729 9
-31.269449 -745.044556 38.611645 9
-38.226654 -741.671631 21.047823 9
-39.601551 -736.834595 42.905220 9
-39.124340 -742.751221 24.704700 9
-36.219288 -737.341492 0.187355 9
-38.354458 -737.192261 28.710186 9
-33.641472 -750.403015 44.671619 9
-38.454933 -736.958679 29.467005 9
-35.638718 -749.778503 41.362152 9
-36.896614 -739.306946 4.519771 9
-38.747467 -735.994141 41.848408 9
-37.824036 -738.985901 9.891424 9
-39.181175 -738.803406 17.699615 9
-41.006985 -746.701172 34.032234 9
-40.005077 -741.585449 22.750069 9
-34.736439 -741.259583 22.287619 9
-35.898155 -738.343445 11.738007 9
-33.235085 -748.627319 41.781181 9
-38.705326 -738.040833 30.720726 9
-35.893311 -741.526794 20.719696 9
-36.776714 -743.153870 25.650995 9
-32.887997 -739.965576 24.850924 9
-37.973045 -738.647400 31.461992 9
-38.085835 -738.654297 32.232651 9
-32.513161 -741.595032 28.730890 9
-35.868587 -749.865540 42.798214 9
-37.692230 -742.298950 23.262329 9
-30.728727 -741.393677 32.066364 9
-36.252678 -737.213318 13.519864 9
-33.179283 -750.147095 44.750092 9
-39.262962 -737.999634 18.449366 9
-36.072594 -738.388489 17.578548 9
-38.126808 -739.677734 16.113344 9
-38.954865 -738.179626 34.117649 9
-32.871960 -742.277100 29.299061 9
-37.882454 -741.219299 19.670317 9
-38.511326 -736.482971 37.690826 9
-36.430050 -736.753662 8.691873 9
-37.862408 -738.700256 17.367624 9
-36.721809 -735.916687 37.112911 9
-30.563044 -746.348145 42.967819 9
-35.899899 -740.831970 17.516832 9
-37.006748 -740.948792 17.162413 9
-35.998489 -739.150574 11.981282 9
-33.515568 -747.808716 39.309425 9
-32.854286 -738.071533 21.694735 9
-34.953148 -737.230530 17.356932 9
-38.411442 -743.554871 26.558445 9
-37.065598 -740.389221 15.174091 9
-37.469997 -736.186951 35.196140 9
-40.793709 -744.744934 31.247040 9
-36.313236 -738.119629 31.155022 9
-38.232723 -736.997986 30.678295 9
-37.842140 -743.142395 25.121712 9
-36.209450 -741.420471 19.090454 9
-39.264614 -744.916687 30.501589 9
-35.809673 -748.895020 39.319733 9
-32.983364 -745.124268 34.799618 9
-38.059467 -737.788086 7.923882 9
-37.408855 -739.055603 31.773623 9
-33.293556 -741.924255 27.636585 9
-38.290134 -737.825256 1.812402 9
-35.685627 -745.596680 32.765091 9
-36.895725 -737.506653 11.028027 9
-37.256893 -737.130432 4.951253 9
-39.310322 -741.842957 22.288618 9
-40.431381 -737.211853 45.529736 9
-33.313366 -750.870239 46.274185 9
-37.310253 -741.961304 21.632401 9
-41.745277 -741.701660 25.492516 9
-38.698841 -740.930115 19.748249 9
-39.713482 -743.196289 25.832939 9
-36.449509 -736.177124 37.406300 9
-37.956047 -738.448853 8.070167 9
-36.259155 -737.619263 14.576383 9
-39.629280 -747.609009 36.718952 9
-31.087856 -744.993591 39.182316 9
-38.574341 -748.772095 40.073017 9
-35.654770 -739.374084 14.304516 9
-37.387367 -737.200806 18.884634 9
-37.793118 -736.843262 1.497246 9
-41.751213 -742.460815 27.008144 9
-37.283440 -736.206848 -0.603488 9
-33.513802 -738.854370 20.788813 9
-38.434814 -745.945190 32.383995 9
-36.454357 -737.134155 11.528458 9
-31.892775 -750.509521 45.636913 9
-39.877407 -747.758667 37.588036 9
-32.147903 -744.463318 35.209309 9
-40.114540 -736.993835 45.927353 9
-30.817032 -742.603455 35.551563 9
-36.190525 -749.934509 44.379059 9
-40.744305 -746.996460 34.738167 9
-38.264881 -737.603455 27.865896 9
-32.396358 -744.857544 35.352634 9
-38.032207 -737.275818 3.234243 9
-38.318958 -749.231812 40.928043 9
-35.460430 -739.106140 14.836129 9
-38.646889 -747.035706 35.070156 9
-36.594711 -736.140625 -0.054557 9
-36.553249 -736.643127 2.976787 9
-35.331009 -750.141907 45.253124 9
-36.251278 -744.261902 29.015181 9
-35.392208 -749.148865 40.176487 9
-38.219318 -737.815735 14.463893 9
-40.070168 -741.745361 23.291445 9
-38.284348 -738.576599 1.333588 9
-34.050476 -739.208618 20.071346 9
-32.049835 -746.228821 38.837994 9
-36.012566 -737.885864 7.383760 9
-35.403168 -737.536194 15.726262 9
-36.980946 -745.380066 31.121595 9
-38.359985 -745.142517 29.823273 9
-33.214890 -750.399353 46.275448 9
-35.290260 -739.782349 16.610216 9
-35.845531 -739.042664 27.977798 9
-38.962158 -738.199524 37.457489 9
-38.238739 -736.646423 34.175232 9
-38.628960 -738.217957 -0.419908 9
-32.066170 -749.783020 45.389610 9
-36.602905 -735.924072 0.909627 9
-32.962715 -747.358887 39.357552 9
-36.823498 -747.176758 35.086525 9
-36.185154 -737.643677 11.363272 9
-38.701729 -738.709778 -0.465564 9
-38.635593 -741.440247 20.965944 9
-36.730751 -736.754578 6.783440 9
-34.170662 -746.814697 36.271168 9
-37.033886 -738.695801 0.486881 9
-34.950760 -749.777100 42.418423 9
-38.257229 -737.988220 25.457394 9
-31.658562 -747.418335 42.541794 9
-36.075756 -744.741821 30.343159 9
-37.506756 -738.717163 -0.325647 9
-39.444122 -738.329163 39.720016 9
-37.925533 -738.486938 24.713310 9
-31.525566 -744.936218 37.622375 9
-38.158844 -738.628845 6.399698 9
-35.564209 -741.698792 22.215187 9
-35.507668 -737.949890 15.135641 9
-34.650486 -737.571228 18.217127 9
-38.297245 -748.668823 39.121017 9
-36.676033 -740.008240 12.808197 9
-39.103447 -742.046570 22.636223 9
-35.036804 -742.774658 26.612255 9
-38.319347 -737.643982 4.434612 9
-39.244572 -745.555176 31.948936 9
-36.935791 -739.255981 5.566911 9
-37.388000 -738.668640 26.628490 9
-39.400291 -737.661316 38.527149 9
-36.775898 -738.657043 2.529089 9
-37.277599 -738.736084 1.622645 9
-37.543949 -737.278687 10.339347 9
-33.537193 -748.543396 41.006428 9
-35.373096 -736.938782 33.461346 9
-40.251469 -742.661926 25.193169 9
-37.776882 -740.717773 17.932285 9
-31.435669 -748.796631 44.581741 9
-36.501766 -737.408264 20.843365 9
-37.324451 -746.916992 34.560379 9
-30.966774 -740.967651 30.398695 9
-37.994183 -738.353882 8.644602 9
-36.325878 -740.746460 16.108051 9
-38.208519 -737.937805 27.534174 9
-36.563728 -747.927246 36.846256 9
-37.428116 -737.487732 18.038805 9
-39.008194 -737.719116 35.503941 9
-38.264927 -737.703369 0.466102 9
-36.576878 -748.648926 38.824924 9
-38.894882 -737.637207 34.688160 9
-38.208302 -738.254028 30.021782 9
-38.374504 -737.985840 27.040833 9
-32.009480 -747.926880 42.715290 9
-40.525150 -747.342529 35.504971 9
-35.757492 -737.429993 2.026725 9
-39.695385 -745.791077 32.667942 9
-34.082512 -738.747986 18.873423 9
-31.249552 -747.981323 43.769199 9
-36.197601 -741.698792 19.742378 9
-38.159939 -738.339661 7.458955 9
-37.293056 -739.683289 12.703347 9
-35.926453 -737.958130 1.450171 9
-37.895267 -742.148743 22.243515 9
-33.668903 -742.504517 28.247143 9
-37.207989 -742.284729 22.993071 9
-38.367985 -748.852600 41.791077 9
-38.117085 -737.766724 13.398355 9
-36.872448 -738.939575 5.937896 9
-38.151989 -737.200073 10.276320 9
-36.020851 -739.109680 27.176521 9
-37.459648 -736.212524 36.626469 9
-38.226746 -743.478821 26.088057 9
-34.689163 -747.554016 37.439098 9
-36.688278 -736.602112 9.410398 9
-30.697468 -741.864502 33.041080 9
-30.299292 -745.773926 42.301571 9
-39.008595 -739.861389 18.257360 9
-41.660007 -742.276123 26.069269 9
-33.482239 -741.779968 26.782907 9
-38.862309 -738.757812 40.545753 9
-41.263283 -743.284241 28.317575 9
-33.278381 -747.726196 39.691399 9
-35.906204 -745.977051 33.365765 9
-35.742744 -750.001770 44.850418 9
-39.506439 -738.491943 41.992641 9
-36.164726 -750.069641 43.536804 9
-37.648151 -738.430664 23.685772 9
-31.826925 -743.334473 33.734425 9
-37.392712 -738.606384 25.986208 9
-38.459724 -738.030884 15.630975 9
-36.393173 -737.719421 18.131239 9
-37.700676 -736.903015 4.362142 9
-37.166370 -736.456848 33.487991 9
-36.012314 -742.207458 23.056149 9
-31.660959 -749.235901 44.688461 9
-32.248203 -746.746277 45.020184 9
-39.085098 -743.576660 25.985424 9
-35.896225 -743.283813 26.551620 9
-37.566288 -739.107788 11.326077 9
-36.589596 -741.864258 21.206898 9
-31.394951 -743.518494 35.213150 9
-35.387974 -740.997070 20.036118 9
-32.012623 -740.191162 26.726328 9
-30.951281 -745.422546 41.173820 9
-34.024105 -745.565247 34.232944 9
-32.623741 -749.683105 44.195606 9
-32.293900 -746.613525 39.185329 9
-37.382168 -748.087402 37.621975 9
-37.671070 -743.282837 25.942692 9
-38.932716 -747.436096 36.163761 9
-32.291042 -739.523193 25.208580 9
-38.918041 -748.580017 39.771172 9
-40.522068 -741.245117 22.727678 9
-32.755497 -741.662048 28.350595 9
-36.113071 -743.039124 24.517876 9
-37.623985 -747.367493 35.806419 9
-37.523487 -742.546448 23.749170 9
-37.320858 -747.803406 36.781136 9
-38.866344 -745.910278 32.694466 9
-36.990284 -739.667297 11.072005 9
-35.962811 -743.597412 27.318310 9
-37.752460 -737.771851 19.339003 9
-36.901672 -745.010193 30.274437 9
-36.955654 -739.002014 32.468147 9
-36.356819 -744.431274 29.420757 9
-36.753498 -738.929199 5.192410 9
-36.259537 -738.218201 -0.425357 9
-34.066673 -743.045471 28.915794 9
-40.841557 -743.209656 27.451809 9
-38.289482 -743.911682 27.404909 9
-33.279926 -744.530151 33.200340 9
-37.018536 -736.727783 5.653455 9
-38.213017 -738.987366 38.347958 9
-31.356539 -742.418152 32.814041 9
-38.277588 -737.067932 33.017418 9
-36.463627 -741.193970 16.426331 9
-31.969055 -740.571228 27.493454 9
-37.787205 -737.776184 10.982729 9
-36.951794 -739.276062 6.334758 9
-41.768097 -742.770508 28.690920 9
-36.633682 -748.254333 37.568607 9
-37.835350 -737.437439 2.593568 9
-37.650433 -739.046692 35.031635 9
-35.418274 -749.613464 45.382523 9
-37.026360 -748.832825 39.460056 9
-37.047813 -748.334778 38.223766 9
-35.972443 -738.563538 26.320753 9
-36.439751 -736.677368 1.344517 9
-38.893517 -743.872375 27.087194 9
-39.944870 -737.359314 44.747009 9
-35.314785 -742.485413 25.110205 9
-36.901680 -738.617432 0.928984 9
-35.897072 -736.597046 34.152905 9
-36.988457 -739.032898 33.371784 9
-36.670624 -749.954773 43.673130 9
-36.324368 -737.129761 2.320007 9
-40.886070 -746.584167 34.920059 9
-35.720089 -740.065796 16.038698 9
-35.742863 -746.393494 34.151192 9
-33.068180 -741.049316 25.913523 9
-33.561787 -742.593140 28.688595 9
-34.417526 -739.619019 18.941824 9
-31.493782 -746.063843 39.912464 9
-38.585701 -737.683411 31.455946 9
-35.446491 -744.040649 28.787251 9
-35.751934 -738.245300 0.941858 9
-38.720764 -738.389099 36.109135 9
-39.549248 -748.355103 39.188156 9
-35.298431 -741.266907 21.331877 9
-40.349705 -743.311829 27.105080 9
-34.282890 -749.514465 42.698254 9
-38.575207 -736.935852 34.935364 9
-37.204430 -736.743164 4.171943 9
-31.433229 -749.682495 45.138523 9
-36.435951 -737.031006 28.131332 9
-36.029366 -745.126099 31.105015 9
-36.247326 -747.995300 37.167080 9
-37.858631 -748.510986 38.526306 9
-40.402649 -747.488586 36.471703 9
-39.236893 -746.945007 34.287231 9
-33.584423 -748.753601 41.557014 9
-35.727215 -737.893250 3.546851 9
-36.920750 -738.868164 29.032711 9
-37.043053 -736.314880 10.275567 9
-35.752304 -737.386963 31.300552 9
-31.173532 -745.946594 41.900894 9
-35.948368 -737.157227 4.952080 9
-36.328480 -737.461060 10.706577 9
-35.514183 -737.487183 31.817787 9
-37.933163 -737.873230 9.560371 9
-37.580654 -740.332031 16.402525 9
-38.400455 -738.394775 5.879259 9
-38.843201 -743.330444 25.689770 9
-36.250214 -745.602112 32.046242 9
-39.644058 -742.259155 23.817194 9
-32.623676 -749.256104 43.820084 9
-37.266590 -736.786865 6.218331 9
-35.883240 -748.303101 38.039467 9
-35.677711 -749.695007 40.846344 9
-40.107471 -739.507141 20.200235 9
-34.418228 -745.395813 33.508476 9
-38.738441 -748.445862 38.477493 9
-37.158382 -749.622131 42.989021 9
-39.075027 -743.065308 25.334967 9
-35.988770 -738.471313 10.248596 9
-31.212801 -741.822144 31.709528 9
-37.631199 -736.934753 9.444104 9
-37.171654 -739.126831 34.230843 9
-30.793406 -741.203003 31.313406 9
-38.036018 -746.125793 32.529724 9
-36.221397 -738.301636 1.597329 9
-36.976906 -745.989441 32.296967 9
-34.110031 -747.610168 38.021351 9
-30.999617 -740.560791 29.264772 9
-38.266018 -749.371704 41.774574 9
-38.002090 -738.631653 11.886776 9
-38.907619 -738.858826 16.783991 9
-37.990055 -749.122559 42.098022 9
-35.918633 -738.790405 24.376352 9
-37.464024 -739.060059 0.025627 9
-38.144466 -739.182739 14.926577 9
-37.934681 -738.041687 24.099665 9
-37.216564 -736.030701 38.396439 9
-39.147945 -745.251160 31.152378 9
-38.877850 -739.028748 16.383940 9
-38.446072 -737.938171 2.632823 9
-41.102856 -742.945618 26.934925 9
-37.236115 -736.399902 31.946690 9
-32.536362 -742.457092 30.163334 9
-38.178768 -737.538879 24.763805 9
-31.917772 -747.444885 41.990845 9
-30.733410 -743.387207 36.605556 9
-37.468086 -747.101074 35.035957 9
-39.290493 -739.652466 18.550533 9
-36.060455 -739.385864 12.570470 9
-34.371494 -750.531677 45.664295 9
-36.765602 -736.419922 0.481924 9
-39.005859 -738.489868 42.250694 9
-36.683609 -737.500488 11.537222 9
-41.653503 -744.695374 31.480572 9
-38.685490 -738.489624 15.961123 9
-37.896156 -748.960571 39.896980 9
-35.909130 -736.932556 32.306301 9
-38.829159 -737.971497 32.642780 9
-41.429451 -741.868103 24.626825 9
-34.245674 -744.433716 31.899067 9
-39.492615 -738.364563 18.478403 9
-36.450687 -736.783020 7.652617 9
-37.748108 -738.449890 20.356651 9
-36.977764 -740.253296 14.115859 9
-36.373192 -749.425964 40.938461 9
-37.707962 -747.973022 37.323341 9
-39.159279 -736.958557 39.007477 9
-34.626915 -741.463684 23.224722 9
-41.468929 -743.855347 29.892847 9
-39.316872 -737.344055 39.658188 9
-32.448643 -741.066223 27.742697 9
-36.835499 -737.515259 13.920375 9
-37.657280 -737.153015 11.437589 9
-34.318218 -742.923950 28.163036 9
-36.184479 -737.619568 14.089682 9
-33.437557 -743.750122 31.386160 9
-38.191566 -737.635254 26.301359 9
-36.971256 -748.075195 36.924713 9
-36.250153 -742.036133 20.150427 9
-36.573154 -742.402527 22.486467 9
-30.278751 -744.165222 39.287216 9
-37.870380 -741.484863 20.713945 9
-40.742615 -741.401489 23.193933 9
-39.335075 -738.306641 41.653717 9
-33.255360 -740.659851 24.387678 9
-32.072227 -741.091858 28.331486 9
-36.614525 -739.230469 8.723969 9
-39.321308 -746.149963 33.237717 9
-38.252071 -748.075806 37.473248 9
-39.435925 -738.001343 43.170536 9
-35.463654 -738.369995 29.901466 9
-37.247517 -736.861206 7.267658 9
-39.990505 -737.491333 44.132530 9
-39.112854 -746.301636 33.706303 9
-37.397808 -746.239685 32.764080 9
-41.347271 -740.021545 22.515495 9
-38.105984 -739.460938 0.292434 9